0.600000	5.13616e+08
0.601200	5.94234e+08
0.602402	7.00694e+08
0.603607	7.52121e+08
0.604814	7.98947e+08
0.606024	8.72111e+08
0.607236	8.89319e+08
0.608450	9.02091e+08
0.609667	8.33512e+08
0.610887	6.82944e+08
0.612108	6.00585e+08
0.613333	7.23264e+08
0.614559	7.69366e+08
0.615788	5.66032e+08
0.617020	5.35891e+08
0.618254	6.59486e+08
0.619491	6.56121e+08
0.620729	6.03001e+08
0.621971	5.45737e+08
0.623215	5.28718e+08
0.624461	5.06433e+08
0.625710	5.31216e+08
0.626962	5.60415e+08
0.628215	5.68512e+08
0.629472	5.09790e+08
0.630731	4.54695e+08
0.631992	4.89545e+08
0.633256	6.11663e+08
0.634523	7.46060e+08
0.635792	5.72097e+08
0.637063	2.91896e+08
0.638337	1.70635e+08
0.639614	2.59593e+08
0.640893	5.27019e+08
0.642175	7.93509e+08
0.643459	9.60634e+08
0.644746	1.15444e+09
0.646036	1.30071e+09
0.647328	1.40886e+09
0.648623	1.53266e+09
0.649920	1.58212e+09
0.651220	1.74970e+09
0.652522	1.90068e+09
0.653827	1.95320e+09
0.655135	1.95239e+09
0.656445	1.52897e+09
0.657758	1.33959e+09
0.659073	1.85178e+09
0.660391	2.05932e+09
0.661712	2.14170e+09
0.663036	2.14327e+09
0.664362	2.13109e+09
0.665690	2.00545e+09
0.667022	1.99594e+09
0.668356	1.80654e+09
0.669692	1.32895e+09
0.671032	7.95210e+08
0.672374	9.47908e+08
0.673719	1.02064e+09
0.675066	8.78121e+08
0.676416	7.20132e+08
0.677769	5.95432e+08
0.679124	4.88436e+08
0.680483	4.00321e+08
0.681844	3.63305e+08
0.683207	3.13733e+08
0.684574	2.29134e+08
0.685943	1.64299e+08
0.687315	1.47502e+08
0.688689	1.18465e+08
0.690067	1.10658e+08
0.691447	1.30482e+08
0.692830	1.87812e+08
0.694215	2.90637e+08
0.695604	3.57748e+08
0.696995	3.29218e+08
0.698389	3.14078e+08
0.699786	3.43207e+08
0.701185	4.39305e+08
0.702587	6.81554e+08
0.703993	1.42008e+09
0.705401	1.88375e+09
0.706811	1.80543e+09
0.708225	1.89944e+09
0.709641	1.84167e+09
0.711061	1.87796e+09
0.712483	1.84214e+09
0.713908	1.75502e+09
0.715336	1.84213e+09
0.716766	1.92840e+09
0.718200	2.24629e+09
0.719636	2.41384e+09
0.721075	2.27770e+09
0.722517	2.51571e+09
0.723962	2.51951e+09
0.725410	2.60044e+09
0.726861	2.49115e+09
0.728315	2.46582e+09
0.729771	2.62969e+09
0.731231	2.54230e+09
0.732693	2.62134e+09
0.734159	2.55194e+09
0.735627	2.35147e+09
0.737098	2.34893e+09
0.738573	2.32330e+09
0.740050	2.30328e+09
0.741530	2.33756e+09
0.743013	2.27813e+09
0.744499	2.31834e+09
0.745988	2.37701e+09
0.747480	2.36363e+09
0.748975	2.39067e+09
0.750473	2.44102e+09
0.751974	2.44889e+09
0.753477	2.46735e+09
0.754984	2.52723e+09
0.756494	2.54160e+09
0.758007	2.63367e+09
0.759523	2.68894e+09
0.761042	2.63689e+09
0.762564	2.61684e+09
0.764089	2.19343e+09
0.765618	1.16548e+09
0.767149	7.31198e+08
0.768683	1.09498e+09
0.770220	1.00294e+09
0.771761	2.00634e+09
0.773304	2.70800e+09
0.774851	2.89269e+09
0.776401	2.98323e+09
0.777953	3.03860e+09
0.779509	2.95509e+09
0.781068	2.94819e+09
0.782630	2.98864e+09
0.784196	3.01121e+09
0.785764	3.05473e+09
0.787336	3.08213e+09
0.788910	3.11508e+09
0.790488	3.12433e+09
0.792069	3.12780e+09
0.793653	3.14251e+09
0.795240	3.14105e+09
0.796831	3.19790e+09
0.798424	3.22215e+09
0.800021	3.23647e+09
0.801621	3.24822e+09
0.803224	3.25173e+09
0.804831	3.26257e+09
0.806440	3.26987e+09
0.808053	3.26801e+09
0.809669	3.27611e+09
0.811289	3.27393e+09
0.812911	3.28554e+09
0.814537	3.29189e+09
0.816166	3.24020e+09
0.817798	2.89677e+09
0.819434	2.57356e+09
0.821073	2.99276e+09
0.822715	3.26755e+09
0.824360	3.30912e+09
0.826009	3.32173e+09
0.827661	3.33258e+09
0.829316	3.32930e+09
0.830975	3.32074e+09
0.832637	3.29808e+09
0.834302	3.30125e+09
0.835971	3.26255e+09
0.837643	3.13591e+09
0.839318	3.10874e+09
0.840996	3.09046e+09
0.842678	2.83329e+09
0.844364	2.81076e+09
0.846052	3.09282e+09
0.847745	3.17979e+09
0.849440	3.16766e+09
0.851139	3.19137e+09
0.852841	3.11736e+09
0.854547	2.94441e+09
0.856256	3.19819e+09
0.857968	3.34381e+09
0.859684	3.36580e+09
0.861404	3.33250e+09
0.863126	3.28869e+09
0.864853	3.18352e+09
0.866582	3.01118e+09
0.868315	3.12093e+09
0.870052	3.17332e+09
0.871792	3.20804e+09
0.873536	3.24601e+09
0.875283	3.28274e+09
0.877033	3.31943e+09
0.878787	3.32541e+09
0.880545	3.29463e+09
0.882306	3.30269e+09
0.884070	3.33504e+09
0.885839	3.34384e+09
0.887610	3.33274e+09
0.889385	3.33700e+09
0.891164	3.35660e+09
0.892946	3.35899e+09
0.894732	3.36090e+09
0.896522	3.37827e+09
0.898315	3.38062e+09
0.900111	3.37485e+09
0.901912	3.36243e+09
0.903715	3.35977e+09
0.905523	3.34612e+09
0.907334	3.33734e+09
0.909148	3.35291e+09
0.910967	3.38085e+09
0.912789	3.38635e+09
0.914614	3.38139e+09
0.916443	3.38861e+09
0.918276	3.38919e+09
0.920113	3.38789e+09
0.921953	3.37325e+09
0.923797	3.36993e+09
0.925644	3.36152e+09
0.927496	3.34519e+09
0.929351	3.33099e+09
0.931209	3.33537e+09
0.933072	3.33650e+09
0.934938	3.33482e+09
0.936808	3.33849e+09
0.938681	3.33114e+09
0.940559	3.32316e+09
0.942440	3.32944e+09
0.944325	3.32871e+09
0.946213	3.32328e+09
0.948106	3.31943e+09
0.950002	3.31303e+09
0.951902	3.30467e+09
0.953806	3.26911e+09
0.955713	3.24762e+09
0.957625	3.25856e+09
0.959540	3.19731e+09
0.961459	3.13039e+09
0.963382	2.92041e+09
0.965308	2.88933e+09
0.967239	2.91672e+09
0.969174	2.92325e+09
0.971112	2.95159e+09
0.973054	2.97740e+09
0.975000	3.02215e+09
0.976950	3.03050e+09
0.978904	2.98182e+09
0.980862	3.08494e+09
0.982824	3.12823e+09
0.984789	3.12677e+09
0.986759	3.10377e+09
0.988732	2.99769e+09
0.990710	2.69087e+09
0.992691	2.61189e+09
0.994676	2.75300e+09
0.996666	2.78356e+09
0.998659	2.73747e+09
1.00066	2.77052e+09
1.00266	2.78088e+09
1.00466	2.72176e+09
1.00667	2.69837e+09
1.00869	2.75452e+09
1.01070	2.74949e+09
1.01272	2.70616e+09
1.01475	2.68018e+09
1.01678	2.66735e+09
1.01881	2.66195e+09
1.02085	2.66443e+09
1.02289	2.65082e+09
1.02494	2.60416e+09
1.02699	2.54029e+09
1.02904	2.53551e+09
1.03110	2.55499e+09
1.03316	2.53522e+09
1.03523	2.52636e+09
1.03730	2.53604e+09
1.03937	2.50372e+09
1.04145	2.49598e+09
1.04353	2.49632e+09
1.04562	2.51712e+09
1.04771	2.47578e+09
1.04981	2.44261e+09
1.05191	2.43882e+09
1.05401	2.46139e+09
1.05612	2.43308e+09
1.05823	2.41684e+09
1.06035	2.40114e+09
1.06247	2.39670e+09
1.06459	2.37635e+09
1.06672	2.35673e+09
1.06886	2.36080e+09
1.07099	2.35879e+09
1.07314	2.34782e+09
1.07528	2.35767e+09
1.07743	2.33916e+09
1.07959	2.33255e+09
1.08175	2.34126e+09
1.08391	2.33919e+09
1.08608	2.33151e+09
1.08825	2.33754e+09
1.09043	2.33886e+09
1.09261	2.32716e+09
1.09479	2.30216e+09
1.09698	2.30055e+09
1.09918	2.29826e+09
1.10137	2.30094e+09
1.10358	2.29134e+09
1.10578	2.29232e+09
1.10800	2.28796e+09
1.11021	2.27914e+09
1.11243	2.26568e+09
1.11466	2.25798e+09
1.11689	2.26176e+09
1.11912	2.26593e+09
1.12136	2.25487e+09
1.12360	2.25444e+09
1.12585	2.24945e+09
1.12810	2.23627e+09
1.13036	2.23143e+09
1.13262	2.24133e+09
1.13488	2.23283e+09
1.13715	2.20331e+09
1.13943	2.15506e+09
1.14170	2.16587e+09
1.14399	2.20744e+09
1.14628	2.21321e+09
1.14857	2.21551e+09
1.15087	2.21377e+09
1.15317	2.20699e+09
1.15547	2.20337e+09
1.15778	2.20015e+09
1.16010	2.19181e+09
1.16242	2.18662e+09
1.16475	2.18244e+09
1.16707	2.16940e+09
1.16941	2.15392e+09
1.17175	2.15807e+09
1.17409	2.15122e+09
1.17644	2.12240e+09
1.17879	2.11645e+09
1.18115	2.12953e+09
1.18351	2.12495e+09
1.18588	2.11435e+09
1.18825	2.10528e+09
1.19063	2.10010e+09
1.19301	2.09370e+09
1.19539	2.07791e+09
1.19778	2.06123e+09
1.20018	2.06424e+09
1.20258	2.05292e+09
1.20499	2.05261e+09
1.20740	2.04471e+09
1.20981	2.03245e+09
1.21223	2.02478e+09
1.21465	2.02179e+09
1.21708	2.01238e+09
1.21952	2.00235e+09
1.22196	1.99441e+09
1.22440	1.98657e+09
1.22685	1.97770e+09
1.22930	1.97083e+09
1.23176	1.96338e+09
1.23423	1.95474e+09
1.23669	1.94556e+09
1.23917	1.93266e+09
1.24165	1.92579e+09
1.24413	1.91769e+09
1.24662	1.91502e+09
1.24911	1.90531e+09
1.25161	1.89429e+09
1.25411	1.89322e+09
1.25662	1.88980e+09
1.25913	1.88287e+09
1.26165	1.87433e+09
1.26417	1.86586e+09
1.26670	1.86165e+09
1.26924	1.85534e+09
1.27177	1.84782e+09
1.27432	1.84096e+09
1.27687	1.83378e+09
1.27942	1.82686e+09
1.28198	1.81606e+09
1.28454	1.80600e+09
1.28711	1.80113e+09
1.28969	1.79455e+09
1.29227	1.78499e+09
1.29485	1.77628e+09
1.29744	1.76785e+09
1.30003	1.75972e+09
1.30263	1.75156e+09
1.30524	1.74372e+09
1.30785	1.73326e+09
1.31047	1.72345e+09
1.31309	1.71360e+09
1.31571	1.70276e+09
1.31834	1.69182e+09
1.32098	1.68097e+09
1.32362	1.66860e+09
1.32627	1.65487e+09
1.32892	1.63885e+09
1.33158	1.61046e+09
1.33424	1.56587e+09
1.33691	1.52582e+09
1.33959	1.51080e+09
1.34227	1.49216e+09
1.34495	1.47159e+09
1.34764	1.46115e+09
1.35033	1.43888e+09
1.35304	1.41797e+09
1.35574	1.42578e+09
1.35845	1.42517e+09
1.36117	1.41013e+09
1.36389	1.41329e+09
1.36662	1.41969e+09
1.36935	1.40808e+09
1.37209	1.39923e+09
1.37484	1.39060e+09
1.37759	1.38293e+09
1.38034	1.36584e+09
1.38310	1.33740e+09
1.38587	1.32103e+09
1.38864	1.29989e+09
1.39142	1.28740e+09
1.39420	1.27383e+09
1.39699	1.25416e+09
1.39978	1.24653e+09
1.40258	1.24211e+09
1.40539	1.22177e+09
1.40820	1.20384e+09
1.41101	1.19055e+09
1.41384	1.17783e+09
1.41666	1.16983e+09
1.41950	1.15816e+09
1.42234	1.15357e+09
1.42518	1.13686e+09
1.42803	1.11717e+09
1.43089	1.11004e+09
1.43375	1.08560e+09
1.43662	1.09050e+09
1.43949	1.08636e+09
1.44237	1.07757e+09
1.44525	1.06529e+09
1.44814	1.05837e+09
1.45104	1.04859e+09
1.45394	1.03964e+09
1.45685	1.02704e+09
1.45976	1.01975e+09
1.46268	1.00155e+09
1.46561	9.97929e+08
1.46854	9.86035e+08
1.47148	9.75538e+08
1.47442	9.64883e+08
1.47737	9.57183e+08
1.48032	9.45026e+08
1.48328	9.36901e+08
1.48625	9.28795e+08
1.48922	9.16551e+08
1.49220	9.07898e+08
1.49518	8.98158e+08
1.49817	8.90204e+08
1.50117	8.78929e+08
1.50417	8.70082e+08
1.50718	8.61735e+08
1.51020	8.52245e+08
1.51322	8.43521e+08
1.51624	8.34345e+08
1.51927	8.25801e+08
1.52231	8.17051e+08
1.52536	8.07199e+08
1.52841	7.98765e+08
1.53147	7.90395e+08
1.53453	7.82028e+08
1.53760	7.73956e+08
1.54067	7.64785e+08
1.54375	7.55837e+08
1.54684	7.48319e+08
1.54993	7.40138e+08
1.55303	7.31764e+08
1.55614	7.23741e+08
1.55925	7.16101e+08
1.56237	7.08306e+08
1.56550	7.00104e+08
1.56863	6.92378e+08
1.57176	6.84877e+08
1.57491	6.77430e+08
1.57806	6.69713e+08
1.58121	6.62155e+08
1.58438	6.55019e+08
1.58754	6.47919e+08
1.59072	6.40668e+08
1.59390	6.33584e+08
1.59709	6.26449e+08
1.60028	6.19689e+08
1.60348	6.12905e+08
1.60669	6.06204e+08
1.60990	5.99420e+08
1.61312	5.92720e+08
1.61635	5.86290e+08
1.61958	5.79806e+08
1.62282	5.73647e+08
1.62607	5.67536e+08
1.62932	5.61292e+08
1.63258	5.55257e+08
1.63584	5.49246e+08
1.63911	5.43290e+08
1.64239	5.37322e+08
1.64568	5.31551e+08
1.64897	5.25910e+08
1.65227	5.20406e+08
1.65557	5.14987e+08
1.65888	5.09427e+08
1.66220	5.03907e+08
1.66552	4.98816e+08
1.66886	4.94151e+08
1.67219	4.89577e+08
1.67554	4.84577e+08
1.67889	4.79494e+08
1.68225	4.74554e+08
1.68561	4.69669e+08
1.68898	4.64818e+08
1.69236	4.60081e+08
1.69574	4.55416e+08
1.69914	4.50777e+08
1.70253	4.46336e+08
1.70594	4.41874e+08
1.70935	4.37428e+08
1.71277	4.32995e+08
1.71620	4.28539e+08
1.71963	4.23898e+08
1.72307	4.19782e+08
1.72651	4.15498e+08
1.72997	4.11311e+08
1.73343	4.07355e+08
1.73689	4.03525e+08
1.74037	3.99251e+08
1.74385	3.95763e+08
1.74733	3.91569e+08
1.75083	3.87324e+08
1.75433	3.82978e+08
1.75784	3.79277e+08
1.76136	3.75647e+08
1.76488	3.72803e+08
1.76841	3.68320e+08
1.77194	3.64230e+08
1.77549	3.59749e+08
1.77904	3.55492e+08
1.78260	3.51925e+08
1.78616	3.47050e+08
1.78973	3.45329e+08
1.79331	3.43284e+08
1.79690	3.40465e+08
1.80049	3.33301e+08
1.80410	3.32252e+08
1.80770	3.31314e+08
1.81132	3.28912e+08
1.81494	3.25845e+08
1.81857	3.24065e+08
1.82221	3.22045e+08
1.82585	3.19348e+08
1.82950	3.16836e+08
1.83316	3.14159e+08
1.83683	3.10778e+08
1.84050	3.08791e+08
1.84418	3.06183e+08
1.84787	3.03639e+08
1.85157	2.99724e+08
1.85527	2.92554e+08
1.85898	2.91945e+08
1.86270	2.92870e+08
1.86642	2.90920e+08
1.87016	2.89820e+08
1.87390	2.88279e+08
1.87765	2.87259e+08
1.88140	2.86167e+08
1.88516	2.84024e+08
1.88893	2.81443e+08
1.89271	2.79476e+08
1.89650	2.78873e+08
1.90029	2.76980e+08
1.90409	2.73743e+08
1.90790	2.71730e+08
1.91171	2.69572e+08
1.91554	2.68225e+08
1.91937	2.65923e+08
1.92321	2.62429e+08
1.92705	2.61372e+08
1.93091	2.60135e+08
1.93477	2.57021e+08
1.93864	2.52338e+08
1.94252	2.50614e+08
1.94640	2.51444e+08
1.95029	2.52049e+08
1.95419	2.49525e+08
1.95810	2.47295e+08
1.96202	2.46508e+08
1.96594	2.45342e+08
1.96988	2.43451e+08
1.97382	2.41356e+08
1.97776	2.40393e+08
1.98172	2.39297e+08
1.98568	2.37917e+08
1.98965	2.36820e+08
1.99363	2.35083e+08
1.99762	2.33495e+08
2.00161	2.32315e+08
2.00562	2.31386e+08
2.00963	2.29599e+08
2.01365	2.28294e+08
2.01768	2.26875e+08
2.02171	2.26068e+08
2.02575	2.24747e+08
2.02981	2.23098e+08
2.03386	2.22006e+08
2.03793	2.20788e+08
2.04201	2.19148e+08
2.04609	2.17738e+08
2.05018	2.16620e+08
2.05428	2.15465e+08
2.05839	2.14233e+08
2.06251	2.12712e+08
2.06663	2.11457e+08
2.07077	2.10138e+08
2.07491	2.08733e+08
2.07906	2.07527e+08
2.08322	2.06327e+08
2.08738	2.05098e+08
2.09156	2.03828e+08
2.09574	2.02559e+08
2.09993	2.01279e+08
2.10413	2.00156e+08
2.10834	1.98930e+08
2.11256	1.97729e+08
2.11678	1.96578e+08
2.12102	1.95409e+08
2.12526	1.94255e+08
2.12951	1.93102e+08
2.13377	1.91998e+08
2.13804	1.90903e+08
2.14231	1.89823e+08
2.14660	1.88740e+08
2.15089	1.87618e+08
2.15519	1.86544e+08
2.15950	1.85506e+08
2.16382	1.84466e+08
2.16815	1.83428e+08
2.17248	1.82377e+08
2.17683	1.81349e+08
2.18118	1.80360e+08
2.18554	1.79339e+08
2.18992	1.78314e+08
2.19430	1.77304e+08
2.19868	1.76308e+08
2.20308	1.75317e+08
2.20749	1.74334e+08
2.21190	1.73382e+08
2.21633	1.72442e+08
2.22076	1.71485e+08
2.22520	1.70550e+08
2.22965	1.69635e+08
2.23411	1.68720e+08
2.23858	1.67765e+08
2.24306	1.66836e+08
2.24754	1.66010e+08
2.25204	1.65160e+08
2.25654	1.64287e+08
2.26105	1.63432e+08
2.26558	1.62591e+08
2.27011	1.61752e+08
2.27465	1.60952e+08
2.27920	1.60126e+08
2.28375	1.59348e+08
2.28832	1.58554e+08
2.29290	1.57721e+08
2.29748	1.56942e+08
2.30208	1.56190e+08
2.30668	1.55426e+08
2.31130	1.54699e+08
2.31592	1.53963e+08
2.32055	1.53351e+08
2.32519	1.52700e+08
2.32984	1.52076e+08
2.33450	1.51395e+08
2.33917	1.50745e+08
2.34385	1.50136e+08
2.34854	1.49582e+08
2.35323	1.49006e+08
2.35794	1.48387e+08
2.36266	1.47836e+08
2.36738	1.47333e+08
2.37212	1.46827e+08
2.37686	1.46377e+08
2.38161	1.45921e+08
2.38638	1.45492e+08
2.39115	1.45001e+08
2.39593	1.44659e+08
2.40072	1.44220e+08
2.40552	1.43845e+08
2.41034	1.43452e+08
2.41516	1.43033e+08
2.41999	1.42618e+08
2.42483	1.42194e+08
2.42968	1.41957e+08
2.43454	1.41553e+08
2.43940	1.41242e+08
2.44428	1.40956e+08
2.44917	1.40753e+08
2.45407	1.40382e+08
2.45898	1.39504e+08
2.46390	1.39108e+08
2.46882	1.38490e+08
2.47376	1.37853e+08
2.47871	1.37488e+08
2.48367	1.37715e+08
2.48863	1.37110e+08
2.49361	1.36987e+08
2.49860	1.37151e+08
2.50359	1.36265e+08
2.50860	1.36002e+08
2.51362	1.35037e+08
2.51865	1.35605e+08
2.52368	1.36437e+08
2.52873	1.36177e+08
2.53379	1.34922e+08
2.53886	1.34741e+08
2.54393	1.34928e+08
2.54902	1.34849e+08
2.55412	1.35061e+08
