0.600000	5.14874e+07
0.601200	6.25356e+07
0.602402	7.47428e+07
0.603607	8.71482e+07
0.604814	9.87706e+07
0.606024	1.12932e+08
0.607236	1.26806e+08
0.608450	1.34075e+08
0.609667	1.33302e+08
0.610887	1.30837e+08
0.612108	1.35037e+08
0.613333	1.43819e+08
0.614559	1.35969e+08
0.615788	1.03313e+08
0.617020	7.43102e+07
0.618254	5.77091e+07
0.619491	5.17751e+07
0.620729	4.74895e+07
0.621971	4.28761e+07
0.623215	4.05907e+07
0.624461	4.95909e+07
0.625710	6.72802e+07
0.626962	7.78099e+07
0.628215	8.24205e+07
0.629472	8.91629e+07
0.630731	9.70424e+07
0.631992	1.03028e+08
0.633256	1.12967e+08
0.634523	1.11902e+08
0.635792	8.70303e+07
0.637063	6.11130e+07
0.638337	5.79206e+07
0.639614	7.82763e+07
0.640893	1.12234e+08
0.642175	1.46271e+08
0.643459	1.92308e+08
0.644746	2.41617e+08
0.646036	2.88241e+08
0.647328	3.19577e+08
0.648623	3.28001e+08
0.649920	3.41510e+08
0.651220	4.00881e+08
0.652522	5.15848e+08
0.653827	6.07068e+08
0.655135	5.60896e+08
0.656445	4.60537e+08
0.657758	4.62786e+08
0.659073	5.72215e+08
0.660391	6.67570e+08
0.661712	7.06463e+08
0.663036	6.95471e+08
0.664362	6.11017e+08
0.665690	4.86401e+08
0.667022	3.85422e+08
0.668356	2.97232e+08
0.669692	2.02631e+08
0.671032	1.13762e+08
0.672374	9.55402e+07
0.673719	9.89568e+07
0.675066	9.38376e+07
0.676416	8.98069e+07
0.677769	8.17876e+07
0.679124	7.01958e+07
0.680483	6.39743e+07
0.681844	6.33111e+07
0.683207	6.60816e+07
0.684574	6.40107e+07
0.685943	5.62228e+07
0.687315	5.10282e+07
0.688689	4.94399e+07
0.690067	5.08307e+07
0.691447	5.26399e+07
0.692830	5.69083e+07
0.694215	7.03092e+07
0.695604	9.11524e+07
0.696995	1.07451e+08
0.698389	1.19907e+08
0.699786	1.39752e+08
0.701185	1.91945e+08
0.702587	3.35659e+08
0.703993	5.29962e+08
0.705401	5.69734e+08
0.706811	4.68943e+08
0.708225	3.63782e+08
0.709641	2.72370e+08
0.711061	2.53450e+08
0.712483	2.15496e+08
0.713908	1.62491e+08
0.715336	1.83710e+08
0.716766	2.58860e+08
0.718200	3.72059e+08
0.719636	4.15851e+08
0.721075	4.60728e+08
0.722517	5.52629e+08
0.723962	6.85010e+08
0.725410	8.63058e+08
0.726861	1.01076e+09
0.728315	1.04782e+09
0.729771	1.11910e+09
0.731231	1.20204e+09
0.732693	1.24545e+09
0.734159	1.22578e+09
0.735627	1.17400e+09
0.737098	1.11949e+09
0.738573	1.05108e+09
0.740050	1.06243e+09
0.741530	1.13528e+09
0.743013	1.16428e+09
0.744499	1.18179e+09
0.745988	1.19124e+09
0.747480	1.16473e+09
0.748975	1.12688e+09
0.750473	1.14636e+09
0.751974	1.20110e+09
0.753477	1.22869e+09
0.754984	1.26194e+09
0.756494	1.30470e+09
0.758007	1.29751e+09
0.759523	1.21388e+09
0.761042	1.09785e+09
0.762564	8.96834e+08
0.764089	5.85549e+08
0.765618	2.85207e+08
0.767149	1.30765e+08
0.768683	1.22820e+08
0.770220	2.38993e+08
0.771761	5.23485e+08
0.773304	8.49081e+08
0.774851	1.05592e+09
0.776401	1.19326e+09
0.777953	1.30964e+09
0.779509	1.40190e+09
0.781068	1.48876e+09
0.782630	1.54807e+09
0.784196	1.59529e+09
0.785764	1.68551e+09
0.787336	1.80617e+09
0.788910	1.86165e+09
0.790488	1.87329e+09
0.792069	1.88609e+09
0.793653	1.93061e+09
0.795240	2.00987e+09
0.796831	2.09670e+09
0.798424	2.13279e+09
0.800021	2.16778e+09
0.801621	2.21928e+09
0.803224	2.26664e+09
0.804831	2.29290e+09
0.806440	2.30726e+09
0.808053	2.33723e+09
0.809669	2.36327e+09
0.811289	2.37099e+09
0.812911	2.37605e+09
0.814537	2.34750e+09
0.816166	2.15978e+09
0.817798	1.80623e+09
0.819434	1.62380e+09
0.821073	1.84166e+09
0.822715	2.16087e+09
0.824360	2.32490e+09
0.826009	2.36534e+09
0.827661	2.36363e+09
0.829316	2.34893e+09
0.830975	2.31881e+09
0.832637	2.28078e+09
0.834302	2.23635e+09
0.835971	2.13483e+09
0.837643	1.98890e+09
0.839318	1.88460e+09
0.840996	1.76841e+09
0.842678	1.53961e+09
0.844364	1.34439e+09
0.846052	1.33041e+09
0.847745	1.47005e+09
0.849440	1.58165e+09
0.851139	1.65066e+09
0.852841	1.72904e+09
0.854547	1.81899e+09
0.856256	1.95103e+09
0.857968	2.05826e+09
0.859684	2.13552e+09
0.861404	2.15854e+09
0.863126	2.14850e+09
0.864853	2.12219e+09
0.866582	2.05863e+09
0.868315	2.00856e+09
0.870052	2.01713e+09
0.871792	2.07703e+09
0.873536	2.16065e+09
0.875283	2.24165e+09
0.877033	2.29742e+09
0.878787	2.31430e+09
0.880545	2.30698e+09
0.882306	2.31959e+09
0.884070	2.33968e+09
0.885839	2.28620e+09
0.887610	2.22374e+09
0.889385	2.25462e+09
0.891164	2.30030e+09
0.892946	2.32935e+09
0.894732	2.34100e+09
0.896522	2.34984e+09
0.898315	2.38111e+09
0.900111	2.41815e+09
0.901912	2.41792e+09
0.903715	2.39716e+09
0.905523	2.37940e+09
0.907334	2.39288e+09
0.909148	2.43731e+09
0.910967	2.49958e+09
0.912789	2.54665e+09
0.914614	2.56973e+09
0.916443	2.58584e+09
0.918276	2.58110e+09
0.920113	2.53567e+09
0.921953	2.46216e+09
0.923797	2.40252e+09
0.925644	2.37203e+09
0.927496	2.34973e+09
0.929351	2.32443e+09
0.931209	2.32343e+09
0.933072	2.34635e+09
0.934938	2.37331e+09
0.936808	2.39643e+09
0.938681	2.42290e+09
0.940559	2.45585e+09
0.942440	2.48588e+09
0.944325	2.51002e+09
0.946213	2.52761e+09
0.948106	2.55023e+09
0.950002	2.56947e+09
0.951902	2.54955e+09
0.953806	2.50002e+09
0.955713	2.48011e+09
0.957625	2.47820e+09
0.959540	2.40561e+09
0.961459	2.25479e+09
0.963382	2.06395e+09
0.965308	1.96864e+09
0.967239	1.96149e+09
0.969174	1.96787e+09
0.971112	2.00036e+09
0.973054	2.05945e+09
0.975000	2.14518e+09
0.976950	2.20060e+09
0.978904	2.26646e+09
0.980862	2.41529e+09
0.982824	2.54569e+09
0.984789	2.57730e+09
0.986759	2.52049e+09
0.988732	2.31323e+09
0.990710	2.00967e+09
0.992691	1.85866e+09
0.994676	1.94042e+09
0.996666	2.03655e+09
0.998659	2.05514e+09
1.00066	2.07809e+09
1.00266	2.07888e+09
1.00466	2.05382e+09
1.00667	2.06636e+09
1.00869	2.13198e+09
1.01070	2.16977e+09
1.01272	2.11288e+09
1.01475	2.03519e+09
1.01678	2.03119e+09
1.01881	2.10536e+09
1.02085	2.16999e+09
1.02289	2.14992e+09
1.02494	2.04634e+09
1.02699	1.95706e+09
1.02904	1.98624e+09
1.03110	2.07266e+09
1.03316	2.11185e+09
1.03523	2.12949e+09
1.03730	2.13880e+09
1.03937	2.13429e+09
1.04145	2.15386e+09
1.04353	2.20408e+09
1.04562	2.23391e+09
1.04771	2.22084e+09
1.04981	2.20226e+09
1.05191	2.20010e+09
1.05401	2.20050e+09
1.05612	2.18970e+09
1.05823	2.18997e+09
1.06035	2.21752e+09
1.06247	2.25960e+09
1.06459	2.27973e+09
1.06672	2.27073e+09
1.06886	2.26918e+09
1.07099	2.26663e+09
1.07314	2.26188e+09
1.07528	2.29381e+09
1.07743	2.32033e+09
1.07959	2.32969e+09
1.08175	2.34349e+09
1.08391	2.35980e+09
1.08608	2.35410e+09
1.08825	2.34965e+09
1.09043	2.35418e+09
1.09261	2.34773e+09
1.09479	2.34223e+09
1.09698	2.32735e+09
1.09918	2.31989e+09
1.10137	2.31312e+09
1.10358	2.29966e+09
1.10578	2.29508e+09
1.10800	2.27467e+09
1.11021	2.27339e+09
1.11243	2.27677e+09
1.11466	2.27320e+09
1.11689	2.26620e+09
1.11912	2.25624e+09
1.12136	2.26118e+09
1.12360	2.28078e+09
1.12585	2.30012e+09
1.12810	2.28893e+09
1.13036	2.26954e+09
1.13262	2.24736e+09
1.13488	2.17325e+09
1.13715	2.03205e+09
1.13943	1.92686e+09
1.14170	1.99346e+09
1.14399	2.15828e+09
1.14628	2.26072e+09
1.14857	2.28421e+09
1.15087	2.28566e+09
1.15317	2.28095e+09
1.15547	2.27506e+09
1.15778	2.26668e+09
1.16010	2.25766e+09
1.16242	2.24897e+09
1.16475	2.22651e+09
1.16707	2.16480e+09
1.16941	2.12367e+09
1.17175	2.14435e+09
1.17409	2.12298e+09
1.17644	2.05967e+09
1.17879	2.07213e+09
1.18115	2.15892e+09
1.18351	2.21354e+09
1.18588	2.20668e+09
1.18825	2.18724e+09
1.19063	2.18106e+09
1.19301	2.17895e+09
1.19539	2.15026e+09
1.19778	2.12631e+09
1.20018	2.14010e+09
1.20258	2.16239e+09
1.20499	2.17132e+09
1.20740	2.17912e+09
1.20981	2.17920e+09
1.21223	2.18378e+09
1.21465	2.19043e+09
1.21708	2.17664e+09
1.21952	2.15911e+09
1.22196	2.15175e+09
1.22440	2.16305e+09
1.22685	2.17357e+09
1.22930	2.17544e+09
1.23176	2.17368e+09
1.23423	2.16610e+09
1.23669	2.15184e+09
1.23917	2.12370e+09
1.24165	2.08940e+09
1.24413	2.08365e+09
1.24662	2.10145e+09
1.24911	2.10701e+09
1.25161	2.08960e+09
1.25411	2.08666e+09
1.25662	2.09540e+09
1.25913	2.10002e+09
1.26165	2.09542e+09
1.26417	2.09115e+09
1.26670	2.09029e+09
1.26924	2.08933e+09
1.27177	2.08624e+09
1.27432	2.08213e+09
1.27687	2.07841e+09
1.27942	2.06445e+09
1.28198	2.04070e+09
1.28454	2.03571e+09
1.28711	2.02869e+09
1.28969	2.03257e+09
1.29227	2.03875e+09
1.29485	2.04051e+09
1.29744	2.03280e+09
1.30003	2.02182e+09
1.30263	2.01962e+09
1.30524	2.01278e+09
1.30785	1.99539e+09
1.31047	1.97502e+09
1.31309	1.96121e+09
1.31571	1.95815e+09
1.31834	1.95331e+09
1.32098	1.93943e+09
1.32362	1.91376e+09
1.32627	1.87388e+09
1.32892	1.80901e+09
1.33158	1.70578e+09
1.33424	1.57010e+09
1.33691	1.45182e+09
1.33959	1.43635e+09
1.34227	1.43973e+09
1.34495	1.42098e+09
1.34764	1.40159e+09
1.35033	1.38597e+09
1.35304	1.36028e+09
1.35574	1.35035e+09
1.35845	1.32671e+09
1.36117	1.31429e+09
1.36389	1.33009e+09
1.36662	1.35180e+09
1.36935	1.35967e+09
1.37209	1.38062e+09
1.37484	1.39886e+09
1.37759	1.40227e+09
1.38034	1.38478e+09
1.38310	1.38211e+09
1.38587	1.37157e+09
1.38864	1.33941e+09
1.39142	1.29410e+09
1.39420	1.25489e+09
1.39699	1.23295e+09
1.39978	1.21346e+09
1.40258	1.19901e+09
1.40539	1.19786e+09
1.40820	1.19465e+09
1.41101	1.17596e+09
1.41384	1.15602e+09
1.41666	1.13043e+09
1.41950	1.10687e+09
1.42234	1.09158e+09
1.42518	1.09714e+09
1.42803	1.09161e+09
1.43089	1.08204e+09
1.43375	1.06410e+09
1.43662	1.05277e+09
1.43949	1.03812e+09
1.44237	1.04453e+09
1.44525	1.07029e+09
1.44814	1.08370e+09
1.45104	1.08670e+09
1.45394	1.08033e+09
1.45685	1.07917e+09
1.45976	1.07969e+09
1.46268	1.07088e+09
1.46561	1.06764e+09
1.46854	1.06305e+09
1.47148	1.06111e+09
1.47442	1.06926e+09
1.47737	1.07328e+09
1.48032	1.06722e+09
1.48328	1.05567e+09
1.48625	1.04726e+09
1.48922	1.04594e+09
1.49220	1.03826e+09
1.49518	1.02672e+09
1.49817	1.02819e+09
1.50117	1.03112e+09
1.50417	1.02963e+09
1.50718	1.01645e+09
1.51020	1.00169e+09
1.51322	9.98489e+08
1.51624	1.00527e+09
1.51927	1.00756e+09
1.52231	1.00357e+09
1.52536	9.94047e+08
1.52841	9.86162e+08
1.53147	9.79379e+08
1.53453	9.75775e+08
1.53760	9.78247e+08
1.54067	9.75665e+08
1.54375	9.68085e+08
1.54684	9.59337e+08
1.54993	9.52844e+08
1.55303	9.46470e+08
1.55614	9.41051e+08
1.55925	9.35203e+08
1.56237	9.28700e+08
1.56550	9.21305e+08
1.56863	9.13781e+08
1.57176	9.08546e+08
1.57491	9.04041e+08
1.57806	8.97998e+08
1.58121	8.92147e+08
1.58438	8.86115e+08
1.58754	8.79652e+08
1.59072	8.70699e+08
1.59390	8.63614e+08
1.59709	8.55781e+08
1.60028	8.49697e+08
1.60348	8.44727e+08
1.60669	8.38437e+08
1.60990	8.30946e+08
1.61312	8.23577e+08
1.61635	8.17852e+08
1.61958	8.11329e+08
1.62282	8.03949e+08
1.62607	7.96941e+08
1.62932	7.90058e+08
1.63258	7.83208e+08
1.63584	7.76814e+08
1.63911	7.70608e+08
1.64239	7.64641e+08
1.64568	7.58442e+08
1.64897	7.52111e+08
1.65227	7.44872e+08
1.65557	7.37650e+08
1.65888	7.30678e+08
1.66220	7.24237e+08
1.66552	7.18681e+08
1.66886	7.13761e+08
1.67219	7.08520e+08
1.67554	7.02639e+08
1.67889	6.96732e+08
1.68225	6.90537e+08
1.68561	6.83689e+08
1.68898	6.77201e+08
1.69236	6.71296e+08
1.69574	6.65041e+08
1.69914	6.58725e+08
1.70253	6.51959e+08
1.70594	6.45233e+08
1.70935	6.38657e+08
1.71277	6.32046e+08
1.71620	6.25367e+08
1.71963	6.19002e+08
1.72307	6.12613e+08
1.72651	6.05431e+08
1.72997	5.98461e+08
1.73343	5.89660e+08
1.73689	5.80351e+08
1.74037	5.71272e+08
1.74385	5.67363e+08
1.74733	5.65557e+08
1.75083	5.56132e+08
1.75433	5.39651e+08
1.75784	5.26729e+08
1.76136	5.22412e+08
1.76488	5.15792e+08
1.76841	5.07383e+08
1.77194	5.01980e+08
1.77549	4.93305e+08
1.77904	4.87772e+08
1.78260	4.91681e+08
1.78616	4.95731e+08
1.78973	4.90877e+08
1.79331	4.86548e+08
1.79690	4.78514e+08
1.80049	4.69857e+08
1.80410	4.66742e+08
1.80770	4.62514e+08
1.81132	4.52734e+08
1.81494	4.51987e+08
1.81857	4.54087e+08
1.82221	4.48909e+08
1.82585	4.43031e+08
1.82950	4.42421e+08
1.83316	4.45114e+08
1.83683	4.42824e+08
1.84050	4.35769e+08
1.84418	4.25020e+08
1.84787	4.14385e+08
1.85157	4.03220e+08
1.85527	3.96575e+08
1.85898	3.95083e+08
1.86270	4.02689e+08
1.86642	4.11101e+08
1.87016	4.07932e+08
1.87390	4.01364e+08
1.87765	3.98672e+08
1.88140	4.02344e+08
1.88516	4.08763e+08
1.88893	4.12009e+08
1.89271	4.10202e+08
1.89650	4.09817e+08
1.90029	4.05193e+08
1.90409	4.00635e+08
1.90790	4.00348e+08
1.91171	4.00180e+08
1.91554	3.95771e+08
1.91937	3.86333e+08
1.92321	3.86103e+08
1.92705	3.89629e+08
1.93091	3.87163e+08
1.93477	3.82049e+08
1.93864	3.77766e+08
1.94252	3.73557e+08
1.94640	3.68343e+08
1.95029	3.65428e+08
1.95419	3.60537e+08
1.95810	3.60248e+08
1.96202	3.60272e+08
1.96594	3.60356e+08
1.96988	3.56297e+08
1.97382	3.44197e+08
1.97776	3.37456e+08
1.98172	3.43410e+08
1.98568	3.44735e+08
1.98965	3.44025e+08
1.99363	3.42278e+08
1.99762	3.43827e+08
2.00161	3.46032e+08
2.00562	3.46129e+08
2.00963	3.44486e+08
2.01365	3.43519e+08
2.01768	3.44570e+08
2.02171	3.43518e+08
2.02575	3.40369e+08
2.02981	3.37528e+08
2.03386	3.38187e+08
2.03793	3.38332e+08
2.04201	3.36699e+08
2.04609	3.34581e+08
2.05018	3.33704e+08
2.05428	3.33226e+08
2.05839	3.32428e+08
2.06251	3.30846e+08
2.06663	3.29191e+08
2.07077	3.27277e+08
2.07491	3.25126e+08
2.07906	3.24172e+08
2.08322	3.23353e+08
2.08738	3.21795e+08
2.09156	3.20178e+08
2.09574	3.18994e+08
2.09993	3.17664e+08
2.10413	3.16062e+08
2.10834	3.14482e+08
2.11256	3.13139e+08
2.11678	3.11736e+08
2.12102	3.10109e+08
2.12526	3.08312e+08
2.12951	3.06523e+08
2.13377	3.04788e+08
2.13804	3.02788e+08
2.14231	3.01447e+08
2.14660	3.00189e+08
2.15089	2.98666e+08
2.15519	2.97099e+08
2.15950	2.95346e+08
2.16382	2.93690e+08
2.16815	2.92155e+08
2.17248	2.90453e+08
2.17683	2.88597e+08
2.18118	2.87001e+08
2.18554	2.85382e+08
2.18992	2.83722e+08
2.19430	2.82029e+08
2.19868	2.80586e+08
2.20308	2.79309e+08
2.20749	2.77872e+08
2.21190	2.76088e+08
2.21633	2.74130e+08
2.22076	2.72291e+08
2.22520	2.71197e+08
2.22965	2.70094e+08
2.23411	2.68797e+08
2.23858	2.67441e+08
2.24306	2.66202e+08
2.24754	2.64861e+08
2.25204	2.63359e+08
2.25654	2.61818e+08
2.26105	2.60452e+08
2.26558	2.59216e+08
2.27011	2.57694e+08
2.27465	2.56268e+08
2.27920	2.54725e+08
2.28375	2.53302e+08
2.28832	2.51961e+08
2.29290	2.49975e+08
2.29748	2.48366e+08
2.30208	2.47064e+08
2.30668	2.46540e+08
2.31130	2.45476e+08
2.31592	2.43435e+08
2.32055	2.41092e+08
2.32519	2.39383e+08
2.32984	2.39262e+08
2.33450	2.38997e+08
2.33917	2.37880e+08
2.34385	2.36790e+08
2.34854	2.35636e+08
2.35323	2.34352e+08
2.35794	2.33354e+08
2.36266	2.32349e+08
2.36738	2.31427e+08
2.37212	2.30208e+08
2.37686	2.29319e+08
2.38161	2.27727e+08
2.38638	2.26306e+08
2.39115	2.25340e+08
2.39593	2.24144e+08
2.40072	2.22350e+08
2.40552	2.19925e+08
2.41034	2.18068e+08
2.41516	2.16431e+08
2.41999	2.14202e+08
2.42483	2.12233e+08
2.42968	2.10493e+08
2.43454	2.08927e+08
2.43940	2.06780e+08
2.44428	2.03534e+08
2.44917	2.00311e+08
2.45407	2.01103e+08
2.45898	2.04391e+08
2.46390	2.04242e+08
2.46882	2.00503e+08
2.47376	2.00340e+08
2.47871	2.00143e+08
2.48367	1.98276e+08
2.48863	1.95896e+08
2.49361	1.93694e+08
2.49860	1.92238e+08
2.50359	1.89935e+08
2.50860	1.86364e+08
2.51362	1.84549e+08
2.51865	1.83493e+08
2.52368	1.84058e+08
2.52873	1.81973e+08
2.53379	1.81271e+08
2.53886	1.82832e+08
2.54393	1.84757e+08
2.54902	1.86079e+08
2.55412	1.84015e+08
