0.600000	3.47949e+08
0.601200	4.08265e+08
0.602402	4.47253e+08
0.603607	5.03207e+08
0.604814	5.30646e+08
0.606024	5.61449e+08
0.607236	5.49264e+08
0.608450	5.62245e+08
0.609667	5.37764e+08
0.610887	5.19863e+08
0.612108	5.06136e+08
0.613333	4.66161e+08
0.614559	4.46201e+08
0.615788	4.04813e+08
0.617020	3.51962e+08
0.618254	3.75999e+08
0.619491	2.67334e+08
0.620729	3.69979e+08
0.621971	2.26193e+08
0.623215	3.20056e+08
0.624461	2.85159e+08
0.625710	3.12601e+08
0.626962	3.25496e+08
0.628215	3.33840e+08
0.629472	3.38539e+08
0.630731	3.64489e+08
0.631992	3.78104e+08
0.633256	3.54131e+08
0.634523	3.73898e+08
0.635792	2.81908e+08
0.637063	2.73065e+08
0.638337	2.82969e+08
0.639614	3.32526e+08
0.640893	3.72122e+08
0.642175	4.31096e+08
0.643459	5.58744e+08
0.644746	5.64619e+08
0.646036	7.40279e+08
0.647328	7.78921e+08
0.648623	8.28015e+08
0.649920	9.37329e+08
0.651220	9.77832e+08
0.652522	1.13689e+09
0.653827	1.12547e+09
0.655135	1.23042e+09
0.656445	1.17425e+09
0.657758	1.24240e+09
0.659073	1.32058e+09
0.660391	1.34314e+09
0.661712	1.41032e+09
0.663036	1.33825e+09
0.664362	1.28866e+09
0.665690	1.26367e+09
0.667022	1.09257e+09
0.668356	9.78268e+08
0.669692	8.30748e+08
0.671032	6.44954e+08
0.672374	5.70758e+08
0.673719	4.68227e+08
0.675066	4.52805e+08
0.676416	4.28292e+08
0.677769	2.97078e+08
0.679124	3.17138e+08
0.680483	2.47573e+08
0.681844	2.55573e+08
0.683207	1.90525e+08
0.684574	2.30522e+08
0.685943	1.70573e+08
0.687315	1.93208e+08
0.688689	1.39241e+08
0.690067	1.81941e+08
0.691447	1.31356e+08
0.692830	2.23298e+08
0.694215	1.83396e+08
0.695604	2.72473e+08
0.696995	2.98935e+08
0.698389	3.72281e+08
0.699786	5.35277e+08
0.701185	5.87075e+08
0.702587	7.77020e+08
0.703993	9.46157e+08
0.705401	1.00404e+09
0.706811	1.17848e+09
0.708225	1.15115e+09
0.709641	9.83375e+08
0.711061	9.72408e+08
0.712483	9.74797e+08
0.713908	9.27189e+08
0.715336	9.62123e+08
0.716766	1.05077e+09
0.718200	1.13609e+09
0.719636	1.33708e+09
0.721075	1.44225e+09
0.722517	1.50186e+09
0.723962	1.59162e+09
0.725410	1.83031e+09
0.726861	1.81957e+09
0.728315	1.89700e+09
0.729771	1.91054e+09
0.731231	1.92974e+09
0.732693	1.92787e+09
0.734159	1.99830e+09
0.735627	1.77185e+09
0.737098	1.94552e+09
0.738573	1.70752e+09
0.740050	1.89209e+09
0.741530	1.85378e+09
0.743013	1.85566e+09
0.744499	2.00107e+09
0.745988	1.82559e+09
0.747480	1.93375e+09
0.748975	1.88477e+09
0.750473	1.94178e+09
0.751974	1.91893e+09
0.753477	2.01552e+09
0.754984	1.97836e+09
0.756494	2.13058e+09
0.758007	2.03342e+09
0.759523	2.06887e+09
0.761042	1.86840e+09
0.762564	1.81853e+09
0.764089	1.50292e+09
0.765618	1.35986e+09
0.767149	1.17518e+09
0.768683	1.20184e+09
0.770220	1.32740e+09
0.771761	1.57924e+09
0.773304	1.83111e+09
0.774851	2.03858e+09
0.776401	2.16467e+09
0.777953	2.34972e+09
0.779509	2.28663e+09
0.781068	2.47887e+09
0.782630	2.39964e+09
0.784196	2.48789e+09
0.785764	2.47120e+09
0.787336	2.58061e+09
0.788910	2.57066e+09
0.790488	2.60544e+09
0.792069	2.62374e+09
0.793653	2.66085e+09
0.795240	2.67515e+09
0.796831	2.71756e+09
0.798424	2.70874e+09
0.800021	2.76359e+09
0.801621	2.75346e+09
0.803224	2.79179e+09
0.804831	2.80897e+09
0.806440	2.81269e+09
0.808053	2.82227e+09
0.809669	2.82714e+09
0.811289	2.81515e+09
0.812911	2.79444e+09
0.814537	2.72325e+09
0.816166	2.67025e+09
0.817798	2.58618e+09
0.819434	2.59167e+09
0.821073	2.60990e+09
0.822715	2.67774e+09
0.824360	2.76738e+09
0.826009	2.80584e+09
0.827661	2.84066e+09
0.829316	2.83710e+09
0.830975	2.82791e+09
0.832637	2.77420e+09
0.834302	2.72395e+09
0.835971	2.65863e+09
0.837643	2.55373e+09
0.839318	2.50008e+09
0.840996	2.35750e+09
0.842678	2.38254e+09
0.844364	2.27872e+09
0.846052	2.34567e+09
0.847745	2.35385e+09
0.849440	2.48028e+09
0.851139	2.48533e+09
0.852841	2.57776e+09
0.854547	2.60447e+09
0.856256	2.65388e+09
0.857968	2.73474e+09
0.859684	2.77395e+09
0.861404	2.72877e+09
0.863126	2.78993e+09
0.864853	2.69406e+09
0.866582	2.71380e+09
0.868315	2.66029e+09
0.870052	2.71035e+09
0.871792	2.69507e+09
0.873536	2.78677e+09
0.875283	2.77960e+09
0.877033	2.81606e+09
0.878787	2.84414e+09
0.880545	2.83684e+09
0.882306	2.87225e+09
0.884070	2.86132e+09
0.885839	2.88977e+09
0.887610	2.88844e+09
0.889385	2.90682e+09
0.891164	2.89243e+09
0.892946	2.92668e+09
0.894732	2.90086e+09
0.896522	2.95585e+09
0.898315	2.90982e+09
0.900111	2.92848e+09
0.901912	2.91999e+09
0.903715	2.93765e+09
0.905523	2.91585e+09
0.907334	2.92359e+09
0.909148	2.94782e+09
0.910967	2.94769e+09
0.912789	3.00095e+09
0.914614	2.98670e+09
0.916443	3.02183e+09
0.918276	2.99309e+09
0.920113	2.99379e+09
0.921953	2.97682e+09
0.923797	2.93996e+09
0.925644	2.97000e+09
0.927496	2.91432e+09
0.929351	2.94561e+09
0.931209	2.89945e+09
0.933072	2.92799e+09
0.934938	2.93495e+09
0.936808	2.93860e+09
0.938681	2.95604e+09
0.940559	2.95399e+09
0.942440	2.99480e+09
0.944325	2.98395e+09
0.946213	2.99254e+09
0.948106	3.00059e+09
0.950002	2.98433e+09
0.951902	2.96849e+09
0.953806	2.96247e+09
0.955713	2.90260e+09
0.957625	2.86899e+09
0.959540	2.81928e+09
0.961459	2.70791e+09
0.963382	2.68606e+09
0.965308	2.56469e+09
0.967239	2.59284e+09
0.969174	2.51274e+09
0.971112	2.60318e+09
0.973054	2.56496e+09
0.975000	2.67704e+09
0.976950	2.68635e+09
0.978904	2.78455e+09
0.980862	2.80833e+09
0.982824	2.88294e+09
0.984789	2.84898e+09
0.986759	2.85023e+09
0.988732	2.72472e+09
0.990710	2.73423e+09
0.992691	2.63747e+09
0.994676	2.64958e+09
0.996666	2.64516e+09
0.998659	2.64794e+09
1.00066	2.68463e+09
1.00266	2.59007e+09
1.00466	2.69280e+09
1.00667	2.63162e+09
1.00869	2.66423e+09
1.01070	2.66530e+09
1.01272	2.59305e+09
1.01475	2.69800e+09
1.01678	2.60172e+09
1.01881	2.68052e+09
1.02085	2.57315e+09
1.02289	2.67724e+09
1.02494	2.52642e+09
1.02699	2.62158e+09
1.02904	2.51712e+09
1.03110	2.61785e+09
1.03316	2.60944e+09
1.03523	2.57587e+09
1.03730	2.64477e+09
1.03937	2.61275e+09
1.04145	2.65193e+09
1.04353	2.66741e+09
1.04562	2.62179e+09
1.04771	2.69260e+09
1.04981	2.61720e+09
1.05191	2.66068e+09
1.05401	2.62198e+09
1.05612	2.62311e+09
1.05823	2.63497e+09
1.06035	2.63618e+09
1.06247	2.64827e+09
1.06459	2.63183e+09
1.06672	2.66928e+09
1.06886	2.63629e+09
1.07099	2.64807e+09
1.07314	2.64865e+09
1.07528	2.64633e+09
1.07743	2.67748e+09
1.07959	2.64683e+09
1.08175	2.69531e+09
1.08391	2.66628e+09
1.08608	2.68579e+09
1.08825	2.67942e+09
1.09043	2.68057e+09
1.09261	2.66957e+09
1.09479	2.65870e+09
1.09698	2.65988e+09
1.09918	2.64568e+09
1.10137	2.64495e+09
1.10358	2.63940e+09
1.10578	2.63420e+09
1.10800	2.61845e+09
1.11021	2.61490e+09
1.11243	2.61353e+09
1.11466	2.61294e+09
1.11689	2.59578e+09
1.11912	2.61758e+09
1.12136	2.58083e+09
1.12360	2.61021e+09
1.12585	2.59006e+09
1.12810	2.59843e+09
1.13036	2.55414e+09
1.13262	2.55584e+09
1.13488	2.48681e+09
1.13715	2.48094e+09
1.13943	2.45587e+09
1.14170	2.45920e+09
1.14399	2.50481e+09
1.14628	2.51508e+09
1.14857	2.56235e+09
1.15087	2.56178e+09
1.15317	2.56466e+09
1.15547	2.55720e+09
1.15778	2.55256e+09
1.16010	2.54557e+09
1.16242	2.53392e+09
1.16475	2.52150e+09
1.16707	2.50850e+09
1.16941	2.50250e+09
1.17175	2.48389e+09
1.17409	2.48556e+09
1.17644	2.46248e+09
1.17879	2.48374e+09
1.18115	2.47812e+09
1.18351	2.48949e+09
1.18588	2.47674e+09
1.18825	2.47706e+09
1.19063	2.45282e+09
1.19301	2.45535e+09
1.19539	2.44498e+09
1.19778	2.44961e+09
1.20018	2.43326e+09
1.20258	2.44557e+09
1.20499	2.43691e+09
1.20740	2.44481e+09
1.20981	2.43915e+09
1.21223	2.44110e+09
1.21465	2.43717e+09
1.21708	2.43074e+09
1.21952	2.42500e+09
1.22196	2.41992e+09
1.22440	2.41612e+09
1.22685	2.41332e+09
1.22930	2.41601e+09
1.23176	2.40569e+09
1.23423	2.40028e+09
1.23669	2.39047e+09
1.23917	2.36829e+09
1.24165	2.37760e+09
1.24413	2.35469e+09
1.24662	2.36283e+09
1.24911	2.34198e+09
1.25161	2.35677e+09
1.25411	2.34198e+09
1.25662	2.33786e+09
1.25913	2.33034e+09
1.26165	2.32545e+09
1.26417	2.31971e+09
1.26670	2.31784e+09
1.26924	2.31688e+09
1.27177	2.30484e+09
1.27432	2.29076e+09
1.27687	2.28769e+09
1.27942	2.26802e+09
1.28198	2.26942e+09
1.28454	2.25246e+09
1.28711	2.25558e+09
1.28969	2.24234e+09
1.29227	2.23998e+09
1.29485	2.23703e+09
1.29744	2.23475e+09
1.30003	2.22358e+09
1.30263	2.21815e+09
1.30524	2.20154e+09
1.30785	2.19539e+09
1.31047	2.18112e+09
1.31309	2.16979e+09
1.31571	2.15241e+09
1.31834	2.13953e+09
1.32098	2.12640e+09
1.32362	2.08247e+09
1.32627	2.07899e+09
1.32892	1.96711e+09
1.33158	1.99464e+09
1.33424	1.86109e+09
1.33691	1.88622e+09
1.33959	1.77445e+09
1.34227	1.78519e+09
1.34495	1.76183e+09
1.34764	1.72093e+09
1.35033	1.75713e+09
1.35304	1.70506e+09
1.35574	1.69045e+09
1.35845	1.70197e+09
1.36117	1.65369e+09
1.36389	1.65439e+09
1.36662	1.65604e+09
1.36935	1.66299e+09
1.37209	1.65917e+09
1.37484	1.69789e+09
1.37759	1.66983e+09
1.38034	1.67877e+09
1.38310	1.65259e+09
1.38587	1.63819e+09
1.38864	1.62055e+09
1.39142	1.56843e+09
1.39420	1.59165e+09
1.39699	1.49435e+09
1.39978	1.55487e+09
1.40258	1.48067e+09
1.40539	1.49082e+09
1.40820	1.43935e+09
1.41101	1.49302e+09
1.41384	1.42023e+09
1.41666	1.46576e+09
1.41950	1.34410e+09
1.42234	1.43421e+09
1.42518	1.33983e+09
1.42803	1.39158e+09
1.43089	1.33977e+09
1.43375	1.34538e+09
1.43662	1.30906e+09
1.43949	1.34509e+09
1.44237	1.30048e+09
1.44525	1.33536e+09
1.44814	1.32060e+09
1.45104	1.32224e+09
1.45394	1.31424e+09
1.45685	1.31547e+09
1.45976	1.28683e+09
1.46268	1.31520e+09
1.46561	1.26423e+09
1.46854	1.31779e+09
1.47148	1.26524e+09
1.47442	1.28794e+09
1.47737	1.27710e+09
1.48032	1.26071e+09
1.48328	1.26618e+09
1.48625	1.24412e+09
1.48922	1.24361e+09
1.49220	1.23296e+09
1.49518	1.22461e+09
1.49817	1.21596e+09
1.50117	1.20680e+09
1.50417	1.20264e+09
1.50718	1.19837e+09
1.51020	1.17996e+09
1.51322	1.17538e+09
1.51624	1.17234e+09
1.51927	1.15734e+09
1.52231	1.16138e+09
1.52536	1.14682e+09
1.52841	1.14355e+09
1.53147	1.12996e+09
1.53453	1.12681e+09
1.53760	1.11567e+09
1.54067	1.11299e+09
1.54375	1.10617e+09
1.54684	1.09269e+09
1.54993	1.08875e+09
1.55303	1.07361e+09
1.55614	1.07033e+09
1.55925	1.05879e+09
1.56237	1.05074e+09
1.56550	1.04562e+09
1.56863	1.03267e+09
1.57176	1.02728e+09
1.57491	1.01942e+09
1.57806	1.01081e+09
1.58121	1.00256e+09
1.58438	9.95208e+08
1.58754	9.85795e+08
1.59072	9.78858e+08
1.59390	9.67542e+08
1.59709	9.61118e+08
1.60028	9.52234e+08
1.60348	9.44623e+08
1.60669	9.37513e+08
1.60990	9.27825e+08
1.61312	9.21087e+08
1.61635	9.11731e+08
1.61958	9.04210e+08
1.62282	8.96225e+08
1.62607	8.87916e+08
1.62932	8.80376e+08
1.63258	8.72796e+08
1.63584	8.64313e+08
1.63911	8.57307e+08
1.64239	8.49769e+08
1.64568	8.42335e+08
1.64897	8.34454e+08
1.65227	8.26956e+08
1.65557	8.19506e+08
1.65888	8.11741e+08
1.66220	8.04844e+08
1.66552	7.98131e+08
1.66886	7.91699e+08
1.67219	7.84554e+08
1.67554	7.78522e+08
1.67889	7.71609e+08
1.68225	7.64045e+08
1.68561	7.57754e+08
1.68898	7.49869e+08
1.69236	7.44069e+08
1.69574	7.36260e+08
1.69914	7.29483e+08
1.70253	7.22292e+08
1.70594	7.14852e+08
1.70935	7.08224e+08
1.71277	7.02064e+08
1.71620	6.93273e+08
1.71963	6.88696e+08
1.72307	6.80471e+08
1.72651	6.73980e+08
1.72997	6.68263e+08
1.73343	6.54220e+08
1.73689	6.53756e+08
1.74037	6.41150e+08
1.74385	6.39600e+08
1.74733	6.24763e+08
1.75083	6.21736e+08
1.75433	6.05870e+08
1.75784	6.04644e+08
1.76136	5.93639e+08
1.76488	5.87817e+08
1.76841	5.71079e+08
1.77194	5.72631e+08
1.77549	5.64957e+08
1.77904	5.65324e+08
1.78260	5.50616e+08
1.78616	5.67691e+08
1.78973	5.45829e+08
1.79331	5.55310e+08
1.79690	5.32106e+08
1.80049	5.46030e+08
1.80410	5.17141e+08
1.80770	5.28362e+08
1.81132	5.18162e+08
1.81494	5.09005e+08
1.81857	5.13703e+08
1.82221	5.10963e+08
1.82585	5.07835e+08
1.82950	4.95597e+08
1.83316	4.98133e+08
1.83683	4.96592e+08
1.84050	4.84879e+08
1.84418	4.77567e+08
1.84787	4.74391e+08
1.85157	4.58949e+08
1.85527	4.56894e+08
1.85898	4.49460e+08
1.86270	4.63982e+08
1.86642	4.57680e+08
1.87016	4.61243e+08
1.87390	4.49886e+08
1.87765	4.58002e+08
1.88140	4.44334e+08
1.88516	4.58730e+08
1.88893	4.52169e+08
1.89271	4.54570e+08
1.89650	4.49405e+08
1.90029	4.43780e+08
1.90409	4.47226e+08
1.90790	4.37673e+08
1.91171	4.36749e+08
1.91554	4.31646e+08
1.91937	4.34145e+08
1.92321	4.23337e+08
1.92705	4.23088e+08
1.93091	4.22292e+08
1.93477	4.15951e+08
1.93864	4.16724e+08
1.94252	4.04450e+08
1.94640	4.03763e+08
1.95029	4.01491e+08
1.95419	3.98384e+08
1.95810	3.95315e+08
1.96202	3.89098e+08
1.96594	3.88286e+08
1.96988	3.82531e+08
1.97382	3.83246e+08
1.97776	3.74137e+08
1.98172	3.77372e+08
1.98568	3.73213e+08
1.98965	3.75329e+08
1.99363	3.69889e+08
1.99762	3.75556e+08
2.00161	3.68041e+08
2.00562	3.75445e+08
2.00963	3.67327e+08
2.01365	3.70018e+08
2.01768	3.67483e+08
2.02171	3.64666e+08
2.02575	3.62220e+08
2.02981	3.60543e+08
2.03386	3.58381e+08
2.03793	3.57930e+08
2.04201	3.56614e+08
2.04609	3.50474e+08
2.05018	3.53087e+08
2.05428	3.49060e+08
2.05839	3.49232e+08
2.06251	3.46783e+08
2.06663	3.44184e+08
2.07077	3.42630e+08
2.07491	3.39043e+08
2.07906	3.37825e+08
2.08322	3.36919e+08
2.08738	3.33786e+08
2.09156	3.33558e+08
2.09574	3.29848e+08
2.09993	3.29441e+08
2.10413	3.25707e+08
2.10834	3.24920e+08
2.11256	3.22445e+08
2.11678	3.20920e+08
2.12102	3.18865e+08
2.12526	3.16792e+08
2.12951	3.14571e+08
2.13377	3.12902e+08
2.13804	3.10319e+08
2.14231	3.08786e+08
2.14660	3.06665e+08
2.15089	3.04945e+08
2.15519	3.03255e+08
2.15950	3.01357e+08
2.16382	2.99109e+08
2.16815	2.97414e+08
2.17248	2.95331e+08
2.17683	2.93571e+08
2.18118	2.91441e+08
2.18554	2.89645e+08
2.18992	2.87975e+08
2.19430	2.85792e+08
2.19868	2.84315e+08
2.20308	2.82378e+08
2.20749	2.80564e+08
2.21190	2.78921e+08
2.21633	2.76859e+08
2.22076	2.75271e+08
2.22520	2.73600e+08
2.22965	2.71789e+08
2.23411	2.70551e+08
2.23858	2.68861e+08
2.24306	2.67408e+08
2.24754	2.65824e+08
2.25204	2.64204e+08
2.25654	2.62542e+08
2.26105	2.60993e+08
2.26558	2.59458e+08
2.27011	2.57931e+08
2.27465	2.56463e+08
2.27920	2.54722e+08
2.28375	2.53446e+08
2.28832	2.51142e+08
2.29290	2.50417e+08
2.29748	2.47965e+08
2.30208	2.47938e+08
2.30668	2.45185e+08
2.31130	2.44762e+08
2.31592	2.42858e+08
2.32055	2.41644e+08
2.32519	2.39426e+08
2.32984	2.39027e+08
2.33450	2.38196e+08
2.33917	2.36886e+08
2.34385	2.36114e+08
2.34854	2.34045e+08
2.35323	2.33576e+08
2.35794	2.32112e+08
2.36266	2.31568e+08
2.36738	2.30244e+08
2.37212	2.28531e+08
2.37686	2.28277e+08
2.38161	2.26154e+08
2.38638	2.26047e+08
2.39115	2.24792e+08
2.39593	2.23287e+08
2.40072	2.21502e+08
2.40552	2.20499e+08
2.41034	2.18492e+08
2.41516	2.17158e+08
2.41999	2.15973e+08
2.42483	2.13562e+08
2.42968	2.14618e+08
2.43454	2.09699e+08
2.43940	2.09016e+08
2.44428	2.06994e+08
2.44917	2.07279e+08
2.45407	2.06795e+08
2.45898	2.06528e+08
2.46390	2.05042e+08
2.46882	2.05602e+08
2.47376	2.02809e+08
2.47871	2.05476e+08
2.48367	2.00067e+08
2.48863	2.01264e+08
2.49361	1.97843e+08
2.49860	1.95122e+08
2.50359	1.96652e+08
2.50860	1.93528e+08
2.51362	1.94820e+08
2.51865	1.89869e+08
2.52368	1.91365e+08
2.52873	1.90234e+08
2.53379	1.90935e+08
2.53886	1.91491e+08
2.54393	1.91135e+08
2.54902	1.93868e+08
2.55412	1.89397e+08
