0.600000	66.3255
0.601200	69.9629
0.602402	74.3208
0.603607	78.9188
0.604814	83.1503
0.606024	88.5665
0.607236	92.0618
0.608450	99.6791
0.609667	103.407
0.610887	110.991
0.612108	117.287
0.613333	125.761
0.614559	132.785
0.615788	140.962
0.617020	149.006
0.618254	158.549
0.619491	166.891
0.620729	176.592
0.621971	185.005
0.623215	197.240
0.624461	208.467
0.625710	222.846
0.626962	235.682
0.628215	252.489
0.629472	267.466
0.630731	290.219
0.631992	312.286
0.633256	342.311
0.634523	370.585
0.635792	403.718
0.637063	435.091
0.638337	470.248
0.639614	503.467
0.640893	541.858
0.642175	577.939
0.643459	628.957
0.644746	670.879
0.646036	734.159
0.647328	789.748
0.648623	867.789
0.649920	931.333
0.651220	1025.39
0.652522	1099.31
0.653827	1209.85
0.655135	1297.28
0.656445	1422.00
0.657758	1536.89
0.659073	1682.77
0.660391	1856.86
0.661712	2050.33
0.663036	2236.35
0.664362	2453.74
0.665690	2671.12
0.667022	2882.11
0.668356	3109.77
0.669692	3367.47
0.671032	3680.52
0.672374	4068.96
0.673719	4493.74
0.675066	4916.78
0.676416	5396.92
0.677769	5749.52
0.679124	6263.19
0.680483	6572.08
0.681844	7004.86
0.683207	7281.84
0.684574	7491.34
0.685943	7707.36
0.687315	7761.53
0.688689	7748.57
0.690067	7605.66
0.691447	7522.94
0.692830	7268.87
0.694215	7385.45
0.695604	7219.58
0.696995	7415.14
0.698389	7778.69
0.699786	8016.75
0.701185	8502.89
0.702587	8879.09
0.703993	9282.78
0.705401	9651.80
0.706811	9757.76
0.708225	10046.4
0.709641	10110.9
0.711061	10437.0
0.712483	10303.3
0.713908	10484.9
0.715336	10376.1
0.716766	10577.7
0.718200	10189.3
0.719636	10476.7
0.721075	10152.5
0.722517	10365.8
0.723962	10108.5
0.725410	10144.4
0.726861	9855.60
0.728315	9754.59
0.729771	9473.68
0.731231	9288.57
0.732693	9052.27
0.734159	8833.71
0.735627	8714.09
0.737098	8433.60
0.738573	8269.39
0.740050	7990.06
0.741530	7945.52
0.743013	7760.78
0.744499	7729.14
0.745988	7557.09
0.747480	7445.30
0.748975	7277.83
0.750473	7100.74
0.751974	6934.55
0.753477	6712.09
0.754984	6560.07
0.756494	6308.70
0.758007	6117.90
0.759523	5749.46
0.761042	5301.06
0.762564	4630.19
0.764089	3879.27
0.765618	3179.30
0.767149	2760.87
0.768683	2772.22
0.770220	3280.29
0.771761	4193.04
0.773304	5350.72
0.774851	6565.68
0.776401	7697.40
0.777953	8779.19
0.779509	9797.76
0.781068	10952.2
0.782630	12182.3
0.784196	13580.7
0.785764	15073.8
0.787336	16636.4
0.788910	18127.8
0.790488	19739.8
0.792069	21512.3
0.793653	23567.4
0.795240	26268.7
0.796831	29710.3
0.798424	33711.5
0.800021	38138.2
0.801621	42776.3
0.803224	47421.2
0.804831	52407.3
0.806440	57009.8
0.808053	62774.8
0.809669	67251.6
0.811289	74768.4
0.812911	80785.3
0.814537	88690.5
0.816166	97717.3
0.817798	107562.
0.819434	118469.
0.821073	130804.
0.822715	143460.
0.824360	157358.
0.826009	173117.
0.827661	187640.
0.829316	206312.
0.830975	222932.
0.832637	244083.
0.834302	264197.
0.835971	287300.
0.837643	310895.
0.839318	333340.
0.840996	360558.
0.842678	385531.
0.844364	417229.
0.846052	437015.
0.847745	468241.
0.849440	490961.
0.851139	526063.
0.852841	571078.
0.854547	628060.
0.856256	695774.
0.857968	764523.
0.859684	832612.
0.861404	900527.
0.863126	966196.
0.864853	1.03746e+06
0.866582	1.10799e+06
0.868315	1.18588e+06
0.870052	1.26166e+06
0.871792	1.34810e+06
0.873536	1.42743e+06
0.875283	1.52500e+06
0.877033	1.60845e+06
0.878787	1.71628e+06
0.880545	1.80441e+06
0.882306	1.91271e+06
0.884070	1.98754e+06
0.885839	2.05654e+06
0.887610	2.09275e+06
0.889385	2.07257e+06
0.891164	2.04715e+06
0.892946	1.98658e+06
0.894732	2.09295e+06
0.896522	2.10037e+06
0.898315	2.43657e+06
0.900111	2.55181e+06
0.901912	2.89215e+06
0.903715	3.10539e+06
0.905523	3.23753e+06
0.907334	3.44349e+06
0.909148	3.47287e+06
0.910967	3.53264e+06
0.912789	3.67925e+06
0.914614	3.57449e+06
0.916443	3.95146e+06
0.918276	3.73158e+06
0.920113	4.13884e+06
0.921953	3.77887e+06
0.923797	3.87183e+06
0.925644	3.31796e+06
0.927496	2.96044e+06
0.929351	2.56382e+06
0.931209	2.31031e+06
0.933072	2.30120e+06
0.934938	2.39930e+06
0.936808	2.61989e+06
0.938681	2.89823e+06
0.940559	3.20996e+06
0.942440	3.49802e+06
0.944325	3.52208e+06
0.946213	3.67341e+06
0.948106	3.66667e+06
0.950002	3.75457e+06
0.951902	3.72032e+06
0.953806	3.94015e+06
0.955713	3.70758e+06
0.957625	4.18040e+06
0.959540	3.89198e+06
0.961459	4.41654e+06
0.963382	4.52588e+06
0.965308	4.74068e+06
0.967239	5.67788e+06
0.969174	5.24264e+06
0.971112	6.60480e+06
0.973054	6.09167e+06
0.975000	6.99685e+06
0.976950	7.40402e+06
0.978904	7.24406e+06
0.980862	8.51807e+06
0.982824	7.76200e+06
0.984789	9.36577e+06
0.986759	9.03279e+06
0.988732	1.03968e+07
0.990710	1.03114e+07
0.992691	1.14158e+07
0.994676	1.16570e+07
0.996666	1.22891e+07
0.998659	1.25207e+07
1.00066	1.30960e+07
1.00266	1.35871e+07
1.00466	1.40792e+07
1.00667	1.49702e+07
1.00869	1.54962e+07
1.01070	1.64416e+07
1.01272	1.70611e+07
1.01475	1.77241e+07
1.01678	1.87687e+07
1.01881	1.92947e+07
1.02085	2.02054e+07
1.02289	2.07447e+07
1.02494	2.16629e+07
1.02699	2.21799e+07
1.02904	2.30611e+07
1.03110	2.36609e+07
1.03316	2.44290e+07
1.03523	2.50122e+07
1.03730	2.57513e+07
1.03937	2.63919e+07
1.04145	2.66550e+07
1.04353	2.73034e+07
1.04562	2.74272e+07
1.04771	2.80538e+07
1.04981	2.81096e+07
1.05191	2.86590e+07
1.05401	2.86899e+07
1.05612	2.91964e+07
1.05823	2.92569e+07
1.06035	2.97670e+07
1.06247	2.99817e+07
1.06459	3.01228e+07
1.06672	3.06443e+07
1.06886	3.03569e+07
1.07099	3.11866e+07
1.07314	3.08547e+07
1.07528	3.11981e+07
1.07743	3.12384e+07
1.07959	3.09368e+07
1.08175	3.06153e+07
1.08391	2.93183e+07
1.08608	2.75106e+07
1.08825	2.53831e+07
1.09043	2.13770e+07
1.09261	2.01818e+07
1.09479	1.58593e+07
1.09698	1.47383e+07
1.09918	1.13155e+07
1.10137	1.08919e+07
1.10358	9.45217e+06
1.10578	8.09602e+06
1.10800	6.97075e+06
1.11021	5.73103e+06
1.11243	4.73673e+06
1.11466	3.86040e+06
1.11689	3.25231e+06
1.11912	2.82159e+06
1.12136	2.50201e+06
1.12360	2.24783e+06
1.12585	2.04777e+06
1.12810	1.84435e+06
1.13036	1.68906e+06
1.13262	1.63332e+06
1.13488	1.72005e+06
1.13715	1.92759e+06
1.13943	2.15686e+06
1.14170	2.27684e+06
1.14399	2.17271e+06
1.14628	1.78773e+06
1.14857	1.40082e+06
1.15087	1.01372e+06
1.15317	715883.
1.15547	538045.
1.15778	464362.
1.16010	441096.
1.16242	461691.
1.16475	545594.
1.16707	715734.
1.16941	935804.
1.17175	1.21741e+06
1.17409	1.53142e+06
1.17644	1.96332e+06
1.17879	2.51542e+06
1.18115	3.20809e+06
1.18351	3.98642e+06
1.18588	4.88451e+06
1.18825	6.02921e+06
1.19063	7.38035e+06
1.19301	9.03322e+06
1.19539	1.08638e+07
1.19778	1.26560e+07
1.20018	1.45279e+07
1.20258	1.64405e+07
1.20499	1.82625e+07
1.20740	2.01939e+07
1.20981	2.21915e+07
1.21223	2.42820e+07
1.21465	2.59622e+07
1.21708	2.75799e+07
1.21952	2.92435e+07
1.22196	3.05844e+07
1.22440	3.18585e+07
1.22685	3.33551e+07
1.22930	3.47292e+07
1.23176	3.60935e+07
1.23423	3.70828e+07
1.23669	3.83651e+07
1.23917	3.86791e+07
1.24165	3.95811e+07
1.24413	4.00780e+07
1.24662	4.09200e+07
1.24911	4.14869e+07
1.25161	4.23364e+07
1.25411	4.29135e+07
1.25662	4.38286e+07
1.25913	4.45027e+07
1.26165	4.54735e+07
1.26417	4.59448e+07
1.26670	4.62631e+07
1.26924	4.61949e+07
1.27177	4.55648e+07
1.27432	4.50770e+07
1.27687	4.41418e+07
1.27942	4.16102e+07
1.28198	4.08746e+07
1.28454	3.89267e+07
1.28711	3.73566e+07
1.28969	3.59371e+07
1.29227	3.54937e+07
1.29485	3.51446e+07
1.29744	3.42344e+07
1.30003	3.30886e+07
1.30263	3.00302e+07
1.30524	2.62973e+07
1.30785	2.39742e+07
1.31047	2.10503e+07
1.31309	2.00049e+07
1.31571	1.92008e+07
1.31834	1.80570e+07
1.32098	1.73122e+07
1.32362	1.40078e+07
1.32627	1.11702e+07
1.32892	7.88072e+06
1.33158	5.69651e+06
1.33424	3.43049e+06
1.33691	2.16550e+06
1.33959	1.15141e+06
1.34227	652778.
1.34495	376420.
1.34764	257305.
1.35033	163274.
1.35304	126882.
1.35574	112339.
1.35845	122813.
1.36117	118067.
1.36389	143567.
1.36662	123996.
1.36935	135726.
1.37209	107271.
1.37484	107461.
1.37759	95318.1
1.38034	92544.8
1.38310	107294.
1.38587	106938.
1.38864	132940.
1.39142	146368.
1.39420	139586.
1.39699	156454.
1.39978	146542.
1.40258	151074.
1.40539	162771.
1.40820	174500.
1.41101	191519.
1.41384	217291.
1.41666	226955.
1.41950	277082.
1.42234	303995.
1.42518	379350.
1.42803	399036.
1.43089	470089.
1.43375	533742.
1.43662	575262.
1.43949	718259.
1.44237	779647.
1.44525	1.03298e+06
1.44814	1.17432e+06
1.45104	1.37513e+06
1.45394	1.61168e+06
1.45685	1.60855e+06
1.45976	1.85696e+06
1.46268	1.84017e+06
1.46561	1.94256e+06
1.46854	1.94720e+06
1.47148	2.03544e+06
1.47442	2.22669e+06
1.47737	2.38197e+06
1.48032	2.53801e+06
1.48328	2.64808e+06
1.48625	2.77763e+06
1.48922	3.12354e+06
1.49220	3.22816e+06
1.49518	3.64330e+06
1.49817	4.11320e+06
1.50117	4.50939e+06
1.50417	5.12659e+06
1.50718	5.48367e+06
1.51020	6.00413e+06
1.51322	6.14824e+06
1.51624	6.69995e+06
1.51927	7.21604e+06
1.52231	7.80140e+06
1.52536	8.64623e+06
1.52841	9.56845e+06
1.53147	1.07761e+07
1.53453	1.18281e+07
1.53760	1.34336e+07
1.54067	1.41641e+07
1.54375	1.56749e+07
1.54684	1.68627e+07
1.54993	1.85100e+07
1.55303	1.87186e+07
1.55614	2.00940e+07
1.55925	2.04315e+07
1.56237	2.12512e+07
1.56550	2.15214e+07
1.56863	2.17276e+07
1.57176	2.18972e+07
1.57491	2.10457e+07
1.57806	2.10876e+07
1.58121	1.96884e+07
1.58438	1.97571e+07
1.58754	1.77962e+07
1.59072	1.85105e+07
1.59390	1.65142e+07
1.59709	1.75680e+07
1.60028	1.57825e+07
1.60348	1.50052e+07
1.60669	1.33441e+07
1.60990	1.19148e+07
1.61312	1.08560e+07
1.61635	9.59249e+06
1.61958	9.79186e+06
1.62282	9.25500e+06
1.62607	9.87782e+06
1.62932	9.23649e+06
1.63258	9.25809e+06
1.63584	8.51713e+06
1.63911	8.08822e+06
1.64239	7.91826e+06
1.64568	7.26345e+06
1.64897	7.55967e+06
1.65227	7.11853e+06
1.65557	6.69910e+06
1.65888	5.87692e+06
1.66220	5.39450e+06
1.66552	4.69806e+06
1.66886	4.37028e+06
1.67219	4.29314e+06
1.67554	4.20367e+06
1.67889	4.09369e+06
1.68225	3.52431e+06
1.68561	3.23380e+06
1.68898	2.77714e+06
1.69236	2.39154e+06
1.69574	2.21873e+06
1.69914	2.21311e+06
1.70253	2.27926e+06
1.70594	2.48821e+06
1.70935	2.75173e+06
1.71277	2.78150e+06
1.71620	2.90483e+06
1.71963	3.05190e+06
1.72307	2.95285e+06
1.72651	2.91281e+06
1.72997	2.76283e+06
1.73343	2.75889e+06
1.73689	2.69577e+06
1.74037	2.67845e+06
1.74385	2.51973e+06
1.74733	2.66154e+06
1.75083	2.50910e+06
1.75433	2.78778e+06
1.75784	2.53581e+06
1.76136	2.71638e+06
1.76488	2.23454e+06
1.76841	2.36104e+06
1.77194	1.82104e+06
1.77549	1.83727e+06
1.77904	1.46244e+06
1.78260	1.50253e+06
1.78616	1.45998e+06
1.78973	1.28949e+06
1.79331	1.31102e+06
1.79690	1.14429e+06
1.80049	1.24996e+06
1.80410	1.02505e+06
1.80770	1.08993e+06
1.81132	989812.
1.81494	1.10307e+06
1.81857	1.01604e+06
1.82221	1.21807e+06
1.82585	1.03898e+06
1.82950	1.28318e+06
1.83316	1.01819e+06
1.83683	1.07767e+06
1.84050	883993.
1.84418	838422.
1.84787	878164.
1.85157	809388.
1.85527	778831.
1.85898	654173.
1.86270	687381.
1.86642	671355.
1.87016	858776.
1.87390	939546.
1.87765	1.26868e+06
1.88140	1.36604e+06
1.88516	1.68101e+06
1.88893	1.62608e+06
1.89271	1.97174e+06
1.89650	1.67927e+06
1.90029	1.79796e+06
1.90409	1.79298e+06
1.90790	1.81736e+06
1.91171	1.62619e+06
1.91554	1.58280e+06
1.91937	1.45686e+06
1.92321	1.52782e+06
1.92705	1.17041e+06
1.93091	1.19283e+06
1.93477	940116.
1.93864	1.06711e+06
1.94252	887910.
1.94640	1.06857e+06
1.95029	1.03524e+06
1.95419	1.08204e+06
1.95810	1.23139e+06
1.96202	1.19075e+06
1.96594	1.41066e+06
1.96988	1.43287e+06
1.97382	1.57422e+06
1.97776	1.76306e+06
1.98172	1.86481e+06
1.98568	2.10733e+06
1.98965	2.10365e+06
1.99363	2.42325e+06
1.99762	2.39618e+06
2.00161	2.58169e+06
2.00562	2.74775e+06
2.00963	2.74498e+06
2.01365	2.96453e+06
2.01768	3.19802e+06
2.02171	3.15833e+06
2.02575	3.59875e+06
2.02981	3.78444e+06
2.03386	4.12326e+06
2.03793	4.24216e+06
2.04201	4.52456e+06
2.04609	4.88136e+06
2.05018	5.27620e+06
2.05428	5.23619e+06
2.05839	5.61151e+06
2.06251	5.42085e+06
2.06663	5.54903e+06
2.07077	5.44025e+06
2.07491	5.35592e+06
2.07906	5.47858e+06
2.08322	5.25664e+06
2.08738	5.54266e+06
2.09156	5.21790e+06
2.09574	5.44148e+06
2.09993	5.22155e+06
2.10413	5.23431e+06
2.10834	5.15511e+06
2.11256	4.97826e+06
2.11678	4.90890e+06
2.12102	4.77769e+06
2.12526	4.62706e+06
2.12951	4.54678e+06
2.13377	4.35227e+06
2.13804	4.27395e+06
2.14231	4.03241e+06
2.14660	3.97092e+06
2.15089	3.79049e+06
2.15519	3.66780e+06
2.15950	3.57318e+06
2.16382	3.42525e+06
2.16815	3.26567e+06
2.17248	3.19271e+06
2.17683	2.99861e+06
2.18118	2.76592e+06
2.18554	2.49346e+06
2.18992	2.07033e+06
2.19430	1.79367e+06
2.19868	1.38704e+06
2.20308	1.24898e+06
2.20749	1.11559e+06
2.21190	1.10642e+06
2.21633	1.16409e+06
2.22076	1.19334e+06
2.22520	1.19744e+06
2.22965	1.12922e+06
2.23411	951952.
2.23858	988927.
2.24306	745347.
2.24754	859049.
2.25204	671614.
2.25654	800437.
2.26105	683581.
2.26558	772852.
2.27011	706505.
2.27465	704805.
2.27920	685591.
2.28375	614644.
2.28832	611146.
2.29290	572329.
2.29748	580925.
2.30208	658733.
2.30668	600415.
2.31130	667772.
2.31592	592674.
2.32055	569004.
2.32519	536940.
2.32984	479217.
2.33450	476485.
2.33917	469473.
2.34385	470988.
2.34854	511736.
2.35323	464437.
2.35794	601369.
2.36266	479037.
2.36738	573233.
2.37212	477157.
2.37686	522266.
2.38161	508251.
2.38638	571616.
2.39115	612731.
2.39593	679188.
2.40072	730082.
2.40552	779477.
2.41034	829449.
2.41516	783064.
2.41999	883216.
2.42483	832010.
2.42968	936591.
2.43454	931597.
2.43940	975755.
2.44428	1.05477e+06
2.44917	1.02443e+06
2.45407	1.15994e+06
2.45898	1.11266e+06
2.46390	1.23091e+06
2.46882	1.12976e+06
2.47376	1.12079e+06
2.47871	1.01215e+06
2.48367	1.09125e+06
2.48863	907362.
2.49361	1.01715e+06
2.49860	845044.
2.50359	839204.
2.50860	787692.
2.51362	742320.
2.51865	666282.
2.52368	642593.
2.52873	571250.
2.53379	568144.
2.53886	537597.
2.54393	519556.
2.54902	502001.
2.55412	477218.
