0.600000	1.63225e+08
0.601200	2.02723e+08
0.602402	2.42617e+08
0.603607	2.78191e+08
0.604814	3.13591e+08
0.606024	3.52258e+08
0.607236	3.81201e+08
0.608450	3.89018e+08
0.609667	3.75702e+08
0.610887	3.52653e+08
0.612108	3.45424e+08
0.613333	3.60910e+08
0.614559	3.59635e+08
0.615788	3.27860e+08
0.617020	3.11823e+08
0.618254	3.15936e+08
0.619491	3.08584e+08
0.620729	2.89770e+08
0.621971	2.68854e+08
0.623215	2.52694e+08
0.624461	2.56302e+08
0.625710	2.78020e+08
0.626962	2.90435e+08
0.628215	2.87369e+08
0.629472	2.74519e+08
0.630731	2.59975e+08
0.631992	2.61129e+08
0.633256	2.93575e+08
0.634523	3.10178e+08
0.635792	2.44959e+08
0.637063	1.52195e+08
0.638337	1.26360e+08
0.639614	1.89012e+08
0.640893	3.13021e+08
0.642175	4.60592e+08
0.643459	6.18933e+08
0.644746	7.70190e+08
0.646036	8.94014e+08
0.647328	1.00596e+09
0.648623	1.10167e+09
0.649920	1.17083e+09
0.651220	1.25675e+09
0.652522	1.36457e+09
0.653827	1.40346e+09
0.655135	1.28886e+09
0.656445	1.08729e+09
0.657758	1.05548e+09
0.659073	1.26208e+09
0.660391	1.46680e+09
0.661712	1.56964e+09
0.663036	1.60746e+09
0.664362	1.57182e+09
0.665690	1.48285e+09
0.667022	1.39333e+09
0.668356	1.23033e+09
0.669692	9.17133e+08
0.671032	6.33067e+08
0.672374	5.68677e+08
0.673719	5.80940e+08
0.675066	5.33739e+08
0.676416	4.50952e+08
0.677769	3.63508e+08
0.679124	2.80297e+08
0.680483	2.21542e+08
0.681844	1.89882e+08
0.683207	1.61627e+08
0.684574	1.28899e+08
0.685943	1.01881e+08
0.687315	8.28131e+07
0.688689	6.87146e+07
0.690067	6.15301e+07
0.691447	6.00782e+07
0.692830	7.30527e+07
0.694215	1.09261e+08
0.695604	1.42560e+08
0.696995	1.55343e+08
0.698389	1.65332e+08
0.699786	1.97259e+08
0.701185	2.95524e+08
0.702587	5.53108e+08
0.703993	9.61054e+08
0.705401	1.27746e+09
0.706811	1.39945e+09
0.708225	1.43090e+09
0.709641	1.43434e+09
0.711061	1.43945e+09
0.712483	1.40637e+09
0.713908	1.36062e+09
0.715336	1.39911e+09
0.716766	1.52506e+09
0.718200	1.68879e+09
0.719636	1.77705e+09
0.721075	1.82250e+09
0.722517	1.89398e+09
0.723962	1.95652e+09
0.725410	1.98184e+09
0.726861	1.96649e+09
0.728315	1.97390e+09
0.729771	2.00308e+09
0.731231	2.00548e+09
0.732693	1.99851e+09
0.734159	1.92865e+09
0.735627	1.81516e+09
0.737098	1.73804e+09
0.738573	1.68089e+09
0.740050	1.66913e+09
0.741530	1.69730e+09
0.743013	1.70654e+09
0.744499	1.71495e+09
0.745988	1.72822e+09
0.747480	1.72654e+09
0.748975	1.72785e+09
0.750473	1.75571e+09
0.751974	1.78108e+09
0.753477	1.79997e+09
0.754984	1.82154e+09
0.756494	1.85525e+09
0.758007	1.89508e+09
0.759523	1.90346e+09
0.761042	1.84690e+09
0.762564	1.63955e+09
0.764089	1.18878e+09
0.765618	6.51059e+08
0.767149	3.53959e+08
0.768683	3.51362e+08
0.770220	5.96315e+08
0.771761	1.13092e+09
0.773304	1.70873e+09
0.774851	2.06822e+09
0.776401	2.23959e+09
0.777953	2.29859e+09
0.779509	2.29257e+09
0.781068	2.30195e+09
0.782630	2.34135e+09
0.784196	2.38500e+09
0.785764	2.41628e+09
0.787336	2.43306e+09
0.788910	2.45842e+09
0.790488	2.47847e+09
0.792069	2.48490e+09
0.793653	2.49118e+09
0.795240	2.51006e+09
0.796831	2.54516e+09
0.798424	2.56910e+09
0.800021	2.58485e+09
0.801621	2.59638e+09
0.803224	2.60556e+09
0.804831	2.61052e+09
0.806440	2.62178e+09
0.808053	2.63186e+09
0.809669	2.63902e+09
0.811289	2.63519e+09
0.812911	2.63433e+09
0.814537	2.61672e+09
0.816166	2.50152e+09
0.817798	2.28092e+09
0.819434	2.17437e+09
0.821073	2.33284e+09
0.822715	2.54840e+09
0.824360	2.65324e+09
0.826009	2.68223e+09
0.827661	2.69813e+09
0.829316	2.70382e+09
0.830975	2.69591e+09
0.832637	2.68664e+09
0.834302	2.66645e+09
0.835971	2.62375e+09
0.837643	2.55911e+09
0.839318	2.50156e+09
0.840996	2.42842e+09
0.842678	2.32510e+09
0.844364	2.32833e+09
0.846052	2.45704e+09
0.847745	2.54970e+09
0.849440	2.58542e+09
0.851139	2.58707e+09
0.852841	2.54775e+09
0.854547	2.53577e+09
0.856256	2.61563e+09
0.857968	2.70123e+09
0.859684	2.72564e+09
0.861404	2.69353e+09
0.863126	2.63696e+09
0.864853	2.56893e+09
0.866582	2.52145e+09
0.868315	2.52454e+09
0.870052	2.54293e+09
0.871792	2.56341e+09
0.873536	2.59721e+09
0.875283	2.63767e+09
0.877033	2.67054e+09
0.878787	2.67549e+09
0.880545	2.66961e+09
0.882306	2.68165e+09
0.884070	2.70766e+09
0.885839	2.71751e+09
0.887610	2.72363e+09
0.889385	2.72846e+09
0.891164	2.73471e+09
0.892946	2.74263e+09
0.894732	2.74906e+09
0.896522	2.75644e+09
0.898315	2.76428e+09
0.900111	2.76289e+09
0.901912	2.75035e+09
0.903715	2.73722e+09
0.905523	2.72504e+09
0.907334	2.72120e+09
0.909148	2.73076e+09
0.910967	2.75125e+09
0.912789	2.76730e+09
0.914614	2.76855e+09
0.916443	2.77061e+09
0.918276	2.77417e+09
0.920113	2.77295e+09
0.921953	2.76623e+09
0.923797	2.76102e+09
0.925644	2.74956e+09
0.927496	2.73449e+09
0.929351	2.72174e+09
0.931209	2.71579e+09
0.933072	2.71854e+09
0.934938	2.71402e+09
0.936808	2.71300e+09
0.938681	2.71647e+09
0.940559	2.71581e+09
0.942440	2.71233e+09
0.944325	2.70859e+09
0.946213	2.69956e+09
0.948106	2.69173e+09
0.950002	2.68482e+09
0.951902	2.67415e+09
0.953806	2.64490e+09
0.955713	2.61602e+09
0.957625	2.59767e+09
0.959540	2.55871e+09
0.961459	2.47541e+09
0.963382	2.36831e+09
0.965308	2.31679e+09
0.967239	2.31656e+09
0.969174	2.32690e+09
0.971112	2.34197e+09
0.973054	2.36450e+09
0.975000	2.39111e+09
0.976950	2.39660e+09
0.978904	2.39998e+09
0.980862	2.43579e+09
0.982824	2.46124e+09
0.984789	2.45699e+09
0.986759	2.41272e+09
0.988732	2.28396e+09
0.990710	2.11023e+09
0.992691	2.02862e+09
0.994676	2.06517e+09
0.996666	2.09561e+09
0.998659	2.09174e+09
1.00066	2.09771e+09
1.00266	2.09518e+09
1.00466	2.06793e+09
1.00667	2.05367e+09
1.00869	2.07025e+09
1.01070	2.07115e+09
1.01272	2.03467e+09
1.01475	2.00214e+09
1.01678	1.98301e+09
1.01881	1.98168e+09
1.02085	1.97818e+09
1.02289	1.96194e+09
1.02494	1.92074e+09
1.02699	1.87932e+09
1.02904	1.86794e+09
1.03110	1.85875e+09
1.03316	1.84531e+09
1.03523	1.85374e+09
1.03730	1.84232e+09
1.03937	1.83053e+09
1.04145	1.82362e+09
1.04353	1.81288e+09
1.04562	1.80894e+09
1.04771	1.79412e+09
1.04981	1.76936e+09
1.05191	1.73722e+09
1.05401	1.72087e+09
1.05612	1.72310e+09
1.05823	1.72307e+09
1.06035	1.70650e+09
1.06247	1.69488e+09
1.06459	1.69653e+09
1.06672	1.68142e+09
1.06886	1.67978e+09
1.07099	1.67228e+09
1.07314	1.65538e+09
1.07528	1.65018e+09
1.07743	1.63611e+09
1.07959	1.62750e+09
1.08175	1.63233e+09
1.08391	1.63989e+09
1.08608	1.63948e+09
1.08825	1.63689e+09
1.09043	1.63509e+09
1.09261	1.63173e+09
1.09479	1.62696e+09
1.09698	1.62789e+09
1.09918	1.62424e+09
1.10137	1.62064e+09
1.10358	1.61538e+09
1.10578	1.61177e+09
1.10800	1.60174e+09
1.11021	1.59507e+09
1.11243	1.59253e+09
1.11466	1.59203e+09
1.11689	1.58832e+09
1.11912	1.58604e+09
1.12136	1.58519e+09
1.12360	1.58668e+09
1.12585	1.58880e+09
1.12810	1.58485e+09
1.13036	1.57776e+09
1.13262	1.57287e+09
1.13488	1.56266e+09
1.13715	1.54406e+09
1.13943	1.52849e+09
1.14170	1.53710e+09
1.14399	1.55832e+09
1.14628	1.56956e+09
1.14857	1.57022e+09
1.15087	1.56761e+09
1.15317	1.56427e+09
1.15547	1.56109e+09
1.15778	1.55814e+09
1.16010	1.55465e+09
1.16242	1.55040e+09
1.16475	1.54466e+09
1.16707	1.53509e+09
1.16941	1.52758e+09
1.17175	1.52483e+09
1.17409	1.51726e+09
1.17644	1.50759e+09
1.17879	1.50561e+09
1.18115	1.50912e+09
1.18351	1.50887e+09
1.18588	1.50333e+09
1.18825	1.49640e+09
1.19063	1.49049e+09
1.19301	1.48508e+09
1.19539	1.47761e+09
1.19778	1.47067e+09
1.20018	1.46604e+09
1.20258	1.46018e+09
1.20499	1.45433e+09
1.20740	1.44635e+09
1.20981	1.43963e+09
1.21223	1.43523e+09
1.21465	1.43113e+09
1.21708	1.42366e+09
1.21952	1.41492e+09
1.22196	1.40859e+09
1.22440	1.40576e+09
1.22685	1.40275e+09
1.22930	1.39888e+09
1.23176	1.39455e+09
1.23423	1.38930e+09
1.23669	1.38299e+09
1.23917	1.37586e+09
1.24165	1.36988e+09
1.24413	1.36671e+09
1.24662	1.36480e+09
1.24911	1.36162e+09
1.25161	1.35689e+09
1.25411	1.35213e+09
1.25662	1.34819e+09
1.25913	1.34448e+09
1.26165	1.34059e+09
1.26417	1.33743e+09
1.26670	1.33453e+09
1.26924	1.33131e+09
1.27177	1.32722e+09
1.27432	1.32328e+09
1.27687	1.31966e+09
1.27942	1.31421e+09
1.28198	1.30695e+09
1.28454	1.30236e+09
1.28711	1.29872e+09
1.28969	1.29460e+09
1.29227	1.29015e+09
1.29485	1.28511e+09
1.29744	1.28013e+09
1.30003	1.27420e+09
1.30263	1.26881e+09
1.30524	1.26279e+09
1.30785	1.25557e+09
1.31047	1.24806e+09
1.31309	1.24076e+09
1.31571	1.23420e+09
1.31834	1.22713e+09
1.32098	1.21901e+09
1.32362	1.20950e+09
1.32627	1.19797e+09
1.32892	1.18200e+09
1.33158	1.15858e+09
1.33424	1.12845e+09
1.33691	1.09963e+09
1.33959	1.08654e+09
1.34227	1.07723e+09
1.34495	1.06242e+09
1.34764	1.04810e+09
1.35033	1.03893e+09
1.35304	1.03032e+09
1.35574	1.02429e+09
1.35845	1.01348e+09
1.36117	1.00430e+09
1.36389	1.00183e+09
1.36662	1.00222e+09
1.36935	9.99339e+08
1.37209	9.96800e+08
1.37484	9.92797e+08
1.37759	9.85433e+08
1.38034	9.72558e+08
1.38310	9.60944e+08
1.38587	9.50714e+08
1.38864	9.38530e+08
1.39142	9.24185e+08
1.39420	9.09007e+08
1.39699	8.95804e+08
1.39978	8.84998e+08
1.40258	8.77159e+08
1.40539	8.70097e+08
1.40820	8.60835e+08
1.41101	8.49386e+08
1.41384	8.37308e+08
1.41666	8.24883e+08
1.41950	8.12100e+08
1.42234	8.05559e+08
1.42518	8.01149e+08
1.42803	7.93846e+08
1.43089	7.83957e+08
1.43375	7.73635e+08
1.43662	7.66142e+08
1.43949	7.57954e+08
1.44237	7.52878e+08
1.44525	7.51278e+08
1.44814	7.47370e+08
1.45104	7.41440e+08
1.45394	7.33762e+08
1.45685	7.26522e+08
1.45976	7.19476e+08
1.46268	7.11317e+08
1.46561	7.04794e+08
1.46854	6.98612e+08
1.47148	6.92380e+08
1.47442	6.86914e+08
1.47737	6.80304e+08
1.48032	6.72742e+08
1.48328	6.64774e+08
1.48625	6.57351e+08
1.48922	6.50539e+08
1.49220	6.43242e+08
1.49518	6.35705e+08
1.49817	6.29259e+08
1.50117	6.23022e+08
1.50417	6.16625e+08
1.50718	6.09119e+08
1.51020	6.01185e+08
1.51322	5.94572e+08
1.51624	5.89093e+08
1.51927	5.83203e+08
1.52231	5.76638e+08
1.52536	5.69696e+08
1.52841	5.62840e+08
1.53147	5.56244e+08
1.53453	5.50093e+08
1.53760	5.44574e+08
1.54067	5.38581e+08
1.54375	5.32255e+08
1.54684	5.25896e+08
1.54993	5.19606e+08
1.55303	5.13427e+08
1.55614	5.07523e+08
1.55925	5.01619e+08
1.56237	4.95728e+08
1.56550	4.89772e+08
1.56863	4.84025e+08
1.57176	4.78432e+08
1.57491	4.72815e+08
1.57806	4.67094e+08
1.58121	4.61717e+08
1.58438	4.56377e+08
1.58754	4.50933e+08
1.59072	4.45411e+08
1.59390	4.40118e+08
1.59709	4.34779e+08
1.60028	4.29677e+08
1.60348	4.24761e+08
1.60669	4.19770e+08
1.60990	4.14713e+08
1.61312	4.09749e+08
1.61635	4.04936e+08
1.61958	4.00210e+08
1.62282	3.95490e+08
1.62607	3.90787e+08
1.62932	3.86210e+08
1.63258	3.81718e+08
1.63584	3.77277e+08
1.63911	3.72869e+08
1.64239	3.68503e+08
1.64568	3.64213e+08
1.64897	3.60008e+08
1.65227	3.55852e+08
1.65557	3.51741e+08
1.65888	3.47647e+08
1.66220	3.43627e+08
1.66552	3.39812e+08
1.66886	3.36203e+08
1.67219	3.32654e+08
1.67554	3.28993e+08
1.67889	3.25302e+08
1.68225	3.21598e+08
1.68561	3.17910e+08
1.68898	3.14322e+08
1.69236	3.10878e+08
1.69574	3.07461e+08
1.69914	3.04019e+08
1.70253	3.00600e+08
1.70594	2.97242e+08
1.70935	2.93978e+08
1.71277	2.90760e+08
1.71620	2.87545e+08
1.71963	2.84376e+08
1.72307	2.81280e+08
1.72651	2.78163e+08
1.72997	2.75093e+08
1.73343	2.71931e+08
1.73689	2.68685e+08
1.74037	2.65483e+08
1.74385	2.62789e+08
1.74733	2.60234e+08
1.75083	2.57099e+08
1.75433	2.53378e+08
1.75784	2.50099e+08
1.76136	2.47463e+08
1.76488	2.44551e+08
1.76841	2.41581e+08
1.77194	2.39191e+08
1.77549	2.36571e+08
1.77904	2.33907e+08
1.78260	2.32300e+08
1.78616	2.30868e+08
1.78973	2.28631e+08
1.79331	2.26188e+08
1.79690	2.23454e+08
1.80049	2.20821e+08
1.80410	2.18789e+08
1.80770	2.16646e+08
1.81132	2.13873e+08
1.81494	2.12379e+08
1.81857	2.11085e+08
1.82221	2.08594e+08
1.82585	2.05844e+08
1.82950	2.04687e+08
1.83316	2.04266e+08
1.83683	2.03038e+08
1.84050	2.01069e+08
1.84418	1.98766e+08
1.84787	1.96443e+08
1.85157	1.93705e+08
1.85527	1.91265e+08
1.85898	1.89826e+08
1.86270	1.89571e+08
1.86642	1.89148e+08
1.87016	1.87499e+08
1.87390	1.85460e+08
1.87765	1.84378e+08
1.88140	1.83870e+08
1.88516	1.83454e+08
1.88893	1.82805e+08
1.89271	1.81547e+08
1.89650	1.80319e+08
1.90029	1.78478e+08
1.90409	1.76589e+08
1.90790	1.75539e+08
1.91171	1.74552e+08
1.91554	1.72801e+08
1.91937	1.70300e+08
1.92321	1.69376e+08
1.92705	1.69345e+08
1.93091	1.68417e+08
1.93477	1.66848e+08
1.93864	1.65458e+08
1.94252	1.64373e+08
1.94640	1.63047e+08
1.95029	1.61518e+08
1.95419	1.59854e+08
1.95810	1.59209e+08
1.96202	1.58831e+08
1.96594	1.58367e+08
1.96988	1.57342e+08
1.97382	1.55783e+08
1.97776	1.54746e+08
1.98172	1.54625e+08
1.98568	1.54005e+08
1.98965	1.53105e+08
1.99363	1.52187e+08
1.99762	1.51622e+08
2.00161	1.51167e+08
2.00562	1.50464e+08
2.00963	1.49636e+08
2.01365	1.48875e+08
2.01768	1.48240e+08
2.02171	1.47409e+08
2.02575	1.46497e+08
2.02981	1.45580e+08
2.03386	1.44833e+08
2.03793	1.43996e+08
2.04201	1.43098e+08
2.04609	1.42228e+08
2.05018	1.41442e+08
2.05428	1.40647e+08
2.05839	1.39819e+08
2.06251	1.38972e+08
2.06663	1.38119e+08
2.07077	1.37273e+08
2.07491	1.36405e+08
2.07906	1.35590e+08
2.08322	1.34779e+08
2.08738	1.33939e+08
2.09156	1.33107e+08
2.09574	1.32333e+08
2.09993	1.31567e+08
2.10413	1.30794e+08
2.10834	1.30038e+08
2.11256	1.29301e+08
2.11678	1.28576e+08
2.12102	1.27853e+08
2.12526	1.27132e+08
2.12951	1.26424e+08
2.13377	1.25732e+08
2.13804	1.25039e+08
2.14231	1.24371e+08
2.14660	1.23711e+08
2.15089	1.23045e+08
2.15519	1.22379e+08
2.15950	1.21718e+08
2.16382	1.21068e+08
2.16815	1.20425e+08
2.17248	1.19778e+08
2.17683	1.19124e+08
2.18118	1.18489e+08
2.18554	1.17854e+08
2.18992	1.17206e+08
2.19430	1.16558e+08
2.19868	1.15921e+08
2.20308	1.15297e+08
2.20749	1.14673e+08
2.21190	1.14052e+08
2.21633	1.13432e+08
2.22076	1.12812e+08
2.22520	1.12224e+08
2.22965	1.11640e+08
2.23411	1.11052e+08
2.23858	1.10466e+08
2.24306	1.09892e+08
2.24754	1.09317e+08
2.25204	1.08740e+08
2.25654	1.08169e+08
2.26105	1.07623e+08
2.26558	1.07094e+08
2.27011	1.06558e+08
2.27465	1.06035e+08
2.27920	1.05501e+08
2.28375	1.04981e+08
2.28832	1.04483e+08
2.29290	1.03970e+08
2.29748	1.03497e+08
2.30208	1.03028e+08
2.30668	1.02584e+08
2.31130	1.02135e+08
2.31592	1.01667e+08
2.32055	1.01202e+08
2.32519	1.00786e+08
2.32984	1.00418e+08
2.33450	1.00044e+08
2.33917	9.96698e+07
2.34385	9.93093e+07
2.34854	9.89594e+07
2.35323	9.86195e+07
2.35794	9.83080e+07
2.36266	9.80143e+07
2.36738	9.77230e+07
2.37212	9.74352e+07
2.37686	9.71781e+07
2.38161	9.68908e+07
2.38638	9.66573e+07
2.39115	9.64634e+07
2.39593	9.62637e+07
2.40072	9.60380e+07
2.40552	9.57933e+07
2.41034	9.56230e+07
2.41516	9.54761e+07
2.41999	9.52851e+07
2.42483	9.51176e+07
2.42968	9.49914e+07
2.43454	9.48273e+07
2.43940	9.46250e+07
2.44428	9.43617e+07
2.44917	9.41063e+07
2.45407	9.41808e+07
2.45898	9.44934e+07
2.46390	9.44850e+07
2.46882	9.41243e+07
2.47376	9.40903e+07
2.47871	9.41299e+07
2.48367	9.40527e+07
2.48863	9.38841e+07
2.49361	9.38479e+07
2.49860	9.37461e+07
2.50359	9.34730e+07
2.50860	9.31030e+07
2.51362	9.29938e+07
2.51865	9.29986e+07
2.52368	9.30664e+07
2.52873	9.27193e+07
2.53379	9.28698e+07
2.53886	9.35303e+07
2.54393	9.42597e+07
2.54902	9.47727e+07
2.55412	9.47015e+07
