0.600000	8.52878e+06
0.601200	9.50884e+06
0.602402	1.03040e+07
0.603607	1.12296e+07
0.604814	1.23532e+07
0.606024	1.34438e+07
0.607236	1.44657e+07
0.608450	1.59423e+07
0.609667	1.45232e+07
0.610887	1.42630e+07
0.612108	1.67857e+07
0.613333	1.74207e+07
0.614559	1.81048e+07
0.615788	1.18675e+07
0.617020	8.14441e+06
0.618254	7.48974e+06
0.619491	7.50214e+06
0.620729	7.81886e+06
0.621971	7.27921e+06
0.623215	6.78052e+06
0.624461	7.61615e+06
0.625710	8.97451e+06
0.626962	9.95248e+06
0.628215	1.13179e+07
0.629472	1.15213e+07
0.630731	1.23460e+07
0.631992	1.40741e+07
0.633256	1.50393e+07
0.634523	1.58265e+07
0.635792	1.44642e+07
0.637063	1.50914e+07
0.638337	1.56127e+07
0.639614	1.60563e+07
0.640893	1.83508e+07
0.642175	1.89424e+07
0.643459	2.08628e+07
0.644746	2.29292e+07
0.646036	2.59664e+07
0.647328	2.39634e+07
0.648623	1.99147e+07
0.649920	1.92416e+07
0.651220	1.96583e+07
0.652522	2.13645e+07
0.653827	2.48700e+07
0.655135	2.80732e+07
0.656445	2.76002e+07
0.657758	2.43063e+07
0.659073	2.38148e+07
0.660391	2.67628e+07
0.661712	2.44043e+07
0.663036	2.18472e+07
0.664362	2.11119e+07
0.665690	2.00593e+07
0.667022	2.06236e+07
0.668356	1.70929e+07
0.669692	1.60838e+07
0.671032	1.65267e+07
0.672374	1.48309e+07
0.673719	1.58519e+07
0.675066	1.56547e+07
0.676416	1.67157e+07
0.677769	1.83221e+07
0.679124	1.81943e+07
0.680483	2.06632e+07
0.681844	2.23000e+07
0.683207	2.29036e+07
0.684574	2.23458e+07
0.685943	2.28479e+07
0.687315	2.44936e+07
0.688689	2.51142e+07
0.690067	3.01691e+07
0.691447	3.19339e+07
0.692830	3.01691e+07
0.694215	3.51268e+07
0.695604	4.76021e+07
0.696995	5.17193e+07
0.698389	6.33429e+07
0.699786	6.13445e+07
0.701185	6.69043e+07
0.702587	7.40413e+07
0.703993	8.49367e+07
0.705401	6.46819e+07
0.706811	4.02179e+07
0.708225	3.78754e+07
0.709641	2.70666e+07
0.711061	3.09433e+07
0.712483	2.75651e+07
0.713908	2.34318e+07
0.715336	2.82863e+07
0.716766	2.87091e+07
0.718200	3.94648e+07
0.719636	3.79675e+07
0.721075	3.24921e+07
0.722517	3.72909e+07
0.723962	4.95258e+07
0.725410	6.79420e+07
0.726861	7.35588e+07
0.728315	6.85759e+07
0.729771	8.33244e+07
0.731231	1.13541e+08
0.732693	1.24866e+08
0.734159	1.03932e+08
0.735627	7.23860e+07
0.737098	7.80939e+07
0.738573	6.33865e+07
0.740050	5.49543e+07
0.741530	4.86122e+07
0.743013	4.84725e+07
0.744499	4.65511e+07
0.745988	4.31989e+07
0.747480	4.50492e+07
0.748975	4.96694e+07
0.750473	5.22954e+07
0.751974	5.33965e+07
0.753477	6.13339e+07
0.754984	7.01836e+07
0.756494	8.27735e+07
0.758007	8.30477e+07
0.759523	8.20482e+07
0.761042	9.05455e+07
0.762564	8.95490e+07
0.764089	8.39696e+07
0.765618	7.28062e+07
0.767149	5.40200e+07
0.768683	5.18177e+07
0.770220	5.35044e+07
0.771761	8.70585e+07
0.773304	1.19093e+08
0.774851	1.04944e+08
0.776401	9.58603e+07
0.777953	1.18182e+08
0.779509	1.24535e+08
0.781068	1.39168e+08
0.782630	1.31949e+08
0.784196	1.17409e+08
0.785764	1.26042e+08
0.787336	1.23790e+08
0.788910	1.48721e+08
0.790488	1.56052e+08
0.792069	1.26485e+08
0.793653	1.16368e+08
0.795240	1.30424e+08
0.796831	1.30341e+08
0.798424	1.25527e+08
0.800021	1.28044e+08
0.801621	1.28215e+08
0.803224	1.33076e+08
0.804831	1.39932e+08
0.806440	1.44977e+08
0.808053	1.78650e+08
0.809669	2.21672e+08
0.811289	2.57155e+08
0.812911	3.08281e+08
0.814537	3.80866e+08
0.816166	4.51318e+08
0.817798	4.49699e+08
0.819434	3.76909e+08
0.821073	3.36552e+08
0.822715	4.15083e+08
0.824360	4.96001e+08
0.826009	4.31522e+08
0.827661	3.91837e+08
0.829316	3.79910e+08
0.830975	3.80593e+08
0.832637	3.82984e+08
0.834302	3.76710e+08
0.835971	3.74963e+08
0.837643	3.78731e+08
0.839318	3.51991e+08
0.840996	3.73633e+08
0.842678	2.92754e+08
0.844364	1.76199e+08
0.846052	1.00354e+08
0.847745	1.14783e+08
0.849440	1.49305e+08
0.851139	1.27841e+08
0.852841	1.21449e+08
0.854547	1.23430e+08
0.856256	1.29818e+08
0.857968	1.28395e+08
0.859684	1.18879e+08
0.861404	1.26204e+08
0.863126	1.37060e+08
0.864853	1.32563e+08
0.866582	1.23702e+08
0.868315	1.21681e+08
0.870052	1.31280e+08
0.871792	1.46804e+08
0.873536	1.59359e+08
0.875283	1.70224e+08
0.877033	1.92906e+08
0.878787	2.40037e+08
0.880545	2.84525e+08
0.882306	2.99946e+08
0.884070	3.63684e+08
0.885839	3.38845e+08
0.887610	2.80380e+08
0.889385	3.37095e+08
0.891164	4.03235e+08
0.892946	4.25642e+08
0.894732	4.12185e+08
0.896522	4.96635e+08
0.898315	5.65426e+08
0.900111	6.16418e+08
0.901912	5.87268e+08
0.903715	6.31359e+08
0.905523	6.83563e+08
0.907334	7.68958e+08
0.909148	8.06608e+08
0.910967	8.34215e+08
0.912789	9.26995e+08
0.914614	9.31869e+08
0.916443	1.00622e+09
0.918276	9.80510e+08
0.920113	8.57449e+08
0.921953	5.86820e+08
0.923797	4.74332e+08
0.925644	5.11907e+08
0.927496	4.93016e+08
0.929351	4.07711e+08
0.931209	3.92602e+08
0.933072	4.13204e+08
0.934938	4.36514e+08
0.936808	4.02084e+08
0.938681	4.30080e+08
0.940559	4.68026e+08
0.942440	5.25560e+08
0.944325	5.02758e+08
0.946213	5.32856e+08
0.948106	6.28637e+08
0.950002	6.54706e+08
0.951902	6.38076e+08
0.953806	6.59124e+08
0.955713	7.23567e+08
0.957625	7.97129e+08
0.959540	7.88331e+08
0.961459	8.55901e+08
0.963382	9.57921e+08
0.965308	9.72656e+08
0.967239	9.69339e+08
0.969174	1.00070e+09
0.971112	9.99489e+08
0.973054	9.23976e+08
0.975000	8.89571e+08
0.976950	9.62704e+08
0.978904	1.00246e+09
0.980862	9.89960e+08
0.982824	8.95324e+08
0.984789	9.96026e+08
0.986759	1.09332e+09
0.988732	1.05131e+09
0.990710	8.74771e+08
0.992691	9.37480e+08
0.994676	1.08802e+09
0.996666	1.12632e+09
0.998659	1.06857e+09
1.00066	1.05211e+09
1.00266	9.47345e+08
1.00466	9.13204e+08
1.00667	1.01580e+09
1.00869	1.07403e+09
1.01070	1.08809e+09
1.01272	1.05712e+09
1.01475	9.49723e+08
1.01678	9.79516e+08
1.01881	1.04293e+09
1.02085	1.04762e+09
1.02289	1.00605e+09
1.02494	9.89660e+08
1.02699	9.98954e+08
1.02904	9.57241e+08
1.03110	1.00865e+09
1.03316	1.01671e+09
1.03523	9.81336e+08
1.03730	1.11784e+09
1.03937	1.09788e+09
1.04145	1.14767e+09
1.04353	1.16780e+09
1.04562	1.17529e+09
1.04771	1.16139e+09
1.04981	1.20115e+09
1.05191	1.23616e+09
1.05401	1.26635e+09
1.05612	1.23724e+09
1.05823	1.24389e+09
1.06035	1.21866e+09
1.06247	1.25110e+09
1.06459	1.25178e+09
1.06672	1.27534e+09
1.06886	1.31350e+09
1.07099	1.39739e+09
1.07314	1.40780e+09
1.07528	1.45914e+09
1.07743	1.46211e+09
1.07959	1.45192e+09
1.08175	1.44153e+09
1.08391	1.46988e+09
1.08608	1.47583e+09
1.08825	1.52660e+09
1.09043	1.53473e+09
1.09261	1.48812e+09
1.09479	1.44120e+09
1.09698	1.38275e+09
1.09918	1.37852e+09
1.10137	1.36261e+09
1.10358	1.23222e+09
1.10578	1.19975e+09
1.10800	1.15794e+09
1.11021	1.24174e+09
1.11243	1.21700e+09
1.11466	1.22665e+09
1.11689	1.23313e+09
1.11912	1.26400e+09
1.12136	1.23657e+09
1.12360	1.32167e+09
1.12585	1.28738e+09
1.12810	1.28644e+09
1.13036	1.33443e+09
1.13262	1.36998e+09
1.13488	1.35338e+09
1.13715	1.26596e+09
1.13943	1.19553e+09
1.14170	1.19590e+09
1.14399	1.26443e+09
1.14628	1.35892e+09
1.14857	1.39406e+09
1.15087	1.35097e+09
1.15317	1.32512e+09
1.15547	1.35051e+09
1.15778	1.38280e+09
1.16010	1.36701e+09
1.16242	1.39194e+09
1.16475	1.41136e+09
1.16707	1.37376e+09
1.16941	1.25221e+09
1.17175	1.31184e+09
1.17409	1.32269e+09
1.17644	1.17371e+09
1.17879	1.16996e+09
1.18115	1.32337e+09
1.18351	1.36307e+09
1.18588	1.34274e+09
1.18825	1.32838e+09
1.19063	1.31679e+09
1.19301	1.32635e+09
1.19539	1.33071e+09
1.19778	1.25842e+09
1.20018	1.37481e+09
1.20258	1.34749e+09
1.20499	1.40262e+09
1.20740	1.41894e+09
1.20981	1.40656e+09
1.21223	1.42091e+09
1.21465	1.50029e+09
1.21708	1.48489e+09
1.21952	1.46380e+09
1.22196	1.48116e+09
1.22440	1.49849e+09
1.22685	1.52118e+09
1.22930	1.54922e+09
1.23176	1.54914e+09
1.23423	1.53290e+09
1.23669	1.53580e+09
1.23917	1.49073e+09
1.24165	1.39446e+09
1.24413	1.35143e+09
1.24662	1.41415e+09
1.24911	1.42878e+09
1.25161	1.36539e+09
1.25411	1.41284e+09
1.25662	1.43849e+09
1.25913	1.42854e+09
1.26165	1.42713e+09
1.26417	1.40815e+09
1.26670	1.46461e+09
1.26924	1.50669e+09
1.27177	1.49099e+09
1.27432	1.49447e+09
1.27687	1.51180e+09
1.27942	1.52252e+09
1.28198	1.51061e+09
1.28454	1.45921e+09
1.28711	1.46828e+09
1.28969	1.49308e+09
1.29227	1.47937e+09
1.29485	1.50708e+09
1.29744	1.49736e+09
1.30003	1.50685e+09
1.30263	1.53362e+09
1.30524	1.56439e+09
1.30785	1.54166e+09
1.31047	1.49660e+09
1.31309	1.46516e+09
1.31571	1.45801e+09
1.31834	1.48849e+09
1.32098	1.48480e+09
1.32362	1.44047e+09
1.32627	1.39127e+09
1.32892	1.30393e+09
1.33158	1.19593e+09
1.33424	1.03870e+09
1.33691	9.98759e+08
1.33959	9.71072e+08
1.34227	9.08241e+08
1.34495	8.98470e+08
1.34764	8.83817e+08
1.35033	8.32778e+08
1.35304	8.05828e+08
1.35574	8.69451e+08
1.35845	8.01263e+08
1.36117	7.58439e+08
1.36389	8.00733e+08
1.36662	8.35470e+08
1.36935	7.75874e+08
1.37209	7.65974e+08
1.37484	7.42095e+08
1.37759	7.80373e+08
1.38034	8.32676e+08
1.38310	8.48602e+08
1.38587	7.74980e+08
1.38864	7.34548e+08
1.39142	7.08514e+08
1.39420	7.01845e+08
1.39699	6.71414e+08
1.39978	6.94998e+08
1.40258	7.02776e+08
1.40539	6.75530e+08
1.40820	6.47584e+08
1.41101	6.75962e+08
1.41384	6.63635e+08
1.41666	6.59842e+08
1.41950	6.52991e+08
1.42234	6.44433e+08
1.42518	6.29548e+08
1.42803	6.04732e+08
1.43089	5.90352e+08
1.43375	5.59374e+08
1.43662	6.11686e+08
1.43949	6.30658e+08
1.44237	6.79536e+08
1.44525	6.84825e+08
1.44814	6.41938e+08
1.45104	6.69120e+08
1.45394	7.07221e+08
1.45685	7.13183e+08
1.45976	7.01067e+08
1.46268	6.56619e+08
1.46561	6.88011e+08
1.46854	6.68039e+08
1.47148	6.31975e+08
1.47442	6.08740e+08
1.47737	6.53923e+08
1.48032	6.57727e+08
1.48328	6.88886e+08
1.48625	7.04789e+08
1.48922	6.44567e+08
1.49220	6.55312e+08
1.49518	6.84483e+08
1.49817	7.01149e+08
1.50117	6.71679e+08
1.50417	6.38989e+08
1.50718	6.72298e+08
1.51020	6.95344e+08
1.51322	7.25106e+08
1.51624	7.10759e+08
1.51927	7.24210e+08
1.52231	7.37151e+08
1.52536	7.06755e+08
1.52841	7.30185e+08
1.53147	7.45649e+08
1.53453	7.50219e+08
1.53760	7.84038e+08
1.54067	7.46346e+08
1.54375	7.29769e+08
1.54684	7.72674e+08
1.54993	7.83345e+08
1.55303	7.65230e+08
1.55614	7.57116e+08
1.55925	7.83389e+08
1.56237	8.19254e+08
1.56550	8.04905e+08
1.56863	8.13862e+08
1.57176	8.27147e+08
1.57491	8.44681e+08
1.57806	8.25954e+08
1.58121	8.34479e+08
1.58438	8.72168e+08
1.58754	8.89762e+08
1.59072	8.84209e+08
1.59390	8.90654e+08
1.59709	8.82406e+08
1.60028	9.09145e+08
1.60348	9.23536e+08
1.60669	9.30403e+08
1.60990	9.33007e+08
1.61312	9.31350e+08
1.61635	9.41488e+08
1.61958	9.33009e+08
1.62282	9.57217e+08
1.62607	9.86579e+08
1.62932	9.86423e+08
1.63258	9.93237e+08
1.63584	9.95628e+08
1.63911	1.00807e+09
1.64239	1.00194e+09
1.64568	1.00656e+09
1.64897	1.01949e+09
1.65227	1.01959e+09
1.65557	1.03516e+09
1.65888	1.01573e+09
1.66220	9.91326e+08
1.66552	1.04089e+09
1.66886	1.05789e+09
1.67219	1.06830e+09
1.67554	1.05919e+09
1.67889	1.07063e+09
1.68225	1.07052e+09
1.68561	1.04842e+09
1.68898	1.03849e+09
1.69236	1.03207e+09
1.69574	1.01287e+09
1.69914	9.81555e+08
1.70253	9.92342e+08
1.70594	9.69483e+08
1.70935	9.43190e+08
1.71277	9.10841e+08
1.71620	8.85924e+08
1.71963	8.16380e+08
1.72307	8.28603e+08
1.72651	8.05538e+08
1.72997	8.15731e+08
1.73343	8.31256e+08
1.73689	8.32024e+08
1.74037	8.33238e+08
1.74385	8.40260e+08
1.74733	7.93313e+08
1.75083	7.63194e+08
1.75433	7.35880e+08
1.75784	7.11445e+08
1.76136	7.26328e+08
1.76488	7.41527e+08
1.76841	7.04787e+08
1.77194	6.50408e+08
1.77549	6.04346e+08
1.77904	6.00408e+08
1.78260	6.36699e+08
1.78616	6.03863e+08
1.78973	6.02431e+08
1.79331	6.14068e+08
1.79690	5.86810e+08
1.80049	5.14122e+08
1.80410	5.67450e+08
1.80770	5.73342e+08
1.81132	5.72712e+08
1.81494	5.72171e+08
1.81857	5.69316e+08
1.82221	5.41789e+08
1.82585	4.98363e+08
1.82950	5.03094e+08
1.83316	5.09548e+08
1.83683	5.14109e+08
1.84050	5.15833e+08
1.84418	5.02840e+08
1.84787	4.98329e+08
1.85157	4.85266e+08
1.85527	4.05052e+08
1.85898	3.79461e+08
1.86270	4.34715e+08
1.86642	4.42050e+08
1.87016	4.41962e+08
1.87390	4.67431e+08
1.87765	4.77503e+08
1.88140	5.04921e+08
1.88516	4.93639e+08
1.88893	4.67323e+08
1.89271	4.47266e+08
1.89650	4.90485e+08
1.90029	4.95095e+08
1.90409	4.70359e+08
1.90790	4.47111e+08
1.91171	4.64217e+08
1.91554	5.04106e+08
1.91937	5.01847e+08
1.92321	4.53894e+08
1.92705	4.55210e+08
1.93091	4.63241e+08
1.93477	4.58126e+08
1.93864	4.05919e+08
1.94252	3.94088e+08
1.94640	4.39361e+08
1.95029	4.72544e+08
1.95419	4.48640e+08
1.95810	4.49192e+08
1.96202	4.59260e+08
1.96594	4.68193e+08
1.96988	4.56538e+08
1.97382	4.37574e+08
1.97776	4.37056e+08
1.98172	4.22907e+08
1.98568	4.09487e+08
1.98965	4.25771e+08
1.99363	4.04773e+08
1.99762	4.09415e+08
2.00161	4.24255e+08
2.00562	4.26415e+08
2.00963	4.07884e+08
2.01365	4.14426e+08
2.01768	4.16653e+08
2.02171	4.49100e+08
2.02575	4.32823e+08
2.02981	4.16930e+08
2.03386	4.40866e+08
2.03793	4.49013e+08
2.04201	4.15472e+08
2.04609	4.06574e+08
2.05018	4.19332e+08
2.05428	4.22716e+08
2.05839	4.39838e+08
2.06251	4.21643e+08
2.06663	4.37386e+08
2.07077	4.36623e+08
2.07491	4.28905e+08
2.07906	4.38870e+08
2.08322	4.47333e+08
2.08738	4.52717e+08
2.09156	4.49822e+08
2.09574	4.52855e+08
2.09993	4.61563e+08
2.10413	4.79307e+08
2.10834	4.74321e+08
2.11256	4.75435e+08
2.11678	4.85320e+08
2.12102	4.82136e+08
2.12526	4.83980e+08
2.12951	4.70801e+08
2.13377	4.74383e+08
2.13804	4.88209e+08
2.14231	4.98143e+08
2.14660	4.98681e+08
2.15089	4.85961e+08
2.15519	4.95827e+08
2.15950	5.04943e+08
2.16382	5.08525e+08
2.16815	5.08975e+08
2.17248	4.95553e+08
2.17683	4.96327e+08
2.18118	5.12099e+08
2.18554	5.16992e+08
2.18992	5.10050e+08
2.19430	5.03647e+08
2.19868	5.10354e+08
2.20308	5.10659e+08
2.20749	4.95168e+08
2.21190	5.07972e+08
2.21633	5.13687e+08
2.22076	5.04813e+08
2.22520	5.14168e+08
2.22965	5.20468e+08
2.23411	5.18818e+08
2.23858	5.01794e+08
2.24306	5.07615e+08
2.24754	5.39483e+08
2.25204	5.40413e+08
2.25654	5.21665e+08
2.26105	5.16268e+08
2.26558	5.26022e+08
2.27011	5.27062e+08
2.27465	5.31343e+08
2.27920	5.15105e+08
2.28375	5.11938e+08
2.28832	5.03122e+08
2.29290	4.43819e+08
2.29748	4.31114e+08
2.30208	4.53887e+08
2.30668	4.49433e+08
2.31130	4.40864e+08
2.31592	4.32009e+08
2.32055	4.25485e+08
2.32519	4.17068e+08
2.32984	4.23198e+08
2.33450	4.00987e+08
2.33917	4.04424e+08
2.34385	4.07760e+08
2.34854	4.06030e+08
2.35323	3.75144e+08
2.35794	3.62882e+08
2.36266	3.59877e+08
2.36738	3.59949e+08
2.37212	3.74916e+08
2.37686	3.79763e+08
2.38161	3.57728e+08
2.38638	3.67896e+08
2.39115	3.50564e+08
2.39593	3.72524e+08
2.40072	3.49521e+08
2.40552	3.31328e+08
2.41034	3.21377e+08
2.41516	3.10648e+08
2.41999	3.21706e+08
2.42483	3.13962e+08
2.42968	2.95452e+08
2.43454	2.88860e+08
2.43940	2.83838e+08
2.44428	2.95793e+08
2.44917	2.91672e+08
2.45407	2.87013e+08
2.45898	2.70172e+08
2.46390	2.60031e+08
2.46882	2.54168e+08
2.47376	2.51158e+08
2.47871	2.31429e+08
2.48367	2.39887e+08
2.48863	2.42446e+08
2.49361	2.26090e+08
2.49860	2.30870e+08
2.50359	2.28080e+08
2.50860	2.31543e+08
2.51362	2.27869e+08
2.51865	2.23427e+08
2.52368	2.33543e+08
2.52873	2.26616e+08
2.53379	2.16957e+08
2.53886	2.06702e+08
2.54393	2.07751e+08
2.54902	2.02231e+08
2.55412	2.02136e+08
