#wavelength (micron)	surface_flux (erg / (cm2 micron s))
0.7011666666666666	1690955.563588006
0.7023352777777778	1795569.9158784277
0.7035058365740741	1836061.959856295
0.7046783463016977	1863237.8715889438
0.7058528102122005	1877989.514237566
0.7070292315625542	1910838.165897872
0.7082076136151585	1945100.917564858
0.7093879596378504	1971003.3448424693
0.7105702729039134	1986964.0032530234
0.7117545566920868	2036257.0342878094
0.7129408142865735	2046991.3320169183
0.7141290489770512	2059553.244674855
0.7153192640586796	2083919.828132179
0.7165114628321108	2075471.8952901736
0.7177056486034976	2058021.9381322614
0.7189018246845036	2093635.9122024656
0.7200999943923111	2115804.351709532
0.7213001610496316	2107847.279276607
0.7225023279847144	2107339.123642542
0.7237064985313556	2068718.59025002
0.7249126760289079	2025429.943913245
0.7261208638222895	1999343.9762100787
0.7273310652619932	1955572.743647469
0.7285432837040966	1884842.3976815015
0.72975752251027	1805479.817301504
0.7309737850477873	1743203.0146284765
0.7321920746895336	1693406.696750661
0.7334123948140163	1661530.2817213475
0.7346347488053729	1634516.9999354747
0.7358591400533818	1536994.754046749
0.7370855719534709	1448588.0951380688
0.7383140479067267	1391517.478646142
0.7395445713199046	1334512.1831471266
0.7407771456054377	1279619.4497778604
0.7420117741814469	1215706.1772211245
0.7432484604717493	1152982.384231745
0.744487207905869	1102551.0430902496
0.7457280199190454	1048110.0971060148
0.7469708999522439	992914.8852932054
0.7482158514521644	932082.8401582491
0.7494628778712513	870757.1302799406
0.7507119826677034	812258.1326752497
0.7519631693054829	752996.8528306471
0.7532164412543255	698797.4875930417
0.7544718019897494	646157.6178398626
0.7557292549930656	591960.1027275145
0.7569888037513873	536677.0270945042
0.7582504517576398	481229.97822926583
0.7595142025105692	427081.52654818946
0.7607800595147535	365383.09091190004
0.7620480262806114	275197.9529196265
0.7633181063244125	160165.91515674646
0.7645903031682866	62373.06193408832
0.7658646203402337	9601.544547436743
0.7671410613741342	7837.356940050671
0.7684196298097576	13126.107643079957
0.7697003291927741	10715.237204042684
0.770983163074762	23096.22903381581
0.77226813501322	78565.47049045195
0.7735552485715754	158124.39218549264
0.7748445073191947	243563.18425430884
0.7761359148313933	336088.9889563448
0.7774294746894457	443605.8911218935
0.7787251904805949	518369.3521086175
0.7800230657980626	460902.3811878255
0.7813231042410594	655582.0467183786
0.7826253094147945	938750.3399330437
0.7839296849304858	1100332.2033152762
0.7852362344053699	1259584.0646962328
0.7865449614627122	1425089.7295890092
0.7878558697318168	1598287.767975939
0.7891689628480365	1782768.0765175174
0.7904842444527834	1972035.3315214247
0.791801718193538	2171915.3935095016
0.7931213877238606	2242725.3485467355
0.7944432567034004	1749450.824817281
0.795767328797906	1977980.6837695434
0.7970936076792359	3000488.376613102
0.7984220970253681	3411388.2471296033
0.7997528005204104	3724199.5102384733
0.801085721854611	4092916.421808464
0.8024208647243688	4476042.742939881
0.8037582328322427	4766778.730343759
0.8050978298869632	5091926.600317715
0.8064396596034414	5549998.393460908
0.8077837257027807	5900415.924404672
0.8091300319122853	6366249.80209414
0.8104785819654725	6941583.293007855
0.8118293796020817	7407546.2308792
0.8131824285680851	7746836.513274
0.8145377326156986	8183323.599971459
0.8158952955033916	9057376.66593268
0.8172551209958971	9534349.554723429
0.8186172128642236	9324222.575206952
0.819981574885664	9720120.056347378
0.8213482108438068	11163482.156784385
0.8227171245285466	11766661.33315321
0.8240883197360943	11909197.220155504
0.8254618002689877	13089414.82058748
0.8268375699361028	14106288.511846945
0.828215632552663	14712848.904482
0.8295959919402508	15022905.755002044
0.830978651926818	16770593.681862416
0.832363616346696	17972329.849461682
0.8337508890406071	18719122.207118306
0.8351404738556749	19448350.591376085
0.8365323746454344	20261527.22492013
0.8379265952698435	21065968.604881942
0.8393231395952933	22106102.973069206
0.8407220114946187	23395053.303674888
0.8421232148471098	24213574.67693214
0.8435267535385217	24530437.609888516
0.8449326314610859	24448406.461407848
0.8463408525135211	24920234.991770253
0.8477514206010437	26094134.787648764
0.8491643396353787	26440167.168641225
0.8505796135347711	26581416.300408382
0.8519972462239958	21739824.18600809
0.8534172416343692	24669603.998226043
0.8548396037037598	30740114.20467481
0.8562643363765994	32400015.30602752
0.8576914436038937	33248086.752648402
0.8591209293432337	34923158.25848592
0.8605527975588058	33489504.154806767
0.8619870522214037	30659142.464798108
0.8634236973084395	31557671.85672806
0.8648627368039535	32838617.766488038
0.8663041746986269	33914282.93536784
0.8677480149897913	33473253.666071706
0.8691942616814409	33864362.3592024
0.8706429187842434	33433643.85934938
0.8720939903155505	33122938.624023866
0.8735474802994098	34598137.94448136
0.8750033927665755	36088694.15738149
0.8764617317545198	37847089.57680202
0.8779225013074441	36921789.5021753
0.8793857054762898	38711583.59905453
0.8808513483187503	40186308.08256285
0.8823194338992816	46279603.799190626
0.8837899662891138	46933226.71757787
0.8852629495662623	46254726.72821591
0.8867383878155394	50051945.1610707
0.8882162851285654	50013527.51186412
0.8896966456037797	50242097.22658861
0.8911794733464526	50896283.77056236
0.8926647724686968	53125704.01194697
0.894152547089478	44342578.571939036
0.8956428013346271	44194296.735371776
0.8971355393368516	57265566.089127295
0.8986307652357465	65255681.25910371
0.9001284831778059	67517205.48287465
0.9016286973164357	69194519.73320106
0.9031314118119631	70467080.27945349
0.9046366308316498	70837741.3201287
0.9061443585497025	65047490.482663184
0.9076545991472854	71507200.81787048
0.9091673568125309	80823949.64890797
0.9106826357405519	84915448.94938864
0.9122004401334528	87979808.09617841
0.9137207742003418	83724650.6306496
0.9152436421573426	82301671.680893
0.9167690482276047	83872205.35416968
0.9182969966413176	84820446.56810519
0.9198274916357196	86658888.97252773
0.9213605374551126	87400111.16966711
0.9228961383508711	91003637.29187001
0.924434298581456	88504487.59727828
0.9259750224124251	81732163.22200496
0.9275183141164459	67271881.63562459
0.9290641779733066	55102232.637301564
0.9306126182699289	59299686.341488056
0.9321636393003788	58816962.25228923
0.9337172453658794	66795313.41350024
0.9352734407748227	81673429.23151094
0.9368322298427807	88602330.09601654
0.9383936168925188	87428240.41505767
0.9399576062540064	82959529.19372249
0.9415242022644297	86879525.27735354
0.9430934092682037	84999767.06661715
0.9446652316169841	84305728.38175069
0.9462396736696792	89957916.05131707
0.947816739792462	99349618.33713475
0.9493964343587827	107972443.21991259
0.9509787617493808	90367640.0425302
0.9525637263522965	93611549.86629519
0.9541513325628838	109594743.44660965
0.9557415847838219	116732232.25575997
0.9573344874251283	116238729.36430109
0.9589300449041701	107639545.88450912
0.9605282616456772	94807400.34694988
0.9621291420817533	92917328.89296389
0.9637326906518895	116113252.5451587
0.9653389118029762	122446342.41153969
0.9669478099893144	107371605.84524551
0.96855938967263	115732487.64034642
0.9701736553220844	123043958.14490382
0.971790611414288	117413977.78128609
0.9734102624333119	117888373.36319484
0.9750326128707006	125796055.45427652
0.9766576672254852	133973551.0692602
0.9782854300041944	115090546.59713426
0.9799159057208682	121174128.50096631
0.9815490988970695	141761025.70492995
0.9831850140618982	128034976.74939503
0.9848236557520013	124260103.12317778
0.986465028511588	131093661.06316513
0.9881091368924407	139787531.74193656
0.9897559854539281	113439665.12509032
0.991405578763018	78630219.93794054
0.9930579213942898	78270807.6233744
0.994713017929947	96428644.38428566
0.9963708729598303	101091397.38928111
0.9980314910814301	95133877.89967792
0.9996948768998991	84336585.98303539
1.0013610350280657	83282543.20620747
1.0030299700864458	92574159.40890028
1.0047016867032565	94319936.10836802
1.0063761895144285	101564838.77703598
1.0080534831636194	115978895.40172644
1.0097335723022256	116414239.38106821
1.011416461589396	112500205.15260033
1.013102155692045	116834845.06236589
1.014790659284865	124158961.39637604
1.01648197705034	112561037.69968472
1.018176113678757	107315292.31406201
1.0198730738682218	114815021.0857254
1.021572862324669	132309531.7417907
1.0232754837618767	140712557.88144383
1.0249809429014798	136026589.96964544
1.0266892444729823	112232111.07543059
1.0284003932137706	115314847.87096924
1.030114393869127	125673488.15697308
1.0318312511922423	125980255.66513579
1.0335509699442293	131508596.1024562
1.0352735548941365	155004272.61162958
1.0369990108189602	171577745.32018813
1.0387273425036585	162613036.01347166
1.0404585547411644	163970429.39247504
1.0421926523323999	153595663.04806462
1.0439296400862872	146025759.4757544
1.0456695228197646	161886124.82774416
1.0474123053577973	155038835.401398
1.0491579925333938	151871446.67033866
1.0509065891876161	141703625.6242335
1.0526581001695956	154480023.82768705
1.0544125303365448	174649078.92624804
1.0561698845537726	168959470.19061634
1.0579301676946955	164276859.0677013
1.0596933846408534	162803751.26137003
1.0614595402819214	170330460.4846369
1.0632286395157247	183720904.68590492
1.065000687248251	181207816.01060715
1.0667756883936648	167769026.49969482
1.068553647874321	181597839.71698937
1.070334570620778	196889267.1349517
1.072118461571813	208005805.58769786
1.0739053256744326	218526312.98743305
1.07569516788389	216224132.14650857
1.0774879931636965	211606618.45848715
1.079283806485636	224190540.94197875
1.0810826128297788	224056491.0808539
1.0828844171844951	230396474.79197782
1.0846892245464692	233884540.6709869
1.0864970399207134	233055203.1368005
1.0883078683205814	236360256.66630897
1.0901217147677824	227213758.65312463
1.0919385842923954	203181788.79407868
1.0937584819328827	225858333.3058712
1.0955814127361043	217207741.3287291
1.0974073817573313	192664081.3988769
1.09923639406026	193383932.77483994
1.1010684547170273	193329249.5078951
1.1029035688082225	183609115.30876467
1.1047417414229028	150778528.56324857
1.1065829776586076	144469536.1633522
1.108427282621372	152191972.3939516
1.110274661425741	141884581.5250907
1.112125119194784	142193627.56244758
1.1139786610601086	147349959.82686684
1.1158352921618757	146511586.5607137
1.117695017648812	134206465.57132365
1.1195578426782267	124058343.95891556
1.1214237724160239	140308587.8705782
1.1232928120367172	155461002.27401212
1.1251649667234453	172561506.9713003
1.1270402416679843	164556966.6072972
1.1289186420707642	152181504.1813907
1.1308001731408823	130621324.49850418
1.1326848400961171	109730619.45767725
1.1345726481629441	98659808.149567
1.136463602576549	129139324.82974884
1.1383577085808434	116613179.6460421
1.1402549714284782	95165872.251508
1.1421553963808588	109403584.82150723
1.1440589887081603	148708123.75944006
1.1459657536893408	160423411.33438018
1.1478756966121564	166951518.8507843
1.1497888227731765	207670479.59765205
1.1517051374777987	183060000.89568442
1.1536246460402617	173403052.85792205
1.155547353783662	163871783.04535922
1.1574732660399685	137640359.82213202
1.1594023881500348	145113760.71963271
1.1613347254636184	133759955.43902595
1.163270283339391	155157677.78218344
1.1652090671449569	147166134.36245945
1.1671510822568651	124440142.42096739
1.1690963340606266	94157672.16834076
1.1710448279507277	99536805.93020095
1.1729965693306457	114579542.65628435
1.1749515636128636	118789015.51955043
1.176909816218885	77600473.8534005
1.17887133257925	84764112.06055923
1.1808361181335487	121801686.023412
1.182804178330438	121004438.60857931
1.1847755186276552	145755181.02632478
1.1867501444920348	203763910.28696096
1.1887280613995215	218518730.02188003
1.1907092748351875	206864635.09640577
1.1926937902932462	212547277.97284243
1.1946816132770681	194158440.35898104
1.1966727492991969	187782534.21423966
1.1986672038813622	179159791.35346627
1.2006649825544977	190909202.1569402
1.2026660908587554	218499379.80146727
1.20467053434352	231611283.3756828
1.206678318567426	230989988.2890562
1.2086894490983717	236080518.88613558
1.2107039315135357	243105124.88181505
1.2127217713993916	252906301.76519713
1.214742974351724	279782953.54248583
1.2167675459756435	271476537.09643877
1.218795491885603	280969325.58736783
1.2208268177054122	278259927.66169316
1.2228615290682547	267368121.84511527
1.2248996316167018	300036899.0613625
1.2269411310027298	336115243.98236233
1.2289860328877344	332215093.3006316
1.2310343429425474	319457761.498048
1.2330860668474517	322380652.83868694
1.2351412102921975	325953198.1219753
1.2371997789760178	326257445.4785266
1.2392617786076445	304427654.8711985
1.241327214905324	257060133.0239587
1.243396093596833	210653952.13506967
1.2454684204194943	232769382.87339547
1.2475442011201936	270666699.12655133
1.249623441455394	268040023.15202653
1.251706147191153	208151939.45695937
1.2537923241031383	209963387.29149026
1.2558819779766437	290912440.89759034
1.2579751146066047	319000374.3348925
1.2600717397976158	330761898.9097445
1.262171859363945	333625130.9839126
1.2642754791295518	309745344.873306
1.266382604928101	330361177.99510473
1.2684932426029811	362692958.1709878
1.2706073980073196	357630353.2173607
1.2727250770039986	357703073.4903291
1.274846285465672	334410117.17207175
1.2769710292747813	332537609.732198
1.2790993143235727	348977691.6074436
1.2812311465141122	359718746.2167304
1.2833665317583023	377669017.7730461
1.2855054759778997	341858853.1223528
1.2876479851045295	318975157.2230232
1.2897940650797037	294439657.2936635
1.2919437218548366	283051281.3239784
1.2940969613912614	306231118.08323306
1.2962537896602468	337164088.96779764
1.298414212643014	318072028.52969724
1.3005782363307525	277585370.3190754
1.302745866724637	261210850.15654746
1.304917109835845	258841297.49999022
1.3070919716855713	306520452.5406414
1.3092704583050472	328084023.67242485
1.3114525757355557	328656865.6724952
1.3136383300284484	292724661.3251611
1.3158277272451624	254025971.39814416
1.3180207734572378	263401055.66546625
1.3202174747463333	279630843.00335395
1.3224178372042439	297441149.5316516
1.3246218669329177	272173489.4527739
1.3268295700444726	240935998.12516755
1.3290409526612135	205437542.80295512
1.3312560209156488	157031136.03971165
1.3334747809505083	104541110.86369197
1.3356972389187591	64461711.06175608
1.3379234009836238	51788251.53970528
1.3401532733185966	54799155.58451154
1.342386862107461	37062082.497273386
1.344624173544307	38900800.48695461
1.3468652138335475	35594357.0077526
1.3491099891899365	31422251.63098873
1.3513585058385866	17120261.654714916
1.3536107700149842	19987037.640503515
1.3558667879650093	25330669.038420863
1.358126565944951	21010422.895662487
1.360390110221526	23535957.495722823
1.3626574270718954	35863120.41286748
1.3649285227836818	40358256.70604012
1.367203403654988	36321382.39948499
1.369482075994413	34946282.48170516
1.3717645461210706	27232155.420898274
1.3740508203646056	21896773.721893646
1.3763409050652133	24073289.86172616
1.3786348065736556	31839642.39357955
1.3809325312512784	52917543.876758695
1.3832340854700305	43876151.76649354
1.3855394756124806	33764249.6440797
1.3878487080718347	32401074.350376464
1.3901617892519544	37092069.3325051
1.3924787255673745	39514134.24858886
1.3947995234433201	38014943.12497307
1.3971241893157258	24623869.29854418
1.399452729631252	30438331.65398089
1.401785150847304	35380342.97563894
1.40412145943205	22792375.36264631
1.4064616618644366	20435616.657417983
1.4088057646342107	25484888.25126205
1.4111537742419344	30171718.10335835
1.4135056971990045	43822750.62012624
1.4158615400276693	33606996.35550363
1.418221309261049	22973189.67177013
1.4205850114431506	23849590.09239837
1.4229526531288894	16322154.53605796
1.425324240884104	21199699.200149912
1.4276997812855778	30117964.194145277
1.4300792809210539	31438306.609674267
1.4324627463892556	24115183.51044558
1.4348501842999046	15435974.669616522
1.4372416012737377	23248012.186878636
1.4396370039425272	27079959.62553629
1.442036398949098	27035896.703129582
1.4444397929473467	16817288.077853333
1.4468471926022592	17461170.982648335
1.4492586045899296	30840847.457348466
1.4516740355975797	38081041.23252758
1.4540934923235755	35939862.003376335
1.4565169814774481	38411063.05186884
1.4589445097799105	52268724.33635338
1.4613760839628773	41500704.78188101
1.4638117107694821	52709566.06985765
1.466251396954098	81163829.64230801
1.4686951492823548	73044026.3869284
1.471142974531159	73236810.47844112
1.4735948794887108	61632411.097703554
1.4760508709545253	52772968.40439705
1.4785109557394496	63094695.47483795
1.4809751406656821	60544687.29665059
1.4834434325667916	44653057.580235966
1.4859158382877364	44962997.45307039
1.4883923646848827	54200594.652132906
1.490873018626024	65917191.48862202
1.493357806990401	69005449.04014094
1.4958467366687183	64445804.17670558
1.4983398145631663	70517049.34827307
1.5008370475874384	64837355.853484765
1.5033384426667507	87092527.18874046
1.505844006737862	102518210.47988059
1.5083537467490917	79498511.56810199
1.5108676696603405	67758814.314159
1.5133857824431078	88439325.03354508
1.5159080920805128	97360022.5975104
1.518434605567314	92804109.55484767
1.5209653299099262	72226890.35657921
1.5235002721264426	82855867.97668883
1.5260394392466536	91430113.97082861
1.5285828383120648	104494571.25626552
1.5311304763759181	125990007.10164127
1.5336823605032115	121223976.23603393
1.5362384977707166	119378306.16986832
1.5387988952670015	103593049.27397753
1.5413635600924465	107840897.02152027
1.5439324993592671	128663230.17781898
1.5465057201915329	146121949.03874728
1.5490832297251855	140603752.8783984
1.5516650351080608	132319044.84151343
1.5542511434999076	129247510.74409367
1.5568415620724074	120213659.68823019
1.559436298009195	110175143.47869262
1.5620353585058768	125491661.13235426
1.5646387507700532	160647267.57760477
1.567246482021337	172817298.8810064
1.5698585594913725	165673216.99535578
1.5724749904238582	148742448.70048165
1.5750957820745648	158232314.11699706
1.5777209417113556	164263484.8427158
1.5803504766142082	175420147.83122846
1.5829843940752317	175724909.53730485
1.5856227013986908	176808214.5930114
1.5882654059010217	179547882.57341722
1.5909125149108567	183137856.26790014
1.5935640357690417	180325904.00334746
1.5962199758286568	172478021.88767442
1.598880342455038	177050588.4415128
1.6015451430257963	174835272.39322034
1.6042143849308395	177413691.27601042
1.6068880755723909	181357232.0815214
1.6095662223650118	185953207.79548952
1.6122488327356201	172294736.68201563
1.614935914123513	164381859.0280389
1.6176274739803853	149330170.02131158
1.6203235197703527	142685732.727082
1.62302405896997	162675757.0201464
1.6257290990682536	151746045.99634975
1.6284386475667005	146519578.55210415
1.6311527119793119	146615778.3213336
1.6338712998326108	155573616.61228585
1.6365944186656651	167508762.68029907
1.6393220760301082	165902419.1622479
1.642054279490158	166553852.0999245
1.644791036622642	176224618.09779516
1.6475323550170131	173415519.77356243
1.6502782422753748	172242257.42025703
1.6530287060125004	176681023.2368117
1.6557837538558546	165694878.49362192
1.6585433934456146	164238119.4809605
1.6613076324346907	158932736.89959663
1.6640764784887485	155864459.70641634
1.66684993928623	145099449.7474955
1.6696280225183737	134467576.5597307
1.6724107358892377	149049926.86786258
1.6751980871157197	147946930.41235337
1.6779900839275794	145154020.73204282
1.6807867340674587	148511245.99831903
1.6835880452909044	161469360.1360428
1.6863940253663894	162355276.85700625
1.6892046820753335	145964789.4476923
1.6920200232121256	148567205.66928035
1.694840056584146	148137122.90151235
1.6976647900117863	134124440.17485738
1.700494231328473	133330478.48357092
1.703328388380687	132513563.63084641
1.706167269027988	136099332.10361132
1.709010881143035	133276093.08735377
1.7118592326116067	136981346.94438687
1.714712331332626	142129620.26539588
1.7175701852181804	127581164.7946448
1.7204328021935444	119899511.09269494
1.7233001901972003	120329708.08019887
1.726172357180862	91619994.77941214
1.7290493111094971	93424035.27913944
1.7319310599613464	106557389.42010528
1.7348176117279486	99234208.32984956
1.737708974414162	83158655.72301777
1.7406051560381857	76387275.521262
1.7435061646315826	89153541.93901952
1.746412008239302	93237947.32183096
1.749322694919701	104499601.4396607
1.7522382327445671	104034361.54685895
1.7551586297991415	86312286.13413504
1.7580838941821402	81124567.66897711
1.761014034005777	80302569.02004312
1.7639490573957866	66306890.06700792
1.7668889724914467	61547804.85082354
1.769833787445599	55688526.81238743
1.7727835104246752	55916373.877995186
1.7757381496087163	67886189.39030302
1.7786977131913975	69747642.9461722
1.7816622093800498	44433033.55448521
1.7846316463956833	44341173.94662014
1.7876060324730094	37016948.947256595
1.7905853758604646	40055933.08724231
1.793569684820232	44458898.923629776
1.7965589676282658	42254768.36019461
1.7995532325743133	46393822.24822903
1.802552487961937	49768080.59009882
1.8055567421085403	44176977.22854335
1.8085660033453879	41297310.191560306
1.8115802800176304	42147924.82196455
1.8145995804843267	42724544.635637924
1.8176239131184673	34964285.404202506
1.820653286306998	39260682.015638694
1.823687708450843	54515556.84746016
1.8267271879649278	52243856.025647275
1.8297717332782029	51440707.12346412
1.8328213528336663	43150891.81358964
1.8358760550883895	32612964.658253126
1.8389358485135368	44462635.325177275
1.8420007415943929	46552418.32775607
1.8450707428303834	41946485.57778297
1.848145860735101	37788745.897410296
1.851226103836326	42270626.31056002
1.8543114806760534	34399790.992649645
1.8574019998105136	24341798.245930884
1.8604976698101978	16365940.443566438
1.8635984992598815	22442356.33023896
1.8667044967586481	33684284.84116277
1.8698156709199125	40351949.818070985
1.8729320303714458	34420763.034993924
1.8760535837553982	31110863.486548968
1.879180339728324	29921380.244358975
1.8823123069612047	39252014.170049004
1.8854494941394733	43679073.2227229
1.8885919099630393	49760608.830624044
1.8917395631463112	43121938.74969365
1.8948924624182215	40287209.19408024
1.8980506165222522	49833061.18386334
1.9012140342164559	52354890.47069103
1.9043827242734832	49576698.756806724
1.907556695480606	52755911.60827388
1.9107359566397404	48390400.47765177
1.9139205165674735	41414546.18142572
1.9171103840950858	52647740.761273764
1.9203055680685779	51920603.072532274
1.923506077348692	49324600.007934876
1.92671192081094	48180685.95129633
1.9299231073456249	44363250.61047418
1.9331396458578678	40143132.6667254
1.9363615452676308	40420714.29828967
1.9395888145097437	28799470.441830855
1.9428214625339266	41380687.810584724
1.9460594983048167	48009949.38374004
1.9493029308019916	42258939.97618065
1.952551769019995	39983883.13553293
1.9558060219683617	41795417.39091595
1.9590656986716424	50435888.38945425
1.9623308081694284	45094832.775927916
1.9656013595163775	38398985.199134186
1.9688773617822382	36661073.55076424
1.9721588240518755	36447568.23614162
1.975445755425295	33469865.937038332
1.9787381650176707	34373670.81162718
1.9820360619593669	38287713.03284746
1.985339455395966	46901928.927001126
1.9886483544882927	35587347.27451638
1.99196276841244	36566229.7680861
1.9952827063597942	40290038.26337483
1.9986081775370603	43131846.5620676
2.001939191166289	51345709.70542696
2.0052757564848993	44791805.86846371
2.0086178827457077	49885821.97753874
2.011965579216951	50509754.55130373
2.0153188551823122	42006258.03215131
2.01867771994095	49251834.78565934
2.022042182807518	63973287.24764098
2.0254122531121976	59254125.66145935
2.0287879402007176	50965995.069979586
2.0321692534343856	49946323.66305695
2.0355562021901097	53574204.53777916
2.038948795860427	47997936.398082346
2.0423470438535274	53575839.94816776
2.0457509555932836	69738572.96709763
2.049160540519272	72152397.13323149
2.0525758080868046	69355892.011279
2.0559967677669495	68230508.99619187
2.059423429046561	73734303.71801774
2.0628558014283054	72770609.07256572
2.066293894430686	67954814.95925456
2.0697377175880702	67159720.27142546
2.073187280450717	70257218.90086217
2.0766425925848018	72302320.16649409
2.0801036635724435	69455909.46225767
2.083570503011731	71811002.93223038
2.0870431205167503	80519283.51083618
2.090521525717612	77610094.57773812
2.0940057282604747	78790456.92695495
2.0974957378075754	78255861.29837374
2.1009915640372547	80636899.58123729
2.1044932166439834	79492597.2051419
2.10800070533839	81320445.1605695
2.1115140398472874	82499957.92292617
2.1150332299137	83112048.1465094
2.1185582852968894	76355139.86826715
2.1220892157723843	80894453.94768597
2.125626031132005	84941471.87438525
2.1291687411838915	84008610.04037982
2.1327173557525314	84870685.73877785
2.136271884678786	84226561.3784664
2.1398323378199176	78502179.05759703
2.143398725049617	78658208.37270649
2.1469710562580335	77677639.597242
2.150549341351797	75376392.97710627
2.15413359025405	76407965.22359541
2.1577238129044733	71154211.18340729
2.1613200192593145	65739953.07278377
2.1649222192914133	69520786.89749299
2.1685304229902322	68699557.99074796
2.172144640361883	68387774.4194958
2.175764881429153	68225726.10009989
2.1793911562315347	60413579.08406213
2.183023474825254	56620899.14552117
2.1866618472832964	58113872.07401628
2.1903062836954352	50042660.046752654
2.193956794168261	44333838.32826678
2.197613388825208	44563461.70451115
2.201276077806584	40263897.95280096
2.2049448712695945	36140272.249946244
2.2086197793883775	36400280.94031366
2.212300812354025	40216753.708972044
2.215987980374615	38601994.19262402
2.2196812936752393	38426623.24378847
2.2233807624980315	41565821.82336601
2.227086397102195	37872515.14857767
2.230798207764032	37170005.86617599
2.2345162047769724	36929647.14539716
2.2382403984516004	38701850.14055415
2.2419707991156868	33868543.238371745
2.245707417114213	32213516.67444062
2.249450262809403	31913595.676215764
2.2531993465807525	25735853.709374435
2.256954678825054	24954673.57863395
2.260716269956429	25896802.353648283
2.2644841304063563	25502381.179572463
2.2682582706237007	27522894.12659686
2.2720387010747403	27800667.604016773
2.275825432243198	24987054.265391536
2.27961847463027	23331486.247533042
2.283417838754654	24535647.78884894
2.2872235351525787	21935059.572171103
2.291035574377833	18585040.222656876
2.294853967001796	14992319.707013411
2.298678723613466	17833132.38606123
2.302509854819488	22058095.697983623
2.3063473712441875	21851806.216436863
2.3101912835295946	24299908.726937417
2.314041602335477	24796667.991744597
2.31789833833937	18014949.54179266
2.321761502236602	16785696.79821244
2.3256311047403297	19756732.190627627
2.3295071565815637	17820982.168694075
2.3333896685092	15481975.977812596
2.3372786512900485	16561385.31681784
2.3411741157088657	14923713.445244856
2.3450760725683804	13315339.960075522
2.348984532689328	16554007.656449148
2.3528995069104766	18240619.29965617
2.356821006088661	16712344.70406784
2.360749041098809	17328319.724584397
2.3646836228339736	18231864.13977247
2.3686247622053638	17217296.559131715
2.3725724701423725	15835527.883123277
2.37652675759261	13879361.420772446
2.380487635521931	13459614.522491055
2.3844551149144677	16383520.705610756
2.388429206772659	16564633.67884399
2.39240992211728	16191581.455298241
2.3963972719874755	19913620.550551314
2.400391267440788	22516026.628145065
2.4043919195531895	23885675.17413415
2.408399239419112	18950056.786969926
2.412413238151477	20022228.87120163
2.4164339268817296	19603795.980331507
2.420461316759866	18200809.87964888
2.4244954189544656	18766355.073666617
2.428536244652723	23279053.61255836
2.432583805060478	18793344.425111312
2.4366381114022455	16744582.775757326
2.440699174921249	17835526.08965601
2.4447670068794514	16857933.570698697
2.4488416185575836	14791489.365012467
2.4529230212551796	19016961.514206678
2.457011226290605	24894407.35475462
2.4611062450010897	21623876.235467415
2.465208088742758	19848472.87730667
2.4693167688906628	22253329.251799762
2.4734322968388143	23448459.120586008
2.4775546840002125	21750455.835293677
2.4816839418068795	16692528.633792223
2.4858200817098908	17545143.731510952
2.4899631151794077	19980916.27121977
2.4941130537047065	14447237.809729915
