#wavelength	surface flux
0.6450077295303345	79213263014.30515
0.6472567915916443	79220703560.47859
0.6494921445846558	78953867387.9099
0.6517150402069092	81024551902.50545
0.6539263725280762	80574204531.585
0.6561272740364075	65881482916.63176
0.6583186388015747	73831791516.51556
0.6605015397071838	78256669183.1188
0.6626768708229065	79975690193.69382
0.6648455858230591	79477072825.15216
0.6670085787773132	79260162075.93607
0.6691668033599854	78188322741.81696
0.6713210344314575	78136429166.5482
0.6734722256660461	78087616822.34079
0.6756211519241333	77676293424.91112
0.6777685880661011	77062943427.96544
0.6799154281616211	76497531944.87328
0.6820623278617859	76593364022.36026
0.6842101216316223	75645524525.05542
0.6863595843315125	75181470007.10153
0.688511312007904	75386800193.86493
0.6906660795211792	74930197500.33002
0.6928245425224304	74467943527.8531
0.6949873566627502	73533725922.69952
0.6971551775932312	72878962841.40706
0.6993286609649658	71985339151.43292
0.7015084028244019	70122033786.48997
0.7036949396133423	70780989978.4804
0.7058889269828796	72033417140.6025
0.7080909013748169	71657987750.56534
0.710301399230957	71046292596.25143
0.712520956993103	70550798736.67934
0.7147500514984131	68437209156.98146
0.7169892191886902	68827959721.5058
0.7192389369010925	68150299042.08256
0.7214996814727783	65351098625.09767
0.723771870136261	68393407403.73404
0.7260559797286987	68923913935.59792
0.7283523678779602	66957483249.42345
0.7306615710258484	67211408611.06062
0.7329838871955872	62254857797.381294
0.7353196740150452	66978214077.34482
0.7376693487167358	65150575736.645386
0.7400332689285278	65214572958.21373
0.7424117922782898	65422217395.1394
0.7448052167892456	65432258869.89661
0.7472138404846191	65486214910.05229
0.7496379613876343	63436645573.46625
0.7520779371261597	61072944251.099075
0.7545340061187744	63988911307.44287
0.7570064663887024	63944910348.8329
0.7594954967498779	63158096244.32743
0.7620013952255249	62209860321.95955
0.7645244002342224	62901601341.736626
0.7670646905899048	61983910601.55332
0.7696225643157959	61616683696.130104
0.7721980810165405	60056440223.190125
0.7747915983200073	61272268082.4046
0.7774031162261963	57461889172.62931
0.7800329327583313	60008555954.73573
0.7826811671257019	55712029656.38336
0.7853479981422424	58268929834.86684
0.7880334854125977	59272491843.072426
0.7907378077507019	58838731157.37869
0.7934610247612	57157551431.52622
0.7962033748626709	57770862045.295
0.7989648580551147	57764549372.596565
0.801745593547821	57266252927.26264
0.8045456409454346	56751336387.19927
0.8073651194572449	55178739771.993935
0.8102040886878967	54974027166.28093
0.8130625486373901	55759480572.16898
0.8159406185150146	54962274991.82172
0.8188382983207703	54673421262.65315
0.8217556476593018	54108316208.53054
0.8246926665306091	53973494928.74601
0.8276493549346924	53618891394.08144
0.8306257724761963	53108970452.06791
0.8336219191551208	51200453200.01206
0.8366377949714661	48688030703.951675
0.8396733403205872	52093373253.75292
0.8427285552024841	50150719267.126595
0.8458034992218018	50960731165.50952
0.8488980531692505	49646368099.769646
0.8520121574401855	49604344749.598625
0.8551458716392517	44177194327.86165
0.8582990765571594	49468877031.70234
0.8614717125892639	49247353924.102295
0.8646637797355652	47580726676.373375
0.8678751587867737	45721307118.27366
0.8711057901382446	48090950991.629654
0.8743556141853333	47386038144.94122
0.87762451171875	47217881704.640495
0.8809124231338501	43295011098.488594
0.8842192888259888	45018897038.733284
0.8875449895858765	44798855662.284645
0.8908893465995789	46207759140.51994
0.894252359867096	45042860510.33354
0.8976338505744934	44677223368.14254
0.9010337591171265	43145848562.196465
0.9044519662857056	44835785485.70945
0.9078882932662964	43577347964.63742
0.9113426208496094	41638099447.12428
0.914814829826355	43728188750.93865
0.9183048605918884	43533729779.723656
0.9218124747276306	41708332566.65287
0.925337553024292	41231992858.897736
0.9288799166679382	42122516521.72669
0.9324395060539246	41848640363.76846
0.9360161423683167	39268850037.01858
0.9396095871925354	40557290065.81947
0.943219780921936	39609832767.64337
0.9468464851379395	40804266629.67946
0.9504896402359009	39238430678.8018
0.9541489481925964	38395524186.591774
0.9578243494033813	39654980228.2889
0.9615156054496765	39347556832.04325
0.9652225375175476	37198487781.2225
0.9689450263977051	38479815003.54948
0.9726828336715698	38473302708.34398
0.9764357805252075	37334195013.339455
0.9802037477493286	37745643486.47513
0.983986496925354	37322206222.54748
0.9877838492393494	37005581269.06478
0.9915955662727356	36846241014.03952
0.9954215884208679	36601262809.27642
0.9992615580558777	36218057740.6099
1.0031154155731201	35713789374.7537
1.0069829225540161	34987174850.12226
1.0108637809753418	35412404656.18657
1.0147579908370972	34825727300.48201
1.018665075302124	34717319838.49103
1.022585153579712	34435023307.94098
1.0265177488327026	34267361467.393936
1.0304628610610962	33729629004.224743
1.0344202518463135	33293338318.644085
1.0383895635604858	33294448878.795914
1.0423706769943237	31879539101.889782
1.0463634729385376	32494557483.862713
1.0503677129745483	32581684275.714787
1.0543830394744873	32298076522.977177
1.058409333229065	31258370055.187077
1.0624464750289917	31504226922.323326
1.0664942264556885	31324885912.590733
1.0705522298812866	30524589577.290253
1.0746204853057861	30731805983.48248
1.0786986351013184	30521501391.01604
1.0827864408493042	29840507785.712048
1.086883783340454	28036919782.558117
1.0909905433654785	29680567272.46435
1.0951062440872192	27396531178.440517
1.0992310047149658	28922685340.348015
1.10336434841156	27525970553.476315
1.1075061559677124	28738635531.267635
1.1116561889648438	28703223021.96941
1.115814208984375	28382508610.787636
1.1199802160263062	28082965557.569263
1.124153733253479	27758140994.880497
1.1283347606658936	27382266120.769527
1.1325229406356812	27148324590.42871
1.1367181539535522	25897269162.10173
1.1409201622009277	26842658255.578716
1.145128846168518	26757924245.097996
1.1493438482284546	26141033541.91924
1.1535650491714478	26251976731.133026
1.1577922105789185	26046949306.655617
1.1620250940322876	25638890038.9804
1.1662636995315552	25493525268.913315
1.170507550239563	25332398930.203526
1.174756646156311	25091710159.286465
1.1790107488632202	24898742629.421375
1.1832695007324219	23487636810.76082
1.1875330209732056	24609353004.925823
1.191800832748413	24459639495.467857
1.1960728168487549	23850628229.20952
1.2003488540649414	23052770286.003204
1.2046287059783936	23624997206.537117
1.2089121341705322	22183650325.309372
1.2131990194320679	23197039532.487312
1.2174891233444214	23252957378.90778
1.2217823266983032	23057647941.109608
1.2260783910751343	22261366633.255825
1.230377197265625	22693138274.952606
1.2346785068511963	22352057722.12605
1.238982081413269	22265480279.007347
1.2432878017425537	21769525706.51765
1.2475954294204712	21934138146.45868
1.2519049644470215	21653061309.90996
1.256216049194336	21596410023.77947
1.2605286836624146	21141316306.931633
1.2648425102233887	20336375442.778683
1.2691574096679688	20385744182.552284
1.2734732627868652	20962406965.335114
1.2777899503707886	20695211496.373013
1.2821072340011597	18281251947.637527
1.2864248752593994	20335296189.155926
1.2907428741455078	19297277294.3199
1.2950609922409058	20045142494.154694
1.2993791103363037	19969423451.42007
1.303696870803833	19665218132.63728
1.3080145120620728	19722011483.444923
1.3123314380645752	19280466352.229004
1.3166478872299194	19378434912.45742
1.3209635019302368	19251950689.456905
1.3252781629562378	19137803480.705345
1.3295916318893433	18828180738.028015
1.3339040279388428	18732155107.757946
1.3382149934768677	18613114556.473694
1.3425244092941284	18464030100.295597
1.3468321561813354	18446429573.30839
1.3511382341384888	18280067674.037304
1.3554422855377197	18195034369.61867
1.3597444295883179	18032006297.900757
1.3640443086624146	17940644824.01598
1.3683418035507202	17738040379.025723
1.3726370334625244	17513565760.15704
1.3769296407699585	17489399428.482357
1.381219506263733	17362317077.58253
1.3855066299438477	17057695511.44665
1.3897908926010132	17101985412.723557
1.3940720558166504	17028234125.421396
1.3983501195907593	16818454179.046337
1.4026249647140503	16804105078.633184
1.4068963527679443	16660121596.07987
1.4111642837524414	16217136520.660423
1.4154287576675415	16380970151.87932
1.419689416885376	16312814707.912233
1.4239463806152344	16028718192.049164
1.4281994104385376	15862144993.32884
1.4324485063552856	15897795954.924751
1.436693549156189	15634935805.099318
1.440934419631958	15204607984.486206
1.4451709985733032	15580752466.148193
1.449403166770935	15085035363.134916
1.453631043434143	15178694853.344997
1.4578542709350586	15227766192.284992
1.4620729684829712	14960810699.60374
1.4662868976593018	14877607300.567062
1.4704961776733398	14872560055.312277
1.4747005701065063	14825660508.323603
1.4788999557495117	14806601716.190329
1.4830944538116455	14698956656.40324
1.4872838258743286	13470911771.999245
1.491468071937561	14295179249.000502
1.4956470727920532	14354029466.757196
1.4998208284378052	14160600047.68148
1.5039892196655273	12672357332.161572
1.5081522464752197	13641801802.900434
1.5123097896575928	13878041509.004002
1.5164618492126465	13949650898.263252
1.5206083059310913	13577226255.362011
1.5247491598129272	13722117347.838717
1.5288842916488647	13542330199.689062
1.5330137014389038	13513827755.295443
1.5371372699737549	13437600442.636766
1.541254997253418	13072373090.813265
1.545366883277893	13230870998.719124
1.5494728088378906	12915015233.821922
1.5535727739334106	12737450329.1874
1.5576666593551636	12602703878.966873
1.561754584312439	12663170581.880451
1.5658363103866577	12675819950.235264
1.5699119567871094	12730231089.358067
1.5739814043045044	11385754502.330303
1.5780447721481323	11452831261.753666
1.582101821899414	12328260357.085075
1.5861525535583496	12243322128.873575
1.5901970863342285	11502172921.396185
1.5942351818084717	12023906234.132612
1.5982669591903687	12088786456.63064
1.6022924184799194	11934360732.303614
1.606311559677124	11909243021.131441
1.6103241443634033	11415307627.090631
1.6143304109573364	11739757670.44259
1.6183301210403442	11630945393.742138
1.6223233938217163	11573868823.36029
1.6263102293014526	11585830627.731447
1.6302905082702637	11110175528.23947
1.634264349937439	11034948258.4585
1.638231635093689	10800633334.61788
1.6421923637390137	10514303844.923113
1.646146535873413	11015161378.850168
1.6500942707061768	11002559094.795076
1.6540353298187256	10872399429.804539
1.6579699516296387	10697183074.049902
1.661897897720337	10663239947.38425
1.6658192873001099	9883896457.844244
1.6697341203689575	10578963117.690832
1.6736423969268799	10389219017.074942
1.677544116973877	10255365742.981443
1.6814392805099487	10102133235.916723
1.6853278875350952	10072788540.48939
1.6892099380493164	9962877189.503319
1.6930854320526123	10077475635.639727
1.696954369544983	9920862674.350159
1.7008168697357178	9610640935.907011
1.7046726942062378	9801507993.350775
1.708522081375122	9665716306.236498
1.712364912033081	9457321541.14001
1.7162011861801147	9470118062.682129
1.7200311422348022	9513909383.488491
1.723854422569275	9421991224.585295
1.7276713848114014	9322886617.977745
1.731481909751892	9137132954.273361
1.7352858781814575	8912300851.796356
1.7390835285186768	8916742166.101545
1.7428747415542603	8964689553.705038
1.7466596364974976	8663852964.91015
1.7504380941390991	8890088311.092224
1.7542102336883545	8888176680.826014
1.7579760551452637	8848573634.495886
1.7617355585098267	8743507505.70717
1.7654887437820435	8655268477.519346
1.7692357301712036	8568224289.8521
1.7729763984680176	8528762210.12872
1.776710867881775	8423456685.474888
1.7804391384124756	8425436777.938264
1.7841613292694092	8340915503.023408
1.7878772020339966	8322242002.635526
1.7915871143341064	8267146663.083493
1.7952908277511597	8175716126.533816
1.7989884614944458	8120496953.197424
1.8026801347732544	8064944218.245494
1.806365728378296	8002483483.036116
1.8100452423095703	7893857982.727034
1.8137187957763672	7718094304.97816
1.817386507987976	7418621991.9204855
1.8210482597351074	7500227629.786284
1.8247040510177612	7615007505.51472
1.828354001045227	7668736623.072935
1.8319982290267944	7563161931.587589
1.8356364965438843	7527018707.182644
1.8392690420150757	7457297601.692961
1.8428958654403687	7258067002.912929
1.8465168476104736	7268455650.974661
1.8501322269439697	7329882551.504923
1.8537418842315674	7274376991.539679
1.8573459386825562	7161809611.684053
1.860944390296936	7155344813.710882
1.864537239074707	7022440404.438635
1.8681244850158691	6965534525.561734
1.871706247329712	6817486379.469215
1.8752825260162354	6164477366.793176
1.8788533210754395	6641424884.02576
1.8824186325073242	6823675294.780947
1.8859784603118896	6733497667.601117
1.8895330429077148	6617280990.060822
1.8930821418762207	6381554675.093238
1.8966259956359863	6657331430.36473
1.9001644849777222	6700378743.354931
1.9036977291107178	6631516047.575335
1.9072256088256836	6585886424.208208
1.9107483625411987	6559041622.879925
1.9142658710479736	6523510030.756542
1.9177782535552979	6469203073.403304
1.9212853908538818	6405803884.668485
1.9247875213623047	6386360641.246306
1.9282845258712769	6320296032.674835
1.9317764043807983	6285918939.693245
1.9352631568908691	6248271594.742359
1.9387450218200684	6176921319.675388
1.942221760749817	5952411990.942528
1.9456936120986938	5718858020.4924965
1.9491604566574097	5905106484.2658415
1.952622413635254	5931497768.268868
1.956079363822937	5980471082.049281
1.959531545639038	5956006980.299684
1.962978720664978	5879744953.499807
1.966421127319336	5915552282.49935
1.9698586463928223	5874309591.223122
1.9732913970947266	5820310530.111908
1.9767193794250488	5798684291.027267
1.9801424741744995	5759319547.478312
1.9835609197616577	5573468206.221783
1.9869745969772339	5521767828.268718
1.990383505821228	5667390299.695235
1.9937876462936401	5628643284.262308
1.9971871376037598	5563981728.7343645
2.000581979751587	5557373672.672042
2.003972291946411	5530070117.161139
2.007357597351074	5482322192.491783
2.0107386112213135	5442154129.571244
2.0141148567199707	5426489501.276924
2.017486572265625	5408167823.662089
2.0208535194396973	5365005410.023579
2.0242159366607666	5330116154.913126
2.027573823928833	5290753163.7005825
2.0309269428253174	5242764060.87409
2.034275770187378	5227224429.11772
2.0376198291778564	5196683308.045753
2.040959596633911	5157728620.881237
2.044294595718384	5147515006.710437
2.0476250648498535	5126328132.957772
2.0509510040283203	5088032580.324641
2.054272413253784	5047058921.213781
2.057589530944824	5022363768.996838
2.0609018802642822	4971651458.444678
2.0642096996307373	4924784198.623812
2.0675129890441895	4908845134.192597
2.0708119869232178	4881397939.559841
2.074106216430664	4849195664.329832
2.0773961544036865	4824304941.665919
2.080681324005127	4821020505.081484
2.0839622020721436	4785664112.32571
2.087238311767578	4761565088.245521
2.090510129928589	4734467472.172448
2.0937774181365967	4716779315.933645
2.0970399379730225	4671197203.47871
2.1002981662750244	4561200632.489725
2.1035518646240234	4586131964.838426
2.1068007946014404	4569694286.252744
2.1100454330444336	4461653672.8398
2.1132853031158447	4533033464.982192
2.116520881652832	4529349920.685875
2.1197516918182373	4469031179.320564
2.1229779720306396	4448592477.502611
2.12619948387146	4437934740.178538
2.1294167041778564	4413467395.877077
2.132629156112671	4393601600.528593
2.1358368396759033	4353195444.697898
2.139039993286133	4352455759.591189
2.1422386169433594	4339138162.09493
2.145432472229004	4298045325.017275
2.1486217975616455	4262485504.40147
2.151806354522705	4247566953.569017
2.1549863815307617	4231578123.4542894
2.1581614017486572	4197499697.81251
2.16133189201355	4114248909.3177695
2.1644976139068604	3934494417.380435
2.167658567428589	3906035445.381785
2.1708147525787354	4033580663.3084483
2.173966407775879	4061755342.1706915
2.1771130561828613	4055384642.7025094
2.1802549362182617	4050859022.225716
2.183391809463501	4034922956.5043087
2.1865241527557373	4004174017.4257345
2.1896514892578125	3979795299.0065866
2.1927738189697266	3964888718.1569924
2.1958916187286377	3942459890.415974
2.1990041732788086	3938593708.51956
2.2021119594573975	3905515310.4203453
2.2052149772644043	3772600507.134255
2.208312749862671	3643075248.6625376
2.2114057540893555	3764640497.1187267
2.214493751525879	3841298237.5957737
2.217576742172241	3828683209.733613
2.2206547260284424	3811954530.421957
2.2237277030944824	3793115029.03142
2.2267956733703613	3774105622.780186
2.2298583984375	3752340064.8420362
2.2329163551330566	3719451474.375917
2.235969066619873	3702166319.749836
2.2390167713165283	3695428192.6801987
2.2420592308044434	3680413451.8270826
2.2450966835021973	3662239372.369705
2.248128890991211	3637150629.405043
2.2511560916900635	3591091759.6932316
2.254178285598755	3566359538.2832394
2.257194995880127	3575646980.7266417
2.260206699371338	3568630329.849305
2.2632133960723877	3546341858.340113
2.266214609146118	3527445554.5776854
2.2692108154296875	3514657992.192741
2.2722020149230957	3495870568.1439867
2.2751877307891846	3472558895.765127
2.278168201446533	3402214749.1819196
2.2811436653137207	3299459288.1820273
2.284113883972168	3355503001.7616267
2.287078857421875	3406641333.7615204
2.290038824081421	3400125959.5530653
2.2929933071136475	3383301435.050229
2.295942783355713	3355631617.882733
2.298887014389038	3340987989.400458
2.301826238632202	3335033108.767716
2.304760217666626	3321498564.8885407
2.3076889514923096	3307635744.4866123
2.310612440109253	3292380816.0006847
2.3135311603546143	3275013067.808749
2.3164443969726562	3258153698.06645
2.319352865219116	3234644889.369278
2.322256088256836	3183468333.0386667
2.3251543045043945	3150570052.502192
2.328047275543213	3159183571.4546084
2.330935478210449	3168686228.4760523
2.3338186740875244	3157765192.468212
2.3366971015930176	3141709890.1908593
2.3395702838897705	3131303192.6463385
2.3424389362335205	3119822393.6416802
2.3453025817871094	3099220773.046418
2.348161458969116	3087210522.639446
2.351015567779541	3080885453.0381575
2.353865146636963	3061388201.170807
2.3567099571228027	3034934461.7593765
2.3595502376556396	3028241430.69932
2.3623859882354736	3026712722.5206738
2.3652172088623047	3007384274.12835
2.368043899536133	2963684457.8691616
2.370866537094116	2930745686.3308992
2.3736846446990967	2923446543.326166
2.3764986991882324	2933876421.1801844
2.3793084621429443	2933092014.9050736
2.3821144104003906	2888862633.0886145
2.384916305541992	2858234526.6482697
2.387714147567749	2877217289.4956465
2.3905084133148193	2891846934.9304667
2.393299102783203	2884486353.124577
2.3960859775543213	2869673168.780348
2.398869514465332	2838376585.793105
2.4016497135162354	2812196591.3702297
2.4044265747070312	2808408672.868474
2.407200336456299	2800049936.0698495
2.409970998764038	2785969167.329661
2.4127390384674072	2774121644.9856305
2.415503978729248	2760324155.0519147
2.418266534805298	2760181369.572224
2.4210267066955566	2759029034.8075314
2.4237842559814453	2736140005.528358
2.426539897918701	2703217848.176065
2.429293394088745	2693438109.921832
2.4320452213287354	2704214569.7764287
2.4347951412200928	2702494905.726391
2.4375438690185547	2691895881.2581234
2.440291166305542	2680100523.1701546
2.443037271499634	2664094228.311444
2.445782423019409	2643822770.8198414
2.4485268592834473	2627082436.8196187
2.451270818710327	2607785972.7907567
2.454014539718628	2593399697.3509183
2.4567582607269287	2595093535.5445194
2.4595019817352295	2600763871.084061
2.4622461795806885	2598295639.9771194
2.4649908542633057	2584565671.9246016
2.4677364826202393	2549896024.014132
2.4704833030700684	2479839510.468187
2.473231554031372	2421470937.616988
2.4759814739227295	2454156914.7892585
2.4787333011627197	2465629935.857638
2.481487512588501	2399831228.65415
2.4842441082000732	2393140106.085705
2.4870035648345947	2424701354.9071536
2.4897661209106445	2436595835.7939863
2.492532253265381	2447558767.052063
2.495302200317383	2449322037.9691167
2.4980762004852295	2438502489.1440005
2.500854969024658	2412962040.5045967
2.50363826751709	2402235562.5373015
2.506427049636841	2410016083.307566
2.509221315383911	2402941002.676848
2.512021541595459	2381077298.2228065
2.5148282051086426	2362814646.8654404
2.517641544342041	2357443482.978192
2.5204622745513916	2363387571.2092247
2.5232906341552734	2366014790.7533803
2.5261268615722656	2351324226.2528896
2.5289716720581055	2326386802.90951
2.531825542449951	2314516582.631194
2.534688949584961	2312053390.642
2.537562131881714	2296039179.839037
2.540445566177368	2265419588.679283
2.5433402061462402	2241714291.560871
2.546246290206909	2229830449.8116226
2.549164056777954	2224151128.555939
2.5520944595336914	2216303840.684166
2.5550382137298584	2204310784.7838354
