#wavelength	surface flux
0.0001	4.090387492294473e-97
0.000101	4.65597193567346e-97
0.00010201000000000001	5.227212223486242e-97
0.00010303010000000001	5.804164914177153e-97
0.00010406040100000001	6.386887131774968e-97
0.00010510100501000002	6.918309709189417e-97
0.00010615201506010001	6.918309709189417e-97
0.00010721353521070101	6.918309709189417e-97
0.00010828567056280802	6.918309709189417e-97
0.0001093685272684361	6.918309709189417e-97
0.00011046221254112046	6.918309709189417e-97
0.00011156683466653166	6.918309709189417e-97
0.00011268250301319699	6.918309709189417e-97
0.00011380932804332896	6.918309709189417e-97
0.00011494742132376226	6.918309709189417e-97
0.00011609689553699987	6.918309709189417e-97
0.00011725786449236988	6.918309709189417e-97
0.00011843044313729357	6.918309709189417e-97
0.00011961474756866651	6.918309709189417e-97
0.00012081089504435317	6.918309709189417e-97
0.0001220190039947967	6.918309709189417e-97
0.00012323919403474468	6.918309709189417e-97
0.00012447158597509212	6.918309709189417e-97
0.00012571630183484304	6.918309709189417e-97
0.00012697346485319148	6.918309709189417e-97
0.00012824319950172338	6.918309709189417e-97
0.00012952563149674063	6.918309709189417e-97
0.00013082088781170805	6.918309709189417e-97
0.00013212909668982513	6.918309709189417e-97
0.00013345038765672336	6.918309709189417e-97
0.00013478489153329062	6.918309709189417e-97
0.00013613274044862352	6.918309709189417e-97
0.00013749406785310974	6.918309709189417e-97
0.00013886900853164085	6.918309709189417e-97
0.00014025769861695725	6.918309709189417e-97
0.00014166027560312682	6.918309709189417e-97
0.0001430768783591581	6.918309709189417e-97
0.0001445076471427497	6.918309709189417e-97
0.00014595272361417718	6.918309709189417e-97
0.00014741225085031896	6.918309709189417e-97
0.00014888637335882214	6.918309709189417e-97
0.00015037523709241036	6.918309709189417e-97
0.00015187898946333447	6.918309709189417e-97
0.00015339777935796783	6.918309709189417e-97
0.0001549317571515475	6.918309709189417e-97
0.00015648107472306298	6.918309709189417e-97
0.0001580458854702936	6.918309709189417e-97
0.00015962634432499655	6.918309709189417e-97
0.00016122260776824652	6.918309709189417e-97
0.00016283483384592896	6.918309709189417e-97
0.00016446318218438826	6.918309709189417e-97
0.00016610781400623216	6.918309709189417e-97
0.00016776889214629447	6.918309709189417e-97
0.0001694465810677574	6.918309709189417e-97
0.000171141046878435	6.918309709189417e-97
0.00017285245734721935	6.918309709189417e-97
0.00017458098192069154	6.918309709189417e-97
0.00017632679173989845	6.918309709189417e-97
0.00017809005965729746	6.918309709189417e-97
0.00017987096025387042	6.918309709189417e-97
0.00018166966985640914	6.918309709189417e-97
0.0001834863665549732	6.918309709189417e-97
0.00018532123022052297	6.918309709189417e-97
0.0001871744425227282	6.918309709189417e-97
0.0001890461869479555	6.918309709189417e-97
0.00019093664881743503	6.918309709189417e-97
0.00019284601530560936	6.918309709189417e-97
0.00019477447545866548	6.918309709189417e-97
0.00019672222021325212	6.918309709189417e-97
0.00019868944241538465	6.918309709189417e-97
0.00020067633683953852	6.918309709189417e-97
0.0002026831002079339	6.918309709189417e-97
0.00020470993121001323	6.918309709189417e-97
0.00020675703052211336	6.918309709189417e-97
0.0002088246008273345	6.918309709189417e-97
0.00021091284683560785	6.918309709189417e-97
0.00021302197530396395	6.918309709189417e-97
0.0002151521950570036	6.918309709189417e-97
0.0002173037170075736	6.918309709189417e-97
0.0002194767541776493	6.918309709189417e-97
0.00022167152171942585	6.918309709189417e-97
0.0002238882369366201	6.918309709189417e-97
0.0002261271193059863	6.918309709189417e-97
0.00022838839049904618	6.918309709189417e-97
0.00023067227440403665	6.918309709189417e-97
0.000232978997148077	6.918309709189417e-97
0.00023530878711955778	6.918309709189417e-97
0.00023766187499075337	6.918309709189417e-97
0.00024003849374066089	6.918309709189417e-97
0.0002424388786780675	6.918309709189417e-97
0.0002448632674648482	6.918309709189417e-97
0.00024731190013949664	6.918309709189417e-97
0.00024978501914089165	6.918309709189417e-97
0.00025228286933230053	6.918309709189417e-97
0.00025480569802562356	6.918309709189417e-97
0.0002573537550058798	6.918309709189417e-97
0.0002599272925559386	6.918309709189417e-97
0.000262526565481498	6.918309709189417e-97
0.00026515183113631297	6.918309709189417e-97
0.0002678033494476761	6.918309709189417e-97
0.00027048138294215286	6.918309709189417e-97
0.00027318619677157437	6.918309709189417e-97
0.0002759180587392901	6.918309709189417e-97
0.00027867723932668305	6.918309709189417e-97
0.00028146401171994987	6.918309709189417e-97
0.00028427865183714937	6.918309709189417e-97
0.00028712143835552087	6.918309709189417e-97
0.0002899926527390761	6.918309709189417e-97
0.0002928925792664668	6.918309709189417e-97
0.00029582150505913155	6.918309709189417e-97
0.0002987797201097228	6.918309709189417e-97
0.00030176751731082003	6.918309709189417e-97
0.0003047851924839283	6.918309709189417e-97
0.00030783304440876755	6.918309709189417e-97
0.0003109113748528552	6.918309709189417e-97
0.0003140204886013838	6.918309709189417e-97
0.00031716069348739764	6.918309709189417e-97
0.00032033230042227164	6.918309709189417e-97
0.0003235356234264943	6.918309709189417e-97
0.0003267709796607593	6.918309709189417e-97
0.00033003868945736685	6.918309709189417e-97
0.00033333907635194055	6.918309709189417e-97
0.00033667246711545996	6.918309709189417e-97
0.0003400391917866145	6.918309709189417e-97
0.0003434395837044807	6.918309709189417e-97
0.0003468739795415255	6.918309709189417e-97
0.0003503427193369408	6.918309709189417e-97
0.0003538461465303102	6.918309709189417e-97
0.00035738460799561325	6.918309709189417e-97
0.0003609584540755694	6.918309709189417e-97
0.00036456803861632515	6.918309709189417e-97
0.00036821371900248835	6.918309709189417e-97
0.0003718958561925133	6.918309709189417e-97
0.0003756148147544384	6.918309709189417e-97
0.0003793709629019828	6.918309709189417e-97
0.0003831646725310026	6.918309709189417e-97
0.00038699631925631265	6.918309709189417e-97
0.0003908662824488758	6.918309709189417e-97
0.00039477494527336455	6.918309709189417e-97
0.0003987226947260982	6.918309709189417e-97
0.00040270992167335917	6.918309709189417e-97
0.0004067370208900927	6.918309709189417e-97
0.00041080439109899376	6.918309709189417e-97
0.0004149124350099836	6.918309709189417e-97
0.00041906155936008346	6.918309709189417e-97
0.0004232521749536843	6.918309709189417e-97
0.0004274846967032212	6.918309709189417e-97
0.0004317595436702534	6.918309709189417e-97
0.00043607713910695587	6.918309709189417e-97
0.00044043791049802546	6.918309709189417e-97
0.00044484228960300573	6.918309709189417e-97
0.00044929071249903577	6.918309709189417e-97
0.0004537836196240262	6.918309709189417e-97
0.0004583214558202665	6.918309709189417e-97
0.0004629046703784691	6.918309709189417e-97
0.0004675337170822538	6.918309709189417e-97
0.00047220905425307633	6.918309709189417e-97
0.0004769311447956071	6.918309709189417e-97
0.00048170045624356317	6.918309709189417e-97
0.0004865174608059988	6.918309709189417e-97
0.0004913826354140588	6.918309709189417e-97
0.0004962964617681994	6.918309709189417e-97
0.0005012594263858815	6.918309709189417e-97
0.0005062720206497403	6.918309709189417e-97
0.0005113347408562376	6.918309709189417e-97
0.0005164480882648	6.918309709189417e-97
0.000521612569147448	6.918309709189417e-97
0.0005268286948389225	6.918309709189417e-97
0.0005320969817873117	6.918309709189417e-97
0.0005374179516051848	6.918309709189417e-97
0.0005427921311212366	6.918309709189417e-97
0.0005482200524324491	6.918309709189417e-97
0.0005537022529567735	6.918309709189417e-97
0.0005592392754863413	6.918309709189417e-97
0.0005648316682412048	6.918309709189417e-97
0.0005704799849236168	6.918309709189417e-97
0.000576184784772853	6.918309709189417e-97
0.0005819466326205815	6.918309709189417e-97
0.0005877660989467873	6.918309709189417e-97
0.0005936437599362551	6.918309709189417e-97
0.0005995801975356178	6.918309709189417e-97
0.0006055759995109739	6.918309709189417e-97
0.0006116317595060837	6.918309709189417e-97
0.0006177480771011446	6.918309709189417e-97
0.000623925557872156	6.918309709189417e-97
0.0006301648134508775	6.918309709189417e-97
0.0006364664615853863	6.918309709189417e-97
0.0006428311262012402	6.918309709189417e-97
0.0006492594374632526	6.918309709189417e-97
0.0006557520318378851	6.918309709189417e-97
0.000662309552156264	6.918309709189417e-97
0.0006689326476778266	6.918309709189417e-97
0.0006756219741546049	6.918309709189417e-97
0.000682378193896151	6.918309709189417e-97
0.0006892019758351124	6.918309709189417e-97
0.0006960939955934635	6.918309709189417e-97
0.0007030549355493982	6.918309709189417e-97
0.0007100854849048922	6.918309709189417e-97
0.0007171863397539412	6.918309709189417e-97
0.0007243582031514805	6.918309709189417e-97
0.0007316017851829954	6.918309709189417e-97
0.0007389178030348253	6.918309709189417e-97
0.0007463069810651736	6.918309709189417e-97
0.0007537700508758253	6.918309709189417e-97
0.0007613077513845836	6.918309709189417e-97
0.0007689208288984295	6.918309709189417e-97
0.0007766100371874137	6.918309709189417e-97
0.0007843761375592879	6.918309709189417e-97
0.0007922198989348808	6.918309709189417e-97
0.0008001420979242296	6.918309709189417e-97
0.0008081435189034718	6.918309709189417e-97
0.0008162249540925067	6.918309709189417e-97
0.0008243872036334317	6.918309709189417e-97
0.000832631075669766	6.918309709189417e-97
0.0008409573864264637	6.918309709189417e-97
0.0008493669602907283	6.918309709189417e-97
0.0008578606298936356	6.918309709189417e-97
0.0008664392361925719	6.918309709189417e-97
0.0008751036285544977	6.918309709189417e-97
0.0008838546648400426	6.918309709189417e-97
0.0008926932114884433	6.918309709189417e-97
0.0009016201436033276	6.918309709189417e-97
0.000910636345039361	6.918309709189417e-97
0.0009197427084897545	6.918309709189417e-97
0.000928940135574652	6.918309709189417e-97
0.0009382295369303986	6.918309709189417e-97
0.0009476118322997025	6.918309709189417e-97
0.0009570879506226996	6.918309709189417e-97
0.0009666588301289266	6.918309709189417e-97
0.0009763254184302158	6.918309709189417e-97
0.000986088672614518	6.918309709189417e-97
0.000995949559340663	6.918309709189417e-97
0.0010059090549340698	6.918309709189417e-97
0.0010159681454834106	6.918309709189417e-97
0.0010261278269382446	6.918309709189417e-97
0.001036389105207627	6.918309709189417e-97
0.0010467529962597034	6.918309709189417e-97
0.0010572205262223005	6.918309709189417e-97
0.0010677927314845235	6.918309709189417e-97
0.0010784706587993686	6.918309709189417e-97
0.0010892553653873624	6.918309709189417e-97
0.001100147919041236	6.918309709189417e-97
0.0011111493982316485	6.918309709189417e-97
0.001122260892213965	6.918309709189417e-97
0.0011334835011361046	6.918309709189417e-97
0.0011448183361474655	6.918309709189417e-97
0.0011562665195089402	6.918309709189417e-97
0.0011678291847040296	6.918309709189417e-97
0.00117950747655107	6.918309709189417e-97
0.0011913025513165807	6.918309709189417e-97
0.0012032155768297464	6.918309709189417e-97
0.001215247732598044	6.918309709189417e-97
0.0012274002099240244	6.918309709189417e-97
0.0012396742120232647	6.918309709189417e-97
0.0012520709541434974	6.918309709189417e-97
0.0012645916636849323	6.918309709189417e-97
0.0012772375803217816	6.918309709189417e-97
0.0012900099561249997	6.918309709189417e-97
0.0013029100556862497	6.918309709189417e-97
0.0013159391562431121	6.918309709189417e-97
0.0013290985478055432	6.918309709189417e-97
0.0013423895332835985	6.918309709189417e-97
0.0013558134286164344	6.918309709189417e-97
0.001369371562902599	6.918309709189417e-97
0.0013830652785316248	6.918309709189417e-97
0.0013968959313169413	6.918309709189417e-97
0.0014108648906301106	6.918309709189417e-97
0.0014249735395364118	6.918309709189417e-97
0.0014392232749317758	6.918309709189417e-97
0.0014536155076810937	6.918309709189417e-97
0.0014681516627579046	6.918309709189417e-97
0.0014828331793854837	6.918309709189417e-97
0.0014976615111793384	6.918309709189417e-97
0.0015126381262911318	6.918309709189417e-97
0.0015277645075540433	6.918309709189417e-97
0.0015430421526295838	6.918309709189417e-97
0.0015584725741558797	6.918309709189417e-97
0.0015740572998974383	6.918309709189417e-97
0.0015897978728964127	6.918309709189417e-97
0.0016056958516253769	6.918309709189417e-97
0.0016217528101416306	6.918309709189417e-97
0.0016379703382430472	6.918309709189417e-97
0.0016543500416254773	6.918309709189417e-97
0.0016708935420417324	6.918309709189417e-97
0.0016876024774621495	6.918309709189417e-97
0.0017044785022367712	6.918309709189417e-97
0.0017215232872591388	6.918309709189417e-97
0.00173873852013173	6.918309709189417e-97
0.0017561259053330476	6.918309709189417e-97
0.001773687164386378	6.918309709189417e-97
0.001791424036030242	6.918309709189417e-97
0.0018093382763905443	6.918309709189417e-97
0.0018274316591544498	6.918309709189417e-97
0.0018457059757459942	6.918309709189417e-97
0.001864163035503454	6.918309709189417e-97
0.0018828046658584889	6.918309709189417e-97
0.0019016327125170737	6.918309709189417e-97
0.0019206490396422443	6.918309709189417e-97
0.001939855530038667	6.918309709189417e-97
0.0019592540853390536	6.918309709189417e-97
0.001978846626192444	6.918309709189417e-97
0.0019986350924543687	6.918309709189417e-97
0.002018621443378912	6.918309709189417e-97
0.0020388076578127016	6.918309709189417e-97
0.0020591957343908283	6.918309709189417e-97
0.002079787691734737	6.918309709189417e-97
0.0021005855686520845	6.918309709189417e-97
0.002121591424338605	6.918309709189417e-97
0.002142807338581991	6.918309709189417e-97
0.002164235411967811	6.918309709189417e-97
0.002185877766087489	6.918309709189417e-97
0.002207736543748364	6.918309709189417e-97
0.002229813909185848	6.918309709189417e-97
0.002252112048277706	6.918309709189417e-97
0.0022746331687604833	6.918309709189417e-97
0.0022973795004480884	6.918309709189417e-97
0.002320353295452569	6.918309709189417e-97
0.0023435568284070948	6.918309709189417e-97
0.0023669923966911656	6.918309709189417e-97
0.0023906623206580773	6.918309709189417e-97
0.002414568943864658	6.918309709189417e-97
0.002438714633303305	6.918309709189417e-97
0.002463101779636338	6.918309709189417e-97
0.0024877327974327013	6.918309709189417e-97
0.0025126101254070283	6.918309709189417e-97
0.0025377362266610984	6.918309709189417e-97
0.0025631135889277097	6.918309709189417e-97
0.002588744724816987	6.918309709189417e-97
0.0026146321720651564	6.918309709189417e-97
0.0026407784937858086	6.918309709189417e-97
0.0026671862787236663	6.918309709189417e-97
0.002693858141510903	6.918309709189417e-97
0.002720796722926012	6.918309709189417e-97
0.0027480046901552724	6.918309709189417e-97
0.0027754847370568252	6.918309709189417e-97
0.002803239584427393	6.918309709189417e-97
0.0028312719802716674	6.918309709189417e-97
0.002859584700074384	6.918309709189417e-97
0.002888180547075128	6.918309709189417e-97
0.002917062352545879	6.918309709189417e-97
0.002946232976071338	6.918309709189417e-97
0.0029756953058320515	6.918309709189417e-97
0.003005452258890372	6.918309709189417e-97
0.0030355067814792757	6.918309709189417e-97
0.0030658618492940683	6.918309709189417e-97
0.0030965204677870094	6.918309709189417e-97
0.003127485672464879	6.918309709189417e-97
0.003158760529189528	6.918309709189417e-97
0.0031903481344814234	6.918309709189417e-97
0.0032222516158262374	6.918309709189417e-97
0.0032544741319844995	6.918309709189417e-97
0.003287018873304345	6.918309709189417e-97
0.003319889062037388	6.918309709189417e-97
0.0033530879526577624	6.918309709189417e-97
0.0033866188321843398	6.918309709189417e-97
0.003420485020506183	6.918309709189417e-97
0.0034546898707112457	6.918309709189417e-97
0.0034892367694183577	6.918309709189417e-97
0.0035241291371125413	6.918309709189417e-97
0.003559370428483667	6.918309709189417e-97
0.0035949641327685036	6.918309709189417e-97
0.003630913774096189	6.918309709189417e-97
0.0036672229118371504	6.918309709189417e-97
0.003703895140955522	6.918309709189417e-97
0.0037409340923650774	6.918309709189417e-97
0.0037783434332887282	6.918309709189417e-97
0.0038161268676216156	6.918309709189417e-97
0.0038542881362978315	6.918309709189417e-97
0.00389283101766081	6.918309709189417e-97
0.003931759327837419	6.918309709189417e-97
0.003971076921115793	6.918309709189417e-97
0.00401078769032695	6.918309709189417e-97
0.00405089556723022	6.918309709189417e-97
0.004091404522902522	6.918309709189417e-97
0.004132318568131547	6.918309709189417e-97
0.004173641753812863	6.918309709189417e-97
0.004215378171350992	6.918309709189417e-97
0.004257531953064502	6.918309709189417e-97
0.004300107272595147	6.918309709189417e-97
0.004343108345321098	6.918309709189417e-97
0.004386539428774309	6.918309709189417e-97
0.004430404823062052	6.918309709189417e-97
0.0044747088712926725	6.918309709189417e-97
0.0045194559600056	6.918309709189417e-97
0.004564650519605655	6.918309709189417e-97
0.004610297024801712	6.918309709189417e-97
0.0046563999950497295	6.918309709189417e-97
0.004702963995000226	6.918309709189417e-97
0.004749993634950229	6.918309709189417e-97
0.004797493571299731	6.918309709189417e-97
0.004845468507012728	6.918309709189417e-97
0.004893923192082856	6.918309709189417e-97
0.004942862424003685	6.918309709189417e-97
0.004992291048243721	6.918309709189417e-97
0.005042213958726159	6.918309709189417e-97
0.00509263609831342	6.918309709189417e-97
0.005143562459296555	6.918309709189417e-97
0.0051949980838895205	6.918309709189417e-97
0.005246948064728416	6.918309709189417e-97
0.0052994175453757	6.918309709189417e-97
0.0053524117208294565	6.918309709189417e-97
0.005405935838037751	6.918309709189417e-97
0.005459995196418129	6.918309709189417e-97
0.00551459514838231	6.918309709189417e-97
0.005569741099866133	6.918309709189417e-97
0.005625438510864795	6.918309709189417e-97
0.0056816928959734425	6.918309709189417e-97
0.0057385098249331775	6.918309709189417e-97
0.005795894923182509	6.918309709189417e-97
0.0058538538724143335	6.918309709189417e-97
0.005912392411138477	6.918309709189417e-97
0.005971516335249862	6.918309709189417e-97
0.006031231498602361	6.918309709189417e-97
0.006091543813588385	6.918309709189417e-97
0.006152459251724268	6.918309709189417e-97
0.006213983844241511	6.918309709189417e-97
0.0062761236826839265	6.918309709189417e-97
0.006338884919510766	6.918309709189417e-97
0.006402273768705874	6.918309709189417e-97
0.006466296506392933	6.918309709189417e-97
0.0065309594714568625	6.918309709189417e-97
0.00659626906617143	6.918309709189417e-97
0.006662231756833144	6.918309709189417e-97
0.006728854074401477	6.918309709189417e-97
0.006796142615145492	6.918309709189417e-97
0.006864104041296946	6.918309709189417e-97
0.0069327450817099154	6.918309709189417e-97
0.007002072532527015	6.918309709189417e-97
0.007072093257852285	6.918309709189417e-97
0.007142814190430808	6.918309709189417e-97
0.007214242332335115	6.918309709189417e-97
0.007286384755658468	6.918309709189417e-97
0.007359248603215052	6.918309709189417e-97
0.0074328410892472024	6.918309709189417e-97
0.0075071695001396755	6.918309709189417e-97
0.007582241195141072	6.918309709189417e-97
0.007658063607092483	6.918309709189417e-97
0.0077346442431634075	6.918309709189417e-97
0.00781199068559504	6.918309709189417e-97
0.007890110592450992	6.918309709189417e-97
0.007969011698375503	6.918309709189417e-97
0.008048701815359258	6.918309709189417e-97
0.00812918883351285	6.918309709189417e-97
0.008210480721847978	6.918309709189417e-97
0.008292585529066457	6.918309709189417e-97
0.008375511384357123	6.918309709189417e-97
0.008459266498200694	6.918309709189417e-97
0.0085438591631827	6.918309709189417e-97
0.008629297754814528	6.918309709189417e-97
0.008715590732362674	6.918309709189417e-97
0.0088027466396863	6.918309709189417e-97
0.008890774106083164	6.918309709189417e-97
0.008979681847143995	6.918309709189417e-97
0.009069478665615435	6.918309709189417e-97
0.009160173452271589	6.918309709189417e-97
0.009251775186794306	6.918309709189417e-97
0.00934429293866225	6.918309709189417e-97
0.009437735868048872	6.918309709189417e-97
0.00953211322672936	6.918309709189417e-97
0.009627434358996654	6.918309709189417e-97
0.00972370870258662	6.918309709189417e-97
0.009820945789612486	6.918309709189417e-97
0.009919155247508612	6.918309709189417e-97
0.010018346799983698	6.918309709189417e-97
0.010118530267983535	6.918309709189417e-97
0.01021971557066337	6.918309709189417e-97
0.010321912726370003	6.918309709189417e-97
0.010425131853633704	6.918309709189417e-97
0.010529383172170042	6.918309709189417e-97
0.010634677003891741	6.918309709189417e-97
0.01074102377393066	6.918309709189417e-97
0.010848434011669966	6.918309709189417e-97
0.010956918351786665	6.918309709189417e-97
0.011066487535304531	6.918309709189417e-97
0.011177152410657577	6.918309709189417e-97
0.011288923934764154	6.918309709189417e-97
0.011401813174111796	6.918309709189417e-97
0.011515831305852913	6.918309709189417e-97
0.011630989618911442	6.918309709189417e-97
0.011747299515100557	6.918309709189417e-97
0.011864772510251562	6.918309709189417e-97
0.01198342023535408	6.918309709189417e-97
0.01210325443770762	6.918309709189417e-97
0.012224286982084696	6.918309709189417e-97
0.012346529851905543	6.918309709189417e-97
0.012469995150424597	6.918309709189417e-97
0.012594695101928843	6.918309709189417e-97
0.012720642052948133	6.918309709189417e-97
0.012847848473477615	6.918309709189417e-97
0.012976326958212391	6.918309709189417e-97
0.013106090227794513	6.918309709189417e-97
0.01323715113007246	6.918309709189417e-97
0.013369522641373184	6.918309709189417e-97
0.013503217867786917	6.918309709189417e-97
0.013638250046464786	6.918309709189417e-97
0.013774632546929434	6.918309709189417e-97
0.013912378872398727	6.918309709189417e-97
0.014051502661122714	6.918309709189417e-97
0.014192017687733944	6.918309709189417e-97
0.014333937864611283	6.918309709189417e-97
0.014477277243257397	6.918309709189417e-97
0.014622050015689971	6.918309709189417e-97
0.014768270515846869	6.918309709189417e-97
0.01491595322100534	6.918309709189417e-97
0.015065112753215391	6.918309709189417e-97
0.015215763880747546	6.918309709189417e-97
0.01536792151955502	6.918309709189417e-97
0.015521600734750573	6.918309709189417e-97
0.015676816742098077	6.918309709189417e-97
0.01583358490951906	6.918309709189417e-97
0.015991920758614248	6.918309709189417e-97
0.01615183996620039	6.918309709189417e-97
0.016313358365862396	6.918309709189417e-97
0.01647649194952102	6.918309709189417e-97
0.01664125686901623	6.918309709189417e-97
0.016807669437706393	6.918309709189417e-97
0.01697574613208346	6.918309709189417e-97
0.01714550359340429	6.918309709189417e-97
0.017316958629338335	6.918309709189417e-97
0.017490128215631718	6.918309709189417e-97
0.017665029497788035	6.918309709189417e-97
0.017841679792765918	6.918309709189417e-97
0.018020096590693577	6.918309709189417e-97
0.018200297556600513	6.918309709189417e-97
0.018382300532166516	6.918309709189417e-97
0.018566123537488183	6.918309709189417e-97
0.018751784772863066	6.918309709189417e-97
0.018939302620591698	6.918309709189417e-97
0.019128695646797613	6.918309709189417e-97
0.019319982603265586	6.918309709189417e-97
0.019513182429298243	6.918309709189417e-97
0.019708314253591225	6.918309709189417e-97
0.01990539739612714	6.918309709189417e-97
0.02010445137008841	6.918309709189417e-97
0.020305495883789295	6.918309709189417e-97
0.020508550842627187	6.918309709189417e-97
0.02071363635105346	6.918309709189417e-97
0.020920772714563995	6.918309709189417e-97
0.021129980441709634	6.918309709189417e-97
0.021341280246126734	6.918309709189417e-97
0.021554693048587998	6.918309709189417e-97
0.021770239979073878	6.918309709189417e-97
0.02198794237886462	6.918309709189417e-97
0.022207821802653266	6.918309709189417e-97
0.0224299000206798	6.918309709189417e-97
0.022654199020886594	6.918309709189417e-97
0.02288074101109546	6.918309709189417e-97
0.023109548421206418	6.918309709189417e-97
0.02334064390541848	6.918309709189417e-97
0.02357405034447267	6.946772663126546e-97
0.023809790847917393	7.280688134962603e-97
0.024047888756396567	1.1212748379876389e-96
0.024288367643960532	5.69463080064246e-96
0.02453125132040014	5.804850069757234e-95
0.024776563833604142	6.486096769146243e-94
0.025024329471940183	7.205755493668204e-93
0.025274572766659585	7.882135839786699e-92
0.02552731849432618	8.500316223478142e-91
0.02578259167926944	9.052827925864235e-90
0.02604041759606214	9.464105141817132e-89
0.026300821772022757	9.721558627265726e-88
0.02656382998974299	9.794074480813512e-87
0.026829468289640414	9.685891435976318e-86
0.027097762972536823	9.398766936463858e-85
0.027368740602262187	8.938999218316282e-84
0.02764242800828481	8.339142531867088e-83
0.027918852288367657	7.619673047928936e-82
0.028198040811251338	6.831793396157236e-81
0.02848002121936385	6.001711922721048e-80
0.02876482143155749	5.166418955362714e-79
0.029052469645873068	4.357693229509091e-78
0.029342994342331792	3.602735307758212e-77
0.029636424285755112	2.918858540182674e-76
0.029932788528612662	2.31578378428484e-75
0.030232116413898794	1.8021963239822938e-74
0.030534437578037782	1.3743917404256612e-73
0.03083978195381816	1.0280427021665278e-72
0.03114817977335634	7.538502365701156e-72
0.031459661571089904	5.420502419394836e-71
0.031774258186800804	3.8233466751325794e-70
0.03209200076866881	2.6453304914167926e-69
0.0324129207763555	1.7967115776263161e-68
0.032737049984119054	1.196556637051366e-67
0.033064420483960244	7.827495852595219e-67
0.033395064688799846	5.023116414391267e-66
0.03372901533568785	3.1707051849024417e-65
0.034066305489044726	1.964671170846103e-64
0.03440696854393517	1.1947988081281456e-63
0.034751038229374524	7.142075372622399e-63
0.03509854861166827	4.1958099500688285e-62
0.03544953409778496	2.42139881409605e-61
0.035804029438762805	1.372685085816534e-60
0.03616206973315043	7.650116828573815e-60
0.03652369043048194	4.194216212145693e-59
0.036888927334786756	2.2597134579444517e-58
0.037257816608134625	1.19808416429053e-57
0.037630394774215974	6.245426765830903e-57
0.03800669872195813	3.202578977464617e-56
0.03838676570917771	1.6165964723021844e-55
0.03877063336626949	8.028060806732458e-55
0.03915833969993219	3.9231802579054075e-54
0.03954992309693151	1.8875587224416127e-53
0.03994542232790082	8.944637927022142e-53
0.04034487655117983	4.173280295274523e-52
0.04074832531669163	1.9184405582868142e-51
0.041155808569858544	8.692528939988208e-51
0.04156736665555713	3.8804182838878163e-50
0.041983040322112704	1.7062649798194316e-49
0.04240287072533384	7.392204171641868e-49
0.04282689943258717	3.158377783567016e-48
0.04325516842691304	1.3299086588335953e-47
0.043687720111182174	5.518852630954161e-47
0.04412459731229399	2.2578507374567045e-46
0.044565843285416934	9.110073603912362e-46
0.045011501718271105	3.627242600362275e-45
0.04546161673545382	1.4234337867642843e-44
0.04591623290280836	5.482725730983504e-44
0.04637539523183644	2.1052026270853986e-43
0.046839149184154806	7.936546571451232e-43
0.04730754067599636	2.952858380605205e-42
0.047780616082756314	1.0837656632644278e-41
0.048258422243583884	3.9266147586054413e-41
0.04874100646601972	1.4533168705241744e-40
0.049228416530679914	5.4379409179026175e-40
0.04972070069598672	1.891216283810326e-39
0.05021790770294658	6.522191024700534e-39
0.050720086779976054	2.5848030110505707e-38
0.051227287647775815	8.603149083103611e-38
0.05173956052425357	2.8305106155139177e-37
0.05225695612949611	8.829936079647177e-37
0.05277952569079107	2.948563370930462e-36
0.05330732094769898	9.377918437061662e-36
0.05384039415717597	2.944743992301922e-35
0.054378798098747724	9.146055486069702e-35
0.054922586079735214	2.80846545849746e-34
0.055471811940532564	8.52600151168465e-34
0.056026530059937886	2.5593831698086022e-33
0.05658679536053727	7.599606004947975e-33
0.05715266331414264	2.232945947407201e-32
0.057724189947284066	6.488197192175649e-32
0.05830143184675691	1.8626563710979193e-31
0.05888444616522447	5.305858339500488e-31
0.05947329062687673	1.493676991855735e-30
0.0600680235331455	4.160794472083181e-30
0.06066870376847694	1.1477112694456465e-29
0.06127539080616172	3.1323944355875053e-29
0.06188814471422334	8.465772351534264e-29
0.06250702616136557	2.265975359766904e-28
0.06313209642297923	6.002117831665515e-28
0.06376341738720902	1.5748247821236633e-27
0.0644010515610811	4.0921164048342175e-27
0.06504506207669192	1.0531221169768577e-26
0.06569551269745884	2.6840191887434105e-26
0.06635246782443344	6.77392788591663e-26
0.06701599250267777	1.6937917604213699e-25
0.06768615242770455	4.1963179316819905e-25
0.06836301395198159	1.029394319577386e-24
0.06904664409150141	2.5045805885725684e-24
0.06973711053241641	6.0363185478548154e-24
0.07043448163774058	1.441501037780741e-23
0.071138826454118	3.4127856313556626e-23
0.07185021471865917	8.00598064473284e-23
0.07256871686584576	1.8624631462373358e-22
0.07329440403450421	4.293859504925346e-22
0.07402734807484926	9.817865590231442e-22
0.07476762155559775	2.223110213199117e-21
0.07551529777115373	5.003306365023533e-21
0.07627045074886526	1.1155546087605163e-20
0.07703315525635392	2.4664639506870835e-20
0.07780348680891747	5.4067766090022707e-20
0.07858152167700665	1.175490368025191e-19
0.0793673368937767	2.5355936135488484e-19
0.08016101026271447	5.429469774295663e-19
0.08096262036534162	1.1528093062283901e-18
0.08177224656899504	2.4284647120736312e-18
0.08258996903468499	5.0796216952579875e-18
0.08341586872503184	1.0529729604041482e-17
0.08425002741228216	2.168440898139776e-17
0.08509252768640499	4.429551252982681e-17
0.08594345296326904	8.982797736528328e-17
0.08680288749290173	1.80793929099383e-16
0.08767091636783074	3.613010547594626e-16
0.08854762553150905	7.1632437514609445e-16
0.08943310178682413	1.4114362956605631e-15
0.09032743280469238	2.759780547851685e-15
0.09123070713273931	7.320440569590888e-12
0.0921430142040667	2.458587917484554e-10
0.09306444434610736	1.0038414959614033e-09
0.09399508878956844	1.0193251407260943e-09
0.09493503967746413	1.2662620668227702e-09
0.09588439007423877	4.362607582688662e-09
0.09684323397498117	3.8556520188903375e-09
0.09781166631473097	1.3820465983568668e-08
0.09878978297787828	1.1894217306519489e-08
0.09977768080765707	3.311889372422772e-08
0.10077545761573364	3.328048275593623e-08
0.10178321219189097	6.415664405020379e-08
0.10280104431380988	1.5440186789633948e-07
0.10382905475694798	8.398289720454019e-07
0.10486734530451748	8.161692102967251e-07
0.10591601875756265	1.4958485010096915e-06
0.10697517894513826	2.2972925863294564e-06
0.10804493073458965	2.354370387863236e-06
0.10912538004193555	4.623114616951744e-06
0.1102166338423549	6.539927296084117e-06
0.11131880018077846	1.2383872115080099e-05
0.11243198818258625	2.9258186592550408e-05
0.11355630806441211	2.1748117505276626e-05
0.11469187114505622	2.1507093193806573e-05
0.1158387898565068	2.0617624117970523e-05
0.11699717775507186	1.0752121170087822e-05
0.11816714953262258	3.103946465743534e-05
0.1193488210279488	6.168231451615597e-05
0.1205423092382283	0.00016586606439756256
0.12174773233061058	2.5207061553894835e-05
0.12296520965391669	0.0006052001724106107
0.12419486175045587	0.0011738470454374702
0.1254368103679604	0.0013245101345059503
0.12669117847164002	0.002084796553737992
0.12795809025635643	0.002728174933266472
0.12923767115892	0.004248218903243436
0.13053004787050917	0.0075892275369622035
0.1318353483492143	0.0051324976219792855
0.13315370183270644	0.009399901010072268
0.13448523885103347	0.009098890569349956
0.13583009123954382	0.016769547514690362
0.13718839215193926	0.02450078122549485
0.13856027607345867	0.03761107436781784
0.13994587883419324	0.07551328487408017
0.14134533762253518	0.11230157269044118
0.14275879099876054	0.1484111492284572
0.14418637890874814	0.20833492311009516
0.1456282426978356	0.2961299535399953
0.147084525124814	0.32736567810525585
0.14855537037606212	0.5688866754474793
0.15004092407982272	0.771384968358941
0.15154133332062097	1.1065403223813923
0.15305674665382718	4.874599661679374
0.15458731412036547	5.7902565621884685
0.1561331872615691	16.730432245081072
0.1576945191341848	34.66272095646967
0.15927146432552666	20.629423912644953
0.16086417896878194	21.948547301619957
0.16247282075846975	45.4021118920941
0.16409754896605444	98.3839932264669
0.165738524455715	206.40707186429034
0.16739590970027216	173.33103521650781
0.16906986879727487	297.25908498744946
0.17076056748524762	358.2231585678452
0.1724681731601001	327.9188872307202
0.17419285489170108	562.7854864645226
0.1759347834406181	542.222083471719
0.1776941312750243	1164.3499934729637
0.17947107258777453	3116.6335222201824
0.18126578331365228	1162.5569907703634
0.1830784411467888	3596.900626462294
0.1849092255582567	2859.6577927464114
0.18675831781383925	2817.297302427276
0.18862590099197765	5147.214870504879
0.19051216000189744	11403.416470642138
0.1924172816019164	13042.705540824276
0.19434145441793557	23976.02585995918
0.19628486896211494	36007.67306680673
0.19824771765173607	35039.177440208296
0.20023019482825344	33973.7231416097
0.20223249677653599	35162.41526562024
0.20425482174430135	47998.47227997718
0.20629736996174433	50573.46336918857
0.20836034366136177	196603.4572827917
0.21044394709797545	202912.91835818934
0.2125483865689552	175794.5240122662
0.21467387043464475	405068.80720121093
0.21682060913899118	72061.8375229696
0.21898881523038108	139846.80781484235
0.22117870338268492	337201.1678066913
0.22339049041651174	406260.2137312467
0.22562439532067688	1284062.680640493
0.22788063927388366	955955.6318223781
0.23015944566662247	796122.0145204202
0.2324610401232887	797067.6757228537
0.2347856505245216	3544157.984834392
0.23713350702976682	1341636.0921384078
0.23950484210006448	2488100.68335576
0.24189989052106514	3187810.824211254
0.2443188894262758	4111863.897909261
0.24676207832053856	7129717.295017709
0.24922969910374396	5347364.142875974
0.2517219960947814	3928405.6362720896
0.2542392160557292	9544124.475358365
0.2567816082162865	15786627.608304065
0.25934942429844937	10313922.328275044
0.26194291854143387	26954597.582891315
0.2645623477268482	199059090.92877814
0.26720797120411666	51111158.07951644
0.26988005091615785	210523723.62484357
0.2725788514253194	23695221.00774708
0.2753046399395726	107763092.89535774
0.2780576863389684	102259765.53916521
0.28083826320235805	79495565.35187975
0.28364664583438165	92330758.62691298
0.28648311229272544	114033437.5047652
0.28934794341565273	404433143.7895282
0.29224142284980925	624476410.8986374
0.29516383707830735	568296575.244201
0.2981154754490904	414682170.52728605
0.3010966302035813	364047808.1298073
0.30410759650561714	402346400.5138143
0.3071486724706733	1535965634.8529203
0.31022015919538004	1460258479.189541
0.31332236078733383	2621103697.265676
0.3164555843952072	1563012241.2143319
0.3196201402391593	2714407587.3603287
0.3228163416415509	1579703828.9470992
0.3260445050579664	3649392886.055842
0.32930495010854605	4353423071.636736
0.3325979996096315	2122717780.2683222
0.33592397960572784	2514097861.348032
0.3392832194017851	2023011237.8045743
0.34267605159580294	2021670432.879635
0.34610281211176097	2221023402.931023
0.34956384023287856	3376685566.9305797
0.35305947863520737	3191568599.006379
0.35659007342155946	3221264012.0753403
0.36015597415577505	4072290439.352932
0.36375753389733284	2983150734.3144765
0.36739510923630614	3609807706.8894534
0.3710690603286692	3636575697.8303657
0.37477975093195587	1636172860.6034493
0.37852754844127545	5745217309.633446
0.3823128239256882	2407039047.755902
0.3861359521649451	4441907679.623647
0.38999731168659457	4937765307.671219
0.3938972848034605	7699244404.596333
0.3978362576514951	9722511390.880905
0.40181462022801007	11861279424.898685
0.4058327664302902	9768870370.698458
0.40989109409459307	10181672013.954832
0.413990005035539	12288403045.29574
0.41812990508589437	12077881175.488579
0.4223112041367534	9226295641.450544
0.4265343161781209	9060809824.36995
0.4307996593399021	4654332179.517314
0.4351076559333012	15498857842.470592
0.4394587324926342	11166686096.92806
0.4438533198175605	14374860345.877853
0.4482918530157361	18274421518.600613
0.45277477154589346	9612396776.946753
0.45730251926135246	16051038182.967205
0.46187554445396595	17910672633.683556
0.4664942998985056	16556482953.181736
0.47115924289749067	19974417788.56783
0.47587083532646557	21142954457.422226
0.48062954367973026	16380697657.387135
0.48543583911652755	18917056507.584846
0.49029019750769276	18114769207.779873
0.4951930994827697	16136248828.046612
0.5001450304775975	20043182774.405014
0.5051464807823735	17188079406.965176
0.5101979455901972	17620495336.461807
0.5152999250460991	18462099630.362904
0.5204529242965601	16734924738.68009
0.5256574535395258	21588638168.346348
0.5309140280749209	20555739407.129154
0.5362231683556702	19883137698.913555
0.541585400039227	17371868484.3662
0.5470012540396192	20340496354.86393
0.5524712665800153	22881978817.811214
0.5579959792458156	18412405134.212162
0.5635759390382737	21324512308.983524
0.5692116984286565	23600413706.514057
0.574903815412943	22841595871.298443
0.5806528535670725	23909713702.97196
0.5864593821027432	23965120983.626488
0.5923239759237707	23975318321.610348
0.5982472156830083	23893810943.96486
0.6042296878398384	23601122916.66956
0.6102719847182367	21976300724.672127
0.6163747045654192	23639705912.69664
0.6225384516110735	22261392943.445793
0.6287638361271841	22154545064.541077
0.6350514744884559	20836634448.678555
0.6414019892333406	23579647375.193813
0.6478160091256739	21989704285.454132
0.6542941692169306	19998433453.934578
0.6608371109091	19740185619.432594
0.667445482018191	22868163236.44419
0.6741199368383729	22470953487.189484
0.6808611362067567	22457305422.156044
0.6876697475688243	19370846427.076794
0.6945464450445125	21700105567.90133
0.7014919094949577	20250043737.952866
0.7085068285899072	20751638203.53248
0.7155918968758064	19870620219.70998
0.7227478158445644	19447002887.034134
0.7299752940030101	21786722802.126278
0.7372750469430401	21760523479.461086
0.7446477974124706	21277790947.134605
0.7520942753865952	20330573403.420002
0.7596152181404612	21244090397.991592
0.7672113703218658	20834445581.693142
0.7748834840250844	20659834953.988644
0.7826323188653354	20483105914.347908
0.7904586420539887	19067103244.68331
0.7983632284745286	19658588768.07121
0.8063468607592739	16904598800.151617
0.8144103293668666	19134658670.28823
0.8225544326605354	17583255977.9139
0.8307799769871407	18307939838.047215
0.8390877767570121	15804043333.593962
0.8474786545245822	18085514943.671883
0.855953441069828	17332531492.53349
0.8645129754805263	17640039338.15316
0.8731581052353315	17326171383.42962
0.8818896862876849	17758999193.52633
0.8907085831505618	17606470107.34663
0.8996156689820674	17593035312.434532
0.9086118256718881	16885950052.241234
0.917697943928607	16369091457.660168
0.926874923367893	16336998400.018122
0.936143672601572	16176674609.90989
0.9455051093275878	16157593472.486399
0.9549601604208636	15347149128.815247
0.9645097620250723	15839044997.956146
0.974154859645323	14835426619.84492
0.9838964082417763	15174107670.634686
0.9937353723241938	14649984648.769552
1.003672726047436	15258904693.90801
1.0137094533079103	15044375628.464247
1.0238465478409893	14476837011.176062
1.0340850133193993	14604440742.617361
1.0444258634525934	14144576072.889215
1.0548701220871193	14067932459.816498
1.0654188233079904	13782382714.58588
1.0760730115410704	13500342760.224316
1.086833741656481	12990700011.789377
1.097702079073046	11983970703.403927
1.1086790998637763	10930135686.509003
1.119765890862414	12713642724.681843
1.1309635497710382	12203865738.195978
1.1422731852687487	12334308764.576353
1.1536959171214363	12348506649.067066
1.1652328762926505	11490624804.117277
1.1768852050555771	12019857918.740538
1.1886540571061328	11506487875.263933
1.2005405976771941	11603810917.506578
1.2125460036539661	11421860912.188175
1.2246714636905058	11358026771.363281
1.236918178327411	10973417424.984272
1.249287360110685	10830797265.226578
1.261780233711792	9957122542.29451
1.2743980360489098	10588172123.26456
1.287142016409399	10300549585.092157
1.3000134365734928	10423532743.077452
1.3130135709392279	10271619537.651653
1.3261437066486201	10117398804.495867
1.3394051437151064	9925156751.257605
1.3527991951522575	9958639949.383947
1.36632718710378	9771578805.621902
1.3799904589748178	9654118838.255102
1.393790363564566	9474866222.796295
1.4077282672002118	9335984862.314898
1.421805549872214	8501717147.104768
1.4360236053709359	8802105950.286818
1.4503838414246453	8156074226.181206
1.464887679838892	7853932822.768242
1.4795365566372807	8249977438.547488
1.4943319222036535	8287741321.635456
1.50927524142569	8186589791.813443
1.524367993839947	8550806738.510346
1.5396116737783465	8289684959.674814
1.55500779051613	7882168802.108169
1.5705578684212913	8235316161.98294
1.5862634471055044	7737426525.946944
1.6021260815765592	7253574492.280371
1.618147342392325	7050704479.306843
1.6343288158162481	7669543292.227594
1.6506721039744106	7349828485.085453
1.6671788250141548	7192062726.796196
1.6838506132642965	6844533957.845296
1.7006891193969393	6715472364.967275
1.7176960105909087	6495116403.4019
1.7348729706968178	6220820490.931823
1.7522217004037859	6088102874.272815
1.7697439174078238	5937795139.717528
1.787441356581902	5812008896.56352
1.8053157701477214	5556626346.071114
1.8233689278491985	5397504348.41995
1.8416026171276902	5216463095.459561
1.8600186432989676	5055987917.156646
1.8786188297319568	4800834107.2730465
1.8974050180292765	4681745672.515504
1.9163790682095694	4555678210.151851
1.935542858891665	4252774774.2143826
1.9548982874805818	4184599301.3759413
1.9744472703553875	4099506645.1920414
1.9941917430589418	3870725727.934844
2.0141336604895312	3767317809.166795
2.034274997094426	3621536670.004922
2.0546177470653704	3577849460.448527
2.0751639245360245	3348518033.3872924
2.0959155637813844	3318200838.4146137
2.1168747194191986	3187234643.1340013
2.1380434666133907	3090522131.9058247
2.159423901279524	2956079897.252357
2.1810181402923194	2850764183.1190414
2.2028283216952427	2710668356.7133994
2.2248566049121954	2675865038.5146303
2.247105170961317	2594575639.9536285
2.2695762226709304	2498095039.071532
2.29227198489764	2248534155.0443664
2.315194704746616	2164453994.381974
2.3383466517940823	2175013736.1244698
2.3617301183120234	1876861729.9055638
2.3853474194951434	1791627240.0335245
2.409200893690095	1569387092.5218112
2.433292902626996	1883309197.734563
2.457625831653266	1831676566.2783325
2.4822020899697987	1351461891.7349496
2.5070241108694966	1686507413.206618
2.5320943519781918	1598238189.8238847
2.5574152954979734	1517579994.77054
2.582989448452953	1401288030.4523642
2.608819342937483	1484275557.994149
2.6349075363668577	1382520420.1447039
2.661256611730526	1350749850.2386498
2.6878691778478316	1267810808.7304912
2.7147478696263097	1230125467.3228734
2.741895348322573	1146233878.1638653
2.7693143018057986	1119114642.6882493
2.7970074448238567	1119080118.6349027
2.824977519272095	1101099725.923065
2.853227294464816	1050535119.6541781
2.8817595674094645	1033617983.1437341
2.910577163083559	997162451.9610703
2.9396829347143947	948350953.5984069
2.9690797640615387	923946632.8227038
2.998770561702154	888368509.3963758
3.0287582673191755	862640179.157595
3.0590458499923674	834280475.1678205
3.0896363084922913	769829560.1697589
3.120532671577214	771758481.2600683
3.1517379982929863	716760277.4856712
3.1832553782759163	716506932.1285878
3.215087932058675	684866087.8075204
3.2472388113792623	667993386.8479884
3.2797111994930552	606370446.121532
3.3125083114879854	619343615.413279
3.3456333946028654	596657773.3071344
3.3790897285488937	569079492.9711136
3.412880625834383	552412752.3746818
3.447009432092727	532681072.74341255
3.481479526413654	512961298.3968984
3.516294321677791	492355014.16637874
3.551457264894569	470018535.1641017
3.5869718375435142	456656044.72756964
3.6228415559189497	439695985.9160072
3.659069971478139	422832427.79765517
3.6956606711929205	406746123.7472655
3.7326172779048497	374781368.11675805
3.7699434506838982	375649431.62598073
3.8076428851907376	364704961.18415046
3.8457193140426447	351263629.5681489
3.8841765071830716	335576903.34598607
3.923018272254902	325725854.49984986
3.9622484549774506	313101319.3063654
4.001870939527225	302510938.32864064
4.041889648922498	291269452.8954989
4.082308545411722	278696656.4486258
4.1231316308658394	270009125.03557557
4.1643629471744985	255446757.79482704
4.206006576646243	249235936.06270882
4.248066642412706	240390750.57835707
4.2905473088368336	228561835.9410294
4.333452781925201	220252222.7082153
4.376787309744453	180755692.790457
4.420555182841898	169526119.4150884
4.464760734670317	174209749.46600133
4.509408342017021	168561288.13726875
4.554502425437191	158850846.2842602
4.600047449691562	138067062.86642513
4.646047924188478	154146501.17135778
4.692508403430363	124482962.02166097
4.739433487464667	140062986.902935
4.786827822339313	130898644.90205453
4.834696100562707	133286019.25515606
4.883043061568333	118382067.86190875
4.931873492184017	122916128.63876376
4.981192227105857	115818736.1200092
5.0310041493769155	120386931.09103656
5.081314190870685	106631026.32302605
5.132127332779392	95926687.59072343
5.183448606107185	101494568.21481268
5.235283092168258	95464769.55291946
5.28763592308994	99736741.65840869
5.34051228232084	92683372.09105448
5.393917405144048	90720725.15300699
5.447856579195489	89428881.90856707
5.502335144987444	82452687.10814017
5.557358496437318	82081657.89855199
5.612932081401691	77729336.32941152
5.669061402215709	76089764.33630499
5.725752016237866	74967093.69390105
5.783009536400244	70891357.89608836
5.840839631764247	70179242.52287471
5.89924802808189	65725845.71053413
5.958240508362708	64562857.7827537
6.017822913446335	61686580.633437686
6.078001142580799	58660525.31947896
6.138781154006607	57790917.67177138
6.2001689655466725	55402786.110628486
6.26217065520214	52149927.548432045
6.324792361754161	50405990.15284645
6.388040285371702	49836200.57082892
6.45192068822542	46949263.301276855
6.516439895107674	44725748.34670583
6.581604294058751	43740426.1341255
6.647420336999338	42750174.73215909
6.713894540369332	41116880.05059321
6.781033485773025	39137590.415626265
6.848843820630757	38079380.878488034
6.917332258837064	36614298.531003885
6.986505581425433	35199759.88229038
7.056370637239688	33908798.50873414
7.126934343612085	32400141.77436049
7.198203687048206	31368359.067836564
7.270185723918688	30182445.793411434
7.342887581157875	28989591.574296404
7.4163164569694535	27838752.45521195
7.490479621539149	26784359.182189956
7.56538441775454	25838512.858960133
7.641038261932086	24754481.583620217
7.717448644551407	23892344.323722817
7.794623130996921	22988850.849670835
7.872569362306891	22111508.600475024
7.9512950559299584	21257513.974804655
8.030808006489258	20447765.659231126
8.111116086554151	19672638.978312332
8.192227247419693	18919269.214121144
8.27414951989389	18173473.35468403
8.35689101509283	17436952.80691579
8.440459925243758	16833606.2949404
8.524864524496195	16166104.110974247
8.610113169741156	15570239.036098339
8.69621430143857	14975558.210122455
8.783176444452955	14402317.09620199
8.871008208897484	13839952.973565612
8.959718290986459	13313231.06682448
9.049315473896323	12808498.358297633
9.139808628635286	12144847.009769214
9.23120671492164	11848229.581371192
9.323518782070856	11390817.77903106
9.416753969891564	10953309.645849168
9.51092150959048	10534217.961060649
9.606030724686386	10127153.155055352
9.70209103193325	9738951.54399431
9.799111942252583	9356573.853550896
9.897103061675107	9011827.230161436
9.99607409229186	8660894.491148055
10.096034833214778	8301486.476227872
10.196995181546926	7891387.5387973655
10.298965133362396	7700636.021342539
10.40195478469602	7202980.214553925
10.50597433254298	7121209.441034835
10.61103407586841	6845513.858992085
10.717144416627093	6584275.628593544
10.824315860793364	6330648.101900226
10.9325590194013	6086584.108979238
11.04188460959531	5734086.483745568
11.152303455691264	5631200.179630107
11.263826490248178	5412277.415367936
11.376464755150659	5205294.426168757
11.490229402702166	5005908.487559897
11.605131696729188	4786220.313692503
11.72118301369648	4628245.184140059
11.838394843833445	4448030.24887598
11.95677879227178	4278239.282955804
12.076346580194498	4082053.7540594786
12.197110045996443	3953639.668481936
12.319081146456407	3767871.1771340403
12.44227195792097	3656226.771237837
12.566694677500182	3513931.287278703
12.692361624275183	3378658.844295011
12.819285240517933	3245787.31073796
12.947478092923113	3122196.7225752333
13.076952873852346	3002794.5507653947
13.20772240259087	2887003.216064341
13.339799626616779	2776151.138336186
13.473197622882944	2668949.018089432
13.607929599111776	2565946.966454757
13.744008895102892	2439843.4753162684
13.881448984053922	2371144.867521492
14.020263473894463	2279176.027702369
14.160466108633408	2191436.078546031
14.30207076971974	2107058.115819102
14.445091477416936	2026013.68992669
14.589542392191108	1947776.2256087197
14.735437816113018	1872300.865926458
14.88279219427415	1800150.691221885
15.03162011621689	1730651.4592057108
15.18193631737906	1649540.5216452011
15.33375568055285	1539140.567199205
15.48709323735838	1537615.2856415713
15.641964169731963	1478189.8014733784
15.798383811429284	1421015.545128762
15.956367649543576	1364972.5160756202
16.11593132603901	1308890.399699611
16.277090639299402	1262246.1835214568
16.4398615456924	1213630.4927490377
16.60426016114932	1156758.3398492686
16.770302762760814	1120752.177258174
16.938005790388424	1077868.8521007458
17.107385848292306	1036290.0358361745
17.278459706775227	994889.8306393427
17.45124430384298	951532.6545775209
17.62575674688141	918792.7462177321
17.802014314350224	849406.3249332856
17.98003445749373	850528.9554775469
18.159834802068666	817371.8335235697
18.34143315008935	785141.1005917892
18.524847481590246	754849.1609175547
18.71009595640615	726126.4775893375
18.897196915970213	696912.262631328
19.08616888512991	670865.9176424553
19.27703057398121	636466.3267865009
19.469800879721024	619862.9041933041
19.664498888518235	595596.5692503223
19.861143877403418	572648.8257982387
20.05975531617745	550393.8772177185
20.260352869339226	529115.4733731643
20.462956398032617	508439.75082294765
20.667585962012947	488806.26452110644
20.874261821633073	469786.78816897573
21.083004439849404	451574.9861311756
21.2938344842479	433891.3206738858
21.50677282909038	417003.8116680996
21.721840557381284	400982.2709050736
21.939058962955098	385111.29584216606
22.158449552584646	370455.4638194321
22.380034048110495	355443.4663470923
22.6038343885916	341682.74220013915
22.82987273247752	328796.8915331958
23.058171459802292	316077.472060794
23.288753174400313	303268.0474200087
23.521640706144318	292007.08198529214
23.75685711320576	280608.8109441341
23.99442568433782	269648.3783515781
24.234369941181196	259220.43136282958
24.476713640593008	249134.79320139452
24.72148077699894	239466.21875634973
24.968695584768927	229947.6630024982
25.21838254061662	221167.77330406872
25.470566366022787	212565.0699644143
25.725272029683012	204293.73632954003
25.982524749979845	196313.58240039705
26.242349997479643	188689.8372139617
26.50477349745444	181348.13283519534
26.769821232428985	174287.26715613613
27.037519444753272	167456.26738372576
27.307894639200807	160874.874670688
27.580973585592815	154682.7711467375
27.85678332144874	148615.28372929618
28.13535115466323	142869.0368306654
28.416704666209863	137297.002131758
28.70087171287196	131763.5588603919
28.987880430000683	126766.20793063247
29.27775923430069	121854.76181124394
29.5705368266437	117082.01046418608
29.866242194910132	112082.96630819418
30.164904616859236	108145.95786739823
30.46655366302783	103923.85054480411
30.771219199658105	99862.5570978873
31.078931391654688	95974.70497952282
31.389720705571236	92226.57702619965
31.70361791262695	88629.99182414754
32.020654091753215	85168.04494728931
32.34086063267075	81826.47251288954
32.664269238997456	78646.94580858947
32.99091193138743	75575.96820950772
33.32082105070131	72620.9957727281
33.65402926120832	69792.1004904069
33.99056955382041	67057.48686268757
34.33047524935861	64416.62407955643
34.6737800018522	61921.33992896642
35.02051780187072	59504.82730999313
35.37072297988942	57170.11392945526
35.72443020968832	54946.216265651165
36.0816745117852	52797.3789212667
36.442491256903054	50715.9514937565
36.80691616947209	48537.68599314119
37.1749853311668	46845.28418491512
37.54673518447848	45013.551301852014
37.92220253632326	43252.712414366135
38.301424561686495	41497.30326377272
38.68443880730336	39921.354265479065
39.071283195376395	38376.43918598311
39.46199602733015	36870.20299339335
39.85661598760346	35432.11940131405
40.255182147479495	34046.41228786507
40.65773396895429	32711.737387011908
41.06431130864384	31433.745895856464
41.474954421730274	30204.590837726417
41.889703965947575	29021.87679264717
42.308601005607045	27886.460549427287
42.73168701566312	26761.71672115888
43.15900388581975	25746.769776641333
43.59059392467795	24739.19184190499
44.02649986392473	23759.78489648337
44.46676486256398	22839.217057482838
44.911432511189616	21942.777940843644
45.36054683630151	21083.57312610892
45.81415230466453	20259.99682585178
46.272293827711174	19413.35077243616
46.73501676598829	18704.580782460347
47.20236693364817	17972.03142006049
47.67439060298465	17266.77180281019
48.1511345090145	16587.33885970482
48.632645854104645	15941.691205959192
49.118972312645695	15316.872066902615
49.61016203577215	14717.485160286968
50.10626365612987	14099.310880679375
50.60732629269117	13586.328358779461
51.11339955561809	13052.97271528228
51.62453355117427	12539.830200278848
52.14077888668601	12050.93078072101
52.66218667555286	11578.366485682887
53.1888085423084	11124.633470160372
53.720696627731485	10688.719251021792
54.2579035940088	10254.201041888211
54.80048262994888	9866.85304734004
55.34848745624838	9480.149159053144
55.90197233081086	8979.270890536025
56.46099205411896	8750.041073763456
57.02560197466016	8374.040234041693
57.595857994406764	8078.7173379365995
58.17181657435083	7761.676030903159
58.753534740094345	7457.596969237695
59.34107008749529	7164.907620047274
59.93448078837024	6883.793770371391
60.53382559625394	6592.092597337757
61.139163852216484	6348.760847625122
61.75055549073865	6105.743511091419
62.36806104564603	5849.6267736724185
62.99174165610249	5635.737524932253
63.62165907266352	5414.603793182474
64.25787566339015	5202.020159978018
64.90045442002406	4997.880393067242
65.54945896422429	4801.471844442608
66.20495355386655	4613.599309677095
66.8670030894052	4432.5011340239025
67.53567312029925	4258.539022726641
68.21102985150225	4091.444082301089
68.89314015001727	3930.930334811006
69.58207155151744	3776.6445669514765
70.27789226703263	3628.3704982468853
70.98067118970295	3485.9446375734983
71.69047790159998	3348.965912984157
72.40738268061598	3217.7223006996833
73.13145650742214	3091.408463018213
73.86277107249636	2969.9833755090285
74.60139878322133	2853.363225341379
75.34741277105354	2741.3469367129965
76.10088689876407	2633.7284567541537
76.86189576775172	2530.4716476526223
77.63051472542924	2431.019311018413
78.40681987268353	2335.4610784699416
79.19088807141036	2243.618845103486
79.98279695212447	2155.724924801061
80.78262492164572	2069.99726324009
81.59045117086217	1989.781964626572
82.40635568257079	1911.6210650499493
83.2304192393965	1835.631847779615
84.06272343179047	1764.4608369012221
84.90335066610837	1695.14214386513
85.75238417276945	1628.5531234369316
86.60990801449715	1564.6142462055566
87.47600709464213	1503.1080357532564
88.35076716558855	1444.1156460156344
89.23427483724443	1387.3979652393466
90.12661758561688	1332.8919057563191
91.02788376147305	1279.5571992772882
91.93816259908778	1230.1956975348544
92.85754422507867	1181.5607510376121
93.78611966732944	1134.9017387451393
94.72398086400274	1090.8543376822522
95.67122067264278	1047.9848195531658
96.6279328793692	1006.8043887601748
97.59421220816289	967.2255578208881
98.57015433024452	929.2480527882618
99.55585587354696	892.7250274650725
100.55141443228244	857.6735076760282
101.55692857660526	823.9729027170695
102.57249786237132	791.5744509732971
103.59822284099504	760.5086042097041
104.63420506940498	730.593294802794
105.68054712009904	701.8970029261662
106.73735259130001	674.3094850571346
107.80472611721302	647.8252388558744
108.88277337838517	622.3489729918515
109.97160111216901	597.9122053836545
111.0713171232907	574.4081012849653
112.1820302945236	551.8372508404385
113.30385059746884	530.1407969113807
114.43688910344353	509.30688957638677
115.58125799447797	489.2812542568253
116.73707057442275	470.05329858351917
117.90444128016698	451.57565177327467
119.08348569296865	433.83000030031786
120.27432054989835	416.7774013201875
121.47706375539732	400.3901270077481
122.6918343929513	384.6526113670191
123.91875273688082	369.5344626453166
125.15794026424962	354.9806133946102
126.40951966689211	341.04634463007875
127.67361486356103	327.64809644606873
128.95035101219665	314.7572642702891
130.2398545223186	302.3947335693325
131.5422530675418	290.500076450972
132.85767559821724	279.09211549580715
134.1862523541994	268.1114865077771
135.5281148777414	257.5737338841603
136.8833960265188	247.42788847930717
138.25222998678402	237.70295983243284
139.63475228665183	228.36785599306006
141.03109980951837	219.38888317143608
142.44141080761355	210.761251922788
143.86582491568967	202.47802369165473
145.30448316484657	194.51624448543518
146.75752799649504	186.8632338840619
148.22510327646	179.5176582655317
149.7073543092246	172.46049313101554
151.20442785231683	165.6763539985921
152.71647213084003	159.1626514076599
154.24363685214843	152.89880734811697
155.7860732206699	146.88673303650256
157.3439339528766	141.1146273961969
158.9173732924054	135.5640382568212
160.5065470253294	130.23383750323995
162.11161249558273	125.11383566456273
163.73272862053855	120.18895597062837
165.37005590674394	115.46704868518675
167.02375646581137	110.92360017997947
168.6939940304695	106.56017563259995
170.38093397077418	102.3688674597728
172.08474331048194	98.34411247312956
173.80559074358675	94.47683375251242
175.54364665102264	90.75611145299798
177.29908311753286	87.18976671982165
179.07207394870818	83.75940227339856
180.86279468819527	80.46594784753505
182.67142263507722	77.2991932044204
184.498136861428	74.26120420549368
186.34311823004228	70.59394281621054
188.2065494123427	68.53064773160312
190.08861490646612	65.8373930028104
191.98950105553078	63.24646721256329
193.9093960660861	60.758944034985866
195.84849002674696	58.36886861836172
197.80697492701444	56.07420930012526
199.78504467628457	53.866802170214825
201.78289512304744	51.74784336555739
203.8007240742779	49.71232389115658
205.83873131502068	47.758571578212006
207.8971186281709	45.87771665445817
209.9760898144526	44.07301553925233
212.07585071259714	42.338526078839905
214.19660921972311	40.67211215658203
216.33857531192032	39.07310194930996
218.50196106503955	37.53330884829573
220.68698067568994	36.060615433465244
222.89385048244685	34.64050328252895
225.12278898727132	33.27810955807098
227.37401687714402	31.967733984139027
229.64775704591545	30.710959845818238
231.94423461637462	29.50144554873289
234.2636769625384	28.34110802797704
236.60631373216376	27.224269025683018
238.9723768694854	26.1545296879247
241.36210063818024	25.125580975312086
243.77572164456208	24.13524850075293
246.21347886100767	23.186205946159564
248.67561364961776	22.27362759502258
251.16236978611394	21.398287293991427
253.67399348397507	20.556062087714427
256.21073341881487	19.746387300932646
258.772840753003	18.96970807446523
261.36056916053303	18.223164227687953
263.97417485213833	17.505898508923224
266.61391660065976	16.817560585850305
269.2800557666663	16.154301151856348
271.972856324333	15.518728344779449
274.69258488757634	14.907348346211649
277.4395107364521	14.320925717104796
280.21390584381663	13.757539249039045
283.0160449022548	13.216387328175522
285.8462053512774	12.695742159392056
288.70466740479014	12.195774426447874
291.59171407883804	11.71559985027529
294.50763121962643	11.25470277893636
297.4527075318227	10.81164203498073
300.4272346071409	10.386000585574005
303.4315069532123	9.977270636394998
306.4658220227444	9.584626299052724
309.5304802429719	9.206949825836112
312.62578504540164	8.845220011486411
315.75204289585565	8.496228153594283
318.9095633248142	8.161816697196508
322.09865895806234	7.840464363641322
325.31964554764295	7.531627519109064
328.5728420031194	7.23533207423307
331.8585704231506	6.950600988454455
335.1771561273821	6.677060641142266
338.5289276886559	6.413968973661679
341.9142169655425	6.161495156513548
345.3333591351979	5.918857754626503
348.7866927265499	5.68566291380993
352.2745596538154	5.461886285913514
355.7973052503536	5.246730397698976
359.35527830285713	5.040280617068994
362.9488310858857	4.84144709423583
366.5783193967445	4.650905144633037
370.244102590712	4.467790121135486
373.9465436166191	4.2918119521707645
377.6860090527853	4.122981134529657
381.4628691433131	3.9607957937776344
385.27749783474627	3.804629863114652
389.13027281309377	3.6546885428545757
393.02157554122465	3.5108633184176044
396.95179129663694	3.372334921599208
400.92130920960335	3.239609860777596
404.93052230169934	3.1120700544678384
408.9798275247163	2.9894866552665103
413.0696257999635	2.871799477302301
417.20032205796315	2.758493620634818
421.37232527854275	2.650028847785233
425.58604853132823	2.54564298408482
429.8419090166415	2.4453414847407338
434.14032810680794	2.349012281016743
438.481731387876	2.2563146880339433
442.86654870175477	2.167596833291159
447.2952141887724	2.082183453733343
451.76816633066005	2.0001770283064944
456.2858479939667	1.9214271020387463
460.84870647390636	1.845808169662878
465.4571935386454	1.7729429878011718
470.11176547403187	1.7031807823476113
474.8128831287721	1.6360035691400148
479.5610119600599	1.5715478790919828
484.3566220796605	1.5096422226961876
489.20018830045717	1.4501262490559195
494.09219018346164	1.3930639000822334
499.03311208529635	1.3381794265713995
504.0234432061493	1.2854513938710825
509.0636776382108	1.2348207256127988
514.1543144145928	1.1861532689560887
519.2958575587388	1.139435734899967
524.4888161343262	1.0945075836131295
529.7337042956696	1.051398982453992
535.0310413386262	1.0099726493026921
540.3813517520124	0.9701452548511076
545.7851652695325	0.931960970310522
551.2430169222279	0.8952282409585628
556.7554470914502	0.8599417376338264
562.3230015623647	0.8260508485741718
567.9462315779883	0.7935139502427372
573.6256938937682	0.7622285726798703
579.3619508327059	0.7321983674258561
585.155570341033	0.7033053225679109
591.0071260444433	0.6756169739038604
596.9171973048877	0.6489716230847653
602.8863692779366	0.6234075383105141
608.915232970716	0.5988464837104092
615.0043853004232	0.5752264059183465
621.1544291534274	0.552574167332463
627.3659734449617	0.5307484768976676
633.6396331794114	0.5098624532054872
639.9760295112054	0.48976982505150723
646.3757898063175	0.4704713121112844
652.8395477043807	0.45193236911575685
659.3679431814245	0.43411526157876246
665.9616226132388	0.41700231997163606
672.6212388393711	0.4005857910888816
679.3474512277649	0.3847784142752113
686.1409257400426	0.3696145579410349
693.002334997443	0.355035686159714
699.9323583474173	0.34104427864842685
706.9316819308915	0.3275982059926824
714.0009987502006	0.31468769937495306
721.1410087377025	0.3022805659571397
728.3524188250796	0.29037890397637495
735.6359430133303	0.27892411952462487
742.9923024434637	0.2679230412887655
750.4222254678982	0.2573683978936691
757.9264477225772	0.24721952620232668
765.505712199803	0.23747740943035736
773.1607693218011	0.22810970125961874
780.8923770150192	0.21911791416781065
788.7013007851693	0.21047914694225417
796.588313793021	0.20217135439417547
804.5541969309512	0.19421665397075807
812.5997389002607	0.18655828456274304
820.7257362892634	0.1792007839638066
828.932993652156	0.1721379511342061
837.2223235886776	0.16535551509525445
845.5945468245643	0.15883174034267286
854.0504922928101	0.15257041246232117
862.5909972157382	0.1465555978319285
871.2169071878956	0.14077662435811203
879.9290762597744	0.1352236859892396
888.7283670223723	0.12989591850492693
897.615650692596	0.12477467179304631
906.591807199522	0.11985706443292862
915.657725271517	0.11513183531836996
924.8143025242324	0.11059195781521099
934.0624455494747	0.10623344059915162
943.4030700049693	0.10204044165376197
952.8371007050191	0.09801982675983208
962.3654717120693	0.09415390280704097
971.9891264291899	0.09043693382233385
981.7090176934819	0.08687817372707214
