#wavelength	surface flux
0.676892	5893121206.606083
0.678297	5722573267.463763
0.679702	5594484590.980605
0.681109	5334046893.934311
0.682517	5252794680.17503
0.683926	5839550044.315846
0.685337	5403076409.22266
0.686749	5080217228.610439
0.688164	4953332009.597835
0.689581	5665702759.078471
0.691	5854345579.7984295
0.692422	6415145520.979363
0.693847	6876022915.129862
0.695274	7367869909.196364
0.696705	7324775269.221563
0.698139	6490661528.644039
0.699576	6747784574.406922
0.701017	6565368883.631489
0.702461	7648169883.830723
0.70391	7393962183.979637
0.705362	8034134539.705656
0.706819	6653700275.330296
0.70828	7004911652.051915
0.709745	7615981490.884645
0.711216	6736479897.42387
0.71269	5230605501.603784
0.71417	4709237319.097612
0.715655	7084912041.003744
0.717145	6869813841.747057
0.71864	6804355464.985283
0.72014	6875502339.729065
0.721647	7465061201.801864
0.723158	7599634810.690169
0.724676	8860515690.599976
0.726199	8738069134.215466
0.727728	7911054664.687909
0.729264	8536235485.857056
0.730805	9422988852.164816
0.732353	8794426009.383696
0.733907	9197307857.704443
0.735468	9248229672.890062
0.737035	9579198641.387892
0.738609	9654422905.335072
0.74019	9909819831.316162
0.741777	10111828529.8708
0.743372	10019231949.31299
0.744973	9968170842.989643
0.746582	10058461867.695574
0.748197	10211315572.88853
0.74982	10107835628.382597
0.751451	10130825031.649935
0.753088	9866103492.328053
0.754734	10241008745.237059
0.756386	10311397308.911253
0.758047	10204988566.079323
0.759715	9938300920.226013
0.76139	9950483330.611397
0.763074	9480468412.392422
0.764765	9929946193.284142
0.766464	8698044699.012787
0.768172	7969306192.007358
0.769887	8114045914.891508
0.77161	8902649952.363514
0.773341	8554129180.908543
0.775081	8472716457.428484
0.776829	9457135681.647085
0.778585	8958896214.208748
0.780349	8512550248.956039
0.782121	9102518931.622894
0.783902	7870086740.500753
0.785691	9472912194.563332
0.787489	9396518086.45194
0.789295	9509899513.689137
0.79111	9408282762.542486
0.792933	9335390114.81268
0.794764	9398579493.983532
0.796604	9574310536.298944
0.798453	9773215048.404442
0.80031	9663467150.029757
0.802176	9756002506.617855
0.804051	9745260491.928463
0.805934	9912877571.964254
0.807826	9790347865.462526
0.809727	9538161832.283024
0.811636	9919225755.901054
0.813554	10057743792.299326
0.81548	10074274625.037106
0.817416	9995177490.804388
0.81936	9566175946.05108
0.821313	9852756864.294977
0.823274	10047758072.153624
0.825244	10044819983.25202
0.827223	9955290608.566116
0.829211	9961042202.699688
0.831208	9816909955.853216
0.833213	9586685886.924538
0.835227	9683535617.66935
0.837249	9160145729.251698
0.83928	9668862695.006784
0.841321	9711795823.23922
0.843369	9063368139.185368
0.845427	9346112770.552668
0.847493	9293721392.803226
0.849567	9109676926.943508
0.851651	9350702478.420671
0.853742	8460878211.649646
0.855843	9240045569.413063
0.857952	9454009379.170282
0.86007	9548903401.085567
0.862196	9605498612.92931
0.864331	9420922831.148796
0.866474	8502962419.7056875
0.868626	8611102005.051924
0.870786	9617901716.78401
0.872955	8922161589.399492
0.875132	9355301213.121662
0.877317	9434182899.946026
0.879511	9332731033.4613
0.881713	9222583692.16695
0.883923	9247484508.08456
0.886142	9336017792.958872
0.888369	8904775885.57941
0.890604	9328213306.880993
0.892847	9382337924.270803
0.895099	9376987055.288937
0.897358	9354793362.030323
0.899626	9264715240.255098
0.901901	8483276825.255534
0.904185	8997540515.712286
0.906476	9300569612.480867
0.908776	9288190242.187716
0.911083	9233337542.570238
0.913398	9328583045.450397
0.915721	9444795961.863777
0.918051	9472685670.69032
0.92039	9294287614.062687
0.922736	9259924995.47901
0.925089	9302779815.398485
0.927451	9194123303.661156
0.929819	9162665926.040648
0.932195	9230575916.948528
0.934579	9028296120.930847
0.93697	8651187288.053692
0.939369	9037793047.635628
0.941774	8806175747.660097
0.944187	9112508680.777157
0.946607	9168130032.247078
0.949035	9178327424.580791
0.951469	9141543717.645937
0.953911	9013403926.182198
0.956359	9032225988.72872
0.958814	9059898644.35228
0.961277	9069588236.200947
0.963746	8990535274.513378
0.966222	8749765084.03785
0.968705	8727994651.010693
0.971194	8528157108.362647
0.97369	8781618897.070436
0.976193	8878744556.268473
0.978702	8931954307.739428
0.981217	8867141039.980455
0.983739	8826894526.666275
0.986268	8865939711.96659
0.988802	8777578580.542051
0.991343	8754878395.801632
0.99389	8688246714.726274
0.996444	8691563785.763857
0.999003	8254024154.085233
1.00157	8758060091.572369
1.00414	8640579868.7715
1.00672	8400684311.702059
1.0093	8669897193.63141
1.01189	8626363077.879374
1.01448	8501216065.638417
1.01708	8093315799.138957
1.01969	8398735078.238413
1.0223	8574948664.440732
1.02492	8443435518.700641
1.02754	8020860472.680573
1.03017	8242821282.3274555
1.0328	8303757235.3921
1.03544	8068173721.823511
1.03808	8259246545.739051
1.04073	8318901388.203889
1.04339	8077410310.533726
1.04604	8309734343.869607
1.04871	8399377615.101976
1.05138	8065423410.655743
1.05405	8237963909.940434
1.05673	8159521292.59835
1.05941	7960085189.248415
1.0621	8115401066.37949
1.06479	8223747032.951222
1.06749	8205271048.335464
1.07019	8215955826.848297
1.07289	7634778885.587065
1.0756	8117720701.726211
1.07832	7987880101.099332
1.08104	7953427188.913202
1.08376	7921344917.141919
1.08649	7968464844.950753
1.08922	7932019565.6608
1.09195	7877475031.567817
1.09469	7960994901.058529
1.09743	7762594052.593592
1.10018	7654096907.07117
1.10293	7766780554.77862
1.10568	7837692915.8777485
1.10844	7862146566.415902
1.1112	7870408312.7056265
1.11396	7815536138.665779
1.11673	7777825199.161048
1.1195	7666053917.363705
1.12228	7764928154.125586
1.12505	7619028975.893878
1.12783	7498489613.950965
1.13062	7705897801.085703
1.13341	7632160427.963033
1.1362	7302212023.182749
1.13899	7028725346.513567
1.14178	7532312022.00848
1.14458	7567587802.187124
1.14738	7328638424.877553
1.15019	7487122762.234948
1.153	7494938913.940289
1.1558	7487852425.863409
1.15862	7422781125.248725
1.16143	7392861841.746541
1.16425	7362554272.680754
1.16707	7344678229.284595
1.16989	7363247121.09959
1.17271	7363534641.524834
1.17554	7291149843.178715
1.17837	7297498285.331962
1.1812	7187606427.750187
1.18403	7085773437.417795
1.18686	7252201720.959004
1.1897	7209313072.24436
1.19253	7175600683.456764
1.19537	7147748156.29305
1.19822	6695275307.974316
1.20106	7129766513.354326
1.2039	7102986029.60191
1.20675	6905377718.987624
1.2096	6914070757.093493
1.21245	7040398275.922663
1.2153	7057767257.258928
1.21815	7057963126.261166
1.221	7040707821.872522
1.22385	6984809642.437283
1.22671	6947361766.110613
1.22957	6942366274.706236
1.23242	6949161883.075538
1.23528	6925407316.750166
1.23814	6879811170.517052
1.241	6837810491.884198
1.24387	6781950551.918228
1.24673	6809055697.923973
1.24959	6687749573.070781
1.25245	6782646566.739044
1.25532	6718235949.876016
1.25818	6751836403.004352
1.26105	6700506561.412079
1.26392	6552079116.387198
1.26678	6460406591.583813
1.26965	6444912959.02783
1.27252	6684156406.247957
1.27538	6669153976.54254
1.27825	6641991284.522734
1.28112	6401497691.754087
1.28399	6220201780.290396
1.28686	6476189596.280253
1.28973	6105277397.977329
1.2926	6411764094.982075
1.29546	6515628209.618597
1.29833	6462404139.312512
1.3012	6300035653.102722
1.30407	6431940112.089203
1.30694	6422208072.376842
1.30981	6399706006.125273
1.31267	6117126403.513641
1.31554	6257060473.429644
1.31841	6347786345.487937
1.32128	6368488616.270247
1.32414	6333331532.966384
1.32701	6251555509.653038
1.32987	6248335149.775087
1.33274	6178717054.100931
1.3356	6218724910.30275
1.33847	6074298106.112386
1.34133	6059274903.002301
1.34419	6125649481.914467
1.34705	6176172903.714975
1.34991	6116622971.096706
1.35277	6143529396.312606
1.35563	6126677145.259781
1.35849	6131118326.782964
1.36135	6031804582.30595
1.3642	6051511333.917637
1.36706	6048963069.335477
1.36991	6058021911.7280855
1.37277	6048349416.4059
1.37562	6050008466.538646
1.37847	5969613187.621849
1.38132	6007296133.751284
1.38417	5728059807.218484
1.38701	5776935053.484093
1.38986	5867462208.036215
1.39271	5659971894.765022
1.39555	5871769416.62389
1.39839	5844425303.81061
1.40123	5882229927.295887
1.40407	5898204772.554566
1.40691	5657906361.256046
1.40974	5544041937.835555
1.41258	5693254020.231509
1.41541	5801266492.075049
1.41824	5726698292.066358
1.42107	5723651956.243312
1.4239	5700399118.652591
1.42673	5549433262.196319
1.42955	5692392118.397874
1.43237	5676967825.59826
1.43519	5481488123.2098465
1.43801	5648679669.669853
1.44083	5693939900.964296
1.44365	5672403000.013114
1.44646	5454060737.783995
1.44927	5504500889.413203
1.45208	5553002223.237211
1.45489	5560283677.808403
1.45769	5604225887.847246
1.4605	5432725343.36306
1.4633	5405181487.314273
1.4661	5505077203.631033
1.4689	5447736898.1941595
1.47169	5484461622.949594
1.47449	5535992403.303864
1.47728	5538828866.702001
1.48007	5543217786.6719265
1.48286	5540817446.13896
1.48564	5407032393.543961
1.48842	4994998464.397217
1.4912	5159497807.2922535
1.49398	5450274038.170643
1.49676	5434942794.427889
1.49953	5357928599.751572
1.5023	4809461166.435788
1.50507	4820863421.304299
1.50784	5366753286.211987
1.51061	5395151560.012582
1.51337	5152555844.801644
1.51613	5390541071.88807
1.51888	5449585030.82749
1.52164	5403649991.368992
1.52439	5453478689.785625
1.52714	5392732679.508583
1.52989	5362396939.95651
1.53263	5395436393.786071
1.53538	5424499852.530133
1.53812	5294694272.430903
1.54086	4776979440.34249
1.54359	4825584857.300851
1.54632	5285689595.550799
1.54905	5286283568.996065
1.55178	5115834352.298163
1.5545	5215487234.428829
1.55723	5293701524.356118
1.55995	5222013419.007685
1.56266	5299225522.267165
1.56538	5285989235.911594
1.56809	5257712246.725728
1.5708	4895629219.142799
1.57351	4290415978.204788
1.57621	4417869496.657532
1.57891	4690212266.370387
1.58161	5251987703.678741
1.5843	5329750110.528544
1.587	5210696980.976817
1.58969	4963818137.598544
1.59238	5149306478.381698
1.59506	5279471977.704788
1.59774	5298153083.53742
1.60042	5240729273.089832
1.6031	5025230193.60318
1.60577	5135451477.993626
1.60844	5262865480.565699
1.61111	5133296630.873794
1.61378	5222294985.342493
1.61644	5209048828.619181
1.6191	5082949201.632769
1.62176	5057927925.466228
1.62441	5260245479.882283
1.62707	5306118470.862911
1.62971	5221193108.4126425
1.63236	5017886218.613759
1.635	4952548073.391653
1.63764	4932062317.61923
1.64028	4801136026.759331
1.64292	4695531681.328095
1.64555	4286779374.338581
1.64818	4580027056.8768835
1.65081	5062697492.39556
1.65343	5098301891.673203
1.65605	5035590502.018254
1.65867	5020949151.792872
1.66128	5038682386.593641
1.6639	4812635615.443058
1.66651	4731884960.722211
1.66911	4899739762.254516
1.67172	4793005553.733949
1.67432	4691588211.120136
1.67692	4745540206.150506
1.67951	4895611900.941746
1.68211	4828863485.168262
1.6847	4595244193.699842
1.68728	4388529524.3320055
1.68987	4687832639.685277
1.69245	4773136061.671705
1.69503	4737276782.931349
1.6976	4688647514.441846
1.70018	4568312072.0345955
1.70275	4571915721.226857
1.70531	4643262323.5616865
1.70788	4589675420.507181
1.71044	4362472811.753471
1.713	4369612320.162047
1.71556	4468393005.291025
1.71811	4350600165.380432
1.72066	4293048085.242607
1.72321	4360011226.119007
1.72575	4385726807.641679
1.7283	4348893689.219006
1.73084	4349916645.027279
1.73337	4361054794.042525
1.73591	4362636370.066066
1.73844	4328179137.290476
1.74097	4279069107.0950847
1.74349	4239603477.5464706
1.74602	4190311260.0475674
1.74854	4198229696.94639
1.75105	4198484887.2739844
1.75357	3918899576.7795424
1.75608	3953886544.0628424
1.75859	4044963201.184046
1.7611	3791667469.419277
1.7636	3780324127.9122024
1.7661	4003007120.629773
1.7686	4031305011.6069016
1.7711	4009425624.863692
1.77359	3962339006.3629746
1.77608	3853236298.506064
1.77857	3883861220.655277
1.78105	3907022054.00398
1.78354	3841227742.6551757
1.78602	3761761270.1311545
1.78849	3781874911.5296955
1.79097	3877996522.4317784
1.79344	3837425286.823078
1.79591	3790684173.120749
1.79837	3704102648.7402534
1.80084	3362617404.167736
1.8033	3379240485.1257515
1.80576	3684731816.750755
1.80821	3734707131.917656
1.81067	3692664188.211986
1.81312	3668787672.5120697
1.81557	3622444537.9640326
1.81801	3460563660.6082144
1.82046	3394715731.8671775
1.8229	3417774746.741135
1.82533	3553475998.1090317
1.82777	3528908630.606131
1.8302	3522225118.101141
1.83263	3424584113.090367
1.83506	3279145421.267998
1.83749	3374016268.521871
1.83991	3467708117.927709
1.84233	3449219294.983938
1.84475	3349000056.7854347
1.84716	3271818086.039276
1.84957	3374251997.1285872
1.85198	3439350332.2198033
1.85439	3364185232.851966
1.8568	3278631279.385619
1.8592	3282333736.780042
1.8616	3318457966.2247005
1.864	3246344572.9309754
1.86639	3109506938.9512014
1.86878	3206383949.838866
1.87118	3254197660.3091416
1.87356	3169686341.0264792
1.87595	3203677646.1815186
1.87833	3274825711.860968
1.88071	3304678802.8797693
1.88309	3311288993.2405057
1.88547	3303416955.962709
1.88784	3244576686.314447
1.89021	3129531740.1731677
1.89258	3032077788.37449
1.89494	3079389432.6769724
1.89731	3136186838.522875
1.89967	3127566625.1707015
1.90203	3129335668.9392915
1.90439	3118594503.837372
1.90674	3103893015.0258
1.90909	3126383442.7947006
1.91144	3144917122.1810603
1.91379	3153728659.1138906
1.91613	3138690668.7594004
1.91848	3115475802.7176633
1.92082	3108456175.2192388
1.92315	3092413374.623355
1.92549	3048289079.987036
1.92782	2988490891.793694
1.93015	2935977495.4475374
1.93248	2939745369.1997113
1.93481	2943915010.9485464
1.93713	2925262473.197388
1.93945	2954819458.6839457
1.94177	2932737708.1982255
1.94409	2727843128.116974
1.94641	2611134377.960266
1.94872	2731818168.0977397
1.95103	2750823857.7580233
1.95334	2803283503.9402957
1.95564	2842371352.0181017
1.95795	2869156486.41844
1.96025	2891943088.333636
1.96255	2868230439.826429
1.96484	2843236910.335253
1.96714	2818835297.6794057
1.96943	2772107116.0881915
1.97172	2733410459.2695255
1.97401	2678369620.0436854
1.97629	2527779177.1978173
1.97858	2456553086.2183294
1.98086	2535744179.7289248
1.98314	2583530107.1018376
1.98541	2561875807.575745
1.98769	2623544711.746903
1.98996	2741307803.0119276
1.99223	2756308957.0480833
1.9945	2726043613.831986
1.99677	2717480620.7380357
1.99903	2719330280.2546773
2.00129	2701569319.442058
2.00355	2681509101.722349
2.00581	2669031350.581704
2.00806	2660468034.691825
2.01031	2664725409.898281
2.01256	2689676246.44699
2.01481	2677793154.06458
2.01706	2629417753.2475057
2.0193	2578970858.093462
2.02154	2551120654.9021482
2.02378	2569334424.940723
2.02602	2554264711.36805
2.02825	2545696219.8580923
2.03049	2590226149.9062634
2.03272	2588409327.257238
2.03494	2498306015.487034
2.03717	2426279114.322068
2.03939	2447802194.0997763
2.04162	2507356229.8849545
2.04384	2537097304.0212736
2.04605	2500563968.4377303
2.04827	2441654275.9541683
2.05048	2452264081.134199
2.05269	2476472962.877906
2.0549	2471235820.9567223
2.05711	2484645677.635413
2.05931	2505324949.5282583
2.06151	2475725910.38296
2.06371	2420832383.4864535
2.06591	2412848382.866349
2.06811	2416930978.2044525
2.0703	2390758163.755295
2.07249	2392675661.09077
2.07468	2417344841.177681
2.07686	2413256079.50757
2.07905	2393708172.0474415
2.08123	2380308504.007085
2.08341	2371985493.130032
2.08559	2356935224.417954
2.08776	2335236815.075381
2.08994	2319309384.7995496
2.09211	2301541251.3939962
2.09428	2276470368.5529637
2.09645	2276234978.195164
2.09861	2295934358.6048965
2.10077	2297178414.093113
2.10293	2289053653.979404
2.10509	2283834042.539254
2.10725	2241338297.5244646
2.1094	2179867184.7007375
2.11155	2191431039.5264425
2.1137	2229995304.052796
2.11585	2219306834.7027926
2.11799	2194415938.5744824
2.12013	2179436910.884914
2.12227	2195304032.0872083
2.12441	2230698573.8654556
2.12655	2238430178.735219
2.12868	2220267987.628256
2.13081	2208741242.4432354
2.13294	2204247664.3358593
2.13507	2193954615.933194
2.13719	2184142702.426973
2.13931	2186257730.5213175
2.14143	2194991093.8759146
2.14355	2189263590.771144
2.14567	2173592753.680909
2.14778	2165082465.6435795
2.14989	2156040387.9822464
2.152	2137423890.7277324
2.1541	2117252818.1896634
2.15621	2117836502.726606
2.15831	2128005293.2718246
2.16041	2125288585.1192033
2.16251	2118115028.6573858
2.1646	2109573853.5776906
2.1667	2103939893.2757707
2.16879	2101275171.3558705
2.17087	2092851245.7297146
2.17296	2082431129.973831
2.17504	2068970195.7443366
2.17713	2056495622.97952
2.1792	2061605638.01941
2.18128	2073260229.3337243
2.18336	2076556208.5501692
2.18543	2071955753.4259171
2.1875	2061759492.3997252
2.18957	2053252296.25477
2.19163	2047484854.624707
2.1937	2039041762.904544
2.19576	2031970847.8720675
2.19782	2027373858.8976636
2.19987	2017808979.2530413
2.20193	2000096373.5279613
2.20398	1960603207.0662942
2.20603	1885992948.8766325
2.20808	1816891374.1510837
2.21012	1850321351.2747087
2.21217	1941286429.0843399
2.21421	1983351175.2176743
2.21625	1984754359.2543995
2.21828	1973768701.3139427
2.22032	1965985104.9389875
2.22235	1961152223.5164068
2.22438	1953405995.0182333
2.22641	1942307138.1270218
2.22843	1933092129.1141102
2.23046	1931107947.9248555
2.23248	1931155557.5004792
2.2345	1928825514.3418782
2.23651	1925380222.1246822
2.23853	1918627952.5947242
2.24054	1911036125.1923819
2.24255	1904106111.4143238
2.24456	1898410885.952593
2.24657	1893646637.5229986
2.24857	1890298793.6713488
2.25057	1888220997.2770288
2.25257	1885182317.594764
2.25457	1880954314.765336
2.25656	1877244896.1986983
2.25856	1872313926.3028464
2.26055	1861367426.3668952
2.26254	1844831186.6031444
2.26453	1830411109.621211
2.26651	1827513631.9285455
2.2685	1833152323.774296
2.27048	1837617268.1036217
2.27246	1835050692.1930122
2.27443	1827368031.8713744
2.27641	1815338745.3610103
2.27838	1795780846.2910287
2.28036	1769888135.8246706
2.28233	1762096379.9032629
2.28429	1775019027.145911
2.28626	1784905092.5785136
2.28823	1783938615.05203
2.29019	1773949673.3042252
2.29215	1754844542.624615
2.29411	1720020824.5970354
2.29607	1676049095.116075
2.29802	1661986587.989973
2.29998	1693404439.998388
2.30193	1729337283.6863627
2.30388	1746834235.0862002
2.30583	1748899491.987181
2.30778	1742395065.8211997
2.30972	1727556000.1429985
2.31167	1705547346.435149
2.31361	1693403444.6936562
2.31555	1696866795.5600858
2.31749	1698099219.7022164
2.31943	1651137319.1478608
2.32137	1528006786.0445497
2.32331	1396814602.7647636
2.32524	1350362861.8259404
2.32718	1400815852.539534
2.32911	1480767599.2972445
2.33104	1554259219.129627
2.33297	1573880714.9552956
2.3349	1568837388.282093
2.33683	1555924757.6304917
2.33876	1553065869.1318216
2.34068	1565529071.2163954
2.34261	1563671485.342118
2.34453	1549649745.6048095
2.34646	1555930649.6553333
2.34838	1570534318.1359744
2.3503	1561382265.7010407
2.35223	1534607767.1358433
2.35415	1519676393.7192566
2.35607	1529121076.666155
2.35799	1547467465.432282
2.35991	1551646445.075668
2.36183	1554794289.359206
2.36375	1550689665.4615805
2.36566	1504354617.21213
2.36758	1447160389.4638305
2.3695	1436119961.6045337
2.37142	1480278078.6658368
2.37334	1522136348.9591968
2.37526	1534038363.5470972
2.37718	1510379564.028582
2.3791	1470398009.8736129
2.38101	1407729227.4135382
2.38293	1350518871.4460814
2.38485	1350033322.4294775
2.38677	1409127992.44174
2.3887	1460936300.0628757
2.39062	1456726275.2438047
2.39254	1437360220.7741435
2.39446	1449723712.3800354
2.39639	1475305912.5232267
2.39831	1459214648.3970802
2.40024	1401209381.5938013
2.40216	1366888798.9500291
2.40409	1375886448.0737066
2.40602	1378013384.4639435
2.40795	1326462233.756154
2.40989	1279924074.103068
2.41182	1281153881.8107874
2.41376	1323467713.6100283
2.4157	1372751383.071653
2.41764	1413172253.2236876
2.41958	1417698012.2049053
2.42152	1380421024.3988907
2.42347	1316040004.8078945
2.42542	1241413730.2022955
2.42737	1186852843.8746698
2.42932	1189436895.1493137
2.43128	1242595990.092126
2.43324	1298203783.2064657
2.4352	1328125197.8927648
2.43717	1337293665.6364324
2.43913	1306846031.6137345
2.44111	1269889637.6536868
2.44308	1247221605.0943222
2.44506	1238978444.6721575
2.44704	1248277795.4846823
2.44903	1273162703.16816
2.45102	1257586661.1063554
2.45302	1213969676.0544932
2.45501	1213833855.607348
2.45702	1257355472.7247708
2.45903	1273646206.3493156
2.46104	1269135105.612717
2.46306	1285764202.5523324
2.46508	1317272651.1607897
2.46711	1326158543.2244027
2.46914	1307907241.42982
2.47118	1272855513.2906604
2.47322	1250127886.586649
2.47527	1250339388.5457258
2.47733	1246404152.270227
2.47939	1203281572.2695935
2.48146	1160829871.9013536
2.48354	1158769052.8720655
2.48562	1147696305.1821094
2.48771	1097471630.6913798
2.4898	1055254970.3986095
2.49191	1052762410.1560555
2.49402	1095265102.7162383
2.49614	1156696610.7332816
2.49826	1164406288.8791065
2.5004	1119111976.4816146
2.50254	1087634896.3191595
2.50469	1092369987.5789187
2.50685	1107071302.319684
2.50902	1122111448.2516499
2.5112	1124984309.7535021
2.51339	1095909856.5825827
2.51558	1067619159.7578633
2.51779	1081514325.6259103
2.52001	1108953098.1775262
2.52224	1112934402.1253102
2.52448	1079891219.3609834
2.52672	1017368096.5303365
2.52898	955788905.0451452
2.53126	956636667.8456032
2.53354	994626182.0982047
2.53583	977381695.1751755
2.53814	919603476.5494086
2.54046	901304512.554013
