#wavelength	surface flux
0.428837	55526.76550766686
0.43312537	38422.838989133765
0.43745662370000005	32359.172592797026
0.4418311899370001	31822.47403191763
0.44624950183637	49304.674007825895
0.4507119968547338	85511.79674695444
0.45521911682328114	305322.68289091985
0.4597713079915139	2844843.173190952
0.4643690210714291	2982676.170681171
0.4690127112821433	3089417.7074915282
0.47370283839496474	3392178.107645003
0.47843986677891437	3486387.366391173
0.48322426544670355	2564864.1130080954
0.48805650810117057	2024356.5348344033
0.4929370731821824	1081606.734263049
0.49786644391400414	900504.915830717
0.5028451083531442	558501.161619301
0.5078735594366757	477764.6728853278
0.5129522950310424	526969.1343823203
0.5180818179813528	510307.8338395742
0.5232626361611664	639945.1804418223
0.5284952625227781	780267.0043326194
0.5337802151480058	893939.8406416627
0.5391180172994858	1199059.022910548
0.5445091974724807	1575087.4125465644
0.5499542894472055	1823649.3359768626
0.5554538323416777	3174976.294439505
0.5610083706650945	6472437.1964837145
0.5666184543717453	7339675.793851474
0.5722846389154628	4653625.911548298
0.5780074853046174	1356250.662037335
0.5837875601576636	244491.65374647558
0.5896254357592402	5142.732198412689
0.5955216901168326	416941.2866038893
0.6014769070180009	2743664.478476679
0.607491676088181	7207381.111283048
0.6135665928490629	7265537.519878977
0.6197022587775535	12135273.372124823
0.625899281365329	18884721.217173222
0.6321582741789823	19791995.18097901
0.6384798569207721	32213167.30961775
0.6448646554899798	37297735.23285086
0.6513133020448797	29861791.659093585
0.6578264350653285	29579156.279420488
0.6644046994159818	30705539.68907509
0.6710487464101416	19351938.91236297
0.677759233874243	43441231.058795474
0.6845368262129854	42900758.13471392
0.6913821944751153	35858690.631754905
0.6982960164198664	39859505.099167205
0.7052789765840651	40148557.4401227
0.7123317663499058	46261086.32811657
0.7194550840134049	62984523.39064545
0.7266496348535388	75457105.23571868
0.7339161312020743	79038561.59743142
0.741255292514095	35573383.10837031
0.748667845439236	29549181.600736767
0.7561545238936284	24137418.09726623
0.7637160691325647	3466515.868472853
0.7713532298238903	2359265.66969691
0.7790667621221293	29210593.943732597
0.7868574297433505	47814598.01111854
0.7947260040407841	25783160.0138433
0.8026732640811919	46567922.904364266
0.8106999967220039	91740752.39338927
0.8188069966892239	136730353.36790383
0.8269950666561161	197448039.81769672
0.8352650173226772	219140683.8995739
0.8436176674959041	220064005.99614927
0.852053844170863	201042017.5231822
0.8605743826125718	122532875.35339363
0.8691801264386976	94642745.8903757
0.8778719277030844	122913656.89160702
0.8866506469801153	156195612.71125346
0.8955171534499164	204163128.1314746
0.9044723249844157	291280807.2678933
0.9135170482342599	407497407.3329022
0.9226522187166025	370831332.5422677
0.9318787409037684	295975111.7329745
0.941197528312806	308125231.1068513
0.9506095035959342	301710199.36454284
0.9601155986318936	242112773.23561576
0.9697167546182125	291493037.5638317
0.9794139221643946	357013727.51847726
0.9892080613860387	331104495.75309485
0.9991001419998989	308648082.4044926
1.0090911434198981	316064147.3178347
1.019182054854097	395732722.46036893
1.0293738754026378	365513311.2163595
1.0396676141566643	534275645.88418084
1.050064290298231	316171141.3770751
1.0605649332012133	255582216.1923802
1.0711705825332256	416808049.10868376
1.0818822883585577	613293804.0409198
1.0927011112421434	643098465.9372206
1.1036281223545648	491944599.46994525
1.1146644035781104	505681547.4497436
1.1258110476138916	494436967.75855327
1.1370691580900303	345437246.93757975
1.1484398496709307	604791329.0769633
1.1599242481676402	520071174.1634489
1.1715234906493166	377474080.1047507
1.1832387255558097	436145171.4650031
1.1950711128113678	536265910.39184237
1.2070218239394814	670360333.9365098
1.2190920421788762	803104798.5109437
1.2312829626006652	908993756.7427646
1.2435957922266716	671967853.516537
1.2560317501489384	836868004.5819361
1.2685920676504279	984851978.8217543
1.281277988326932	1029934052.3763475
1.2940907682102014	972911600.7416252
1.3070316758923035	973972788.3619624
1.3201019926512265	837814711.8796443
1.3333030125777388	271278539.0864887
1.3466360427035162	89220830.38262884
1.3601024031305513	85299943.78493264
1.373703427161857	120103033.80852744
1.3874404614334754	66050017.137786455
1.4013148660478103	89698268.59374355
1.4153280147082883	68031295.2861473
1.4294812948553712	87956049.81713869
1.443776107803925	99378340.31697272
1.4582138688819641	139146407.88274643
1.4727960075707838	152650574.25613636
1.4875239676464918	169651745.21966028
1.5023992073229566	220402427.13771388
1.5174231993961862	256607283.12572783
1.532597431390148	302042856.128985
1.5479234057040496	354780909.5362196
1.5634026397610903	411160300.13242507
1.579036666158701	475201925.03538907
1.594827032820288	554772436.6868635
1.610775303148491	620321742.3530976
1.6268830561799759	664446851.6142856
1.6431518867417756	689243701.3395574
1.6595834056091934	687992718.9688512
1.6761792396652853	704924833.0365826
1.6929410320619382	598916151.296341
1.7098704423825577	469055989.32711077
1.7269691468063835	336252081.60087204
1.744238838274447	217409045.79451007
1.7616812266571917	150462970.81923872
1.7792980389237634	88378601.42898664
1.7970910193130012	66253616.75293874
1.815061929506131	43287617.5822964
1.8332125488011928	50565612.1292497
1.8515446742892046	51455636.67851773
1.8700601210320964	58869878.9740178
1.8887607222424174	80322468.49100108
1.9076483294648416	80060403.90253308
1.92672481275949	46896847.327430956
1.9459920608870853	54501504.900609694
1.9654519814959561	60659955.15455444
1.9851065013109155	80404369.23016134
2.0049575663240247	92547469.64069778
2.025007141987265	116922758.06807473
2.0452572134071376	139660785.56718752
2.065709785541209	175119670.75527164
2.086366883396621	192303017.12595204
2.107230552230587	219647977.99796137
2.1283028577528933	244763061.4487292
2.1495858863304225	252958470.89482656
2.1710817451937263	252253034.30001026
2.1927925626456637	243625934.74609947
2.2147204882721203	232581933.666636
2.2368676931548412	219797735.76078418
2.25923637008639	202665471.47351772
2.281828733787254	186419723.42030466
2.3046470211251266	67233149.75796534
2.327693491336378	67667120.26699358
2.3509704262497415	87537496.99860282
2.374480130512239	75151710.96261533
2.3982249318173614	76084581.28420207
2.4222071811355352	67908953.40244879
2.4464292529468903	52346199.226839565
2.4708935454763594	36434612.8004032
2.4956024809311232	25019963.575416554
2.5205585057404343	16535925.245177833
2.5457640907978387	13234391.814051216
2.5712217317058172	15179806.147096027
2.5969339490228753	13690092.68353049
2.622903288513104	18250383.92669658
2.6491323213982354	27478145.836269137
2.6756236446122177	10833060.773430783
2.7023798810583397	14592169.73486571
2.729403679868923	19386398.283416864
2.7566977166676123	17404956.207695413
2.7842646938342885	16809958.634470075
2.812107340772631	13707112.522251036
2.8402284141803578	19884425.318693865
2.8686306983221614	17633358.900102124
2.897317005305383	20289692.1218238
2.926290175358437	23170375.43526134
2.9555530771120213	23383059.835456304
2.9851086078831415	26311901.499254916
3.014959693961973	32409419.97187428
3.0451092909015927	32843035.421510596
3.0755603838106085	38505087.5087959
3.1063159876487147	38543883.58727865
3.137379147525202	36869039.919687435
3.168752939000454	36069742.91954488
3.200440468390459	34966691.82540166
3.232444873074363	41626391.67204281
3.264769321805107	49948485.18659986
3.297417015023158	51577703.96171038
3.330391185173389	23044718.31954551
3.3636950970251234	45334929.27594069
3.397332047995375	48219419.12886751
3.4313053684753285	49013306.25792916
3.465618422160081	49799158.91438476
3.5002746063816828	52427481.42567549
3.5352773524454997	58148032.87433465
3.570630125969955	60205416.90756945
3.606336427229654	65445974.82235732
3.6423997915019504	69353664.42592227
3.67882378941697	71290247.66082503
3.7156120273111397	76883104.10624796
3.7527681475842516	77642140.90270285
3.7902958290600934	79645143.61337654
3.8281987873506953	78294899.61187524
3.8664807752242023	80596961.31312528
3.905145582976444	77648972.69352552
3.9441970388062084	74875678.93456155
3.983639009194271	68362028.33023265
4.023475399286213	60988041.32123568
4.063710153279075	55399177.27065956
4.1043472548118665	47354383.98831355
4.145390727359985	41076636.30752324
4.186844634633585	36336046.742518105
4.2287130809799205	30254543.197372735
4.27100021178972	24875695.83394614
4.313710213907617	21813650.715907242
4.356847316046694	16661912.180404762
4.40041578920716	10694109.029916823
4.444419947099232	7555688.818994323
4.488864146570225	5904918.7092527915
4.533752788035927	4923622.140178037
4.579090315916286	4433880.957893152
4.624881219075449	5153698.120935819
4.671130031266204	7152193.865983388
4.717841331578866	5206031.146225438
4.765019744894654	4655048.058218714
4.812669942343601	4833389.144541414
4.8607966417670365	5046593.348339595
4.9094046081847065	5629352.702107182
4.958498654266554	6224591.103470674
5.008083640809219	7019708.475098969
5.058164477217312	8071387.63648551
5.108746121989485	8517492.28446792
5.15983358320938	8347602.785902135
5.211431919041474	7769204.887635786
5.263546238231889	8500513.107079944
5.316181700614208	8397428.899803456
5.36934351762035	6735842.67425076
5.423036952796553	6195436.984892634
5.4772673223245185	6191685.228810731
5.532039995547764	6404858.774871778
5.587360395503242	5283263.740474459
5.643233999458275	5562754.031765302
5.6996663394528575	5458160.254232009
5.756663002847385	5169592.706331066
5.814229632875859	5144896.352844275
5.872371929204618	4900039.2330953
5.931095648496664	4637848.828740756
5.990406604981631	5465021.886369389
6.050310671031448	4392966.704339442
6.110813777741763	5826750.905017087
6.17192191551918	5053458.1356720235
6.233641134674372	7051003.931905838
6.295977546021115	7533142.830120806
6.358937321481327	5965089.570158937
6.42252669469614	3382478.8719787174
6.486751961643101	3081171.4546763864
6.551619481259532	3247820.401188024
6.617135676072128	2692238.6594259827
6.683307032832849	3262115.4224506617
6.750140103161177	3424601.0737107918
6.81764150419279	3143848.825877977
6.885817919234718	3118581.946336929
6.954676098427065	3078497.693170123
7.024222859411336	2855348.477155948
7.094465088005449	3081845.8133692658
7.165409738885503	2683758.8908785745
7.237063836274358	2815556.049657337
7.309434474637103	2898306.7632918917
7.382528819383473	2761783.9366026125
7.456354107577308	2409799.689792182
7.530917648653081	3026148.8992925477
7.606226825139612	2318091.7250269167
7.682289093391009	2702495.7636593534
7.759111984324918	2285998.6760180756
7.836703104168168	2669232.5961131654
7.91507013520985	2439843.653136027
7.994220836561947	2882146.937248444
8.074163044927568	2596966.759163793
8.154904675376844	2486098.358829057
8.23645372213061	2689039.3888585223
8.318818259351918	2703098.284007972
8.402006441945437	2813517.2408816144
8.486026506364892	2645700.9359000437
8.57088677142854	2814428.3822899177
8.656595639142825	2816492.360642604
8.743161595534254	2677656.4331817357
8.830593211489598	2741774.304179837
8.918899143604493	2883528.635572814
9.00808813504054	2664961.4218625273
9.098169016390944	2680887.635366985
9.189150706554853	2706807.6974999546
9.281042213620402	2625278.094842587
9.373852635756606	2584362.4862140883
9.467591162114172	2289745.519289406
9.562267073735315	2564501.1012519896
9.657889744472667	2380754.2801384656
9.754468641917395	2514335.0231334264
9.852013328336568	2107933.538228817
9.950533461619933	2128187.8550663157
10.050038796236134	2155025.261592347
10.150539184198495	2143981.458227989
10.252044576040479	2020480.836407382
10.354565021800884	1646986.0065034751
10.458110672018893	1528071.5242436042
10.562691778739081	1737044.7994726787
10.668318696526473	1768625.0790604707
10.775001883491738	1645003.321008606
10.882751902326655	1430959.124124048
10.991579421349924	1162582.5117654328
11.101495215563421	1407668.523276232
11.212510167719055	1365159.5854343479
11.324635269396246	1218499.4986718327
11.43788162209021	1298901.5201572105
11.552260438311112	1072093.727448526
11.667783042694223	957406.0518303424
11.784460873121166	940313.219699052
11.902305481852377	1033785.361422756
12.0213285366709	991942.87011367
12.14154182203761	940933.8680476085
12.262957240257986	821385.5685655663
12.385586812660566	726380.6753014248
12.509442680787172	718367.1473454125
12.634537107595044	732475.3369611992
12.760882478670995	708008.1257012077
12.888491303457704	717469.0571256481
13.01737621649228	613296.5532174078
13.147549978657205	609278.5682815438
13.279025478443776	541229.3042156871
13.411815733228213	537237.264872746
13.545933890560496	514535.02314394846
13.681393229466101	505729.5593509356
13.818207161760762	493443.1073256504
13.956389233378369	465727.6242530282
14.095953125712155	482549.0441787619
14.236912656969274	389204.21365036943
14.379281783538968	379892.232419441
14.523074601374358	361531.17161050224
14.6683053473881	370076.15346517664
14.814988400861985	354592.5482208898
14.963138284870602	312239.19946703507
15.11276966771931	331407.44858297345
15.263897364396504	352486.20475078264
15.41653633804047	286553.27248736034
15.570701701420873	261596.7980979701
15.726408718435081	248224.34226176416
15.883672805619431	298406.55473206704
16.042509533675627	228895.38850902297
16.202934629012383	233586.83911134888
16.36496397530251	214844.0802882805
16.528613615055534	214937.76766379713
16.69389975120609	188120.85111011713
16.86083874871815	219345.24966827632
17.02944713620533	184619.77725729038
17.199741607567383	171506.79086554292
17.37173902364306	156281.8687812324
17.54545641387949	177538.0193601613
17.720910978018285	154932.8698615131
17.898120087798468	148682.59172792296
18.077101288676452	148043.093927183
18.257872301563214	138586.6050007193
18.44045102457885	134768.6199462298
18.62485553482464	120951.05142369594
18.811104090172883	129650.1765438984
18.999215131074614	114151.7072578469
19.189207282385357	124245.88620088695
19.381099355209216	102532.36074319252
19.574910348761303	97720.74605911324
19.77065945224892	102626.33826997432
19.968366046771408	92377.03179427664
20.16804970723912	102381.48538754636
20.369730204311512	84809.76285329438
20.573427506354626	82284.75049643061
20.779161781418175	87779.87594621142
20.98695339923236	75937.583736955
21.19682293322468	76850.99082709521
21.408791162556927	68869.17955249273
21.622879074182496	69129.50848583606
21.839107864924323	66848.61592885554
22.057498943573567	67878.39101369055
22.278073933009303	64626.835521956666
22.500854672339393	55665.05151904402
22.72586321906279	68476.18321548258
22.953121851253417	52261.576060659376
23.18265306976595	66804.25980439254
23.41447960046361	60151.89999911003
23.648624396468247	46523.358902304935
23.88511064043293	43972.24415728545
24.12396174683726	53933.014044885174
24.365201364305634	55534.49496996504
24.608853377948687	49309.72832185293
24.854941911728176	45578.76534851922
25.103491330845458	36276.68640805378
25.354526244153913	35661.41251387649
25.608071506595454	38932.57029995275
25.864152221661406	42406.38384905054
26.122793743878024	36607.65152982426
26.384021681316803	38177.732459393505
26.64786189812997	28879.61163595167
26.91434051711127	29554.136668851563
27.18348392228238	33415.65649710313
27.455318761505207	39028.75633349108
27.72987194912026	33510.80380714116
28.007170668611465	25911.473362892048
28.28724237529758	23527.05620824687
28.57011479905055	22257.674568207865
28.855815947041062	26837.84545996389
29.144374106511474	24661.496022187235
29.435817847576587	22657.3163187058
29.730176026052348	22124.760633664406
30.027477786312875	22493.24506430943
30.327752564176006	19287.38588139278
30.631030089817763	17530.745500264642
30.93734039071594	17671.18982624252
31.246713794623105	17730.902484954666
31.559180932569333	18594.216145908853
31.874772741895026	17379.769257890104
32.19352046931398	17158.5015839271
32.51545567400712	18493.61237941458
32.84061023074719	13588.578928390012
33.169016333054664	12708.705929838405
33.500706496385206	13949.412944887605
33.83571356134906	14207.643948230902
34.17407069696255	13750.691358051008
34.51581140393218	12251.512193629113
34.8609695179715	11422.359565276574
35.209579213151216	10861.937501013936
35.56167500528272	10311.458725124317
35.917291755335555	9713.794375556488
36.27646467288891	9895.152558935693
36.639229319617804	10343.088882500675
37.005621612813975	9852.074051909505
37.37567782894212	8735.524920212229
37.74943460723154	8513.523450995015
38.12692895330385	9508.435109178834
38.5081982428369	9714.603603657299
38.893280225265265	8179.084780915217
39.28221302751791	6918.569375041849
39.6750351577931	6742.553737820078
40.071785509371026	6548.032657329585
40.47250336446474	6256.07016054754
40.87722839810939	6284.487403328357
41.28600068209048	6263.621104769759
41.69886068891139	6990.9942662312005
42.1158492958005	6677.277438725677
42.53700778875851	6336.7559107547495
42.962377866646094	5193.196214661145
43.392001645312554	4870.412716487932
43.825921661765676	4686.195075976797
44.264180878383335	4565.024420249386
44.70682268716717	4531.098207229119
45.15389091403884	4430.303315041877
45.60542982317923	4520.678153306319
46.06148412141103	4332.294269824506
46.52209896262513	3852.6752276142856
46.98731995225138	3613.49488813781
47.4571931517739	3579.5515918900373
47.93176508329164	3639.9658747472026
48.411082734124555	3498.141758922005
48.8951935614658	3196.29983582703
49.38414549708046	2992.020438876211
49.877986952051266	2840.0923249073285
50.37676682157178	2731.03236095979
50.88053448978749	2629.322379972878
51.38933983468537	2531.3401655320886
51.903233233032225	2436.969559390835
52.422265565362544	2346.0693835225497
52.946488221016175	2258.5069034905873
53.47595310322633	2174.194131083601
54.010712634258596	2092.98009973195
54.550819760601186	2014.7620710066606
55.0963279582072	1939.4341070436599
55.647291237789275	1866.8868804594772
56.20376415016716	1797.027568209717
56.765801791668835	1729.7473693480067
57.33345980958552	1664.960386937979
57.906794407681375	1602.5747633845122
58.48586235175819	1542.494203663499
59.070720975275776	1484.6519726498875
59.661428185028534	1428.9448923667683
60.25804246687882	1375.314751466173
60.860622891547614	1323.6700732084746
61.46922912046309	1273.944276812622
62.083921411667724	1226.073337493971
62.7047606257844	1179.974763351253
63.331808232042235	1135.6006174184542
63.965126314362664	1092.8742497254423
64.60477757750628	1051.7378331494842
65.25082535328136	1012.1380912453621
65.90333360681416	974.0106032433123
66.56236694288232	937.31007449475
67.22799061231113	901.9798705391385
67.90027051843424	867.9659644725384
68.57927322361859	835.2265273087994
69.26506595585477	803.7044683489116
69.95771661541333	773.3677189059005
70.65729378156746	744.1646215403953
71.36386671938313	716.0557799114495
72.07750538657696	688.997354632995
72.79828044044274	662.9516692548796
73.52626324484716	637.8840562053988
74.26152587729563	613.7553730218899
75.00414113606858	590.5344746376048
75.75418254742928	568.181951343414
76.51172437290357	546.6687598234006
77.27684161663261	525.9663824449096
78.04961003279894	506.03738714248345
78.83010613312693	486.86140372167404
79.6184071944582	468.40533410946045
80.41459126640278	450.64265575845525
81.2187371790668	433.5504056517621
82.03092455085748	417.0995605902874
82.85123379636605	401.27028891796846
83.6797461343297	386.0361013954284
84.51654359567301	371.3758118429772
85.36170903162974	357.269425283831
86.21532612194603	343.69344745227437
87.0774793831655	330.6317050419773
87.94825417699715	318.0615915539063
88.82773671876713	305.9667609526437
89.71601408595481	294.3289107772693
90.61317422681435	283.129411220229
91.5193059690825	272.3552264313415
92.43449902877332	261.98662729735275
93.35884401906105	252.01137098359675
94.29243245925167	242.41310514968364
95.23535678384418	233.17743699293925
96.18771035168264	224.29298350604205
97.14958745519945	215.74349849496787
98.12108332975144	207.51885386893414
99.10229416304895	199.60549204627748
100.09331710467946	191.99124269006367
101.09425027572625	184.66771849319824
102.10519277848351	177.619775727352
103.12624470626835	170.84045286505935
104.15750715333104	164.31861804647392
105.19908222486436	158.0433082762227
106.251073047113	152.00758124747645
107.31358377758411	146.20047703823442
108.38671961535997	140.6138859595368
109.47058681151356	135.23940745164958
110.56529267962868	130.0702336721997
111.670945606425	125.09698721204758
112.78765506248922	120.31197109681955
113.91553161311414	115.7102753780311
115.05468692924526	111.2833575095335
116.20523379853773	107.02475807405717
117.3672861365231	102.92829747125666
118.54095899788834	98.98768722853337
119.72636858786721	95.19786371787535
120.92363227374591	91.55164859026539
122.13286859648336	88.04513890988696
123.35419728244818	84.6717906147219
124.58773925527268	81.42728819721675
125.8336166478254	78.30652674237335
127.09195281430365	75.30483505038003
128.36287234244668	72.41793044405642
129.64650106587118	69.64064416476384
130.94296607652987	66.96973705367654
132.2523957372952	64.40099204436973
133.57491969466813	61.93006541486948
134.91066889161482	59.55340590024121
136.25977558053097	57.26787035042868
137.62237333633627	55.06935617509523
138.99859706969963	52.95521498780297
140.3885830403966	50.921579861579986
141.7924688708006	48.9661453139311
143.21039355950862	47.085285978172706
144.6424974951037	45.27622001247266
146.08892247005474	43.53669714529526
147.54981169475528	41.863360092814595
149.02530981170284	40.25442824463358
150.51556290981986	38.70686974606806
152.02071853891806	37.218707227076834
153.54092572430724	35.7875270694205
155.0763349815503	34.41119459095113
156.62709833136583	33.087623203117126
158.1933693146795	31.81462986000116
159.7753030078263	30.59062461194941
161.37305603790455	29.41343830025968
162.98678659828357	28.281371059854823
164.61665446426645	27.19282958471684
166.2628210089091	26.145886774236747
167.92544921899818	25.139196109133653
169.6047037111882	24.171121636802535
171.30075074830006	23.240229549297847
173.01375825578305	22.345139051833517
174.7438958383409	21.484231308993618
176.4913347967243	20.656517802704858
178.25624814469154	19.860522460027354
180.03881062613846	19.095121091218633
181.83919873239986	18.359229454759515
183.65759071972386	17.651442839247867
185.4941666269211	16.970965084161573
187.34910829319028	16.316609321048624
189.2225993761222	15.687351344889716
191.11482536988342	15.082372945719404
193.02597362358225	14.500604462108575
194.9562333598181	13.94128008870922
196.90579569341628	13.403410207664377
198.87485365035045	12.886256106229073
200.86360218685394	12.389008846715987
202.87223820872248	11.91086690920952
204.9009605908097	11.451149144655929
206.9499701967178	11.009106444365367
209.019469898685	10.584105883285511
211.10966459767184	10.175453877154828
213.22076124364855	9.78248935228452
215.35296885608506	9.404759551664744
217.5064985446459	9.041515291741625
219.68156353009238	8.692260363879596
221.87837916539328	8.356505087601944
224.09716295704723	8.033629480811486
226.3381345866177	7.723216304088991
228.60151593248386	7.424795483498052
230.8875310918087	7.137857328730795
233.19640640272678	6.861970164870653
235.5283704667541	6.59674850595567
237.88365417142165	6.341754581933464
240.26249071313583	6.096583049882798
242.66511562026722	5.860843211463641
245.09176677646988	5.634239150489415
247.54268444423457	5.41633059555985
250.01811128867692	5.2068624336200005
252.51829240156368	5.0054609766153595
255.04347532557935	4.811863071562234
257.59391007883517	4.625708351689644
260.16984917962344	4.446750620474954
262.77154767141974	4.274707033426632
265.3992631481339	4.109278502108158
268.05325577961526	3.950274200599451
270.73378833741145	3.7973928574712805
273.4411262207856	3.6504103231267897
276.1755374829934	3.5091201407489874
278.93729285782337	3.3732723788112136
281.72666578640155	3.24269043460357
284.5439324442656	3.117132696454796
287.38937176870826	2.996444049647446
290.26326548639537	2.8804094526342343
293.1658981412593	2.768863476325319
296.0975571226719	2.6616288940524497
