0.600000	2.74000e+06
0.601200	3.32117e+06
0.602402	3.91761e+06
0.603607	4.45532e+06
0.604814	4.94927e+06
0.606024	5.55379e+06
0.607236	6.14289e+06
0.608450	6.17727e+06
0.609667	5.57873e+06
0.610887	5.61366e+06
0.612108	5.98406e+06
0.613333	6.32991e+06
0.614559	6.52176e+06
0.615788	6.68324e+06
0.617020	6.96568e+06
0.618254	7.14160e+06
0.619491	7.46520e+06
0.620729	8.05760e+06
0.621971	8.35105e+06
0.623215	8.49659e+06
0.624461	8.92377e+06
0.625710	9.54425e+06
0.626962	1.01419e+07
0.628215	1.06227e+07
0.629472	1.07231e+07
0.630731	1.05508e+07
0.631992	1.07468e+07
0.633256	1.12106e+07
0.634523	1.15644e+07
0.635792	1.18150e+07
0.637063	1.26058e+07
0.638337	1.33868e+07
0.639614	1.38911e+07
0.640893	1.39796e+07
0.642175	1.35820e+07
0.643459	1.41245e+07
0.644746	1.49066e+07
0.646036	1.51489e+07
0.647328	1.46072e+07
0.648623	1.37770e+07
0.649920	1.38446e+07
0.651220	1.43832e+07
0.652522	1.47893e+07
0.653827	1.46751e+07
0.655135	1.45838e+07
0.656445	1.47119e+07
0.657758	1.50161e+07
0.659073	1.56190e+07
0.660391	1.58165e+07
0.661712	1.56654e+07
0.663036	1.55853e+07
0.664362	1.58730e+07
0.665690	1.59003e+07
0.667022	1.59710e+07
0.668356	1.53688e+07
0.669692	1.22522e+07
0.671032	1.11461e+07
0.672374	1.45254e+07
0.673719	1.66508e+07
0.675066	1.74249e+07
0.676416	1.85003e+07
0.677769	1.88972e+07
0.679124	1.88219e+07
0.680483	1.88771e+07
0.681844	1.93533e+07
0.683207	1.99818e+07
0.684574	2.02220e+07
0.685943	2.10356e+07
0.687315	2.18805e+07
0.688689	2.20465e+07
0.690067	2.07155e+07
0.691447	2.00928e+07
0.692830	2.07137e+07
0.694215	2.16720e+07
0.695604	2.24225e+07
0.696995	2.25420e+07
0.698389	2.23017e+07
0.699786	2.25128e+07
0.701185	2.32179e+07
0.702587	2.35797e+07
0.703993	2.33279e+07
0.705401	2.21104e+07
0.706811	2.15609e+07
0.708225	2.18972e+07
0.709641	2.19748e+07
0.711061	2.22722e+07
0.712483	2.28137e+07
0.713908	2.32633e+07
0.715336	2.39195e+07
0.716766	2.47901e+07
0.718200	2.59306e+07
0.719636	2.70224e+07
0.721075	2.77709e+07
0.722517	2.87600e+07
0.723962	2.98214e+07
0.725410	3.10060e+07
0.726861	3.17384e+07
0.728315	3.20919e+07
0.729771	3.31618e+07
0.731231	3.48316e+07
0.732693	3.60392e+07
0.734159	3.49248e+07
0.735627	3.14733e+07
0.737098	2.89209e+07
0.738573	2.79530e+07
0.740050	2.81768e+07
0.741530	2.82450e+07
0.743013	2.71869e+07
0.744499	2.60229e+07
0.745988	2.58353e+07
0.747480	2.64029e+07
0.748975	2.68485e+07
0.750473	2.66761e+07
0.751974	2.65695e+07
0.753477	2.66688e+07
0.754984	2.61730e+07
0.756494	2.47757e+07
0.758007	2.22242e+07
0.759523	1.85102e+07
0.761042	1.39136e+07
0.762564	8.39011e+06
0.764089	3.55526e+06
0.765618	871096.
0.767149	189432.
0.768683	241124.
0.770220	836727.
0.771761	3.85859e+06
0.773304	9.85439e+06
0.774851	1.68221e+07
0.776401	2.27484e+07
0.777953	2.67048e+07
0.779509	2.80258e+07
0.781068	3.19824e+07
0.782630	3.74882e+07
0.784196	3.98589e+07
0.785764	3.77874e+07
0.787336	3.50286e+07
0.788910	3.53863e+07
0.790488	3.53425e+07
0.792069	3.31771e+07
0.793653	2.56350e+07
0.795240	2.27559e+07
0.796831	3.12573e+07
0.798424	3.50218e+07
0.800021	3.58128e+07
0.801621	3.78892e+07
0.803224	4.04279e+07
0.804831	4.26376e+07
0.806440	4.52454e+07
0.808053	4.83310e+07
0.809669	5.16445e+07
0.811289	5.48470e+07
0.812911	5.77015e+07
0.814537	6.06074e+07
0.816166	6.29664e+07
0.817798	6.34107e+07
0.819434	6.39541e+07
0.821073	6.57793e+07
0.822715	6.75743e+07
0.824360	6.95767e+07
0.826009	7.06376e+07
0.827661	7.09184e+07
0.829316	7.14162e+07
0.830975	7.23282e+07
0.832637	7.36802e+07
0.834302	7.47788e+07
0.835971	7.56294e+07
0.837643	7.65381e+07
0.839318	7.73624e+07
0.840996	7.79383e+07
0.842678	7.81062e+07
0.844364	7.67802e+07
0.846052	7.56529e+07
0.847745	7.68653e+07
0.849440	7.79275e+07
0.851139	7.75882e+07
0.852841	7.68050e+07
0.854547	7.50852e+07
0.856256	7.20611e+07
0.857968	7.12960e+07
0.859684	7.09864e+07
0.861404	6.69812e+07
0.863126	6.40993e+07
0.864853	6.46247e+07
0.866582	6.60472e+07
0.868315	6.66441e+07
0.870052	6.64173e+07
0.871792	6.80438e+07
0.873536	7.05438e+07
0.875283	7.23833e+07
0.877033	7.47354e+07
0.878787	7.64419e+07
0.880545	7.70030e+07
0.882306	7.91946e+07
0.884070	8.19282e+07
0.885839	8.19369e+07
0.887610	8.02916e+07
0.889385	8.02006e+07
0.891164	8.22770e+07
0.892946	8.50900e+07
0.894732	8.82332e+07
0.896522	9.16201e+07
0.898315	9.41993e+07
0.900111	9.66133e+07
0.901912	9.95124e+07
0.903715	1.01805e+08
0.905523	1.02951e+08
0.907334	1.04426e+08
0.909148	1.06432e+08
0.910967	1.08521e+08
0.912789	1.10740e+08
0.914614	1.12211e+08
0.916443	1.12831e+08
0.918276	1.13358e+08
0.920113	1.13551e+08
0.921953	1.12601e+08
0.923797	1.11555e+08
0.925644	1.09516e+08
0.927496	1.05193e+08
0.929351	1.02135e+08
0.931209	1.05031e+08
0.933072	1.07149e+08
0.934938	1.07777e+08
0.936808	1.09147e+08
0.938681	1.10703e+08
0.940559	1.11603e+08
0.942440	1.10850e+08
0.944325	1.08636e+08
0.946213	1.09064e+08
0.948106	1.10362e+08
0.950002	1.10907e+08
0.951902	1.11614e+08
0.953806	1.11914e+08
0.955713	1.12638e+08
0.957625	1.10938e+08
0.959540	1.08506e+08
0.961459	1.07502e+08
0.963382	1.07987e+08
0.965308	1.10197e+08
0.967239	1.11879e+08
0.969174	1.14053e+08
0.971112	1.18075e+08
0.973054	1.21158e+08
0.975000	1.22083e+08
0.976950	1.23257e+08
0.978904	1.25342e+08
0.980862	1.26389e+08
0.982824	1.27899e+08
0.984789	1.30836e+08
0.986759	1.32545e+08
0.988732	1.29890e+08
0.990710	1.23366e+08
0.992691	1.22217e+08
0.994676	1.30036e+08
0.996666	1.34550e+08
0.998659	1.32628e+08
1.00066	1.30618e+08
1.00266	1.30686e+08
1.00466	1.31488e+08
1.00667	1.33107e+08
1.00869	1.36674e+08
1.01070	1.38219e+08
1.01272	1.38461e+08
1.01475	1.39527e+08
1.01678	1.43344e+08
1.01881	1.46950e+08
1.02085	1.45882e+08
1.02289	1.44238e+08
1.02494	1.44251e+08
1.02699	1.44417e+08
1.02904	1.46743e+08
1.03110	1.49199e+08
1.03316	1.53249e+08
1.03523	1.56720e+08
1.03730	1.58566e+08
1.03937	1.58522e+08
1.04145	1.57213e+08
1.04353	1.55679e+08
1.04562	1.52995e+08
1.04771	1.49278e+08
1.04981	1.46336e+08
1.05191	1.44192e+08
1.05401	1.42810e+08
1.05612	1.42038e+08
1.05823	1.41588e+08
1.06035	1.42166e+08
1.06247	1.45071e+08
1.06459	1.48984e+08
1.06672	1.52902e+08
1.06886	1.55982e+08
1.07099	1.58946e+08
1.07314	1.62709e+08
1.07528	1.65627e+08
1.07743	1.67812e+08
1.07959	1.69886e+08
1.08175	1.71917e+08
1.08391	1.72763e+08
1.08608	1.73278e+08
1.08825	1.74210e+08
1.09043	1.74149e+08
1.09261	1.72856e+08
1.09479	1.71715e+08
1.09698	1.71820e+08
1.09918	1.70653e+08
1.10137	1.65241e+08
1.10358	1.59026e+08
1.10578	1.57181e+08
1.10800	1.63762e+08
1.11021	1.62823e+08
1.11243	1.58334e+08
1.11466	1.60392e+08
1.11689	1.62461e+08
1.11912	1.62025e+08
1.12136	1.56581e+08
1.12360	1.53632e+08
1.12585	1.58331e+08
1.12810	1.65901e+08
1.13036	1.63143e+08
1.13262	1.51082e+08
1.13488	1.46121e+08
1.13715	1.54503e+08
1.13943	1.62942e+08
1.14170	1.66340e+08
1.14399	1.66284e+08
1.14628	1.71966e+08
1.14857	1.76388e+08
1.15087	1.72060e+08
1.15317	1.64859e+08
1.15547	1.65263e+08
1.15778	1.67515e+08
1.16010	1.66869e+08
1.16242	1.68644e+08
1.16475	1.71278e+08
1.16707	1.69175e+08
1.16941	1.64661e+08
1.17175	1.65916e+08
1.17409	1.67319e+08
1.17644	1.66132e+08
1.17879	1.69844e+08
1.18115	1.75532e+08
1.18351	1.80228e+08
1.18588	1.83065e+08
1.18825	1.82401e+08
1.19063	1.83086e+08
1.19301	1.87859e+08
1.19539	1.91070e+08
1.19778	1.91105e+08
1.20018	1.92439e+08
1.20258	1.95444e+08
1.20499	1.98284e+08
1.20740	1.99552e+08
1.20981	1.99417e+08
1.21223	2.00459e+08
1.21465	2.03059e+08
1.21708	2.05230e+08
1.21952	2.06799e+08
1.22196	2.08395e+08
1.22440	2.10013e+08
1.22685	2.11073e+08
1.22930	2.11505e+08
1.23176	2.12010e+08
1.23423	2.13038e+08
1.23669	2.14295e+08
1.23917	2.13713e+08
1.24165	2.08560e+08
1.24413	2.07871e+08
1.24662	2.14176e+08
1.24911	2.11611e+08
1.25161	1.99593e+08
1.25411	2.04353e+08
1.25662	2.17164e+08
1.25913	2.19684e+08
1.26165	2.19252e+08
1.26417	2.19021e+08
1.26670	2.19451e+08
1.26924	2.20215e+08
1.27177	2.20574e+08
1.27432	2.21074e+08
1.27687	2.21605e+08
1.27942	2.21455e+08
1.28198	2.21234e+08
1.28454	2.21580e+08
1.28711	2.21452e+08
1.28969	2.20078e+08
1.29227	2.19894e+08
1.29485	2.20669e+08
1.29744	2.21175e+08
1.30003	2.20585e+08
1.30263	2.20894e+08
1.30524	2.21754e+08
1.30785	2.22008e+08
1.31047	2.22331e+08
1.31309	2.21289e+08
1.31571	2.20553e+08
1.31834	2.20332e+08
1.32098	2.19344e+08
1.32362	2.14377e+08
1.32627	2.09114e+08
1.32892	2.01552e+08
1.33158	1.73367e+08
1.33424	1.40895e+08
1.33691	1.06161e+08
1.33959	7.45467e+07
1.34227	7.33826e+07
1.34495	9.60383e+07
1.34764	9.23858e+07
1.35033	6.37948e+07
1.35304	5.02777e+07
1.35574	7.14327e+07
1.35845	9.09200e+07
1.36117	8.07461e+07
1.36389	8.79057e+07
1.36662	1.01768e+08
1.36935	1.00209e+08
1.37209	1.07573e+08
1.37484	1.15159e+08
1.37759	1.11454e+08
1.38034	8.19698e+07
1.38310	5.57199e+07
1.38587	6.42446e+07
1.38864	7.67731e+07
1.39142	7.85962e+07
1.39420	8.65282e+07
1.39699	8.14464e+07
1.39978	7.74272e+07
1.40258	9.71405e+07
1.40539	1.14928e+08
1.40820	1.08824e+08
1.41101	8.03243e+07
1.41384	6.74542e+07
1.41666	7.71875e+07
1.41950	8.10467e+07
1.42234	7.80318e+07
1.42518	7.89732e+07
1.42803	9.61721e+07
1.43089	9.10414e+07
1.43375	8.18322e+07
1.43662	8.60581e+07
1.43949	8.33442e+07
1.44237	9.97161e+07
1.44525	1.03872e+08
1.44814	1.09935e+08
1.45104	1.20710e+08
1.45394	1.21951e+08
1.45685	1.25911e+08
1.45976	1.36356e+08
1.46268	1.38780e+08
1.46561	1.38398e+08
1.46854	1.34644e+08
1.47148	1.37873e+08
1.47442	1.41111e+08
1.47737	1.42190e+08
1.48032	1.39812e+08
1.48328	1.44476e+08
1.48625	1.50488e+08
1.48922	1.49091e+08
1.49220	1.51537e+08
1.49518	1.54499e+08
1.49817	1.62445e+08
1.50117	1.70396e+08
1.50417	1.74301e+08
1.50718	1.73147e+08
1.51020	1.71550e+08
1.51322	1.77221e+08
1.51624	1.81679e+08
1.51927	1.85804e+08
1.52231	1.94446e+08
1.52536	1.94456e+08
1.52841	1.91712e+08
1.53147	1.94795e+08
1.53453	1.99561e+08
1.53760	2.00021e+08
1.54067	2.00083e+08
1.54375	2.02607e+08
1.54684	2.06612e+08
1.54993	2.08102e+08
1.55303	2.08307e+08
1.55614	2.09018e+08
1.55925	2.10088e+08
1.56237	2.12246e+08
1.56550	2.14653e+08
1.56863	2.17178e+08
1.57176	2.18162e+08
1.57491	2.18702e+08
1.57806	2.19022e+08
1.58121	2.20094e+08
1.58438	2.22836e+08
1.58754	2.24422e+08
1.59072	2.24585e+08
1.59390	2.25012e+08
1.59709	2.25285e+08
1.60028	2.25879e+08
1.60348	2.26770e+08
1.60669	2.27274e+08
1.60990	2.27935e+08
1.61312	2.28276e+08
1.61635	2.28492e+08
1.61958	2.28470e+08
1.62282	2.29278e+08
1.62607	2.30178e+08
1.62932	2.30105e+08
1.63258	2.29661e+08
1.63584	2.30540e+08
1.63911	2.31012e+08
1.64239	2.30757e+08
1.64568	2.31096e+08
1.64897	2.30899e+08
1.65227	2.30375e+08
1.65557	2.30718e+08
1.65888	2.30356e+08
1.66220	2.29566e+08
1.66552	2.29309e+08
1.66886	2.28477e+08
1.67219	2.28937e+08
1.67554	2.30240e+08
1.67889	2.30506e+08
1.68225	2.30241e+08
1.68561	2.29106e+08
1.68898	2.26496e+08
1.69236	2.24395e+08
1.69574	2.22962e+08
1.69914	2.22504e+08
1.70253	2.22365e+08
1.70594	2.21103e+08
1.70935	2.18328e+08
1.71277	2.15362e+08
1.71620	2.12207e+08
1.71963	2.09574e+08
1.72307	2.06808e+08
1.72651	2.03520e+08
1.72997	1.98456e+08
1.73343	1.92717e+08
1.73689	1.87702e+08
1.74037	1.80343e+08
1.74385	1.72565e+08
1.74733	1.69572e+08
1.75083	1.62759e+08
1.75433	1.41661e+08
1.75784	1.35783e+08
1.76136	1.44684e+08
1.76488	1.43813e+08
1.76841	1.29002e+08
1.77194	1.19495e+08
1.77549	1.03590e+08
1.77904	9.29157e+07
1.78260	9.15006e+07
1.78616	8.31207e+07
1.78973	7.58185e+07
1.79331	7.46483e+07
1.79690	7.45478e+07
1.80049	6.68469e+07
1.80410	5.58485e+07
1.80770	5.05838e+07
1.81132	4.76726e+07
1.81494	4.65855e+07
1.81857	4.75309e+07
1.82221	4.83195e+07
1.82585	4.86873e+07
1.82950	5.27023e+07
1.83316	5.62095e+07
1.83683	5.69172e+07
1.84050	7.15364e+07
1.84418	7.85624e+07
1.84787	6.89914e+07
1.85157	5.47626e+07
1.85527	4.67956e+07
1.85898	4.59669e+07
1.86270	4.64562e+07
1.86642	6.17638e+07
1.87016	6.71644e+07
1.87390	6.46499e+07
1.87765	7.35702e+07
1.88140	8.13436e+07
1.88516	8.20558e+07
1.88893	8.67485e+07
1.89271	9.16342e+07
1.89650	9.61925e+07
1.90029	8.24136e+07
1.90409	7.72820e+07
1.90790	9.07613e+07
1.91171	7.99988e+07
1.91554	6.52293e+07
1.91937	5.40239e+07
1.92321	4.69176e+07
1.92705	5.05059e+07
1.93091	5.50430e+07
1.93477	6.20136e+07
1.93864	6.31739e+07
1.94252	5.96681e+07
1.94640	5.66919e+07
1.95029	5.85442e+07
1.95419	4.95765e+07
1.95810	4.52807e+07
1.96202	5.28643e+07
1.96594	6.73203e+07
1.96988	8.07970e+07
1.97382	7.54650e+07
1.97776	7.17736e+07
1.98172	8.07185e+07
1.98568	9.19616e+07
1.98965	8.58086e+07
1.99363	8.54812e+07
1.99762	8.78387e+07
2.00161	9.37100e+07
2.00562	1.02654e+08
2.00963	1.04391e+08
2.01365	1.07585e+08
2.01768	1.08286e+08
2.02171	1.19006e+08
2.02575	1.25589e+08
2.02981	1.23682e+08
2.03386	1.26607e+08
2.03793	1.29540e+08
2.04201	1.33053e+08
2.04609	1.40802e+08
2.05018	1.45713e+08
2.05428	1.45967e+08
2.05839	1.52515e+08
2.06251	1.54142e+08
2.06663	1.58278e+08
2.07077	1.62382e+08
2.07491	1.60193e+08
2.07906	1.60485e+08
2.08322	1.62207e+08
2.08738	1.63720e+08
2.09156	1.66315e+08
2.09574	1.68345e+08
2.09993	1.69233e+08
2.10413	1.68713e+08
2.10834	1.69383e+08
2.11256	1.72105e+08
2.11678	1.72603e+08
2.12102	1.72992e+08
2.12526	1.73853e+08
2.12951	1.73977e+08
2.13377	1.74185e+08
2.13804	1.73456e+08
2.14231	1.73237e+08
2.14660	1.73667e+08
2.15089	1.72774e+08
2.15519	1.72903e+08
2.15950	1.73212e+08
2.16382	1.72513e+08
2.16815	1.71782e+08
2.17248	1.70774e+08
2.17683	1.69765e+08
2.18118	1.69903e+08
2.18554	1.69810e+08
2.18992	1.68827e+08
2.19430	1.66954e+08
2.19868	1.64965e+08
2.20308	1.63633e+08
2.20749	1.63437e+08
2.21190	1.63854e+08
2.21633	1.63153e+08
2.22076	1.61768e+08
2.22520	1.61122e+08
2.22965	1.60357e+08
2.23411	1.59671e+08
2.23858	1.58430e+08
2.24306	1.55508e+08
2.24754	1.53281e+08
2.25204	1.52529e+08
2.25654	1.52492e+08
2.26105	1.51705e+08
2.26558	1.48576e+08
2.27011	1.46859e+08
2.27465	1.47675e+08
2.27920	1.46609e+08
2.28375	1.46008e+08
2.28832	1.42318e+08
2.29290	1.21660e+08
2.29748	9.38007e+07
2.30208	7.50740e+07
2.30668	6.67468e+07
2.31130	6.59468e+07
2.31592	6.60617e+07
2.32055	6.66194e+07
2.32519	7.23958e+07
2.32984	7.23642e+07
2.33450	7.10927e+07
2.33917	8.02226e+07
2.34385	9.19362e+07
2.34854	9.51965e+07
2.35323	8.80540e+07
2.35794	8.24275e+07
2.36266	8.36012e+07
2.36738	8.40042e+07
2.37212	8.15422e+07
2.37686	7.66195e+07
2.38161	7.51343e+07
2.38638	7.59590e+07
2.39115	7.92244e+07
2.39593	8.13387e+07
2.40072	8.03366e+07
2.40552	7.88738e+07
2.41034	7.79873e+07
2.41516	7.61529e+07
2.41999	7.40756e+07
2.42483	7.16859e+07
2.42968	6.96446e+07
2.43454	6.69459e+07
2.43940	6.31739e+07
2.44428	5.63908e+07
2.44917	5.15765e+07
2.45407	5.21385e+07
2.45898	5.19678e+07
2.46390	4.84235e+07
2.46882	4.06002e+07
2.47376	3.18780e+07
2.47871	2.93461e+07
2.48367	3.17764e+07
2.48863	2.85118e+07
2.49361	2.61831e+07
2.49860	2.37901e+07
2.50359	2.22270e+07
2.50860	2.63398e+07
2.51362	2.08721e+07
2.51865	1.48245e+07
2.52368	1.63311e+07
2.52873	1.81647e+07
2.53379	1.48125e+07
2.53886	1.38526e+07
2.54393	1.31872e+07
2.54902	1.25944e+07
2.55412	1.39272e+07
