0.600000	4.22038e+06
0.601200	5.35222e+06
0.602402	6.56763e+06
0.603607	7.82803e+06
0.604814	9.10013e+06
0.606024	1.02735e+07
0.607236	1.12051e+07
0.608450	1.18061e+07
0.609667	1.21652e+07
0.610887	1.25881e+07
0.612108	1.32421e+07
0.613333	1.41080e+07
0.614559	1.49944e+07
0.615788	1.57816e+07
0.617020	1.64897e+07
0.618254	1.72139e+07
0.619491	1.80273e+07
0.620729	1.88953e+07
0.621971	1.97413e+07
0.623215	2.06536e+07
0.624461	2.17620e+07
0.625710	2.30613e+07
0.626962	2.42300e+07
0.628215	2.50060e+07
0.629472	2.53328e+07
0.630731	2.54358e+07
0.631992	2.57441e+07
0.633256	2.64151e+07
0.634523	2.75211e+07
0.635792	2.90500e+07
0.637063	3.08830e+07
0.638337	3.25988e+07
0.639614	3.38576e+07
0.640893	3.46286e+07
0.642175	3.51387e+07
0.643459	3.57459e+07
0.644746	3.63026e+07
0.646036	3.65816e+07
0.647328	3.65785e+07
0.648623	3.66835e+07
0.649920	3.71008e+07
0.651220	3.76732e+07
0.652522	3.81933e+07
0.653827	3.85259e+07
0.655135	3.87811e+07
0.656445	3.91273e+07
0.657758	3.96130e+07
0.659073	4.00824e+07
0.660391	4.02670e+07
0.661712	4.00967e+07
0.663036	3.96994e+07
0.664362	3.92343e+07
0.665690	3.82638e+07
0.667022	3.63842e+07
0.668356	3.37435e+07
0.669692	3.13419e+07
0.671032	3.09564e+07
0.672374	3.31922e+07
0.673719	3.67707e+07
0.675066	4.03779e+07
0.676416	4.28685e+07
0.677769	4.41204e+07
0.679124	4.46307e+07
0.680483	4.48566e+07
0.681844	4.52642e+07
0.683207	4.59863e+07
0.684574	4.68973e+07
0.685943	4.78891e+07
0.687315	4.84063e+07
0.688689	4.83613e+07
0.690067	4.80886e+07
0.691447	4.86524e+07
0.692830	5.04380e+07
0.694215	5.30650e+07
0.695604	5.58384e+07
0.696995	5.80978e+07
0.698389	5.97722e+07
0.699786	6.09619e+07
0.701185	6.16420e+07
0.702587	6.14556e+07
0.703993	6.03292e+07
0.705401	5.86322e+07
0.706811	5.70165e+07
0.708225	5.60528e+07
0.709641	5.58169e+07
0.711061	5.61318e+07
0.712483	5.68860e+07
0.713908	5.79990e+07
0.715336	5.94763e+07
0.716766	6.12468e+07
0.718200	6.31983e+07
0.719636	6.51602e+07
0.721075	6.70671e+07
0.722517	6.89741e+07
0.723962	7.08470e+07
0.725410	7.26707e+07
0.726861	7.44973e+07
0.728315	7.65344e+07
0.729771	7.88379e+07
0.731231	8.09615e+07
0.732693	8.16806e+07
0.734159	8.03356e+07
0.735627	7.73137e+07
0.737098	7.38229e+07
0.738573	7.10920e+07
0.740050	6.91845e+07
0.741530	6.73064e+07
0.743013	6.50762e+07
0.744499	6.27632e+07
0.745988	6.08336e+07
0.747480	5.94261e+07
0.748975	5.82185e+07
0.750473	5.67060e+07
0.751974	5.45492e+07
0.753477	5.15192e+07
0.754984	4.72877e+07
0.756494	4.17092e+07
0.758007	3.49327e+07
0.759523	2.73150e+07
0.761042	1.96976e+07
0.762564	1.27712e+07
0.764089	7.38639e+06
0.765618	3.84755e+06
0.767149	2.17912e+06
0.768683	2.30647e+06
0.770220	4.37406e+06
0.771761	8.64436e+06
0.773304	1.50927e+07
0.774851	2.31832e+07
0.776401	3.17165e+07
0.777953	4.01346e+07
0.779509	4.84427e+07
0.781068	5.68636e+07
0.782630	6.46736e+07
0.784196	7.02895e+07
0.785764	7.30740e+07
0.787336	7.34393e+07
0.788910	7.19021e+07
0.790488	6.82716e+07
0.792069	6.29914e+07
0.793653	5.88409e+07
0.795240	5.83863e+07
0.796831	6.25871e+07
0.798424	6.94584e+07
0.800021	7.69276e+07
0.801621	8.45149e+07
0.803224	9.26205e+07
0.804831	1.01384e+08
0.806440	1.10839e+08
0.808053	1.20866e+08
0.809669	1.30993e+08
0.811289	1.40479e+08
0.812911	1.47880e+08
0.814537	1.51704e+08
0.816166	1.51877e+08
0.817798	1.51191e+08
0.819434	1.52817e+08
0.821073	1.58377e+08
0.822715	1.66120e+08
0.824360	1.72626e+08
0.826009	1.76355e+08
0.827661	1.77901e+08
0.829316	1.78615e+08
0.830975	1.79878e+08
0.832637	1.81859e+08
0.834302	1.84038e+08
0.835971	1.86031e+08
0.837643	1.87355e+08
0.839318	1.87603e+08
0.840996	1.85998e+08
0.842678	1.82386e+08
0.844364	1.77793e+08
0.846052	1.73767e+08
0.847745	1.71802e+08
0.849440	1.71523e+08
0.851139	1.72033e+08
0.852841	1.72327e+08
0.854547	1.72027e+08
0.856256	1.70782e+08
0.857968	1.68315e+08
0.859684	1.64522e+08
0.861404	1.59918e+08
0.863126	1.56341e+08
0.864853	1.54830e+08
0.866582	1.54985e+08
0.868315	1.55995e+08
0.870052	1.57586e+08
0.871792	1.60456e+08
0.873536	1.65141e+08
0.875283	1.71149e+08
0.877033	1.77282e+08
0.878787	1.82706e+08
0.880545	1.87025e+08
0.882306	1.89762e+08
0.884070	1.90318e+08
0.885839	1.88700e+08
0.887610	1.86390e+08
0.889385	1.86115e+08
0.891164	1.89035e+08
0.892946	1.94854e+08
0.894732	2.02699e+08
0.896522	2.11513e+08
0.898315	2.20677e+08
0.900111	2.29481e+08
0.901912	2.37510e+08
0.903715	2.44548e+08
0.905523	2.50967e+08
0.907334	2.57888e+08
0.909148	2.66044e+08
0.910967	2.75247e+08
0.912789	2.84555e+08
0.914614	2.92128e+08
0.916443	2.96763e+08
0.918276	2.97103e+08
0.920113	2.93237e+08
0.921953	2.86193e+08
0.923797	2.78692e+08
0.925644	2.72186e+08
0.927496	2.67760e+08
0.929351	2.65449e+08
0.931209	2.65357e+08
0.933072	2.66881e+08
0.934938	2.69281e+08
0.936808	2.72080e+08
0.938681	2.75136e+08
0.940559	2.78142e+08
0.942440	2.80898e+08
0.944325	2.83436e+08
0.946213	2.86475e+08
0.948106	2.90089e+08
0.950002	2.93769e+08
0.951902	2.96817e+08
0.953806	2.98590e+08
0.955713	2.98917e+08
0.957625	2.97928e+08
0.959540	2.96821e+08
0.961459	2.96970e+08
0.963382	2.99543e+08
0.965308	3.04462e+08
0.967239	3.10345e+08
0.969174	3.15927e+08
0.971112	3.19794e+08
0.973054	3.21688e+08
0.975000	3.22735e+08
0.976950	3.24064e+08
0.978904	3.26055e+08
0.980862	3.28147e+08
0.982824	3.28642e+08
0.984789	3.25581e+08
0.986759	3.15520e+08
0.988732	2.98821e+08
0.990710	2.82074e+08
0.992691	2.72170e+08
0.994676	2.71772e+08
0.996666	2.74705e+08
0.998659	2.76004e+08
1.00066	2.74841e+08
1.00266	2.73230e+08
1.00466	2.74080e+08
1.00667	2.77576e+08
1.00869	2.82451e+08
1.01070	2.87187e+08
1.01272	2.91779e+08
1.01475	2.97013e+08
1.01678	3.02484e+08
1.01881	3.06487e+08
1.02085	3.07251e+08
1.02289	3.05472e+08
1.02494	3.04257e+08
1.02699	3.05444e+08
1.02904	3.11438e+08
1.03110	3.21698e+08
1.03316	3.34410e+08
1.03523	3.46061e+08
1.03730	3.53060e+08
1.03937	3.54272e+08
1.04145	3.51273e+08
1.04353	3.46743e+08
1.04562	3.42204e+08
1.04771	3.37682e+08
1.04981	3.33444e+08
1.05191	3.29436e+08
1.05401	3.26221e+08
1.05612	3.23622e+08
1.05823	3.22638e+08
1.06035	3.24552e+08
1.06247	3.30305e+08
1.06459	3.38854e+08
1.06672	3.48702e+08
1.06886	3.58695e+08
1.07099	3.68713e+08
1.07314	3.78791e+08
1.07528	3.88114e+08
1.07743	3.96011e+08
1.07959	4.02106e+08
1.08175	4.06604e+08
1.08391	4.10014e+08
1.08608	4.13041e+08
1.08825	4.15951e+08
1.09043	4.18262e+08
1.09261	4.18957e+08
1.09479	4.18112e+08
1.09698	4.15485e+08
1.09918	4.11258e+08
1.10137	4.05618e+08
1.10358	4.00457e+08
1.10578	3.97763e+08
1.10800	3.98134e+08
1.11021	3.99897e+08
1.11243	4.02264e+08
1.11466	4.04268e+08
1.11689	4.05132e+08
1.11912	4.04823e+08
1.12136	4.04350e+08
1.12360	4.05498e+08
1.12585	4.06668e+08
1.12810	4.05027e+08
1.13036	3.96964e+08
1.13262	3.82503e+08
1.13488	3.66771e+08
1.13715	3.56192e+08
1.13943	3.57619e+08
1.14170	3.71857e+08
1.14399	3.92043e+08
1.14628	4.11648e+08
1.14857	4.23984e+08
1.15087	4.28353e+08
1.15317	4.27981e+08
1.15547	4.26117e+08
1.15778	4.24243e+08
1.16010	4.20656e+08
1.16242	4.12313e+08
1.16475	3.98362e+08
1.16707	3.82295e+08
1.16941	3.67856e+08
1.17175	3.57967e+08
1.17409	3.52207e+08
1.17644	3.51632e+08
1.17879	3.59998e+08
1.18115	3.76432e+08
1.18351	3.95073e+08
1.18588	4.11018e+08
1.18825	4.22031e+08
1.19063	4.28800e+08
1.19301	4.32819e+08
1.19539	4.34720e+08
1.19778	4.36610e+08
1.20018	4.40208e+08
1.20258	4.46199e+08
1.20499	4.53032e+08
1.20740	4.58471e+08
1.20981	4.62526e+08
1.21223	4.66886e+08
1.21465	4.72439e+08
1.21708	4.78555e+08
1.21952	4.84585e+08
1.22196	4.90006e+08
1.22440	4.94598e+08
1.22685	4.97736e+08
1.22930	4.98737e+08
1.23176	4.97341e+08
1.23423	4.92197e+08
1.23669	4.81617e+08
1.23917	4.66145e+08
1.24165	4.49785e+08
1.24413	4.38476e+08
1.24662	4.32571e+08
1.24911	4.29717e+08
1.25161	4.31650e+08
1.25411	4.43553e+08
1.25662	4.63541e+08
1.25913	4.82848e+08
1.26165	4.96175e+08
1.26417	5.03328e+08
1.26670	5.07363e+08
1.26924	5.10846e+08
1.27177	5.13943e+08
1.27432	5.16358e+08
1.27687	5.18106e+08
1.27942	5.19087e+08
1.28198	5.19042e+08
1.28454	5.17699e+08
1.28711	5.15519e+08
1.28969	5.13299e+08
1.29227	5.12190e+08
1.29485	5.12144e+08
1.29744	5.12658e+08
1.30003	5.13336e+08
1.30263	5.14096e+08
1.30524	5.14800e+08
1.30785	5.14925e+08
1.31047	5.14181e+08
1.31309	5.11915e+08
1.31571	5.07809e+08
1.31834	5.00957e+08
1.32098	4.90382e+08
1.32362	4.74459e+08
1.32627	4.49746e+08
1.32892	4.14049e+08
1.33158	3.66904e+08
1.33424	3.13954e+08
1.33691	2.66755e+08
1.33959	2.33754e+08
1.34227	2.16657e+08
1.34495	2.09810e+08
1.34764	2.02959e+08
1.35033	1.95114e+08
1.35304	1.92187e+08
1.35574	1.97636e+08
1.35845	2.08638e+08
1.36117	2.20807e+08
1.36389	2.32016e+08
1.36662	2.42101e+08
1.36935	2.50150e+08
1.37209	2.54912e+08
1.37484	2.52891e+08
1.37759	2.42191e+08
1.38034	2.24940e+08
1.38310	2.09868e+08
1.38587	2.02982e+08
1.38864	2.03893e+08
1.39142	2.08467e+08
1.39420	2.12695e+08
1.39699	2.16327e+08
1.39978	2.21788e+08
1.40258	2.28781e+08
1.40539	2.31492e+08
1.40820	2.26001e+08
1.41101	2.14618e+08
1.41384	2.03438e+08
1.41666	1.98268e+08
1.41950	1.97883e+08
1.42234	2.00464e+08
1.42518	2.03904e+08
1.42803	2.06851e+08
1.43089	2.07435e+08
1.43375	2.06554e+08
1.43662	2.08133e+08
1.43949	2.12967e+08
1.44237	2.21887e+08
1.44525	2.31939e+08
1.44814	2.42127e+08
1.45104	2.51046e+08
1.45394	2.59142e+08
1.45685	2.66338e+08
1.45976	2.72487e+08
1.46268	2.76268e+08
1.46561	2.78025e+08
1.46854	2.78188e+08
1.47148	2.78865e+08
1.47442	2.79811e+08
1.47737	2.81529e+08
1.48032	2.83789e+08
1.48328	2.86980e+08
1.48625	2.90589e+08
1.48922	2.94294e+08
1.49220	2.98735e+08
1.49518	3.04566e+08
1.49817	3.11587e+08
1.50117	3.18348e+08
1.50417	3.23502e+08
1.50718	3.26689e+08
1.51020	3.29295e+08
1.51322	3.32702e+08
1.51624	3.37767e+08
1.51927	3.43950e+08
1.52231	3.49462e+08
1.52536	3.53075e+08
1.52841	3.55523e+08
1.53147	3.57760e+08
1.53453	3.60553e+08
1.53760	3.63452e+08
1.54067	3.66465e+08
1.54375	3.69638e+08
1.54684	3.72886e+08
1.54993	3.75853e+08
1.55303	3.78627e+08
1.55614	3.81644e+08
1.55925	3.85072e+08
1.56237	3.88704e+08
1.56550	3.92193e+08
1.56863	3.95390e+08
1.57176	3.98173e+08
1.57491	4.00781e+08
1.57806	4.03372e+08
1.58121	4.06185e+08
1.58438	4.09125e+08
1.58754	4.11888e+08
1.59072	4.14174e+08
1.59390	4.16071e+08
1.59709	4.17649e+08
1.60028	4.19148e+08
1.60348	4.20590e+08
1.60669	4.21952e+08
1.60990	4.23202e+08
1.61312	4.24127e+08
1.61635	4.24700e+08
1.61958	4.25002e+08
1.62282	4.25314e+08
1.62607	4.25562e+08
1.62932	4.25697e+08
1.63258	4.25622e+08
1.63584	4.25487e+08
1.63911	4.25188e+08
1.64239	4.24710e+08
1.64568	4.24034e+08
1.64897	4.23201e+08
1.65227	4.22246e+08
1.65557	4.21179e+08
1.65888	4.19964e+08
1.66220	4.18664e+08
1.66552	4.17467e+08
1.66886	4.16551e+08
1.67219	4.15972e+08
1.67554	4.15353e+08
1.67889	4.14223e+08
1.68225	4.12001e+08
1.68561	4.08566e+08
1.68898	4.04204e+08
1.69236	3.99584e+08
1.69574	3.95118e+08
1.69914	3.90784e+08
1.70253	3.86179e+08
1.70594	3.80811e+08
1.70935	3.74587e+08
1.71277	3.68068e+08
1.71620	3.61556e+08
1.71963	3.55260e+08
1.72307	3.48771e+08
1.72651	3.41580e+08
1.72997	3.33501e+08
1.73343	3.24819e+08
1.73689	3.15882e+08
1.74037	3.06839e+08
1.74385	2.97521e+08
1.74733	2.87190e+08
1.75083	2.75846e+08
1.75433	2.64868e+08
1.75784	2.56643e+08
1.76136	2.50612e+08
1.76488	2.43850e+08
1.76841	2.33753e+08
1.77194	2.21107e+08
1.77549	2.07106e+08
1.77904	1.94399e+08
1.78260	1.83467e+08
1.78616	1.74354e+08
1.78973	1.66878e+08
1.79331	1.60181e+08
1.79690	1.53287e+08
1.80049	1.45249e+08
1.80410	1.36740e+08
1.80770	1.29382e+08
1.81132	1.24334e+08
1.81494	1.21772e+08
1.81857	1.21468e+08
1.82221	1.22815e+08
1.82585	1.25702e+08
1.82950	1.29978e+08
1.83316	1.35658e+08
1.83683	1.41780e+08
1.84050	1.46191e+08
1.84418	1.45636e+08
1.84787	1.39550e+08
1.85157	1.29941e+08
1.85527	1.22233e+08
1.85898	1.19926e+08
1.86270	1.23500e+08
1.86642	1.31458e+08
1.87016	1.39479e+08
1.87390	1.46463e+08
1.87765	1.52450e+08
1.88140	1.58283e+08
1.88516	1.63633e+08
1.88893	1.68551e+08
1.89271	1.71455e+08
1.89650	1.72498e+08
1.90029	1.71435e+08
1.90409	1.69243e+08
1.90790	1.65356e+08
1.91171	1.57975e+08
1.91554	1.47826e+08
1.91937	1.37845e+08
1.92321	1.31216e+08
1.92705	1.29473e+08
1.93091	1.31159e+08
1.93477	1.33001e+08
1.93864	1.32838e+08
1.94252	1.30566e+08
1.94640	1.26578e+08
1.95029	1.22603e+08
1.95419	1.19321e+08
1.95810	1.19931e+08
1.96202	1.25049e+08
1.96594	1.32683e+08
1.96988	1.39780e+08
1.97382	1.44065e+08
1.97776	1.47153e+08
1.98172	1.50368e+08
1.98568	1.53754e+08
1.98965	1.55838e+08
1.99363	1.57841e+08
1.99762	1.60430e+08
2.00161	1.64369e+08
2.00562	1.68959e+08
2.00963	1.73185e+08
2.01365	1.77396e+08
2.01768	1.81772e+08
2.02171	1.86675e+08
2.02575	1.91028e+08
2.02981	1.94548e+08
2.03386	1.97665e+08
2.03793	2.00987e+08
2.04201	2.05143e+08
2.04609	2.09759e+08
2.05018	2.14434e+08
2.05428	2.18596e+08
2.05839	2.22425e+08
2.06251	2.25698e+08
2.06663	2.28521e+08
2.07077	2.30580e+08
2.07491	2.31866e+08
2.07906	2.32909e+08
2.08322	2.34103e+08
2.08738	2.35709e+08
2.09156	2.37546e+08
2.09574	2.39174e+08
2.09993	2.40417e+08
2.10413	2.41417e+08
2.10834	2.42391e+08
2.11256	2.43449e+08
2.11678	2.44354e+08
2.12102	2.44987e+08
2.12526	2.45305e+08
2.12951	2.45351e+08
2.13377	2.45176e+08
2.13804	2.44849e+08
2.14231	2.44453e+08
2.14660	2.44047e+08
2.15089	2.43602e+08
2.15519	2.43131e+08
2.15950	2.42506e+08
2.16382	2.41643e+08
2.16815	2.40539e+08
2.17248	2.39295e+08
2.17683	2.38079e+08
2.18118	2.36934e+08
2.18554	2.35689e+08
2.18992	2.34212e+08
2.19430	2.32471e+08
2.19868	2.30647e+08
2.20308	2.29035e+08
2.20749	2.27772e+08
2.21190	2.26756e+08
2.21633	2.25800e+08
2.22076	2.24716e+08
2.22520	2.23524e+08
2.22965	2.22231e+08
2.23411	2.20837e+08
2.23858	2.19298e+08
2.24306	2.17689e+08
2.24754	2.16165e+08
2.25204	2.14798e+08
2.25654	2.13475e+08
2.26105	2.12027e+08
2.26558	2.10420e+08
2.27011	2.08762e+08
2.27465	2.06923e+08
2.27920	2.03846e+08
2.28375	1.98165e+08
2.28832	1.88182e+08
2.29290	1.73886e+08
2.29748	1.58305e+08
2.30208	1.44587e+08
2.30668	1.35545e+08
2.31130	1.31164e+08
2.31592	1.29836e+08
2.32055	1.30181e+08
2.32519	1.31191e+08
2.32984	1.32827e+08
2.33450	1.35692e+08
2.33917	1.39546e+08
2.34385	1.43232e+08
2.34854	1.44976e+08
2.35323	1.44458e+08
2.35794	1.42906e+08
2.36266	1.41290e+08
2.36738	1.39667e+08
2.37212	1.37790e+08
2.37686	1.35661e+08
2.38161	1.34024e+08
2.38638	1.33282e+08
2.39115	1.33376e+08
2.39593	1.33225e+08
2.40072	1.32337e+08
2.40552	1.30439e+08
2.41034	1.27787e+08
2.41516	1.24623e+08
2.41999	1.21091e+08
2.42483	1.17186e+08
2.42968	1.12873e+08
2.43454	1.07972e+08
2.43940	1.02662e+08
2.44428	9.72827e+07
2.44917	9.26671e+07
2.45407	8.87271e+07
2.45898	8.44501e+07
2.46390	7.89523e+07
2.46882	7.23571e+07
2.47376	6.59195e+07
2.47871	6.08689e+07
2.48367	5.73637e+07
2.48863	5.42940e+07
2.49361	5.15207e+07
2.49860	4.90465e+07
2.50359	4.69068e+07
2.50860	4.46181e+07
2.51362	4.16059e+07
2.51865	3.87722e+07
2.52368	3.64813e+07
2.52873	3.49492e+07
2.53379	3.33202e+07
2.53886	3.18740e+07
2.54393	3.07654e+07
2.54902	3.03196e+07
2.55412	3.01426e+07
