0.600000	819.080
0.601200	1095.96
0.602402	1451.94
0.603607	1900.55
0.604814	2452.50
0.606024	3124.41
0.607236	3928.77
0.608450	4883.95
0.609667	6003.85
0.610887	7307.12
0.612108	8813.49
0.613333	10538.9
0.614559	12505.8
0.615788	14731.1
0.617020	17238.4
0.618254	20045.3
0.619491	23176.7
0.620729	26650.2
0.621971	30490.2
0.623215	34714.1
0.624461	39348.1
0.625710	44412.7
0.626962	49938.4
0.628215	55947.0
0.629472	62466.6
0.630731	69516.3
0.631992	77121.3
0.633256	85301.3
0.634523	94083.8
0.635792	103491.
0.637063	113547.
0.638337	124272.
0.639614	135681.
0.640893	147784.
0.642175	160591.
0.643459	174127.
0.644746	188422.
0.646036	203538.
0.647328	219521.
0.648623	236407.
0.649920	254189.
0.651220	272829.
0.652522	292301.
0.653827	312569.
0.655135	333612.
0.656445	355374.
0.657758	377782.
0.659073	400564.
0.660391	423286.
0.661712	444553.
0.663036	462434.
0.664362	473175.
0.665690	473266.
0.667022	462306.
0.668356	448499.
0.669692	443050.
0.671032	461624.
0.672374	508879.
0.673719	576054.
0.675066	651480.
0.676416	721328.
0.677769	781320.
0.679124	831791.
0.680483	875213.
0.681844	914754.
0.683207	951721.
0.684574	986925.
0.685943	1.02034e+06
0.687315	1.05169e+06
0.688689	1.08085e+06
0.690067	1.10820e+06
0.691447	1.13504e+06
0.692830	1.16255e+06
0.694215	1.19136e+06
0.695604	1.22093e+06
0.696995	1.24942e+06
0.698389	1.27549e+06
0.699786	1.29820e+06
0.701185	1.31760e+06
0.702587	1.33429e+06
0.703993	1.34858e+06
0.705401	1.36035e+06
0.706811	1.36928e+06
0.708225	1.37469e+06
0.709641	1.37607e+06
0.711061	1.37265e+06
0.712483	1.36384e+06
0.713908	1.34944e+06
0.715336	1.32998e+06
0.716766	1.30718e+06
0.718200	1.28245e+06
0.719636	1.25679e+06
0.721075	1.22953e+06
0.722517	1.19961e+06
0.723962	1.16598e+06
0.725410	1.12846e+06
0.726861	1.08761e+06
0.728315	1.04396e+06
0.729771	998272.
0.731231	950902.
0.732693	901916.
0.734159	851193.
0.735627	798709.
0.737098	744677.
0.738573	689653.
0.740050	634045.
0.741530	578284.
0.743013	522654.
0.744499	467636.
0.745988	413612.
0.747480	361165.
0.748975	310712.
0.750473	262806.
0.751974	218018.
0.753477	176773.
0.754984	139622.
0.756494	106896.
0.758007	78933.6
0.759523	55859.3
0.761042	37608.1
0.762564	23981.2
0.764089	14477.3
0.765618	8684.21
0.767149	6117.68
0.768683	6661.30
0.770220	10551.2
0.771761	18197.6
0.773304	30226.5
0.774851	47099.6
0.776401	69926.6
0.777953	100159.
0.779509	140330.
0.781068	192341.
0.782630	256223.
0.784196	328493.
0.785764	404588.
0.787336	475431.
0.788910	534598.
0.790488	582523.
0.792069	630541.
0.793653	708333.
0.795240	837167.
0.796831	1.02261e+06
0.798424	1.24807e+06
0.800021	1.48344e+06
0.801621	1.71326e+06
0.803224	1.93028e+06
0.804831	2.13688e+06
0.806440	2.33802e+06
0.808053	2.53703e+06
0.809669	2.73906e+06
0.811289	2.94839e+06
0.812911	3.17010e+06
0.814537	3.40760e+06
0.816166	3.66311e+06
0.817798	3.94071e+06
0.819434	4.24383e+06
0.821073	4.57235e+06
0.822715	4.92131e+06
0.824360	5.28228e+06
0.826009	5.64973e+06
0.827661	6.01910e+06
0.829316	6.38992e+06
0.830975	6.76278e+06
0.832637	7.13868e+06
0.834302	7.51980e+06
0.835971	7.90960e+06
0.837643	8.31296e+06
0.839318	8.73091e+06
0.840996	9.15415e+06
0.842678	9.56227e+06
0.844364	9.90154e+06
0.846052	1.01279e+07
0.847745	1.02218e+07
0.849440	1.02950e+07
0.851139	1.04925e+07
0.852841	1.09781e+07
0.854547	1.17454e+07
0.856256	1.25669e+07
0.857968	1.32440e+07
0.859684	1.36455e+07
0.861404	1.38275e+07
0.863126	1.39967e+07
0.864853	1.42871e+07
0.866582	1.47429e+07
0.868315	1.53120e+07
0.870052	1.59049e+07
0.871792	1.64881e+07
0.873536	1.70564e+07
0.875283	1.76149e+07
0.877033	1.81624e+07
0.878787	1.86926e+07
0.880545	1.92064e+07
0.882306	1.96836e+07
0.884070	2.00744e+07
0.885839	2.02630e+07
0.887610	2.01726e+07
0.889385	1.98629e+07
0.891164	1.95225e+07
0.892946	1.95550e+07
0.894732	2.02139e+07
0.896522	2.15610e+07
0.898315	2.34026e+07
0.900111	2.53506e+07
0.901912	2.71698e+07
0.903715	2.86858e+07
0.905523	2.98841e+07
0.907334	3.08231e+07
0.909148	3.15491e+07
0.910967	3.20934e+07
0.912789	3.24694e+07
0.914614	3.27017e+07
0.916443	3.28210e+07
0.918276	3.28003e+07
0.920113	3.23822e+07
0.921953	3.12530e+07
0.923797	2.91550e+07
0.925644	2.62213e+07
0.927496	2.32201e+07
0.929351	2.08618e+07
0.931209	1.97823e+07
0.933072	1.99651e+07
0.934938	2.09510e+07
0.936808	2.22138e+07
0.938681	2.30357e+07
0.940559	2.30961e+07
0.942440	2.24297e+07
0.944325	2.14191e+07
0.946213	2.07575e+07
0.948106	2.07693e+07
0.950002	2.15226e+07
0.951902	2.27872e+07
0.953806	2.40001e+07
0.955713	2.47645e+07
0.957625	2.47571e+07
0.959540	2.42121e+07
0.961459	2.35346e+07
0.963382	2.33443e+07
0.965308	2.39812e+07
0.967239	2.56021e+07
0.969174	2.80908e+07
0.971112	3.09434e+07
0.973054	3.36729e+07
0.975000	3.57793e+07
0.976950	3.72081e+07
0.978904	3.82545e+07
0.980862	3.92224e+07
0.982824	4.04243e+07
0.984789	4.18787e+07
0.986759	4.34354e+07
0.988732	4.49391e+07
0.990710	4.62016e+07
0.992691	4.71194e+07
0.994676	4.76221e+07
0.996666	4.78123e+07
0.998659	4.78775e+07
1.00066	4.81887e+07
1.00266	4.89525e+07
1.00466	5.02641e+07
1.00667	5.20546e+07
1.00869	5.41385e+07
1.01070	5.63747e+07
1.01272	5.85603e+07
1.01475	6.05647e+07
1.01678	6.22382e+07
1.01881	6.35302e+07
1.02085	6.44835e+07
1.02289	6.52167e+07
1.02494	6.59873e+07
1.02699	6.69723e+07
1.02904	6.82881e+07
1.03110	6.98860e+07
1.03316	7.15673e+07
1.03523	7.31594e+07
1.03730	7.45188e+07
1.03937	7.56376e+07
1.04145	7.65598e+07
1.04353	7.73523e+07
1.04562	7.80477e+07
1.04771	7.86970e+07
1.04981	7.93517e+07
1.05191	8.00928e+07
1.05401	8.09461e+07
1.05612	8.18580e+07
1.05823	8.27487e+07
1.06035	8.35283e+07
1.06247	8.41622e+07
1.06459	8.46572e+07
1.06672	8.50577e+07
1.06886	8.54541e+07
1.07099	8.59057e+07
1.07314	8.64435e+07
1.07528	8.70182e+07
1.07743	8.74850e+07
1.07959	8.76853e+07
1.08175	8.73403e+07
1.08391	8.61153e+07
1.08608	8.37685e+07
1.08825	8.01565e+07
1.09043	7.53476e+07
1.09261	6.96110e+07
1.09479	6.31275e+07
1.09698	5.61037e+07
1.09918	4.87473e+07
1.10137	4.17497e+07
1.10358	3.57886e+07
1.10578	3.13493e+07
1.10800	2.83135e+07
1.11021	2.60049e+07
1.11243	2.40486e+07
1.11466	2.22213e+07
1.11689	2.04375e+07
1.11912	1.87658e+07
1.12136	1.73685e+07
1.12360	1.65613e+07
1.12585	1.63406e+07
1.12810	1.65012e+07
1.13036	1.68454e+07
1.13262	1.75125e+07
1.13488	1.87706e+07
1.13715	2.05743e+07
1.13943	2.23522e+07
1.14170	2.37122e+07
1.14399	2.43756e+07
1.14628	2.42912e+07
1.14857	2.33652e+07
1.15087	2.16632e+07
1.15317	1.96981e+07
1.15547	1.80279e+07
1.15778	1.71545e+07
1.16010	1.70981e+07
1.16242	1.76023e+07
1.16475	1.84120e+07
1.16707	1.94062e+07
1.16941	2.07345e+07
1.17175	2.27809e+07
1.17409	2.59030e+07
1.17644	3.02193e+07
1.17879	3.55369e+07
1.18115	4.14313e+07
1.18351	4.71976e+07
1.18588	5.24538e+07
1.18825	5.71812e+07
1.19063	6.16223e+07
1.19301	6.59672e+07
1.19539	7.00994e+07
1.19778	7.38344e+07
1.20018	7.71564e+07
1.20258	8.00798e+07
1.20499	8.25890e+07
1.20740	8.47529e+07
1.20981	8.67559e+07
1.21223	8.89879e+07
1.21465	9.16408e+07
1.21708	9.46630e+07
1.21952	9.78331e+07
1.22196	1.00818e+08
1.22440	1.03402e+08
1.22685	1.05522e+08
1.22930	1.07208e+08
1.23176	1.08497e+08
1.23423	1.09347e+08
1.23669	1.09701e+08
1.23917	1.09614e+08
1.24165	1.09239e+08
1.24413	1.08883e+08
1.24662	1.08731e+08
1.24911	1.09026e+08
1.25161	1.10022e+08
1.25411	1.11899e+08
1.25662	1.14327e+08
1.25913	1.16504e+08
1.26165	1.17988e+08
1.26417	1.18662e+08
1.26670	1.18731e+08
1.26924	1.18481e+08
1.27177	1.17952e+08
1.27432	1.17068e+08
1.27687	1.15681e+08
1.27942	1.13736e+08
1.28198	1.11320e+08
1.28454	1.08542e+08
1.28711	1.05654e+08
1.28969	1.02873e+08
1.29227	1.00566e+08
1.29485	9.88754e+07
1.29744	9.77756e+07
1.30003	9.71112e+07
1.30263	9.66401e+07
1.30524	9.61465e+07
1.30785	9.53015e+07
1.31047	9.39536e+07
1.31309	9.18503e+07
1.31571	8.87663e+07
1.31834	8.40654e+07
1.32098	7.72618e+07
1.32362	6.79849e+07
1.32627	5.67082e+07
1.32892	4.41981e+07
1.33158	3.19410e+07
1.33424	2.11494e+07
1.33691	1.29014e+07
1.33959	7.39752e+06
1.34227	4.13463e+06
1.34495	2.48793e+06
1.34764	1.64125e+06
1.35033	1.23445e+06
1.35304	1.01787e+06
1.35574	932310.
1.35845	922158.
1.36117	959707.
1.36389	1.02510e+06
1.36662	1.11154e+06
1.36935	1.19604e+06
1.37209	1.24700e+06
1.37484	1.21324e+06
1.37759	1.08370e+06
1.38034	896217.
1.38310	737342.
1.38587	662833.
1.38864	699424.
1.39142	835988.
1.39420	1.04610e+06
1.39699	1.30935e+06
1.39978	1.58212e+06
1.40258	1.80829e+06
1.40539	1.89407e+06
1.40820	1.80576e+06
1.41101	1.59773e+06
1.41384	1.36498e+06
1.41666	1.22414e+06
1.41950	1.20892e+06
1.42234	1.30535e+06
1.42518	1.46965e+06
1.42803	1.64555e+06
1.43089	1.81093e+06
1.43375	1.98970e+06
1.43662	2.24787e+06
1.43949	2.61946e+06
1.44237	3.11368e+06
1.44525	3.69713e+06
1.44814	4.34544e+06
1.45104	5.04536e+06
1.45394	5.77526e+06
1.45685	6.49986e+06
1.45976	7.14895e+06
1.46268	7.66646e+06
1.46561	8.06540e+06
1.46854	8.37898e+06
1.47148	8.67229e+06
1.47442	8.96132e+06
1.47737	9.27426e+06
1.48032	9.62639e+06
1.48328	1.00675e+07
1.48625	1.06317e+07
1.48922	1.14067e+07
1.49220	1.24831e+07
1.49518	1.39123e+07
1.49817	1.55819e+07
1.50117	1.73271e+07
1.50417	1.89959e+07
1.50718	2.06300e+07
1.51020	2.24974e+07
1.51322	2.47811e+07
1.51624	2.74802e+07
1.51927	3.03995e+07
1.52231	3.32137e+07
1.52536	3.57318e+07
1.52841	3.79738e+07
1.53147	4.00722e+07
1.53453	4.21707e+07
1.53760	4.43132e+07
1.54067	4.65738e+07
1.54375	4.89509e+07
1.54684	5.13684e+07
1.54993	5.37232e+07
1.55303	5.60148e+07
1.55614	5.83816e+07
1.55925	6.09212e+07
1.56237	6.35570e+07
1.56550	6.61073e+07
1.56863	6.83660e+07
1.57176	7.02980e+07
1.57491	7.20714e+07
1.57806	7.38252e+07
1.58121	7.55460e+07
1.58438	7.70606e+07
1.58754	7.80549e+07
1.59072	7.84051e+07
1.59390	7.81568e+07
1.59709	7.74147e+07
1.60028	7.63109e+07
1.60348	7.48923e+07
1.60669	7.31939e+07
1.60990	7.12038e+07
1.61312	6.88878e+07
1.61635	6.62746e+07
1.61958	6.35563e+07
1.62282	6.11862e+07
1.62607	5.95813e+07
1.62932	5.90961e+07
1.63258	5.96510e+07
1.63584	6.04918e+07
1.63911	6.08716e+07
1.64239	6.03221e+07
1.64568	5.91289e+07
1.64897	5.80128e+07
1.65227	5.71175e+07
1.65557	5.57599e+07
1.65888	5.33012e+07
1.66220	4.96987e+07
1.66552	4.57090e+07
1.66886	4.27625e+07
1.67219	4.14049e+07
1.67554	4.11091e+07
1.67889	4.09646e+07
1.68225	3.99672e+07
1.68561	3.78733e+07
1.68898	3.49519e+07
1.69236	3.19754e+07
1.69574	2.95497e+07
1.69914	2.82759e+07
1.70253	2.82288e+07
1.70594	2.91039e+07
1.70935	3.04821e+07
1.71277	3.17326e+07
1.71620	3.24883e+07
1.71963	3.24444e+07
1.72307	3.15682e+07
1.72651	3.00420e+07
1.72997	2.80791e+07
1.73343	2.59535e+07
1.73689	2.37996e+07
1.74037	2.16940e+07
1.74385	1.96368e+07
1.74733	1.76140e+07
1.75083	1.56465e+07
1.75433	1.38117e+07
1.75784	1.22007e+07
1.76136	1.07976e+07
1.76488	9.49098e+06
1.76841	8.20342e+06
1.77194	6.94945e+06
1.77549	5.78461e+06
1.77904	4.79675e+06
1.78260	4.00718e+06
1.78616	3.38551e+06
1.78973	2.89984e+06
1.79331	2.49639e+06
1.79690	2.13883e+06
1.80049	1.79008e+06
1.80410	1.45282e+06
1.80770	1.16027e+06
1.81132	935498.
1.81494	788580.
1.81857	709252.
1.82221	679254.
1.82585	694481.
1.82950	764456.
1.83316	902452.
1.83683	1.10249e+06
1.84050	1.31197e+06
1.84418	1.47083e+06
1.84787	1.51906e+06
1.85157	1.46221e+06
1.85527	1.36329e+06
1.85898	1.28036e+06
1.86270	1.27327e+06
1.86642	1.37549e+06
1.87016	1.60483e+06
1.87390	1.95211e+06
1.87765	2.35915e+06
1.88140	2.76534e+06
1.88516	3.09050e+06
1.88893	3.30158e+06
1.89271	3.34418e+06
1.89650	3.20157e+06
1.90029	2.89208e+06
1.90409	2.49395e+06
1.90790	2.08398e+06
1.91171	1.69239e+06
1.91554	1.34996e+06
1.91937	1.10014e+06
1.92321	973792.
1.92705	980638.
1.93091	1.10032e+06
1.93477	1.27848e+06
1.93864	1.46951e+06
1.94252	1.62499e+06
1.94640	1.73119e+06
1.95029	1.83062e+06
1.95419	1.98009e+06
1.95810	2.27344e+06
1.96202	2.73698e+06
1.96594	3.33094e+06
1.96988	3.99357e+06
1.97382	4.65847e+06
1.97776	5.32597e+06
1.98172	5.99133e+06
1.98568	6.63699e+06
1.98965	7.24548e+06
1.99363	7.88823e+06
1.99762	8.62652e+06
2.00161	9.51898e+06
2.00562	1.05552e+07
2.00963	1.16747e+07
2.01365	1.28407e+07
2.01768	1.40108e+07
2.02171	1.51790e+07
2.02575	1.63135e+07
2.02981	1.74238e+07
2.03386	1.85745e+07
2.03793	1.98040e+07
2.04201	2.11106e+07
2.04609	2.24469e+07
2.05018	2.37221e+07
2.05428	2.48936e+07
2.05839	2.59472e+07
2.06251	2.68438e+07
2.06663	2.75420e+07
2.07077	2.80231e+07
2.07491	2.83081e+07
2.07906	2.84864e+07
2.08322	2.86124e+07
2.08738	2.87009e+07
2.09156	2.87207e+07
2.09574	2.86216e+07
2.09993	2.83980e+07
2.10413	2.81009e+07
2.10834	2.77870e+07
2.11256	2.75064e+07
2.11678	2.72500e+07
2.12102	2.69664e+07
2.12526	2.66052e+07
2.12951	2.61047e+07
2.13377	2.54487e+07
2.13804	2.46604e+07
2.14231	2.37976e+07
2.14660	2.29490e+07
2.15089	2.21588e+07
2.15519	2.14328e+07
2.15950	2.07140e+07
2.16382	1.99546e+07
2.16815	1.90937e+07
2.17248	1.81014e+07
2.17683	1.69372e+07
2.18118	1.55659e+07
2.18554	1.39562e+07
2.18992	1.21334e+07
2.19430	1.02689e+07
2.19868	8.56771e+06
2.20308	7.29925e+06
2.20749	6.54124e+06
2.21190	6.18236e+06
2.21633	6.03449e+06
2.22076	5.86053e+06
2.22520	5.58114e+06
2.22965	5.19567e+06
2.23411	4.76018e+06
2.23858	4.34975e+06
2.24306	4.01124e+06
2.24754	3.76053e+06
2.25204	3.58797e+06
2.25654	3.47572e+06
2.26105	3.40743e+06
2.26558	3.37509e+06
2.27011	3.35740e+06
2.27465	3.32828e+06
2.27920	3.26626e+06
2.28375	3.18813e+06
2.28832	3.16316e+06
2.29290	3.24832e+06
2.29748	3.46481e+06
2.30208	3.75558e+06
2.30668	3.95636e+06
2.31130	3.94803e+06
2.31592	3.67852e+06
2.32055	3.23139e+06
2.32519	2.78284e+06
2.32984	2.42644e+06
2.33450	2.21755e+06
2.33917	2.14506e+06
2.34385	2.19556e+06
2.34854	2.33444e+06
2.35323	2.51483e+06
2.35794	2.64070e+06
2.36266	2.65623e+06
2.36738	2.56252e+06
2.37212	2.42337e+06
2.37686	2.34891e+06
2.38161	2.37948e+06
2.38638	2.50552e+06
2.39115	2.68976e+06
2.39593	2.88724e+06
2.40072	3.08574e+06
2.40552	3.28219e+06
2.41034	3.48010e+06
2.41516	3.67765e+06
2.41999	3.87271e+06
2.42483	4.05598e+06
2.42968	4.20761e+06
2.43454	4.29021e+06
2.43940	4.28471e+06
2.44428	4.19653e+06
2.44917	4.05704e+06
2.45407	3.88515e+06
2.45898	3.67222e+06
2.46390	3.40315e+06
2.46882	3.08143e+06
2.47376	2.73438e+06
2.47871	2.40689e+06
2.48367	2.11910e+06
2.48863	1.87534e+06
2.49361	1.67565e+06
2.49860	1.51108e+06
2.50359	1.36868e+06
2.50860	1.22645e+06
2.51362	1.06981e+06
2.51865	911131.
2.52368	766288.
2.52873	648604.
2.53379	555203.
2.53886	486798.
2.54393	443860.
2.54902	426266.
2.55412	424265.
