0.600000	1443.68
0.601200	2023.31
0.602402	2755.62
0.603607	3663.79
0.604814	4779.50
0.606024	6137.67
0.607236	7749.42
0.608450	9635.73
0.609667	11833.2
0.610887	14370.6
0.612108	17273.0
0.613333	20573.4
0.614559	24312.5
0.615788	28524.1
0.617020	33238.6
0.618254	38467.3
0.619491	44283.3
0.620729	50701.4
0.621971	57791.0
0.623215	65562.4
0.624461	74010.8
0.625710	83204.0
0.626962	93218.4
0.628215	104109.
0.629472	115914.
0.630731	128647.
0.631992	142380.
0.633256	157128.
0.634523	172881.
0.635792	189791.
0.637063	207842.
0.638337	227073.
0.639614	247608.
0.640893	269339.
0.642175	292316.
0.643459	316566.
0.644746	342030.
0.646036	368614.
0.647328	396633.
0.648623	426954.
0.649920	459323.
0.651220	492344.
0.652522	526201.
0.653827	562129.
0.655135	599636.
0.656445	637626.
0.657758	676540.
0.659073	717428.
0.660391	758211.
0.661712	798489.
0.663036	838048.
0.664362	874840.
0.665690	898795.
0.667022	895919.
0.668356	794147.
0.669692	521756.
0.671032	426178.
0.672374	716616.
0.673719	1.01691e+06
0.675066	1.19340e+06
0.676416	1.30476e+06
0.677769	1.38617e+06
0.679124	1.45811e+06
0.680483	1.52503e+06
0.681844	1.58729e+06
0.683207	1.64937e+06
0.684574	1.70855e+06
0.685943	1.75970e+06
0.687315	1.81142e+06
0.688689	1.86456e+06
0.690067	1.89940e+06
0.691447	1.92441e+06
0.692830	1.95878e+06
0.694215	2.01117e+06
0.695604	2.07983e+06
0.696995	2.13744e+06
0.698389	2.17931e+06
0.699786	2.21546e+06
0.701185	2.23780e+06
0.702587	2.25331e+06
0.703993	2.27903e+06
0.705401	2.30381e+06
0.706811	2.31958e+06
0.708225	2.32635e+06
0.709641	2.32560e+06
0.711061	2.31991e+06
0.712483	2.30754e+06
0.713908	2.28623e+06
0.715336	2.24752e+06
0.716766	2.18891e+06
0.718200	2.14091e+06
0.719636	2.10820e+06
0.721075	2.07130e+06
0.722517	2.02585e+06
0.723962	1.96291e+06
0.725410	1.88807e+06
0.726861	1.81914e+06
0.728315	1.74203e+06
0.729771	1.65469e+06
0.731231	1.57764e+06
0.732693	1.49931e+06
0.734159	1.41489e+06
0.735627	1.32423e+06
0.737098	1.22691e+06
0.738573	1.13305e+06
0.740050	1.04646e+06
0.741530	954734.
0.743013	860103.
0.744499	770240.
0.745988	682200.
0.747480	596802.
0.748975	514173.
0.750473	434950.
0.751974	360812.
0.753477	292000.
0.754984	229063.
0.756494	172570.
0.758007	123376.
0.759523	82481.7
0.761042	49848.1
0.762564	25703.2
0.764089	10456.5
0.765618	3090.13
0.767149	1123.22
0.768683	1328.53
0.770220	3080.71
0.771761	12151.9
0.773304	33006.5
0.774851	66327.4
0.776401	110645.
0.777953	153670.
0.779509	176622.
0.781068	261377.
0.782630	405334.
0.784196	538954.
0.785764	670884.
0.787336	813377.
0.788910	967690.
0.790488	1.11057e+06
0.792069	1.09549e+06
0.793653	715403.
0.795240	776174.
0.796831	1.54505e+06
0.798424	2.11074e+06
0.800021	2.44791e+06
0.801621	2.74353e+06
0.803224	3.04905e+06
0.804831	3.36451e+06
0.806440	3.68439e+06
0.808053	3.99537e+06
0.809669	4.28157e+06
0.811289	4.57178e+06
0.812911	4.89259e+06
0.814537	5.30662e+06
0.816166	5.71268e+06
0.817798	5.87650e+06
0.819434	6.25808e+06
0.821073	7.02403e+06
0.822715	7.57985e+06
0.824360	8.12345e+06
0.826009	8.73171e+06
0.827661	9.24182e+06
0.829316	9.72890e+06
0.830975	1.02834e+07
0.832637	1.08808e+07
0.834302	1.13646e+07
0.835971	1.18348e+07
0.837643	1.24239e+07
0.839318	1.30139e+07
0.840996	1.35427e+07
0.842678	1.42049e+07
0.844364	1.48589e+07
0.846052	1.55476e+07
0.847745	1.62714e+07
0.849440	1.55010e+07
0.851139	1.24492e+07
0.852841	1.25136e+07
0.854547	1.68249e+07
0.856256	1.95789e+07
0.857968	2.06289e+07
0.859684	2.06526e+07
0.861404	1.82017e+07
0.863126	1.61800e+07
0.864853	1.75217e+07
0.866582	1.94353e+07
0.868315	2.05634e+07
0.870052	2.10212e+07
0.871792	2.12840e+07
0.873536	2.18465e+07
0.875283	2.25683e+07
0.877033	2.37812e+07
0.878787	2.42261e+07
0.880545	2.42078e+07
0.882306	2.48849e+07
0.884070	2.59524e+07
0.885839	2.73055e+07
0.887610	2.74878e+07
0.889385	2.64462e+07
0.891164	2.47709e+07
0.892946	2.20268e+07
0.894732	2.23288e+07
0.896522	2.73805e+07
0.898315	3.09034e+07
0.900111	3.27749e+07
0.901912	3.53094e+07
0.903715	3.72409e+07
0.905523	3.74131e+07
0.907334	3.82871e+07
0.909148	3.93705e+07
0.910967	3.98345e+07
0.912789	4.07978e+07
0.914614	4.08779e+07
0.916443	3.99486e+07
0.918276	3.94137e+07
0.920113	4.10088e+07
0.921953	4.28042e+07
0.923797	4.21303e+07
0.925644	3.62882e+07
0.927496	2.55494e+07
0.929351	1.94622e+07
0.931209	2.37809e+07
0.933072	2.53297e+07
0.934938	2.67007e+07
0.936808	3.04637e+07
0.938681	3.42991e+07
0.940559	3.63839e+07
0.942440	3.19276e+07
0.944325	2.48499e+07
0.946213	2.48127e+07
0.948106	2.64321e+07
0.950002	2.70318e+07
0.951902	2.98179e+07
0.953806	3.32798e+07
0.955713	3.77071e+07
0.957625	3.61962e+07
0.959540	3.16219e+07
0.961459	2.90032e+07
0.963382	2.86629e+07
0.965308	2.99232e+07
0.967239	3.05539e+07
0.969174	3.29394e+07
0.971112	4.02705e+07
0.973054	4.68430e+07
0.975000	4.74936e+07
0.976950	4.67741e+07
0.978904	4.71095e+07
0.980862	4.58275e+07
0.982824	4.76612e+07
0.984789	5.12908e+07
0.986759	5.29402e+07
0.988732	5.40254e+07
0.990710	5.55067e+07
0.992691	5.65092e+07
0.994676	5.80535e+07
0.996666	5.76368e+07
0.998659	5.44209e+07
1.00066	5.35025e+07
1.00266	5.47011e+07
1.00466	5.71400e+07
1.00667	5.94071e+07
1.00869	6.14301e+07
1.01070	6.40901e+07
1.01272	6.69385e+07
1.01475	6.93511e+07
1.01678	7.09813e+07
1.01881	7.25381e+07
1.02085	7.34552e+07
1.02289	7.28062e+07
1.02494	7.24648e+07
1.02699	7.32674e+07
1.02904	7.45172e+07
1.03110	7.70988e+07
1.03316	8.01049e+07
1.03523	8.16103e+07
1.03730	8.28152e+07
1.03937	8.34292e+07
1.04145	8.39071e+07
1.04353	8.47760e+07
1.04562	8.58162e+07
1.04771	8.64991e+07
1.04981	8.62796e+07
1.05191	8.62422e+07
1.05401	8.78579e+07
1.05612	8.97219e+07
1.05823	9.02224e+07
1.06035	9.09060e+07
1.06247	9.18456e+07
1.06459	9.22068e+07
1.06672	9.25369e+07
1.06886	9.25993e+07
1.07099	9.25576e+07
1.07314	9.37282e+07
1.07528	9.48229e+07
1.07743	9.52980e+07
1.07959	9.61142e+07
1.08175	9.67433e+07
1.08391	9.65891e+07
1.08608	9.55860e+07
1.08825	9.28222e+07
1.09043	8.72271e+07
1.09261	7.97749e+07
1.09479	7.32711e+07
1.09698	7.09909e+07
1.09918	6.38254e+07
1.10137	4.82576e+07
1.10358	3.56983e+07
1.10578	3.25169e+07
1.10800	4.35565e+07
1.11021	3.98217e+07
1.11243	2.83975e+07
1.11466	2.97721e+07
1.11689	3.23334e+07
1.11912	3.07663e+07
1.12136	2.16656e+07
1.12360	1.67505e+07
1.12585	2.21604e+07
1.12810	3.18145e+07
1.13036	2.89656e+07
1.13262	1.68581e+07
1.13488	1.58712e+07
1.13715	3.20950e+07
1.13943	3.95892e+07
1.14170	3.44474e+07
1.14399	3.05078e+07
1.14628	3.67386e+07
1.14857	4.21191e+07
1.15087	3.46166e+07
1.15317	2.25491e+07
1.15547	2.20513e+07
1.15778	2.44831e+07
1.16010	2.32990e+07
1.16242	2.55511e+07
1.16475	2.95725e+07
1.16707	2.92279e+07
1.16941	2.60963e+07
1.17175	2.79639e+07
1.17409	3.23188e+07
1.17644	3.53733e+07
1.17879	4.27738e+07
1.18115	5.22458e+07
1.18351	6.42971e+07
1.18588	7.14641e+07
1.18825	6.83349e+07
1.19063	6.89018e+07
1.19301	8.06558e+07
1.19539	8.82171e+07
1.19778	8.65307e+07
1.20018	8.82292e+07
1.20258	9.35111e+07
1.20499	9.79086e+07
1.20740	9.89966e+07
1.20981	9.71325e+07
1.21223	9.79352e+07
1.21465	1.02504e+08
1.21708	1.06655e+08
1.21952	1.09712e+08
1.22196	1.13112e+08
1.22440	1.15864e+08
1.22685	1.17398e+08
1.22930	1.17906e+08
1.23176	1.18867e+08
1.23423	1.20706e+08
1.23669	1.22688e+08
1.23917	1.22559e+08
1.24165	1.15689e+08
1.24413	1.14473e+08
1.24662	1.23429e+08
1.24911	1.21264e+08
1.25161	1.09239e+08
1.25411	1.15023e+08
1.25662	1.28884e+08
1.25913	1.31246e+08
1.26165	1.29366e+08
1.26417	1.28190e+08
1.26670	1.28222e+08
1.26924	1.28498e+08
1.27177	1.27784e+08
1.27432	1.28492e+08
1.27687	1.28493e+08
1.27942	1.25044e+08
1.28198	1.21797e+08
1.28454	1.21155e+08
1.28711	1.19438e+08
1.28969	1.12757e+08
1.29227	1.09519e+08
1.29485	1.10547e+08
1.29744	1.11978e+08
1.30003	1.08288e+08
1.30263	1.08333e+08
1.30524	1.10846e+08
1.30785	1.10736e+08
1.31047	1.10136e+08
1.31309	1.04975e+08
1.31571	1.04525e+08
1.31834	1.05236e+08
1.32098	1.01387e+08
1.32362	8.64935e+07
1.32627	7.35422e+07
1.32892	6.14388e+07
1.33158	3.44150e+07
1.33424	1.52170e+07
1.33691	6.85415e+06
1.33959	2.55039e+06
1.34227	1.96215e+06
1.34495	3.41303e+06
1.34764	2.96476e+06
1.35033	1.10729e+06
1.35304	574010.
1.35574	1.55914e+06
1.35845	2.04121e+06
1.36117	1.43271e+06
1.36389	1.69178e+06
1.36662	1.92922e+06
1.36935	1.84258e+06
1.37209	2.68824e+06
1.37484	3.25494e+06
1.37759	2.66351e+06
1.38034	1.21849e+06
1.38310	389934.
1.38587	576240.
1.38864	951467.
1.39142	1.31061e+06
1.39420	1.94951e+06
1.39699	1.71455e+06
1.39978	1.92913e+06
1.40258	3.46173e+06
1.40539	4.84078e+06
1.40820	4.20872e+06
1.41101	1.99750e+06
1.41384	1.19091e+06
1.41666	1.55631e+06
1.41950	1.76038e+06
1.42234	1.79032e+06
1.42518	2.06671e+06
1.42803	3.40954e+06
1.43089	3.30321e+06
1.43375	2.64228e+06
1.43662	2.81949e+06
1.43949	3.06435e+06
1.44237	5.07909e+06
1.44525	5.19278e+06
1.44814	6.06310e+06
1.45104	7.51898e+06
1.45394	7.79468e+06
1.45685	9.11358e+06
1.45976	1.17724e+07
1.46268	1.15925e+07
1.46561	1.14869e+07
1.46854	1.12590e+07
1.47148	1.22499e+07
1.47442	1.30786e+07
1.47737	1.32571e+07
1.48032	1.23632e+07
1.48328	1.39293e+07
1.48625	1.55592e+07
1.48922	1.47949e+07
1.49220	1.58818e+07
1.49518	1.70358e+07
1.49817	2.05464e+07
1.50117	2.59345e+07
1.50417	2.81594e+07
1.50718	2.64618e+07
1.51020	2.61571e+07
1.51322	3.12488e+07
1.51624	3.54174e+07
1.51927	3.84725e+07
1.52231	4.71132e+07
1.52536	4.83267e+07
1.52841	4.55924e+07
1.53147	4.97215e+07
1.53453	5.55678e+07
1.53760	5.58076e+07
1.54067	5.60528e+07
1.54375	5.92896e+07
1.54684	6.57545e+07
1.54993	6.82240e+07
1.55303	6.84917e+07
1.55614	6.95284e+07
1.55925	7.28514e+07
1.56237	7.77247e+07
1.56550	8.14575e+07
1.56863	8.50211e+07
1.57176	8.53580e+07
1.57491	8.57266e+07
1.57806	8.72590e+07
1.58121	9.01637e+07
1.58438	9.53559e+07
1.58754	9.73909e+07
1.59072	9.54975e+07
1.59390	9.43211e+07
1.59709	9.44012e+07
1.60028	9.41281e+07
1.60348	9.19775e+07
1.60669	8.98137e+07
1.60990	8.92747e+07
1.61312	8.77680e+07
1.61635	8.46370e+07
1.61958	8.05921e+07
1.62282	7.69986e+07
1.62607	7.46670e+07
1.62932	7.18213e+07
1.63258	7.19703e+07
1.63584	8.07838e+07
1.63911	8.89712e+07
1.64239	8.46161e+07
1.64568	7.07861e+07
1.64897	6.72099e+07
1.65227	7.64586e+07
1.65557	8.06284e+07
1.65888	7.92525e+07
1.66220	7.35347e+07
1.66552	5.23255e+07
1.66886	3.96204e+07
1.67219	5.44182e+07
1.67554	6.36533e+07
1.67889	6.08631e+07
1.68225	6.02252e+07
1.68561	5.66550e+07
1.68898	5.09390e+07
1.69236	4.42344e+07
1.69574	3.60650e+07
1.69914	3.66648e+07
1.70253	3.76788e+07
1.70594	4.07146e+07
1.70935	4.37353e+07
1.71277	4.55362e+07
1.71620	4.72418e+07
1.71963	4.70760e+07
1.72307	4.44552e+07
1.72651	4.07440e+07
1.72997	3.77606e+07
1.73343	3.43945e+07
1.73689	3.18163e+07
1.74037	2.85928e+07
1.74385	2.55867e+07
1.74733	2.41994e+07
1.75083	2.20146e+07
1.75433	1.59680e+07
1.75784	1.41826e+07
1.76136	1.55125e+07
1.76488	1.45707e+07
1.76841	1.13152e+07
1.77194	9.49461e+06
1.77549	7.03288e+06
1.77904	5.55720e+06
1.78260	5.73087e+06
1.78616	4.75860e+06
1.78973	3.60558e+06
1.79331	3.34744e+06
1.79690	3.74521e+06
1.80049	3.12323e+06
1.80410	1.76973e+06
1.80770	1.34910e+06
1.81132	1.15674e+06
1.81494	1.04970e+06
1.81857	1.08301e+06
1.82221	1.10331e+06
1.82585	1.03690e+06
1.82950	1.05595e+06
1.83316	1.16888e+06
1.83683	1.16650e+06
1.84050	2.16027e+06
1.84418	3.60387e+06
1.84787	3.28516e+06
1.85157	2.02675e+06
1.85527	1.59862e+06
1.85898	1.85732e+06
1.86270	1.57240e+06
1.86642	1.91441e+06
1.87016	1.93378e+06
1.87390	2.08125e+06
1.87765	3.84580e+06
1.88140	5.22017e+06
1.88516	4.62523e+06
1.88893	4.46118e+06
1.89271	5.97835e+06
1.89650	7.07310e+06
1.90029	3.72480e+06
1.90409	2.57967e+06
1.90790	4.32111e+06
1.91171	3.02318e+06
1.91554	1.56392e+06
1.91937	1.11815e+06
1.92321	982692.
1.92705	1.20563e+06
1.93091	1.47586e+06
1.93477	1.98656e+06
1.93864	2.52161e+06
1.94252	2.91954e+06
1.94640	2.70282e+06
1.95029	2.88255e+06
1.95419	2.26688e+06
1.95810	2.02989e+06
1.96202	2.79209e+06
1.96594	4.68555e+06
1.96988	6.83414e+06
1.97382	6.44557e+06
1.97776	6.19164e+06
1.98172	8.17427e+06
1.98568	1.05842e+07
1.98965	9.50219e+06
1.99363	9.75356e+06
1.99762	1.04501e+07
2.00161	1.18089e+07
2.00562	1.40216e+07
2.00963	1.54963e+07
2.01365	1.65976e+07
2.01768	1.67239e+07
2.02171	2.02109e+07
2.02575	2.22022e+07
2.02981	2.15361e+07
2.03386	2.28867e+07
2.03793	2.43785e+07
2.04201	2.56659e+07
2.04609	2.92197e+07
2.05018	3.07739e+07
2.05428	3.01206e+07
2.05839	3.28766e+07
2.06251	3.39661e+07
2.06663	3.51186e+07
2.07077	3.63333e+07
2.07491	3.53543e+07
2.07906	3.51150e+07
2.08322	3.56079e+07
2.08738	3.61042e+07
2.09156	3.66526e+07
2.09574	3.67851e+07
2.09993	3.64106e+07
2.10413	3.53679e+07
2.10834	3.46941e+07
2.11256	3.50257e+07
2.11678	3.49691e+07
2.12102	3.47632e+07
2.12526	3.46649e+07
2.12951	3.42142e+07
2.13377	3.36196e+07
2.13804	3.23754e+07
2.14231	3.07701e+07
2.14660	2.95575e+07
2.15089	2.87776e+07
2.15519	2.84637e+07
2.15950	2.78210e+07
2.16382	2.69704e+07
2.16815	2.60559e+07
2.17248	2.46261e+07
2.17683	2.31523e+07
2.18118	2.17891e+07
2.18554	2.02197e+07
2.18992	1.80887e+07
2.19430	1.44185e+07
2.19868	1.01813e+07
2.20308	7.45150e+06
2.20749	7.32171e+06
2.21190	8.99080e+06
2.21633	9.86148e+06
2.22076	9.48966e+06
2.22520	8.76942e+06
2.22965	7.78618e+06
2.23411	7.06327e+06
2.23858	6.45564e+06
2.24306	5.67004e+06
2.24754	5.43018e+06
2.25204	5.64442e+06
2.25654	5.53275e+06
2.26105	5.14815e+06
2.26558	4.73124e+06
2.27011	5.15016e+06
2.27465	5.68629e+06
2.27920	5.37164e+06
2.28375	4.74150e+06
2.28832	4.29950e+06
2.29290	4.12855e+06
2.29748	4.40646e+06
2.30208	5.29090e+06
2.30668	7.03825e+06
2.31130	8.35696e+06
2.31592	6.34573e+06
2.32055	3.63630e+06
2.32519	3.19465e+06
2.32984	3.19662e+06
2.33450	3.13179e+06
2.33917	3.01400e+06
2.34385	2.81804e+06
2.34854	3.05508e+06
2.35323	3.85988e+06
2.35794	4.79370e+06
2.36266	5.43073e+06
2.36738	4.27462e+06
2.37212	2.65645e+06
2.37686	2.71709e+06
2.38161	3.20190e+06
2.38638	3.69989e+06
2.39115	4.14834e+06
2.39593	4.37591e+06
2.40072	4.55853e+06
2.40552	4.62390e+06
2.41034	5.19002e+06
2.41516	5.51578e+06
2.41999	5.34946e+06
2.42483	5.55023e+06
2.42968	6.19419e+06
2.43454	6.34476e+06
2.43940	6.32697e+06
2.44428	5.81242e+06
2.44917	5.00592e+06
2.45407	5.18650e+06
2.45898	5.36524e+06
2.46390	5.07427e+06
2.46882	4.21384e+06
2.47376	3.19485e+06
2.47871	2.82286e+06
2.48367	2.97323e+06
2.48863	2.48987e+06
2.49361	2.14621e+06
2.49860	1.84358e+06
2.50359	1.71902e+06
2.50860	2.26881e+06
2.51362	1.57846e+06
2.51865	798293.
2.52368	904648.
2.52873	1.09496e+06
2.53379	761157.
2.53886	624739.
2.54393	536228.
2.54902	450772.
2.55412	675978.
