0.600000	529.401
0.601200	724.772
0.602402	975.038
0.603607	1291.63
0.604814	1688.57
0.606024	2182.86
0.607236	2781.57
0.608450	3497.44
0.609667	4348.14
0.610887	5349.54
0.612108	6516.06
0.613333	7863.74
0.614559	9414.65
0.615788	11186.1
0.617020	13195.6
0.618254	15453.3
0.619491	17994.3
0.620729	20829.3
0.621971	23991.8
0.623215	27487.2
0.624461	31316.4
0.625710	35512.7
0.626962	40116.8
0.628215	45155.7
0.629472	50649.1
0.630731	56609.6
0.631992	63060.8
0.633256	69996.9
0.634523	77440.8
0.635792	85478.0
0.637063	94079.7
0.638337	103270.
0.639614	113106.
0.640893	123543.
0.642175	134612.
0.643459	146304.
0.644746	158611.
0.646036	171500.
0.647328	185110.
0.648623	199903.
0.649920	215798.
0.651220	232082.
0.652522	248886.
0.653827	266722.
0.655135	285300.
0.656445	304404.
0.657758	324042.
0.659073	344790.
0.660391	365984.
0.661712	387402.
0.663036	408945.
0.664362	429972.
0.665690	447180.
0.667022	455946.
0.668356	421396.
0.669692	296356.
0.671032	253545.
0.672374	401092.
0.673719	539497.
0.675066	614087.
0.676416	662756.
0.677769	701268.
0.679124	736898.
0.680483	770827.
0.681844	803710.
0.683207	836190.
0.684574	867853.
0.685943	898272.
0.687315	928243.
0.688689	957332.
0.690067	980559.
0.691447	995484.
0.692830	1.01420e+06
0.694215	1.04477e+06
0.695604	1.07998e+06
0.696995	1.11050e+06
0.698389	1.13379e+06
0.699786	1.15244e+06
0.701185	1.16547e+06
0.702587	1.17868e+06
0.703993	1.19480e+06
0.705401	1.20739e+06
0.706811	1.21592e+06
0.708225	1.22141e+06
0.709641	1.22320e+06
0.711061	1.22325e+06
0.712483	1.21819e+06
0.713908	1.20728e+06
0.715336	1.18697e+06
0.716766	1.15415e+06
0.718200	1.12734e+06
0.719636	1.11159e+06
0.721075	1.09511e+06
0.722517	1.07218e+06
0.723962	1.03926e+06
0.725410	1.00009e+06
0.726861	965377.
0.728315	926289.
0.729771	879819.
0.731231	838976.
0.732693	797677.
0.734159	753094.
0.735627	705022.
0.737098	652335.
0.738573	600865.
0.740050	553372.
0.741530	502739.
0.743013	450186.
0.744499	400215.
0.745988	351197.
0.747480	303757.
0.748975	258118.
0.750473	214780.
0.751974	174793.
0.753477	138391.
0.754984	105942.
0.756494	77776.5
0.758007	54243.1
0.759523	35674.6
0.761042	21626.7
0.762564	11724.1
0.764089	5342.49
0.765618	1836.22
0.767149	812.007
0.768683	940.668
0.770220	1796.56
0.771761	6146.50
0.773304	15133.2
0.774851	29205.2
0.776401	48788.3
0.777953	68650.6
0.779509	80012.8
0.781068	122887.
0.782630	196910.
0.784196	268347.
0.785764	341065.
0.787336	421006.
0.788910	508802.
0.790488	591262.
0.792069	586549.
0.793653	381478.
0.795240	421790.
0.796831	853219.
0.798424	1.17537e+06
0.800021	1.37104e+06
0.801621	1.54324e+06
0.803224	1.72168e+06
0.804831	1.90669e+06
0.806440	2.09411e+06
0.808053	2.27584e+06
0.809669	2.44195e+06
0.811289	2.60941e+06
0.812911	2.79523e+06
0.814537	3.04335e+06
0.816166	3.31371e+06
0.817798	3.48848e+06
0.819434	3.74194e+06
0.821073	4.13417e+06
0.822715	4.43023e+06
0.824360	4.76147e+06
0.826009	5.14571e+06
0.827661	5.46934e+06
0.829316	5.77994e+06
0.830975	6.13820e+06
0.832637	6.53088e+06
0.834302	6.85147e+06
0.835971	7.16984e+06
0.837643	7.57369e+06
0.839318	7.98300e+06
0.840996	8.35884e+06
0.842678	8.83245e+06
0.844364	9.30570e+06
0.846052	9.80590e+06
0.847745	1.03311e+07
0.849440	9.84665e+06
0.851139	7.85391e+06
0.852841	7.94442e+06
0.854547	1.09065e+07
0.856256	1.28834e+07
0.857968	1.37064e+07
0.859684	1.39372e+07
0.861404	1.29185e+07
0.863126	1.21372e+07
0.864853	1.30109e+07
0.866582	1.41823e+07
0.868315	1.49760e+07
0.870052	1.54573e+07
0.871792	1.58440e+07
0.873536	1.63518e+07
0.875283	1.69377e+07
0.877033	1.77949e+07
0.878787	1.82803e+07
0.880545	1.85091e+07
0.882306	1.90239e+07
0.884070	1.97793e+07
0.885839	2.06791e+07
0.887610	2.08724e+07
0.889385	2.03552e+07
0.891164	1.89761e+07
0.892946	1.61077e+07
0.894732	1.57116e+07
0.896522	1.99494e+07
0.898315	2.35249e+07
0.900111	2.54948e+07
0.901912	2.75789e+07
0.903715	2.93035e+07
0.905523	2.97080e+07
0.907334	3.04461e+07
0.909148	3.14133e+07
0.910967	3.18870e+07
0.912789	3.27400e+07
0.914614	3.29542e+07
0.916443	3.22429e+07
0.918276	3.17408e+07
0.920113	3.32869e+07
0.921953	3.50606e+07
0.923797	3.43324e+07
0.925644	2.86998e+07
0.927496	1.89741e+07
0.929351	1.36515e+07
0.931209	1.72072e+07
0.933072	1.83142e+07
0.934938	1.95315e+07
0.936808	2.29705e+07
0.938681	2.65528e+07
0.940559	2.85166e+07
0.942440	2.44005e+07
0.944325	1.79407e+07
0.946213	1.78307e+07
0.948106	1.92152e+07
0.950002	1.97815e+07
0.951902	2.23106e+07
0.953806	2.54957e+07
0.955713	2.95935e+07
0.957625	2.82048e+07
0.959540	2.39252e+07
0.961459	2.15133e+07
0.963382	2.12021e+07
0.965308	2.22889e+07
0.967239	2.29016e+07
0.969174	2.52670e+07
0.971112	3.22964e+07
0.973054	3.86001e+07
0.975000	3.92193e+07
0.976950	3.85419e+07
0.978904	3.88705e+07
0.980862	3.75925e+07
0.982824	3.94537e+07
0.984789	4.31097e+07
0.986759	4.48159e+07
0.988732	4.60763e+07
0.990710	4.78676e+07
0.992691	4.89989e+07
0.994676	5.03778e+07
0.996666	5.01022e+07
0.998659	4.74644e+07
1.00066	4.68321e+07
1.00266	4.79049e+07
1.00466	5.02823e+07
1.00667	5.26357e+07
1.00869	5.47506e+07
1.01070	5.74149e+07
1.01272	6.03330e+07
1.01475	6.28225e+07
1.01678	6.44558e+07
1.01881	6.59581e+07
1.02085	6.69601e+07
1.02289	6.66000e+07
1.02494	6.64688e+07
1.02699	6.73090e+07
1.02904	6.87526e+07
1.03110	7.13454e+07
1.03316	7.42082e+07
1.03523	7.57984e+07
1.03730	7.71213e+07
1.03937	7.78626e+07
1.04145	7.84525e+07
1.04353	7.93589e+07
1.04562	8.03934e+07
1.04771	8.10906e+07
1.04981	8.10221e+07
1.05191	8.11435e+07
1.05401	8.27494e+07
1.05612	8.45733e+07
1.05823	8.51069e+07
1.06035	8.59234e+07
1.06247	8.69266e+07
1.06459	8.72365e+07
1.06672	8.75254e+07
1.06886	8.75076e+07
1.07099	8.73909e+07
1.07314	8.86069e+07
1.07528	8.97393e+07
1.07743	9.01668e+07
1.07959	9.10007e+07
1.08175	9.16182e+07
1.08391	9.13345e+07
1.08608	8.99802e+07
1.08825	8.64912e+07
1.09043	7.97553e+07
1.09261	7.10936e+07
1.09479	6.36969e+07
1.09698	6.09831e+07
1.09918	5.35699e+07
1.10137	3.82620e+07
1.10358	2.67234e+07
1.10578	2.39705e+07
1.10800	3.36076e+07
1.11021	3.01376e+07
1.11243	1.98163e+07
1.11466	2.07147e+07
1.11689	2.28880e+07
1.11912	2.15726e+07
1.12136	1.43212e+07
1.12360	1.05321e+07
1.12585	1.48671e+07
1.12810	2.25924e+07
1.13036	2.03796e+07
1.13262	1.10932e+07
1.13488	1.08102e+07
1.13715	2.42098e+07
1.13943	2.99631e+07
1.14170	2.51136e+07
1.14399	2.16458e+07
1.14628	2.66472e+07
1.14857	3.10913e+07
1.15087	2.49231e+07
1.15317	1.49265e+07
1.15547	1.44141e+07
1.15778	1.63510e+07
1.16010	1.54336e+07
1.16242	1.72212e+07
1.16475	2.05223e+07
1.16707	2.05208e+07
1.16941	1.82651e+07
1.17175	1.97033e+07
1.17409	2.35662e+07
1.17644	2.66659e+07
1.17879	3.28985e+07
1.18115	4.10265e+07
1.18351	5.24180e+07
1.18588	5.91967e+07
1.18825	5.61828e+07
1.19063	5.70543e+07
1.19301	6.90721e+07
1.19539	7.68446e+07
1.19778	7.51979e+07
1.20018	7.71102e+07
1.20258	8.28368e+07
1.20499	8.77631e+07
1.20740	8.87648e+07
1.20981	8.65569e+07
1.21223	8.74101e+07
1.21465	9.24935e+07
1.21708	9.71468e+07
1.21952	1.00580e+08
1.22196	1.04362e+08
1.22440	1.07515e+08
1.22685	1.09321e+08
1.22930	1.09885e+08
1.23176	1.10963e+08
1.23423	1.13057e+08
1.23669	1.15277e+08
1.23917	1.15153e+08
1.24165	1.08147e+08
1.24413	1.07067e+08
1.24662	1.16221e+08
1.24911	1.13846e+08
1.25161	1.01839e+08
1.25411	1.07891e+08
1.25662	1.22406e+08
1.25913	1.25294e+08
1.26165	1.23211e+08
1.26417	1.21852e+08
1.26670	1.21949e+08
1.26924	1.22240e+08
1.27177	1.21353e+08
1.27432	1.22156e+08
1.27687	1.22116e+08
1.27942	1.17821e+08
1.28198	1.13807e+08
1.28454	1.13009e+08
1.28711	1.10996e+08
1.28969	1.03114e+08
1.29227	9.92026e+07
1.29485	1.00271e+08
1.29744	1.01801e+08
1.30003	9.74906e+07
1.30263	9.75201e+07
1.30524	1.00253e+08
1.30785	9.98504e+07
1.31047	9.90400e+07
1.31309	9.31458e+07
1.31571	9.27344e+07
1.31834	9.36140e+07
1.32098	8.92008e+07
1.32362	7.34182e+07
1.32627	6.01955e+07
1.32892	4.89525e+07
1.33158	2.61451e+07
1.33424	1.10129e+07
1.33691	4.79180e+06
1.33959	1.67953e+06
1.34227	1.22343e+06
1.34495	2.15795e+06
1.34764	1.85500e+06
1.35033	654594.
1.35304	320326.
1.35574	915204.
1.35845	1.17940e+06
1.36117	795049.
1.36389	930265.
1.36662	1.04837e+06
1.36935	1.00883e+06
1.37209	1.54348e+06
1.37484	1.88640e+06
1.37759	1.49763e+06
1.38034	651319.
1.38310	194163.
1.38587	300962.
1.38864	516628.
1.39142	743347.
1.39420	1.14176e+06
1.39699	1.01484e+06
1.39978	1.19418e+06
1.40258	2.17635e+06
1.40539	3.05015e+06
1.40820	2.64211e+06
1.41101	1.20366e+06
1.41384	685220.
1.41666	905779.
1.41950	1.03513e+06
1.42234	1.06570e+06
1.42518	1.25086e+06
1.42803	2.12940e+06
1.43089	2.08598e+06
1.43375	1.66436e+06
1.43662	1.77660e+06
1.43949	1.98241e+06
1.44237	3.40921e+06
1.44525	3.47776e+06
1.44814	4.11816e+06
1.45104	5.16974e+06
1.45394	5.39128e+06
1.45685	6.40559e+06
1.45976	8.40642e+06
1.46268	8.17694e+06
1.46561	8.06589e+06
1.46854	7.95185e+06
1.47148	8.70731e+06
1.47442	9.33260e+06
1.47737	9.41455e+06
1.48032	8.69402e+06
1.48328	9.88972e+06
1.48625	1.10732e+07
1.48922	1.04270e+07
1.49220	1.12866e+07
1.49518	1.21714e+07
1.49817	1.48251e+07
1.50117	1.92247e+07
1.50417	2.10523e+07
1.50718	1.96628e+07
1.51020	1.95130e+07
1.51322	2.36735e+07
1.51624	2.71432e+07
1.51927	2.95287e+07
1.52231	3.64741e+07
1.52536	3.76467e+07
1.52841	3.57367e+07
1.53147	3.93055e+07
1.53453	4.40365e+07
1.53760	4.43093e+07
1.54067	4.48038e+07
1.54375	4.75511e+07
1.54684	5.30720e+07
1.54993	5.52261e+07
1.55303	5.56319e+07
1.55614	5.67136e+07
1.55925	6.00530e+07
1.56237	6.45391e+07
1.56550	6.75312e+07
1.56863	7.04056e+07
1.57176	7.05208e+07
1.57491	7.08037e+07
1.57806	7.23055e+07
1.58121	7.48351e+07
1.58438	7.90620e+07
1.58754	8.05883e+07
1.59072	7.86514e+07
1.59390	7.73982e+07
1.59709	7.74497e+07
1.60028	7.69084e+07
1.60348	7.42705e+07
1.60669	7.17856e+07
1.60990	7.09577e+07
1.61312	6.93978e+07
1.61635	6.61357e+07
1.61958	6.19549e+07
1.62282	5.80159e+07
1.62607	5.53870e+07
1.62932	5.27078e+07
1.63258	5.29445e+07
1.63584	6.11063e+07
1.63911	6.88657e+07
1.64239	6.47988e+07
1.64568	5.13975e+07
1.64897	4.78653e+07
1.65227	5.67480e+07
1.65557	6.06225e+07
1.65888	5.93891e+07
1.66220	5.46966e+07
1.66552	3.70126e+07
1.66886	2.61250e+07
1.67219	3.77950e+07
1.67554	4.50451e+07
1.67889	4.24354e+07
1.68225	4.20517e+07
1.68561	3.93232e+07
1.68898	3.50025e+07
1.69236	2.98264e+07
1.69574	2.33148e+07
1.69914	2.37982e+07
1.70253	2.46106e+07
1.70594	2.72189e+07
1.70935	3.00636e+07
1.71277	3.21227e+07
1.71620	3.40858e+07
1.71963	3.44201e+07
1.72307	3.25397e+07
1.72651	2.96852e+07
1.72997	2.75961e+07
1.73343	2.51766e+07
1.73689	2.33733e+07
1.74037	2.11357e+07
1.74385	1.89990e+07
1.74733	1.79313e+07
1.75083	1.62745e+07
1.75433	1.17475e+07
1.75784	1.04009e+07
1.76136	1.12853e+07
1.76488	1.04607e+07
1.76841	8.04469e+06
1.77194	6.71633e+06
1.77549	4.91855e+06
1.77904	3.85094e+06
1.78260	4.00005e+06
1.78616	3.29538e+06
1.78973	2.43426e+06
1.79331	2.23436e+06
1.79690	2.55234e+06
1.80049	2.11996e+06
1.80410	1.13723e+06
1.80770	843769.
1.81132	713798.
1.81494	636267.
1.81857	653580.
1.82221	665264.
1.82585	615877.
1.82950	613535.
1.83316	677027.
1.83683	669998.
1.84050	1.31914e+06
1.84418	2.35441e+06
1.84787	2.17508e+06
1.85157	1.30344e+06
1.85527	1.02969e+06
1.85898	1.23941e+06
1.86270	1.01773e+06
1.86642	1.18676e+06
1.87016	1.17349e+06
1.87390	1.28351e+06
1.87765	2.57182e+06
1.88140	3.58949e+06
1.88516	3.08542e+06
1.88893	2.89776e+06
1.89271	4.07976e+06
1.89650	4.92248e+06
1.90029	2.44520e+06
1.90409	1.57983e+06
1.90790	2.72495e+06
1.91171	1.87173e+06
1.91554	930117.
1.91937	657861.
1.92321	584731.
1.92705	732260.
1.93091	909641.
1.93477	1.24540e+06
1.93864	1.62549e+06
1.94252	1.93680e+06
1.94640	1.80715e+06
1.95029	1.95021e+06
1.95419	1.52405e+06
1.95810	1.36148e+06
1.96202	1.91710e+06
1.96594	3.30883e+06
1.96988	4.90407e+06
1.97382	4.62429e+06
1.97776	4.39718e+06
1.98172	5.94423e+06
1.98568	7.79664e+06
1.98965	6.95997e+06
1.99363	7.11553e+06
1.99762	7.75093e+06
2.00161	8.67612e+06
2.00562	1.01314e+07
2.00963	1.16289e+07
2.01365	1.26604e+07
2.01768	1.26822e+07
2.02171	1.52313e+07
2.02575	1.67093e+07
2.02981	1.63515e+07
2.03386	1.74218e+07
2.03793	1.86101e+07
2.04201	1.96906e+07
2.04609	2.24735e+07
2.05018	2.36317e+07
2.05428	2.29913e+07
2.05839	2.50241e+07
2.06251	2.59415e+07
2.06663	2.67156e+07
2.07077	2.74992e+07
2.07491	2.67647e+07
2.07906	2.65312e+07
2.08322	2.68199e+07
2.08738	2.71347e+07
2.09156	2.74312e+07
2.09574	2.74098e+07
2.09993	2.70372e+07
2.10413	2.61989e+07
2.10834	2.56123e+07
2.11256	2.57325e+07
2.11678	2.56136e+07
2.12102	2.53808e+07
2.12526	2.52354e+07
2.12951	2.48625e+07
2.13377	2.43787e+07
2.13804	2.34123e+07
2.14231	2.21402e+07
2.14660	2.11455e+07
2.15089	2.05201e+07
2.15519	2.02427e+07
2.15950	1.97243e+07
2.16382	1.90704e+07
2.16815	1.84078e+07
2.17248	1.74068e+07
2.17683	1.63573e+07
2.18118	1.53304e+07
2.18554	1.41483e+07
2.18992	1.25209e+07
2.19430	9.75744e+06
2.19868	6.67987e+06
2.20308	4.82498e+06
2.20749	4.88782e+06
2.21190	6.09504e+06
2.21633	6.63313e+06
2.22076	6.28963e+06
2.22520	5.75215e+06
2.22965	5.07719e+06
2.23411	4.57710e+06
2.23858	4.15189e+06
2.24306	3.57889e+06
2.24754	3.39443e+06
2.25204	3.57619e+06
2.25654	3.51206e+06
2.26105	3.26024e+06
2.26558	3.00494e+06
2.27011	3.32017e+06
2.27465	3.70824e+06
2.27920	3.50322e+06
2.28375	3.07690e+06
2.28832	2.77705e+06
2.29290	2.66237e+06
2.29748	2.84114e+06
2.30208	3.43685e+06
2.30668	4.76487e+06
2.31130	5.83506e+06
2.31592	4.36248e+06
2.32055	2.38846e+06
2.32519	2.10801e+06
2.32984	2.12542e+06
2.33450	2.06921e+06
2.33917	1.95944e+06
2.34385	1.80063e+06
2.34854	1.95062e+06
2.35323	2.50676e+06
2.35794	3.17512e+06
2.36266	3.62961e+06
2.36738	2.80918e+06
2.37212	1.69420e+06
2.37686	1.77338e+06
2.38161	2.14797e+06
2.38638	2.49113e+06
2.39115	2.78801e+06
2.39593	2.93456e+06
2.40072	3.06190e+06
2.40552	3.12531e+06
2.41034	3.56688e+06
2.41516	3.82949e+06
2.41999	3.72627e+06
2.42483	3.90293e+06
2.42968	4.43466e+06
2.43454	4.59373e+06
2.43940	4.64428e+06
2.44428	4.29672e+06
2.44917	3.68770e+06
2.45407	3.86239e+06
2.45898	4.03119e+06
2.46390	3.82298e+06
2.46882	3.17803e+06
2.47376	2.41148e+06
2.47871	2.12688e+06
2.48367	2.22279e+06
2.48863	1.83870e+06
2.49361	1.56709e+06
2.49860	1.33536e+06
2.50359	1.24699e+06
2.50860	1.66575e+06
2.51362	1.14068e+06
2.51865	547237.
2.52368	619998.
2.52873	756891.
2.53379	513802.
2.53886	412566.
2.54393	347742.
2.54902	284891.
2.55412	458038.
