0.600000	90.8575
0.601200	108.099
0.602402	127.872
0.603607	150.035
0.604814	174.606
0.606024	201.683
0.607236	231.361
0.608450	263.780
0.609667	299.052
0.610887	337.327
0.612108	378.782
0.613333	423.566
0.614559	471.906
0.615788	523.973
0.617020	580.046
0.618254	640.340
0.619491	705.173
0.620729	774.757
0.621971	849.358
0.623215	929.152
0.624461	1014.41
0.625710	1105.39
0.626962	1202.47
0.628215	1305.93
0.629472	1416.11
0.630731	1533.27
0.631992	1657.79
0.633256	1789.97
0.634523	1930.30
0.635792	2079.10
0.637063	2236.72
0.638337	2403.34
0.639614	2579.01
0.640893	2763.56
0.642175	2956.90
0.643459	3159.48
0.644746	3372.30
0.646036	3597.81
0.647328	3837.92
0.648623	4094.24
0.649920	4366.53
0.651220	4653.07
0.652522	4952.72
0.653827	5264.77
0.655135	5589.58
0.656445	5928.80
0.657758	6283.96
0.659073	6656.65
0.660391	7046.49
0.661712	7449.39
0.663036	7857.87
0.664362	8255.33
0.665690	8622.75
0.667022	8954.53
0.668356	9284.13
0.669692	9661.23
0.671032	10155.4
0.672374	10783.5
0.673719	11495.0
0.675066	12236.2
0.676416	12952.4
0.677769	13633.7
0.679124	14291.0
0.680483	14937.0
0.681844	15583.3
0.683207	16231.6
0.684574	16877.1
0.685943	17511.2
0.687315	18118.5
0.688689	18690.1
0.690067	19228.5
0.691447	19764.1
0.692830	20328.6
0.694215	20948.0
0.695604	21613.8
0.696995	22282.5
0.698389	22918.6
0.699786	23501.0
0.701185	24035.6
0.702587	24542.6
0.703993	25030.7
0.705401	25493.0
0.706811	25916.7
0.708225	26280.1
0.709641	26563.7
0.711061	26733.8
0.712483	26762.3
0.713908	26632.1
0.715336	26362.1
0.716766	26023.9
0.718200	25681.5
0.719636	25381.8
0.721075	25090.3
0.722517	24755.2
0.723962	24327.5
0.725410	23801.7
0.726861	23208.9
0.728315	22575.4
0.729771	21928.6
0.731231	21275.2
0.732693	20596.7
0.734159	19870.8
0.735627	19076.0
0.737098	18211.7
0.738573	17293.2
0.740050	16333.7
0.741530	15343.8
0.743013	14328.5
0.744499	13295.5
0.745988	12250.0
0.747480	11200.5
0.748975	10152.4
0.750473	9114.03
0.751974	8094.49
0.753477	7100.60
0.754984	6140.31
0.756494	5217.63
0.758007	4337.36
0.759523	3503.53
0.761042	2730.11
0.762564	2035.87
0.764089	1464.97
0.765618	1056.59
0.767149	867.711
0.768683	930.628
0.770220	1268.18
0.771761	1876.68
0.773304	2716.20
0.774851	3747.27
0.776401	4935.97
0.777953	6294.38
0.779509	7875.43
0.781068	9734.46
0.782630	11877.7
0.784196	14221.3
0.785764	16651.1
0.787336	18936.1
0.788910	20910.1
0.790488	22585.8
0.792069	24265.5
0.793653	26753.2
0.795240	30629.5
0.796831	36071.4
0.798424	42634.4
0.800021	49509.6
0.801621	56270.3
0.803224	62685.2
0.804831	68773.1
0.806440	74595.3
0.808053	80223.3
0.809669	85900.3
0.811289	91937.9
0.812911	98799.2
0.814537	106760.
0.816166	115831.
0.817798	125758.
0.819434	136335.
0.821073	147389.
0.822715	158901.
0.824360	170924.
0.826009	183418.
0.827661	196243.
0.829316	209328.
0.830975	222689.
0.832637	236444.
0.834302	250857.
0.835971	266230.
0.837643	282962.
0.839318	301219.
0.840996	320871.
0.842678	341387.
0.844364	361169.
0.846052	378802.
0.847745	393425.
0.849440	407936.
0.851139	426435.
0.852841	454224.
0.854547	492151.
0.856256	535819.
0.857968	580894.
0.859684	623476.
0.861404	663218.
0.863126	701717.
0.864853	740430.
0.866582	780667.
0.868315	822689.
0.870052	866177.
0.871792	910527.
0.873536	954566.
0.875283	997267.
0.877033	1.03712e+06
0.878787	1.07321e+06
0.880545	1.10493e+06
0.882306	1.13165e+06
0.884070	1.15204e+06
0.885839	1.16156e+06
0.887610	1.15604e+06
0.889385	1.13662e+06
0.891164	1.11207e+06
0.892946	1.10790e+06
0.894732	1.14443e+06
0.896522	1.23407e+06
0.898315	1.36877e+06
0.900111	1.52231e+06
0.901912	1.67441e+06
0.903715	1.80611e+06
0.905523	1.91239e+06
0.907334	1.99552e+06
0.909148	2.06092e+06
0.910967	2.11336e+06
0.912789	2.15494e+06
0.914614	2.18803e+06
0.916443	2.21493e+06
0.918276	2.23224e+06
0.920113	2.21353e+06
0.921953	2.12614e+06
0.923797	1.93987e+06
0.925644	1.66305e+06
0.927496	1.36366e+06
0.929351	1.10808e+06
0.931209	963197.
0.933072	938292.
0.934938	1.00156e+06
0.936808	1.10543e+06
0.938681	1.17593e+06
0.940559	1.17553e+06
0.942440	1.10159e+06
0.944325	991422.
0.946213	914440.
0.948106	904067.
0.950002	968531.
0.951902	1.08606e+06
0.953806	1.20455e+06
0.955713	1.28710e+06
0.957625	1.30322e+06
0.959540	1.27506e+06
0.961459	1.24353e+06
0.963382	1.27387e+06
0.965308	1.40359e+06
0.967239	1.64898e+06
0.969174	1.99284e+06
0.971112	2.37018e+06
0.973054	2.72207e+06
0.975000	2.99538e+06
0.976950	3.19136e+06
0.978904	3.35606e+06
0.980862	3.53226e+06
0.982824	3.76588e+06
0.984789	4.06262e+06
0.986759	4.40720e+06
0.988732	4.78055e+06
0.990710	5.15921e+06
0.992691	5.53043e+06
0.994676	5.88315e+06
0.996666	6.21531e+06
0.998659	6.52976e+06
1.00066	6.84313e+06
1.00266	7.16856e+06
1.00466	7.52142e+06
1.00667	7.90359e+06
1.00869	8.30747e+06
1.01070	8.72278e+06
1.01272	9.12824e+06
1.01475	9.50627e+06
1.01678	9.83558e+06
1.01881	1.01095e+07
1.02085	1.03355e+07
1.02289	1.05295e+07
1.02494	1.07235e+07
1.02699	1.09399e+07
1.02904	1.11993e+07
1.03110	1.14998e+07
1.03316	1.18195e+07
1.03523	1.21344e+07
1.03730	1.24181e+07
1.03937	1.26597e+07
1.04145	1.28592e+07
1.04353	1.30256e+07
1.04562	1.31689e+07
1.04771	1.33062e+07
1.04981	1.34496e+07
1.05191	1.36094e+07
1.05401	1.37850e+07
1.05612	1.39627e+07
1.05823	1.41263e+07
1.06035	1.42538e+07
1.06247	1.43322e+07
1.06459	1.43582e+07
1.06672	1.43439e+07
1.06886	1.43205e+07
1.07099	1.43112e+07
1.07314	1.43292e+07
1.07528	1.43621e+07
1.07743	1.43710e+07
1.07959	1.43165e+07
1.08175	1.41322e+07
1.08391	1.37414e+07
1.08608	1.30910e+07
1.08825	1.21595e+07
1.09043	1.09756e+07
1.09261	9.63465e+06
1.09479	8.21006e+06
1.09698	6.78938e+06
1.09918	5.42353e+06
1.10137	4.20718e+06
1.10358	3.21404e+06
1.10578	2.47998e+06
1.10800	1.97352e+06
1.11021	1.59828e+06
1.11243	1.30315e+06
1.11466	1.06021e+06
1.11689	864751.
1.11912	716784.
1.12136	618418.
1.12360	577876.
1.12585	592532.
1.12810	653435.
1.13036	752399.
1.13262	893547.
1.13488	1.06831e+06
1.13715	1.24785e+06
1.13943	1.36660e+06
1.14170	1.39720e+06
1.14399	1.34654e+06
1.14628	1.23841e+06
1.14857	1.09733e+06
1.15087	937111.
1.15317	789837.
1.15547	686308.
1.15778	654314.
1.16010	695808.
1.16242	799414.
1.16475	955337.
1.16707	1.16912e+06
1.16941	1.46283e+06
1.17175	1.87683e+06
1.17409	2.43996e+06
1.17644	3.15593e+06
1.17879	3.99610e+06
1.18115	4.91791e+06
1.18351	5.86285e+06
1.18588	6.80561e+06
1.18825	7.76542e+06
1.19063	8.77363e+06
1.19301	9.82476e+06
1.19539	1.08704e+07
1.19778	1.18520e+07
1.20018	1.27553e+07
1.20258	1.35681e+07
1.20499	1.42799e+07
1.20740	1.48989e+07
1.20981	1.54682e+07
1.21223	1.60810e+07
1.21465	1.67870e+07
1.21708	1.75843e+07
1.21952	1.84301e+07
1.22196	1.92588e+07
1.22440	2.00287e+07
1.22685	2.07292e+07
1.22930	2.13772e+07
1.23176	2.19986e+07
1.23423	2.26171e+07
1.23669	2.32325e+07
1.23917	2.38249e+07
1.24165	2.43769e+07
1.24413	2.48835e+07
1.24662	2.53547e+07
1.24911	2.58229e+07
1.25161	2.63172e+07
1.25411	2.68395e+07
1.25662	2.73481e+07
1.25913	2.77574e+07
1.26165	2.80325e+07
1.26417	2.81841e+07
1.26670	2.82377e+07
1.26924	2.82051e+07
1.27177	2.80331e+07
1.27432	2.76637e+07
1.27687	2.70309e+07
1.27942	2.61198e+07
1.28198	2.49903e+07
1.28454	2.37027e+07
1.28711	2.23720e+07
1.28969	2.10867e+07
1.29227	1.99885e+07
1.29485	1.91342e+07
1.29744	1.85275e+07
1.30003	1.81157e+07
1.30263	1.78155e+07
1.30524	1.75512e+07
1.30785	1.72276e+07
1.31047	1.68246e+07
1.31309	1.63025e+07
1.31571	1.56134e+07
1.31834	1.45773e+07
1.32098	1.30736e+07
1.32362	1.10691e+07
1.32627	8.78028e+06
1.32892	6.43490e+06
1.33158	4.34455e+06
1.33424	2.67632e+06
1.33691	1.50038e+06
1.33959	776779.
1.34227	370646.
1.34495	178887.
1.34764	87543.6
1.35033	49662.2
1.35304	30679.8
1.35574	21729.0
1.35845	16903.1
1.36117	14625.8
1.36389	13826.0
1.36662	14249.7
1.36935	15311.4
1.37209	16246.6
1.37484	15897.3
1.37759	14006.4
1.38034	11328.3
1.38310	9480.44
1.38587	9544.34
1.38864	12359.0
1.39142	18140.7
1.39420	26875.6
1.39699	38113.4
1.39978	49727.2
1.40258	59055.6
1.40539	62176.0
1.40820	58014.1
1.41101	48990.1
1.41384	39082.4
1.41666	33037.8
1.41950	32357.5
1.42234	36794.3
1.42518	44957.4
1.42803	55320.3
1.43089	67779.3
1.43375	84487.5
1.43662	109275.
1.43949	144140.
1.44237	189941.
1.44525	245099.
1.44814	309149.
1.45104	380988.
1.45394	455534.
1.45685	525078.
1.45976	577575.
1.46268	605586.
1.46561	613160.
1.46854	606580.
1.47148	594280.
1.47442	577629.
1.47737	557053.
1.48032	532663.
1.48328	509316.
1.48625	492924.
1.48922	500025.
1.49220	546833.
1.49518	649077.
1.49817	801660.
1.50117	988556.
1.50417	1.18494e+06
1.50718	1.38558e+06
1.51020	1.61306e+06
1.51322	1.89019e+06
1.51624	2.23277e+06
1.51927	2.63616e+06
1.52231	3.08862e+06
1.52536	3.57721e+06
1.52841	4.09797e+06
1.53147	4.65096e+06
1.53453	5.24603e+06
1.53760	5.88846e+06
1.54067	6.57368e+06
1.54375	7.29339e+06
1.54684	8.06307e+06
1.54993	8.89988e+06
1.55303	9.82988e+06
1.55614	1.08382e+07
1.55925	1.18840e+07
1.56237	1.28589e+07
1.56550	1.36692e+07
1.56863	1.42426e+07
1.57176	1.45901e+07
1.57491	1.48050e+07
1.57806	1.49591e+07
1.58121	1.50836e+07
1.58438	1.51448e+07
1.58754	1.50676e+07
1.59072	1.48203e+07
1.59390	1.44106e+07
1.59709	1.38626e+07
1.60028	1.32078e+07
1.60348	1.24635e+07
1.60669	1.16525e+07
1.60990	1.07788e+07
1.61312	9.83860e+06
1.61635	8.84091e+06
1.61958	7.84394e+06
1.62282	6.97919e+06
1.62607	6.36533e+06
1.62932	6.09643e+06
1.63258	6.14422e+06
1.63584	6.29609e+06
1.63911	6.34877e+06
1.64239	6.17416e+06
1.64568	5.85210e+06
1.64897	5.59822e+06
1.65227	5.48375e+06
1.65557	5.38392e+06
1.65888	5.14689e+06
1.66220	4.68853e+06
1.66552	4.08688e+06
1.66886	3.54424e+06
1.67219	3.16452e+06
1.67554	2.93867e+06
1.67889	2.78647e+06
1.68225	2.60972e+06
1.68561	2.37181e+06
1.68898	2.08032e+06
1.69236	1.79457e+06
1.69574	1.56813e+06
1.69914	1.46899e+06
1.70253	1.52008e+06
1.70594	1.71272e+06
1.70935	2.01144e+06
1.71277	2.33344e+06
1.71620	2.61197e+06
1.71963	2.77548e+06
1.72307	2.80585e+06
1.72651	2.73363e+06
1.72997	2.60243e+06
1.73343	2.46381e+06
1.73689	2.33450e+06
1.74037	2.20876e+06
1.74385	2.07185e+06
1.74733	1.90874e+06
1.75083	1.72049e+06
1.75433	1.51886e+06
1.75784	1.32254e+06
1.76136	1.13759e+06
1.76488	964287.
1.76841	801679.
1.77194	654293.
1.77549	526282.
1.77904	421706.
1.78260	339606.
1.78616	274691.
1.78973	223962.
1.79331	183075.
1.79690	148832.
1.80049	116773.
1.80410	86300.9
1.80770	59877.0
1.81132	39491.8
1.81494	26013.9
1.81857	18361.4
1.82221	14511.1
1.82585	13637.4
1.82950	15862.3
1.83316	22145.2
1.83683	32640.0
1.84050	45056.0
1.84418	56384.5
1.84787	62667.5
1.85157	63258.5
1.85527	60079.4
1.85898	55510.6
1.86270	53257.3
1.86642	56891.0
1.87016	69925.4
1.87390	92407.4
1.87765	119603.
1.88140	146688.
1.88516	168115.
1.88893	182532.
1.89271	185267.
1.89650	173036.
1.90029	145512.
1.90409	110600.
1.90790	77866.3
1.91171	52271.3
1.91554	34819.8
1.91937	24291.0
1.92321	19661.2
1.92705	19619.1
1.93091	23288.0
1.93477	29536.8
1.93864	37658.3
1.94252	46663.6
1.94640	56037.6
1.95029	66602.2
1.95419	80072.1
1.95810	100001.
1.96202	127314.
1.96594	159445.
1.96988	193393.
1.97382	227647.
1.97776	263787.
1.98172	303998.
1.98568	347927.
1.98965	395715.
1.99363	451614.
1.99762	519617.
2.00161	598401.
2.00562	681682.
2.00963	760382.
2.01365	826058.
2.01768	881537.
2.02171	938844.
2.02575	1.01802e+06
2.02981	1.13229e+06
2.03386	1.28664e+06
2.03793	1.47777e+06
2.04201	1.68678e+06
2.04609	1.89529e+06
2.05018	2.08132e+06
2.05428	2.23853e+06
2.05839	2.36863e+06
2.06251	2.47188e+06
2.06663	2.54620e+06
2.07077	2.59247e+06
2.07491	2.61528e+06
2.07906	2.62442e+06
2.08322	2.62515e+06
2.08738	2.61861e+06
2.09156	2.60204e+06
2.09574	2.57257e+06
2.09993	2.53063e+06
2.10413	2.48097e+06
2.10834	2.42791e+06
2.11256	2.37566e+06
2.11678	2.32454e+06
2.12102	2.27236e+06
2.12526	2.21643e+06
2.12951	2.15229e+06
2.13377	2.07779e+06
2.13804	1.99251e+06
2.14231	1.89947e+06
2.14660	1.80520e+06
2.15089	1.71476e+06
2.15519	1.63228e+06
2.15950	1.55643e+06
2.16382	1.48428e+06
2.16815	1.40801e+06
2.17248	1.32076e+06
2.17683	1.21199e+06
2.18118	1.07641e+06
2.18554	916540.
2.18992	741803.
2.19430	576694.
2.19868	440452.
2.20308	348574.
2.20749	299928.
2.21190	278311.
2.21633	268400.
2.22076	254851.
2.22520	234494.
2.22965	208915.
2.23411	180969.
2.23858	153917.
2.24306	130720.
2.24754	113644.
2.25204	104301.
2.25654	102159.
2.26105	105166.
2.26558	111085.
2.27011	116324.
2.27465	118448.
2.27920	116053.
2.28375	110461.
2.28832	106245.
2.29290	107228.
2.29748	116339.
2.30208	131992.
2.30668	146497.
2.31130	152682.
2.31592	145253.
2.32055	127201.
2.32519	106932.
2.32984	89372.3
2.33450	78048.2
2.33917	73393.5
2.34385	75778.4
2.34854	84479.7
2.35323	97141.7
2.35794	107619.
2.36266	111894.
2.36738	109308.
2.37212	103764.
2.37686	101928.
2.38161	106213.
2.38638	116185.
2.39115	130293.
2.39593	147398.
2.40072	167990.
2.40552	192734.
2.41034	221793.
2.41516	254743.
2.41999	291533.
2.42483	331441.
2.42968	371880.
2.43454	406864.
2.43940	432088.
2.44428	446917.
2.44917	454118.
2.45407	455440.
2.45898	447352.
2.46390	426251.
2.46882	391644.
2.47376	347498.
2.47871	301195.
2.48367	256749.
2.48863	217338.
2.49361	184715.
2.49860	159085.
2.50359	138586.
2.50860	119142.
2.51362	97935.5
2.51865	76198.7
2.52368	56429.8
2.52873	41222.1
2.53379	30605.5
2.53886	24253.8
2.54393	21382.4
2.54902	21368.2
2.55412	22619.4
