0.600000	834.683
0.601200	1243.62
0.602402	1792.62
0.603607	2520.37
0.604814	3459.37
0.606024	4655.10
0.607236	6135.63
0.608450	7945.06
0.609667	10121.6
0.610887	12713.0
0.612108	15766.4
0.613333	19323.0
0.614559	23443.4
0.615788	28169.6
0.617020	33554.1
0.618254	39635.7
0.619491	46483.8
0.620729	54146.6
0.621971	62678.8
0.623215	72104.2
0.624461	82466.4
0.625710	93825.0
0.626962	106271.
0.628215	119860.
0.629472	134647.
0.630731	150666.
0.631992	167969.
0.633256	186574.
0.634523	206551.
0.635792	227990.
0.637063	250923.
0.638337	275343.
0.639614	301261.
0.640893	328700.
0.642175	357742.
0.643459	388417.
0.644746	420566.
0.646036	454186.
0.647328	489760.
0.648623	527935.
0.649920	568218.
0.651220	609336.
0.652522	651464.
0.653827	695860.
0.655135	742088.
0.656445	788584.
0.657758	836053.
0.659073	884692.
0.660391	932070.
0.661712	975829.
0.663036	1.01542e+06
0.664362	1.04566e+06
0.665690	1.04377e+06
0.667022	978562.
0.668356	815494.
0.669692	600934.
0.671032	554262.
0.672374	765242.
0.673719	1.07448e+06
0.675066	1.34260e+06
0.676416	1.52712e+06
0.677769	1.65368e+06
0.679124	1.75431e+06
0.680483	1.84088e+06
0.681844	1.92120e+06
0.683207	1.99775e+06
0.684574	2.06590e+06
0.685943	2.12343e+06
0.687315	2.17778e+06
0.688689	2.22807e+06
0.690067	2.26649e+06
0.691447	2.30685e+06
0.692830	2.35873e+06
0.694215	2.42544e+06
0.695604	2.50515e+06
0.696995	2.58200e+06
0.698389	2.64819e+06
0.699786	2.69892e+06
0.701185	2.72374e+06
0.702587	2.73322e+06
0.703993	2.75325e+06
0.705401	2.78500e+06
0.706811	2.80954e+06
0.708225	2.81477e+06
0.709641	2.80378e+06
0.711061	2.78381e+06
0.712483	2.75925e+06
0.713908	2.72596e+06
0.715336	2.67697e+06
0.716766	2.61866e+06
0.718200	2.56412e+06
0.719636	2.51448e+06
0.721075	2.45950e+06
0.722517	2.39483e+06
0.723962	2.31459e+06
0.725410	2.22220e+06
0.726861	2.12502e+06
0.728315	2.02258e+06
0.729771	1.92003e+06
0.731231	1.82268e+06
0.732693	1.72432e+06
0.734159	1.61837e+06
0.735627	1.50444e+06
0.737098	1.38693e+06
0.738573	1.27250e+06
0.740050	1.16146e+06
0.741530	1.04925e+06
0.743013	936053.
0.744499	825756.
0.745988	719240.
0.747480	616975.
0.748975	519644.
0.750473	428446.
0.751974	344730.
0.753477	269199.
0.754984	202621.
0.756494	145556.
0.758007	98664.8
0.759523	62163.6
0.761042	35486.8
0.762564	17844.9
0.764089	7473.82
0.765618	2698.28
0.767149	980.656
0.768683	1023.46
0.770220	3146.42
0.771761	9445.53
0.773304	23645.5
0.774851	47664.7
0.776401	79522.8
0.777953	114188.
0.779509	158691.
0.781068	242613.
0.782630	368088.
0.784196	509140.
0.785764	657801.
0.787336	816299.
0.788910	980775.
0.790488	1.08139e+06
0.792069	1.01307e+06
0.793653	884874.
0.795240	1.05226e+06
0.796831	1.61295e+06
0.798424	2.23428e+06
0.800021	2.69609e+06
0.801621	3.06974e+06
0.803224	3.43571e+06
0.804831	3.80679e+06
0.806440	4.17964e+06
0.808053	4.54404e+06
0.809669	4.89757e+06
0.811289	5.25790e+06
0.812911	5.66462e+06
0.814537	6.10947e+06
0.816166	6.50381e+06
0.817798	6.85143e+06
0.819434	7.36976e+06
0.821073	8.12006e+06
0.822715	8.89608e+06
0.824360	9.62575e+06
0.826009	1.03456e+07
0.827661	1.10336e+07
0.829316	1.17145e+07
0.830975	1.24424e+07
0.832637	1.31898e+07
0.834302	1.39007e+07
0.835971	1.46167e+07
0.837643	1.53986e+07
0.839318	1.62100e+07
0.840996	1.70418e+07
0.842678	1.79416e+07
0.844364	1.88787e+07
0.846052	1.97537e+07
0.847745	1.99739e+07
0.849440	1.86010e+07
0.851139	1.64045e+07
0.852841	1.69601e+07
0.854547	2.08407e+07
0.856256	2.45200e+07
0.857968	2.61380e+07
0.859684	2.49074e+07
0.861404	2.11038e+07
0.863126	1.81237e+07
0.864853	1.81364e+07
0.866582	1.98337e+07
0.868315	2.13514e+07
0.870052	2.19921e+07
0.871792	2.22819e+07
0.873536	2.29158e+07
0.875283	2.40644e+07
0.877033	2.53207e+07
0.878787	2.59329e+07
0.880545	2.61104e+07
0.882306	2.70060e+07
0.884070	2.88265e+07
0.885839	3.04825e+07
0.887610	3.05636e+07
0.889385	2.89458e+07
0.891164	2.66486e+07
0.892946	2.57104e+07
0.894732	2.82715e+07
0.896522	3.36472e+07
0.898315	3.86152e+07
0.900111	4.27289e+07
0.901912	4.72851e+07
0.903715	5.05254e+07
0.905523	5.18925e+07
0.907334	5.37894e+07
0.909148	5.63757e+07
0.910967	5.87835e+07
0.912789	6.06784e+07
0.914614	6.09530e+07
0.916443	6.01543e+07
0.918276	6.07171e+07
0.920113	6.29872e+07
0.921953	6.49340e+07
0.923797	6.23033e+07
0.925644	5.24381e+07
0.927496	3.95479e+07
0.929351	3.22641e+07
0.931209	3.34437e+07
0.933072	3.68871e+07
0.934938	4.03635e+07
0.936808	4.56704e+07
0.938681	5.08493e+07
0.940559	5.21355e+07
0.942440	4.70298e+07
0.944325	3.98914e+07
0.946213	3.76326e+07
0.948106	3.90119e+07
0.950002	4.14189e+07
0.951902	4.53733e+07
0.953806	5.05029e+07
0.955713	5.45320e+07
0.957625	5.28876e+07
0.959540	4.75288e+07
0.961459	4.28280e+07
0.963382	4.13821e+07
0.965308	4.22113e+07
0.967239	4.44879e+07
0.969174	5.02227e+07
0.971112	6.00743e+07
0.973054	6.94375e+07
0.975000	7.32625e+07
0.976950	7.34777e+07
0.978904	7.33433e+07
0.980862	7.35869e+07
0.982824	7.63452e+07
0.984789	8.05243e+07
0.986759	8.11458e+07
0.988732	7.70368e+07
0.990710	7.19194e+07
0.992691	6.96622e+07
0.994676	7.00268e+07
0.996666	6.73883e+07
0.998659	6.16134e+07
1.00066	5.81726e+07
1.00266	5.86878e+07
1.00466	6.12727e+07
1.00667	6.46293e+07
1.00869	6.85927e+07
1.01070	7.31130e+07
1.01272	7.73807e+07
1.01475	8.11124e+07
1.01678	8.45248e+07
1.01881	8.73532e+07
1.02085	8.80539e+07
1.02289	8.65182e+07
1.02494	8.53067e+07
1.02699	8.61375e+07
1.02904	8.95441e+07
1.03110	9.51228e+07
1.03316	1.01200e+08
1.03523	1.06036e+08
1.03730	1.08602e+08
1.03937	1.09159e+08
1.04145	1.08885e+08
1.04353	1.09746e+08
1.04562	1.11645e+08
1.04771	1.12577e+08
1.04981	1.11888e+08
1.05191	1.11573e+08
1.05401	1.13203e+08
1.05612	1.15308e+08
1.05823	1.16483e+08
1.06035	1.17497e+08
1.06247	1.18983e+08
1.06459	1.20272e+08
1.06672	1.21082e+08
1.06886	1.21864e+08
1.07099	1.23178e+08
1.07314	1.25372e+08
1.07528	1.27685e+08
1.07743	1.29447e+08
1.07959	1.30836e+08
1.08175	1.31755e+08
1.08391	1.31157e+08
1.08608	1.28497e+08
1.08825	1.22911e+08
1.09043	1.13497e+08
1.09261	1.02191e+08
1.09479	9.24650e+07
1.09698	8.43738e+07
1.09918	7.28617e+07
1.10137	5.71424e+07
1.10358	4.40139e+07
1.10578	4.05155e+07
1.10800	4.33529e+07
1.11021	4.09646e+07
1.11243	3.47613e+07
1.11466	3.28988e+07
1.11689	3.34155e+07
1.11912	3.06270e+07
1.12136	2.45639e+07
1.12360	2.16830e+07
1.12585	2.51339e+07
1.12810	3.00653e+07
1.13036	2.82068e+07
1.13262	2.18556e+07
1.13488	2.21468e+07
1.13715	3.05476e+07
1.13943	3.64672e+07
1.14170	3.60618e+07
1.14399	3.57936e+07
1.14628	3.97133e+07
1.14857	4.18668e+07
1.15087	3.63719e+07
1.15317	2.81791e+07
1.15547	2.45897e+07
1.15778	2.48275e+07
1.16010	2.56182e+07
1.16242	2.72946e+07
1.16475	2.93281e+07
1.16707	2.92704e+07
1.16941	2.81645e+07
1.17175	2.93942e+07
1.17409	3.26381e+07
1.17644	3.71256e+07
1.17879	4.42548e+07
1.18115	5.47109e+07
1.18351	6.57755e+07
1.18588	7.26844e+07
1.18825	7.47273e+07
1.19063	7.87258e+07
1.19301	8.77320e+07
1.19539	9.48996e+07
1.19778	9.68506e+07
1.20018	9.90419e+07
1.20258	1.04310e+08
1.20499	1.09482e+08
1.20740	1.11128e+08
1.20981	1.10542e+08
1.21223	1.12406e+08
1.21465	1.17743e+08
1.21708	1.23887e+08
1.21952	1.29436e+08
1.22196	1.34692e+08
1.22440	1.39247e+08
1.22685	1.42206e+08
1.22930	1.43914e+08
1.23176	1.45760e+08
1.23423	1.48075e+08
1.23669	1.48984e+08
1.23917	1.44454e+08
1.24165	1.35660e+08
1.24413	1.33813e+08
1.24662	1.38847e+08
1.24911	1.36171e+08
1.25161	1.29396e+08
1.25411	1.37099e+08
1.25662	1.55093e+08
1.25913	1.65946e+08
1.26165	1.68211e+08
1.26417	1.68421e+08
1.26670	1.69582e+08
1.26924	1.71169e+08
1.27177	1.72121e+08
1.27432	1.73048e+08
1.27687	1.72475e+08
1.27942	1.68931e+08
1.28198	1.64806e+08
1.28454	1.61874e+08
1.28711	1.57368e+08
1.28969	1.50165e+08
1.29227	1.45519e+08
1.29485	1.45302e+08
1.29744	1.45324e+08
1.30003	1.43515e+08
1.30263	1.43011e+08
1.30524	1.43903e+08
1.30785	1.43476e+08
1.31047	1.40670e+08
1.31309	1.35760e+08
1.31571	1.31959e+08
1.31834	1.28273e+08
1.32098	1.19306e+08
1.32362	1.02192e+08
1.32627	8.32790e+07
1.32892	6.29198e+07
1.33158	3.95946e+07
1.33424	1.98147e+07
1.33691	8.69789e+06
1.33959	3.93873e+06
1.34227	2.51464e+06
1.34495	2.70784e+06
1.34764	2.35560e+06
1.35033	1.39798e+06
1.35304	982582.
1.35574	1.30798e+06
1.35845	1.57436e+06
1.36117	1.54221e+06
1.36389	1.60334e+06
1.36662	1.73565e+06
1.36935	1.95225e+06
1.37209	2.42169e+06
1.37484	2.66818e+06
1.37759	2.23560e+06
1.38034	1.30500e+06
1.38310	670234.
1.38587	601255.
1.38864	855067.
1.39142	1.25494e+06
1.39420	1.60447e+06
1.39699	1.77140e+06
1.39978	2.24078e+06
1.40258	3.27939e+06
1.40539	4.00452e+06
1.40820	3.53395e+06
1.41101	2.29737e+06
1.41384	1.46511e+06
1.41666	1.39290e+06
1.41950	1.56040e+06
1.42234	1.74921e+06
1.42518	2.22152e+06
1.42803	2.83223e+06
1.43089	2.93546e+06
1.43375	2.65519e+06
1.43662	2.71708e+06
1.43949	3.37620e+06
1.44237	4.43665e+06
1.44525	5.27503e+06
1.44814	6.12913e+06
1.45104	7.07879e+06
1.45394	7.96664e+06
1.45685	9.34656e+06
1.45976	1.08576e+07
1.46268	1.14663e+07
1.46561	1.14751e+07
1.46854	1.15892e+07
1.47148	1.21538e+07
1.47442	1.27654e+07
1.47737	1.29223e+07
1.48032	1.30081e+07
1.48328	1.37981e+07
1.48625	1.45932e+07
1.48922	1.48784e+07
1.49220	1.56239e+07
1.49518	1.74236e+07
1.49817	2.05297e+07
1.50117	2.42689e+07
1.50417	2.63066e+07
1.50718	2.63493e+07
1.51020	2.71433e+07
1.51322	3.00963e+07
1.51624	3.38591e+07
1.51927	3.81586e+07
1.52231	4.25813e+07
1.52536	4.46336e+07
1.52841	4.53142e+07
1.53147	4.75798e+07
1.53453	5.05075e+07
1.53760	5.21343e+07
1.54067	5.34649e+07
1.54375	5.60294e+07
1.54684	5.93211e+07
1.54993	6.15135e+07
1.55303	6.23839e+07
1.55614	6.36322e+07
1.55925	6.59356e+07
1.56237	6.86719e+07
1.56550	7.10046e+07
1.56863	7.24511e+07
1.57176	7.28692e+07
1.57491	7.31556e+07
1.57806	7.40831e+07
1.58121	7.58921e+07
1.58438	7.80090e+07
1.58754	7.87524e+07
1.59072	7.78295e+07
1.59390	7.65344e+07
1.59709	7.54708e+07
1.60028	7.41800e+07
1.60348	7.23171e+07
1.60669	7.03849e+07
1.60990	6.86734e+07
1.61312	6.66495e+07
1.61635	6.39562e+07
1.61958	6.07515e+07
1.62282	5.76524e+07
1.62607	5.50006e+07
1.62932	5.34425e+07
1.63258	5.43792e+07
1.63584	5.78952e+07
1.63911	6.06094e+07
1.64239	5.82929e+07
1.64568	5.27763e+07
1.64897	5.08034e+07
1.65227	5.33391e+07
1.65557	5.53439e+07
1.65888	5.43431e+07
1.66220	4.88168e+07
1.66552	3.93857e+07
1.66886	3.44930e+07
1.67219	3.76545e+07
1.67554	4.15386e+07
1.67889	4.21786e+07
1.68225	4.10289e+07
1.68561	3.87164e+07
1.68898	3.52697e+07
1.69236	3.12172e+07
1.69574	2.77365e+07
1.69914	2.67116e+07
1.70253	2.75364e+07
1.70594	2.92486e+07
1.70935	3.13356e+07
1.71277	3.31189e+07
1.71620	3.43601e+07
1.71963	3.44368e+07
1.72307	3.31685e+07
1.72651	3.12335e+07
1.72997	2.92363e+07
1.73343	2.73650e+07
1.73689	2.55678e+07
1.74037	2.37071e+07
1.74385	2.19585e+07
1.74733	2.03138e+07
1.75083	1.80218e+07
1.75433	1.50833e+07
1.75784	1.34688e+07
1.76136	1.31113e+07
1.76488	1.21418e+07
1.76841	1.02936e+07
1.77194	8.41417e+06
1.77549	6.68279e+06
1.77904	5.51067e+06
1.78260	4.92015e+06
1.78616	4.23460e+06
1.78973	3.51062e+06
1.79331	3.17572e+06
1.79690	3.05651e+06
1.80049	2.56961e+06
1.80410	1.80802e+06
1.80770	1.30425e+06
1.81132	1.07265e+06
1.81494	971534.
1.81857	956407.
1.82221	951195.
1.82585	928664.
1.82950	935279.
1.83316	1.02122e+06
1.83683	1.31321e+06
1.84050	1.99345e+06
1.84418	2.68027e+06
1.84787	2.62044e+06
1.85157	2.01595e+06
1.85527	1.64273e+06
1.85898	1.56362e+06
1.86270	1.53252e+06
1.86642	1.59046e+06
1.87016	1.75312e+06
1.87390	2.27138e+06
1.87765	3.27979e+06
1.88140	4.06964e+06
1.88516	4.18343e+06
1.88893	4.35620e+06
1.89271	4.94921e+06
1.89650	4.88542e+06
1.90029	3.65249e+06
1.90409	2.82098e+06
1.90790	2.89137e+06
1.91171	2.40684e+06
1.91554	1.56389e+06
1.91937	1.07505e+06
1.92321	958269.
1.92705	1.07683e+06
1.93091	1.35128e+06
1.93477	1.72648e+06
1.93864	2.12229e+06
1.94252	2.36594e+06
1.94640	2.42802e+06
1.95029	2.36603e+06
1.95419	2.13478e+06
1.95810	2.15617e+06
1.96202	2.84042e+06
1.96594	4.08783e+06
1.96988	5.19320e+06
1.97382	5.51343e+06
1.97776	5.75241e+06
1.98172	6.85352e+06
1.98568	7.88899e+06
1.98965	8.11506e+06
1.99363	8.29032e+06
1.99762	8.84102e+06
2.00161	9.68720e+06
2.00562	1.08246e+07
2.00963	1.20197e+07
2.01365	1.28811e+07
2.01768	1.35836e+07
2.02171	1.46733e+07
2.02575	1.56226e+07
2.02981	1.61244e+07
2.03386	1.67058e+07
2.03793	1.74693e+07
2.04201	1.84224e+07
2.04609	1.95267e+07
2.05018	2.01911e+07
2.05428	2.05039e+07
2.05839	2.10664e+07
2.06251	2.16123e+07
2.06663	2.19357e+07
2.07077	2.20662e+07
2.07491	2.19297e+07
2.07906	2.17945e+07
2.08322	2.18009e+07
2.08738	2.18640e+07
2.09156	2.18904e+07
2.09574	2.17832e+07
2.09993	2.15048e+07
2.10413	2.11258e+07
2.10834	2.08099e+07
2.11256	2.06405e+07
2.11678	2.05060e+07
2.12102	2.03388e+07
2.12526	2.01486e+07
2.12951	1.98900e+07
2.13377	1.95172e+07
2.13804	1.89873e+07
2.14231	1.83606e+07
2.14660	1.78112e+07
2.15089	1.74022e+07
2.15519	1.70987e+07
2.15950	1.67712e+07
2.16382	1.63840e+07
2.16815	1.59264e+07
2.17248	1.53638e+07
2.17683	1.47206e+07
2.18118	1.40122e+07
2.18554	1.30985e+07
2.18992	1.17477e+07
2.19430	9.83372e+06
2.19868	7.72350e+06
2.20308	6.35388e+06
2.20749	6.17720e+06
2.21190	6.72245e+06
2.21633	7.15006e+06
2.22076	7.01970e+06
2.22520	6.55255e+06
2.22965	6.01530e+06
2.23411	5.50719e+06
2.23858	5.00951e+06
2.24306	4.55522e+06
2.24754	4.33883e+06
2.25204	4.33243e+06
2.25654	4.28206e+06
2.26105	4.11627e+06
2.26558	4.02992e+06
2.27011	4.18941e+06
2.27465	4.37211e+06
2.27920	4.25189e+06
2.28375	3.91191e+06
2.28832	3.63240e+06
2.29290	3.54640e+06
2.29748	3.79251e+06
2.30208	4.47540e+06
2.30668	5.36604e+06
2.31130	5.70821e+06
2.31592	4.83656e+06
2.32055	3.53522e+06
2.32519	2.89817e+06
2.32984	2.74857e+06
2.33450	2.66931e+06
2.33917	2.57510e+06
2.34385	2.53245e+06
2.34854	2.75151e+06
2.35323	3.28331e+06
2.35794	3.82908e+06
2.36266	3.95912e+06
2.36738	3.39449e+06
2.37212	2.65671e+06
2.37686	2.50362e+06
2.38161	2.79919e+06
2.38638	3.16476e+06
2.39115	3.48120e+06
2.39593	3.69329e+06
2.40072	3.83464e+06
2.40552	4.01814e+06
2.41034	4.30824e+06
2.41516	4.52937e+06
2.41999	4.62925e+06
2.42483	4.83235e+06
2.42968	5.16358e+06
2.43454	5.36995e+06
2.43940	5.33526e+06
2.44428	5.02379e+06
2.44917	4.68451e+06
2.45407	4.61016e+06
2.45898	4.60017e+06
2.46390	4.34201e+06
2.46882	3.76672e+06
2.47376	3.11667e+06
2.47871	2.74372e+06
2.48367	2.56203e+06
2.48863	2.27881e+06
2.49361	1.95555e+06
2.49860	1.73578e+06
2.50359	1.72280e+06
2.50860	1.74291e+06
2.51362	1.40994e+06
2.51865	984340.
2.52368	857057.
2.52873	853221.
2.53379	720354.
2.53886	565971.
2.54393	480680.
2.54902	485573.
2.55412	585722.
