#wavelength	surface flux
0.3999985296548732	0.008262893311885802
0.4039985149514219	0.0006449931916098571
0.4080385001009362	0.019050326763311684
0.41211888510194555	0.16821258808072162
0.416240073952965	0.6092096981873449
0.4204024746924947	0.24953893723937687
0.42460649943941964	2.9652435953774927
0.4288525644338138	5.678003038076153
0.43314109007815194	9.147152550617571
0.4374725009789334	13.442345137310786
0.4418472259887228	18.357405064049317
0.44626569824860995	23.498641154912075
0.4507283552310961	28.24876215359174
0.45523563878340706	24.03263304014299
0.4597879951712412	31.830954726214564
0.4643858751229536	35.59660435894268
0.4690297338741832	34.99478348849183
0.47372003121292494	33.56020518777264
0.4784572315250542	31.39513452615641
0.48324180384030474	28.951251166996617
0.4880742218787078	26.746639293855083
0.49295496409749495	24.475148223115145
0.4978845137384698	22.670848979624374
0.5028633588758545	20.608690257243286
0.5078919924646131	19.150193337617846
0.5129709123892592	17.861739249691723
0.5181006215131518	16.793125115214902
0.5232816277282833	15.675404151001832
0.5285144440055661	14.655366025054194
0.5337995884456219	13.762455063647112
0.5391375843300781	12.526016856942862
0.5445289601733789	11.473850693879308
0.5499742497751127	10.449015664086241
0.5554739922728638	9.442072766484369
0.5610287321955925	8.270055001190196
0.5666390195175484	6.717293425016403
0.5723054097127239	5.176554033604035
0.5780284638098512	3.440539593591109
0.5838087484479496	1.7286186041500091
0.5896468359324292	0.25885518602308655
0.5955433042917534	3.1596212886649937
0.601498737334671	8.701879478308113
0.6075137247080177	19.43357703669554
0.6135888619550979	37.21194702533455
0.6197247505746488	62.85800878206514
0.6259219980803953	101.47849532686564
0.6321812180611992	158.53317087894283
0.6385030302418113	240.27834055059836
0.6448880605442294	332.01483175746154
0.6513369411496717	489.7826164281698
0.6578503105611685	684.5520855169206
0.6644288136667802	941.8697964437366
0.6710731018034479	1010.6195803217439
0.6777838328214824	1494.3743924909984
0.6845616711496972	1671.8238480987982
0.6914072878611942	1476.5156794124878
0.6983213607398061	1531.4015185245712
0.7053045743472042	1387.4029170682709
0.7123576200906763	1368.3847072365104
0.719481196291583	742.1618255572859
0.726676008254499	624.6388897357655
0.7339427683370439	634.0174474764242
0.7412821960204143	642.9374238202754
0.7486950179806185	699.8033808280967
0.7561819681604247	511.7476957651506
0.7637437878420289	200.24765799695282
0.7713812257204492	199.40629594253173
0.7790950379776537	603.9564995556005
0.7868859883574303	1396.6681726861793
0.7947548482410045	1785.926100536859
0.8027023967234147	3318.5841752538026
0.8107294206906488	3420.9929773541903
0.8188367148975553	4815.384297760187
0.8270250820465308	7062.4570125950695
0.8352953328669962	9936.584383127758
0.8436482861956661	16042.000560921364
0.8520847690576229	21751.432243639898
0.8606056167481991	33127.488578174205
0.869211672915681	41300.82812569373
0.8779037896448377	42237.49320918705
0.8866828275412862	52501.7741783478
0.8955496558166991	31269.612582395454
0.9045051523748662	60501.829165636875
0.9135502038986147	57196.49057354663
0.922685705937601	47959.40996623845
0.931912562996977	512.4215550044668
0.9412316886269468	5302.237949634647
0.9506440055132163	8347.806227413788
0.9601504455683483	6934.513030813875
0.9697519500240318	17242.92479023053
0.9794494695242721	27847.65540310116
0.9892439642195149	83450.98287586862
0.9991364038617101	142686.47081137265
1.0091277679003272	159327.05623492575
1.0192190455793306	104188.42205160162
1.0294112360351237	159304.5267387409
1.039705348395475	187625.45728180732
1.0501024018794298	287738.44883462373
1.060603425898224	423772.2719064689
1.0712094601572064	342232.68091858627
1.0819215547587784	389607.30520391546
1.0927407703063663	113867.01581851316
1.1036681780094297	28618.229716335747
1.1147048597895242	1127.8483516798453
1.1258519083874194	1574.9456683698083
1.1371104274712935	1967.8586623110245
1.1484815317460066	262.2471476337213
1.1599663470634667	632.365899260825
1.1715660105341013	816.189901431003
1.1832816706394425	9885.877574349726
1.1951144873458368	26899.800334112904
1.2070656322192952	32958.58707082732
1.219136288541488	41982.842232529634
1.231327651426903	152322.692024305
1.2436409279411722	342577.74672772404
1.2560773372205838	382939.33713751024
1.2686381105927897	615495.122819754
1.2813244916987176	203070.0875124683
1.2941377366157047	70335.13635936173
1.3070791139818618	53478.325644969984
1.3201499051216805	23947.76728811582
1.333351404172897	3170.140525784191
1.3466849182146263	49.81333401559681
1.3601517673967725	1.7940532305208337
1.3737532850707401	43.65568205472132
1.3874908179214476	11.118872046499375
1.401365726100662	42.53016655758771
1.4153793833616688	100.65102407415127
1.4295331771952855	27.41588403916823
1.4438285089672382	342.2081416652489
1.4582667940569107	2326.6523660397456
1.47284946199748	190.6346398687595
1.4875779566174547	95.96602392273518
1.5024537361836292	298.44870321324447
1.5174782735454655	48.91780705508205
1.5326530562809202	5397.592157615378
1.5479795868437294	1060.154512461559
1.5634593827121666	10014.990153711564
1.5790939765392884	65914.87371965052
1.5948849163046814	72640.29736576862
1.6108337654677283	31816.834753738174
1.6269421031224054	8868.186812521062
1.6432115241536296	7680.4916368999775
1.6596436393951657	6924.362096913898
1.6762400757891174	4753.421570686353
1.6930024765470086	806.5546011576184
1.7099325013124789	1326.024426714205
1.7270318263256035	3270.182905924975
1.7443021445888596	7581.182357119938
1.761745166034748	1606.4411913200256
1.7793626176950958	5016.082564048208
1.7971562438720465	1330.063231251086
1.8151278063107674	1459.9072028027351
1.833279084373875	72.59999426098767
1.8516118752176136	272.69738726874357
1.8701279939697897	193.301127948099
1.8888292739094876	1470.572900455135
1.9077175666485826	198.0238672808765
1.9267947423150684	81.18132869994005
1.9460626897382192	290.336569432157
1.9655233166356012	966.8841289073904
1.9851785498019574	582.0885035177081
2.005030335299977	1522.2794760497106
2.0250806386529767	1719.5858740771869
2.0453314450395066	5716.945498245362
2.0657847594899015	9624.538093579285
2.0864426070848006	15019.339570122287
2.107307033155649	16256.627126485666
2.128380103487205	14169.406291882264
2.149663904522077	8189.803549212933
2.171160543567298	4979.877551051609
2.1928721490029712	1246.4402444819086
2.2148008704930007	378.44629900765256
2.236948879197931	199.3740311302384
2.2593183679899105	33.7772045271389
2.281911551669809	112.3777507010756
2.3047306671865075	179.90201237914195
2.3277779738583724	25.695489320582077
2.351055753596956	69.33068881219661
2.374566311132926	78.61076957927139
2.398311974244255	342.612074087571
2.4222950939866976	441.1902894321983
2.446518044926565	2274.6865777751627
2.4709832253758304	2760.0503786206314
2.495693057629589	3958.6677250132084
2.520649988205885	1853.518066352475
2.5458564880879435	412.2323758399183
2.571315052968823	7.257839883260515
2.5970282034985113	97.73468405613339
2.6229984855334965	202.45962018987782
2.6492284703888314	1447.2432147355528
2.6757207550927196	6.646425671638587
2.7024779626436466	305.6110551804379
2.7295027422700833	190.1461224188915
2.7567977696927843	268.81715928052284
2.784365747389712	226.68520878451093
2.812209404863609	72.19002336413266
2.8403314989122452	1697.5178490287517
2.868734813901368	2521.214135044863
2.8974221620403813	2916.7740278377096
2.9263963836607854	4682.223454227911
2.955660347497393	6410.84222310232
2.9852169509723674	7182.366800956276
3.015069120482091	8054.896492678174
3.045219811686912	11507.366838503009
3.075672009803781	8185.111857625244
3.1064287299018187	7301.287456481302
3.137493017200837	14970.290180445834
3.168867947372845	4110.374118040594
3.200556626846574	329.12499709752075
3.2325621931150392	531.9844375486891
3.26488781504619	410.5194142914215
3.297536693196652	2110.863025019433
3.3305120601286187	468.0871874090925
3.363817180729905	992.3136646696389
3.3974553525372038	2002.300202794166
3.4314299060625757	2665.5972776474064
3.4657442051232015	4012.1752786818097
3.500401647174434	9074.825597238429
3.535405663646178	5625.621467270011
3.5707597202826404	11885.289015455348
3.6064673174854667	9259.855367175558
3.6425319906603213	32202.72885541548
3.678957310566924	58737.19322124801
3.7157468836725935	65264.1939852262
3.75290435250932	105927.77012201361
3.7904333960344125	52088.51580743351
3.8283377299947574	146252.14550863262
3.866621107294704	100934.86024086489
3.9052873183676513	86492.61784711633
3.9443401915513285	113561.42872712344
3.9837835934668413	239388.88686115725
4.02362142940151	196822.48749319493
4.063857643695525	235133.19573945744
4.10449622013248	221632.49991703278
4.1455411823338055	289385.25551461097
4.186996594157144	333357.4733461474
4.228866560098715	247293.48390109552
4.271155225699702	577230.2494383852
4.313866777956699	236947.6541410453
4.357005445736266	480316.1868238897
4.400575500193629	420055.4160550076
4.4445812551955655	437182.3642637723
4.4890270677475215	427242.10449712415
4.533917338424996	499782.3085092863
4.579256511809246	564431.521590035
4.625049076927338	501774.693003039
4.671299567696612	487314.0980548949
4.718012563373578	580999.3086265589
4.765192689007313	650424.9035996055
4.8128446158973865	596388.5349262089
4.860973062056361	530323.112857264
4.909582792676924	336106.1034031514
4.958678620603694	209001.4616531814
5.008265406809731	260932.5989291098
5.058348060877829	420047.99207357335
5.108931541486607	228802.66370929198
5.160020856901473	166686.28774045734
5.211621065470488	75320.27978846771
5.263737276125193	151996.58560582701
5.316374648886445	107500.09086723134
5.369538395375309	63456.082666686954
5.4232337793290615	22388.984309575833
5.477466117122353	23687.670687462636
5.532240778293576	23136.412219401987
5.587563186076513	12935.270196484393
5.643438817937278	9742.56144741296
5.69987320611665	16705.14010672514
5.756871938177817	3828.1751424960817
5.814440657559595	7386.265613921588
5.87258506413519	5392.428471505416
5.931310914776543	4665.266573437289
5.990624023924308	5649.31567071595
6.050530264163551	5442.661973459967
6.111035566805187	5370.7638266792455
6.172145922473239	3782.102679882551
6.233867381697972	11799.979458667865
6.296206055514951	28863.054396221378
6.359168116070101	10185.482815793923
6.4227597972308015	5376.62224275775
6.48698739520311	4026.8011237495907
6.551857269155142	8031.730078516281
6.617375841846692	6124.677540613213
6.6835496002651595	9284.612398195966
6.750385096267811	16992.692508895456
6.8178889472304895	15958.930231877343
6.886067836702794	13532.508224913803
6.954928515069822	25739.11143517331
7.02447780022052	19105.436008920755
7.094722578222726	28750.20034081728
7.165669804004954	22510.73486143685
7.237326502045002	24668.68021329995
7.309699767065453	16591.342875444476
7.382796764736107	10565.657685943084
7.456624732383468	7587.665982991649
7.531190979707304	13500.74928788789
7.606502889504377	19704.775038582753
7.682567918399419	5522.401695374563
7.759393597583415	10057.485974072126
7.836987533559249	14811.516181842419
7.915357408894842	13163.939739709413
7.99451098298379	20653.78397801706
8.074456092813627	17672.402054888007
8.155200653741764	26582.713195585337
8.236752660279182	38922.90060072442
8.319120186881973	52187.82691941367
8.402311388750794	48339.382864568026
8.486334502638302	68207.12679229582
8.571197847664685	67985.99575435805
8.656909826141332	43949.06422402127
8.743478924402744	76442.65948405246
8.830913713646773	58796.00149291953
8.91922285078324	38180.96431103791
9.008415079291073	39278.915333114026
9.098499230083984	49344.47134487165
9.189484222384824	34436.663566386065
9.281379064608672	39779.411608492686
9.374192855254758	25997.621128191186
9.467934783807307	38788.62305322956
9.562614131645379	27477.175863412
9.658240272961834	35773.28137473432
9.754822675691452	45227.153484149865
9.852370902448365	51745.98863238353
9.950894611472851	63547.11530064395
10.050403557587579	49139.275859456306
10.150907593163454	89500.2015218537
10.252416669095089	68641.631655509
10.35494083578604	7388.718025385014
10.4584902441439	21596.497963301757
10.56307514658534	25652.51951050882
10.668705898051194	18996.779804384132
10.775392957031706	8823.884768162645
10.883146886602022	26560.461635254094
10.991978355468042	30357.954023059105
11.101898139022724	60173.14653637062
11.21291712041295	27297.601652173234
11.325046291617081	73473.15064106787
11.438296754533251	53747.43660306959
11.552679722078585	38957.24073747278
11.66820651929937	50292.023915353224
11.784888584492363	23215.715391831764
11.902737470337287	55494.21958796767
12.021764845040659	21248.700173005098
12.141982493491067	38792.224845943914
12.263402318425978	19448.71022576416
12.386036341610238	22815.261705364454
12.509896705026339	36812.93389573411
12.634995672076604	35189.6280074909
12.76134562879737	31317.18042297634
12.888959085085343	28105.215205045566
13.017848675936195	31145.80141687485
13.14802716269556	27360.694636795084
13.279507434322513	34644.8133834234
13.41230250866574	27305.93988608791
13.546425533752396	36224.42473827069
13.68188978908992	40810.42944699753
13.818708686980822	33118.255512919415
13.95689577385063	41992.91853732195
14.096464731589135	29410.89775852149
14.237429378905027	35232.87029215175
14.379803672694079	32389.778052797672
14.523601709421019	29051.973820285606
14.668837726515228	41053.96978207951
14.81552610378038	37722.31855880116
14.963681364818186	33616.61680577229
15.113318178466368	34037.98905012859
15.26445136025103	39063.232100125446
15.41709587385354	30227.865382757456
15.571266832592077	28856.384654844012
15.726979500917999	22527.38929768024
15.884249295927178	18290.480358827048
16.04309178888645	23063.991652886376
16.203522706775317	21722.822269265806
16.365557933843068	27572.348018386954
16.5292135131815	30403.933299844975
16.694505648313314	27082.557963357645
16.861450704796447	21217.969533989934
17.03006521184441	29912.282283418997
17.20036586396286	22781.842519731945
17.372369522602487	22013.669646659324
17.54609321782851	20738.801237008316
17.721554150006796	23351.74973682391
17.898769691506864	24905.185621319248
18.077757388421933	20317.635946529183
18.25853496230615	17873.162008934523
18.441120311929215	24634.75683549995
18.625531515048504	19051.26730370963
18.81178683019899	21393.591853309663
18.99990469850098	16741.227452567484
19.18990374548599	17769.458010531405
19.38180278294085	13247.880745722247
19.57562081077026	16190.20538514029
19.771377018877963	15068.80484941674
19.96909078906674	11981.661146899965
20.16878169695741	18221.37798528535
20.370469513926984	13540.254860931096
20.574174209066253	12671.499312990167
20.779915951156916	15777.696341930456
20.987715110668486	13532.403297235765
21.19759226177517	9731.082207535426
21.40956818439292	11574.798789593111
21.623663866236853	11853.279241995728
21.83990050489922	8291.320889438208
22.058299509948213	10313.749378212278
22.278882505047697	12869.118298540983
22.501671330098173	9708.180046928477
22.726688043399154	11521.993411712263
22.953954923833145	8667.270955724856
23.183494473071477	9652.618042621492
23.41532941780219	9608.814187836504
23.649482711980216	7217.486653429815
23.88597753910002	5079.381895757351
24.124837314491018	9290.564387279705
24.36608568763593	9944.051850715703
24.609746544512287	10255.171166519249
24.855844009957412	8178.857817742759
25.104402450056988	4774.365010171779
25.355446474557553	5367.704185269945
25.609000939303133	8120.57827434319
25.865090948696164	7007.568741012798
26.123741858183127	6455.312467435064
26.384979276764955	6596.504154424116
26.648829069532603	3861.403031945316
26.915317360227935	5355.989746599608
27.184470533830215	6154.720134381004
27.456315239168514	6854.261144547756
27.730878391560196	5642.728871901004
28.008187175475804	3473.5151551006547
28.28826904723056	3428.078399494754
28.571151737702866	3249.644363594147
28.856863255079894	4295.493702127147
29.145431887630696	3668.6498569170826
29.436886206507	3689.803994433458
29.73125506857207	3579.6315203881395
30.028567619257792	3714.0013109934694
30.328853295450372	3345.2788169169808
30.632141828404876	2804.0018215418972
30.938463246688926	2378.991509518001
31.24784787915581	3291.9823903477563
31.560326357947375	3367.1569705300235
31.875929621526847	2936.5278130029756
32.19468891774212	3097.7374209671502
32.51663580691953	2923.7100594833273
32.84180216498873	2235.0851776820577
33.170220186638616	2037.4493148697443
33.50192238850501	2254.881677973651
33.836941612390056	2484.5755550113277
34.17531102851396	2246.9932125086093
34.51706413879909	1677.6641201965022
34.86223478018709	2137.555224188419
35.21085712798896	1880.8093155354031
35.562965699268844	1520.0037853499052
35.91859535626154	1377.7390015070873
36.27778130982416	1450.0858784206741
36.64055912292239	1705.2415257220282
37.00696471415162	1691.1948462406851
37.377034361293134	1613.697104043684
37.750804704906066	1652.975409938939
38.12831275195513	1795.641840306632
38.50959587947468	1734.2142568292943
38.89469183826943	1348.5087075478211
39.283638756652124	1046.1337445738145
39.67647514421864	1100.5735893104793
40.073239895660834	1139.2250276275265
40.47397229461744	1057.8940303157112
40.878712017563615	1012.2423924751085
41.287499137739246	1316.3151204266333
41.700374129116646	1306.421680953983
42.117377870407815	1073.4174001155043
42.53855164911189	896.6305563513574
42.96393716560301	905.6675393120202
43.39357653725904	902.3647031503675
43.827512302631625	738.9639726005485
44.26578742565795	749.0854851856905
44.70844529991452	760.2488015835877
45.15552975291367	665.6084993695139
45.60708505044281	832.9401111374815
46.06315590094724	669.1806362649965
46.52378745995671	605.0751707723388
46.989025334556274	656.8109478547918
47.45891558790184	672.1801082301934
47.93350474378086	545.3484492132781
48.412839791218666	632.4373308594097
48.89696818913085	587.6065350666302
49.385937871022165	465.82567168925056
