#wavelength	surface flux
0.0001	2.867242673749297e-96
0.000101	3.2637009199961126e-96
0.00010201000000000001	3.6641237487053994e-96
0.00010303010000000001	4.06855080570178e-96
0.00010406040100000001	4.477022133268121e-96
0.00010510100501000002	4.84953390498338e-96
0.00010615201506010001	4.84953390498338e-96
0.00010721353521070101	4.84953390498338e-96
0.00010828567056280802	4.84953390498338e-96
0.0001093685272684361	4.84953390498338e-96
0.00011046221254112046	4.84953390498338e-96
0.00011156683466653166	4.84953390498338e-96
0.00011268250301319699	4.84953390498338e-96
0.00011380932804332896	4.84953390498338e-96
0.00011494742132376226	4.84953390498338e-96
0.00011609689553699987	4.84953390498338e-96
0.00011725786449236988	4.84953390498338e-96
0.00011843044313729357	4.84953390498338e-96
0.00011961474756866651	4.84953390498338e-96
0.00012081089504435317	4.84953390498338e-96
0.0001220190039947967	4.84953390498338e-96
0.00012323919403474468	4.84953390498338e-96
0.00012447158597509212	4.84953390498338e-96
0.00012571630183484304	4.84953390498338e-96
0.00012697346485319148	4.84953390498338e-96
0.00012824319950172338	4.84953390498338e-96
0.00012952563149674063	4.84953390498338e-96
0.00013082088781170805	4.84953390498338e-96
0.00013212909668982513	4.84953390498338e-96
0.00013345038765672336	4.84953390498338e-96
0.00013478489153329062	4.84953390498338e-96
0.00013613274044862352	4.84953390498338e-96
0.00013749406785310974	4.84953390498338e-96
0.00013886900853164085	4.84953390498338e-96
0.00014025769861695725	4.84953390498338e-96
0.00014166027560312682	4.84953390498338e-96
0.0001430768783591581	4.84953390498338e-96
0.0001445076471427497	4.84953390498338e-96
0.00014595272361417718	4.84953390498338e-96
0.00014741225085031896	4.84953390498338e-96
0.00014888637335882214	4.84953390498338e-96
0.00015037523709241036	4.84953390498338e-96
0.00015187898946333447	4.84953390498338e-96
0.00015339777935796783	4.84953390498338e-96
0.0001549317571515475	4.84953390498338e-96
0.00015648107472306298	4.84953390498338e-96
0.0001580458854702936	4.84953390498338e-96
0.00015962634432499655	4.84953390498338e-96
0.00016122260776824652	4.84953390498338e-96
0.00016283483384592896	4.84953390498338e-96
0.00016446318218438826	4.84953390498338e-96
0.00016610781400623216	4.84953390498338e-96
0.00016776889214629447	4.84953390498338e-96
0.0001694465810677574	4.84953390498338e-96
0.000171141046878435	4.84953390498338e-96
0.00017285245734721935	4.84953390498338e-96
0.00017458098192069154	4.84953390498338e-96
0.00017632679173989845	4.84953390498338e-96
0.00017809005965729746	4.84953390498338e-96
0.00017987096025387042	4.84953390498338e-96
0.00018166966985640914	4.84953390498338e-96
0.0001834863665549732	4.84953390498338e-96
0.00018532123022052297	4.84953390498338e-96
0.0001871744425227282	4.84953390498338e-96
0.0001890461869479555	4.84953390498338e-96
0.00019093664881743503	4.84953390498338e-96
0.00019284601530560936	4.84953390498338e-96
0.00019477447545866548	4.84953390498338e-96
0.00019672222021325212	4.84953390498338e-96
0.00019868944241538465	4.84953390498338e-96
0.00020067633683953852	4.84953390498338e-96
0.0002026831002079339	4.84953390498338e-96
0.00020470993121001323	4.84953390498338e-96
0.00020675703052211336	4.84953390498338e-96
0.0002088246008273345	4.84953390498338e-96
0.00021091284683560785	4.84953390498338e-96
0.00021302197530396395	4.84953390498338e-96
0.0002151521950570036	4.84953390498338e-96
0.0002173037170075736	4.84953390498338e-96
0.0002194767541776493	4.84953390498338e-96
0.00022167152171942585	4.84953390498338e-96
0.0002238882369366201	4.84953390498338e-96
0.0002261271193059863	4.84953390498338e-96
0.00022838839049904618	4.84953390498338e-96
0.00023067227440403665	4.84953390498338e-96
0.000232978997148077	4.84953390498338e-96
0.00023530878711955778	4.84953390498338e-96
0.00023766187499075337	4.84953390498338e-96
0.00024003849374066089	4.84953390498338e-96
0.0002424388786780675	4.84953390498338e-96
0.0002448632674648482	4.84953390498338e-96
0.00024731190013949664	4.84953390498338e-96
0.00024978501914089165	4.84953390498338e-96
0.00025228286933230053	4.84953390498338e-96
0.00025480569802562356	4.84953390498338e-96
0.0002573537550058798	4.84953390498338e-96
0.0002599272925559386	4.84953390498338e-96
0.000262526565481498	4.84953390498338e-96
0.00026515183113631297	4.84953390498338e-96
0.0002678033494476761	4.84953390498338e-96
0.00027048138294215286	4.84953390498338e-96
0.00027318619677157437	4.84953390498338e-96
0.0002759180587392901	4.84953390498338e-96
0.00027867723932668305	4.84953390498338e-96
0.00028146401171994987	4.84953390498338e-96
0.00028427865183714937	4.84953390498338e-96
0.00028712143835552087	4.84953390498338e-96
0.0002899926527390761	4.84953390498338e-96
0.0002928925792664668	4.84953390498338e-96
0.00029582150505913155	4.84953390498338e-96
0.0002987797201097228	4.84953390498338e-96
0.00030176751731082003	4.84953390498338e-96
0.0003047851924839283	4.84953390498338e-96
0.00030783304440876755	4.84953390498338e-96
0.0003109113748528552	4.84953390498338e-96
0.0003140204886013838	4.84953390498338e-96
0.00031716069348739764	4.84953390498338e-96
0.00032033230042227164	4.84953390498338e-96
0.0003235356234264943	4.84953390498338e-96
0.0003267709796607593	4.84953390498338e-96
0.00033003868945736685	4.84953390498338e-96
0.00033333907635194055	4.84953390498338e-96
0.00033667246711545996	4.84953390498338e-96
0.0003400391917866145	4.84953390498338e-96
0.0003434395837044807	4.84953390498338e-96
0.0003468739795415255	4.84953390498338e-96
0.0003503427193369408	4.84953390498338e-96
0.0003538461465303102	4.84953390498338e-96
0.00035738460799561325	4.84953390498338e-96
0.0003609584540755694	4.84953390498338e-96
0.00036456803861632515	4.84953390498338e-96
0.00036821371900248835	4.84953390498338e-96
0.0003718958561925133	4.84953390498338e-96
0.0003756148147544384	4.84953390498338e-96
0.0003793709629019828	4.84953390498338e-96
0.0003831646725310026	4.84953390498338e-96
0.00038699631925631265	4.84953390498338e-96
0.0003908662824488758	4.84953390498338e-96
0.00039477494527336455	4.84953390498338e-96
0.0003987226947260982	4.84953390498338e-96
0.00040270992167335917	4.84953390498338e-96
0.0004067370208900927	4.84953390498338e-96
0.00041080439109899376	4.84953390498338e-96
0.0004149124350099836	4.84953390498338e-96
0.00041906155936008346	4.84953390498338e-96
0.0004232521749536843	4.84953390498338e-96
0.0004274846967032212	4.84953390498338e-96
0.0004317595436702534	4.84953390498338e-96
0.00043607713910695587	4.84953390498338e-96
0.00044043791049802546	4.84953390498338e-96
0.00044484228960300573	4.84953390498338e-96
0.00044929071249903577	4.84953390498338e-96
0.0004537836196240262	4.84953390498338e-96
0.0004583214558202665	4.84953390498338e-96
0.0004629046703784691	4.84953390498338e-96
0.0004675337170822538	4.84953390498338e-96
0.00047220905425307633	4.84953390498338e-96
0.0004769311447956071	4.84953390498338e-96
0.00048170045624356317	4.84953390498338e-96
0.0004865174608059988	4.84953390498338e-96
0.0004913826354140588	4.84953390498338e-96
0.0004962964617681994	4.84953390498338e-96
0.0005012594263858815	4.84953390498338e-96
0.0005062720206497403	4.84953390498338e-96
0.0005113347408562376	4.84953390498338e-96
0.0005164480882648	4.84953390498338e-96
0.000521612569147448	4.84953390498338e-96
0.0005268286948389225	4.84953390498338e-96
0.0005320969817873117	4.84953390498338e-96
0.0005374179516051848	4.84953390498338e-96
0.0005427921311212366	4.84953390498338e-96
0.0005482200524324491	4.84953390498338e-96
0.0005537022529567735	4.84953390498338e-96
0.0005592392754863413	4.84953390498338e-96
0.0005648316682412048	4.84953390498338e-96
0.0005704799849236168	4.84953390498338e-96
0.000576184784772853	4.84953390498338e-96
0.0005819466326205815	4.84953390498338e-96
0.0005877660989467873	4.84953390498338e-96
0.0005936437599362551	4.84953390498338e-96
0.0005995801975356178	4.84953390498338e-96
0.0006055759995109739	4.84953390498338e-96
0.0006116317595060837	4.84953390498338e-96
0.0006177480771011446	4.84953390498338e-96
0.000623925557872156	4.84953390498338e-96
0.0006301648134508775	4.84953390498338e-96
0.0006364664615853863	4.84953390498338e-96
0.0006428311262012402	4.84953390498338e-96
0.0006492594374632526	4.84953390498338e-96
0.0006557520318378851	4.84953390498338e-96
0.000662309552156264	4.84953390498338e-96
0.0006689326476778266	4.84953390498338e-96
0.0006756219741546049	4.84953390498338e-96
0.000682378193896151	4.84953390498338e-96
0.0006892019758351124	4.84953390498338e-96
0.0006960939955934635	4.84953390498338e-96
0.0007030549355493982	4.84953390498338e-96
0.0007100854849048922	4.84953390498338e-96
0.0007171863397539412	4.84953390498338e-96
0.0007243582031514805	4.84953390498338e-96
0.0007316017851829954	4.84953390498338e-96
0.0007389178030348253	4.84953390498338e-96
0.0007463069810651736	4.84953390498338e-96
0.0007537700508758253	4.84953390498338e-96
0.0007613077513845836	4.84953390498338e-96
0.0007689208288984295	4.84953390498338e-96
0.0007766100371874137	4.84953390498338e-96
0.0007843761375592879	4.84953390498338e-96
0.0007922198989348808	4.84953390498338e-96
0.0008001420979242296	4.84953390498338e-96
0.0008081435189034718	4.84953390498338e-96
0.0008162249540925067	4.84953390498338e-96
0.0008243872036334317	4.84953390498338e-96
0.000832631075669766	4.84953390498338e-96
0.0008409573864264637	4.84953390498338e-96
0.0008493669602907283	4.84953390498338e-96
0.0008578606298936356	4.84953390498338e-96
0.0008664392361925719	4.84953390498338e-96
0.0008751036285544977	4.84953390498338e-96
0.0008838546648400426	4.84953390498338e-96
0.0008926932114884433	4.84953390498338e-96
0.0009016201436033276	4.84953390498338e-96
0.000910636345039361	4.84953390498338e-96
0.0009197427084897545	4.84953390498338e-96
0.000928940135574652	4.84953390498338e-96
0.0009382295369303986	4.84953390498338e-96
0.0009476118322997025	4.84953390498338e-96
0.0009570879506226996	4.84953390498338e-96
0.0009666588301289266	4.84953390498338e-96
0.0009763254184302158	4.84953390498338e-96
0.000986088672614518	4.84953390498338e-96
0.000995949559340663	4.84953390498338e-96
0.0010059090549340698	4.84953390498338e-96
0.0010159681454834106	4.84953390498338e-96
0.0010261278269382446	4.84953390498338e-96
0.001036389105207627	4.84953390498338e-96
0.0010467529962597034	4.84953390498338e-96
0.0010572205262223005	4.84953390498338e-96
0.0010677927314845235	4.84953390498338e-96
0.0010784706587993686	4.84953390498338e-96
0.0010892553653873624	4.84953390498338e-96
0.001100147919041236	4.84953390498338e-96
0.0011111493982316485	4.84953390498338e-96
0.001122260892213965	4.84953390498338e-96
0.0011334835011361046	4.84953390498338e-96
0.0011448183361474655	4.84953390498338e-96
0.0011562665195089402	4.84953390498338e-96
0.0011678291847040296	4.84953390498338e-96
0.00117950747655107	4.84953390498338e-96
0.0011913025513165807	4.84953390498338e-96
0.0012032155768297464	4.84953390498338e-96
0.001215247732598044	4.84953390498338e-96
0.0012274002099240244	4.84953390498338e-96
0.0012396742120232647	4.84953390498338e-96
0.0012520709541434974	4.84953390498338e-96
0.0012645916636849323	4.84953390498338e-96
0.0012772375803217816	4.84953390498338e-96
0.0012900099561249997	4.84953390498338e-96
0.0013029100556862497	4.84953390498338e-96
0.0013159391562431121	4.84953390498338e-96
0.0013290985478055432	4.84953390498338e-96
0.0013423895332835985	4.84953390498338e-96
0.0013558134286164344	4.84953390498338e-96
0.001369371562902599	4.84953390498338e-96
0.0013830652785316248	4.84953390498338e-96
0.0013968959313169413	4.84953390498338e-96
0.0014108648906301106	4.84953390498338e-96
0.0014249735395364118	4.84953390498338e-96
0.0014392232749317758	4.84953390498338e-96
0.0014536155076810937	4.84953390498338e-96
0.0014681516627579046	4.84953390498338e-96
0.0014828331793854837	4.84953390498338e-96
0.0014976615111793384	4.84953390498338e-96
0.0015126381262911318	4.84953390498338e-96
0.0015277645075540433	4.84953390498338e-96
0.0015430421526295838	4.84953390498338e-96
0.0015584725741558797	4.84953390498338e-96
0.0015740572998974383	4.84953390498338e-96
0.0015897978728964127	4.84953390498338e-96
0.0016056958516253769	4.84953390498338e-96
0.0016217528101416306	4.84953390498338e-96
0.0016379703382430472	4.84953390498338e-96
0.0016543500416254773	4.84953390498338e-96
0.0016708935420417324	4.84953390498338e-96
0.0016876024774621495	4.84953390498338e-96
0.0017044785022367712	4.84953390498338e-96
0.0017215232872591388	4.84953390498338e-96
0.00173873852013173	4.84953390498338e-96
0.0017561259053330476	4.84953390498338e-96
0.001773687164386378	4.84953390498338e-96
0.001791424036030242	4.84953390498338e-96
0.0018093382763905443	4.84953390498338e-96
0.0018274316591544498	4.84953390498338e-96
0.0018457059757459942	4.84953390498338e-96
0.001864163035503454	4.84953390498338e-96
0.0018828046658584889	4.84953390498338e-96
0.0019016327125170737	4.84953390498338e-96
0.0019206490396422443	4.84953390498338e-96
0.001939855530038667	4.84953390498338e-96
0.0019592540853390536	4.84953390498338e-96
0.001978846626192444	4.84953390498338e-96
0.0019986350924543687	4.84953390498338e-96
0.002018621443378912	4.84953390498338e-96
0.0020388076578127016	4.84953390498338e-96
0.0020591957343908283	4.84953390498338e-96
0.002079787691734737	4.84953390498338e-96
0.0021005855686520845	4.84953390498338e-96
0.002121591424338605	4.84953390498338e-96
0.002142807338581991	4.84953390498338e-96
0.002164235411967811	4.84953390498338e-96
0.002185877766087489	4.84953390498338e-96
0.002207736543748364	4.84953390498338e-96
0.002229813909185848	4.84953390498338e-96
0.002252112048277706	4.84953390498338e-96
0.0022746331687604833	4.84953390498338e-96
0.0022973795004480884	4.84953390498338e-96
0.002320353295452569	4.84953390498338e-96
0.0023435568284070948	4.84953390498338e-96
0.0023669923966911656	4.84953390498338e-96
0.0023906623206580773	4.84953390498338e-96
0.002414568943864658	4.84953390498338e-96
0.002438714633303305	4.84953390498338e-96
0.002463101779636338	4.84953390498338e-96
0.0024877327974327013	4.84953390498338e-96
0.0025126101254070283	4.84953390498338e-96
0.0025377362266610984	4.84953390498338e-96
0.0025631135889277097	4.84953390498338e-96
0.002588744724816987	4.84953390498338e-96
0.0026146321720651564	4.84953390498338e-96
0.0026407784937858086	4.84953390498338e-96
0.0026671862787236663	4.84953390498338e-96
0.002693858141510903	4.84953390498338e-96
0.002720796722926012	4.84953390498338e-96
0.0027480046901552724	4.84953390498338e-96
0.0027754847370568252	4.84953390498338e-96
0.002803239584427393	4.84953390498338e-96
0.0028312719802716674	4.84953390498338e-96
0.002859584700074384	4.84953390498338e-96
0.002888180547075128	4.84953390498338e-96
0.002917062352545879	4.84953390498338e-96
0.002946232976071338	4.84953390498338e-96
0.0029756953058320515	4.84953390498338e-96
0.003005452258890372	4.84953390498338e-96
0.0030355067814792757	4.84953390498338e-96
0.0030658618492940683	4.84953390498338e-96
0.0030965204677870094	4.84953390498338e-96
0.003127485672464879	4.84953390498338e-96
0.003158760529189528	4.84953390498338e-96
0.0031903481344814234	4.84953390498338e-96
0.0032222516158262374	4.84953390498338e-96
0.0032544741319844995	4.84953390498338e-96
0.003287018873304345	4.84953390498338e-96
0.003319889062037388	4.84953390498338e-96
0.0033530879526577624	4.84953390498338e-96
0.0033866188321843398	4.84953390498338e-96
0.003420485020506183	4.84953390498338e-96
0.0034546898707112457	4.84953390498338e-96
0.0034892367694183577	4.84953390498338e-96
0.0035241291371125413	4.84953390498338e-96
0.003559370428483667	4.84953390498338e-96
0.0035949641327685036	4.84953390498338e-96
0.003630913774096189	4.84953390498338e-96
0.0036672229118371504	4.84953390498338e-96
0.003703895140955522	4.84953390498338e-96
0.0037409340923650774	4.84953390498338e-96
0.0037783434332887282	4.84953390498338e-96
0.0038161268676216156	4.84953390498338e-96
0.0038542881362978315	4.84953390498338e-96
0.00389283101766081	4.84953390498338e-96
0.003931759327837419	4.84953390498338e-96
0.003971076921115793	4.84953390498338e-96
0.00401078769032695	4.84953390498338e-96
0.00405089556723022	4.84953390498338e-96
0.004091404522902522	4.84953390498338e-96
0.004132318568131547	4.84953390498338e-96
0.004173641753812863	4.84953390498338e-96
0.004215378171350992	4.84953390498338e-96
0.004257531953064502	4.84953390498338e-96
0.004300107272595147	4.84953390498338e-96
0.004343108345321098	4.84953390498338e-96
0.004386539428774309	4.84953390498338e-96
0.004430404823062052	4.84953390498338e-96
0.0044747088712926725	4.84953390498338e-96
0.0045194559600056	4.84953390498338e-96
0.004564650519605655	4.84953390498338e-96
0.004610297024801712	4.84953390498338e-96
0.0046563999950497295	4.84953390498338e-96
0.004702963995000226	4.84953390498338e-96
0.004749993634950229	4.84953390498338e-96
0.004797493571299731	4.84953390498338e-96
0.004845468507012728	4.84953390498338e-96
0.004893923192082856	4.84953390498338e-96
0.004942862424003685	4.84953390498338e-96
0.004992291048243721	4.84953390498338e-96
0.005042213958726159	4.84953390498338e-96
0.00509263609831342	4.84953390498338e-96
0.005143562459296555	4.84953390498338e-96
0.0051949980838895205	4.84953390498338e-96
0.005246948064728416	4.84953390498338e-96
0.0052994175453757	4.84953390498338e-96
0.0053524117208294565	4.84953390498338e-96
0.005405935838037751	4.84953390498338e-96
0.005459995196418129	4.84953390498338e-96
0.00551459514838231	4.84953390498338e-96
0.005569741099866133	4.84953390498338e-96
0.005625438510864795	4.84953390498338e-96
0.0056816928959734425	4.84953390498338e-96
0.0057385098249331775	4.84953390498338e-96
0.005795894923182509	4.84953390498338e-96
0.0058538538724143335	4.84953390498338e-96
0.005912392411138477	4.84953390498338e-96
0.005971516335249862	4.84953390498338e-96
0.006031231498602361	4.84953390498338e-96
0.006091543813588385	4.84953390498338e-96
0.006152459251724268	4.84953390498338e-96
0.006213983844241511	4.84953390498338e-96
0.0062761236826839265	4.84953390498338e-96
0.006338884919510766	4.84953390498338e-96
0.006402273768705874	4.84953390498338e-96
0.006466296506392933	4.84953390498338e-96
0.0065309594714568625	4.84953390498338e-96
0.00659626906617143	4.84953390498338e-96
0.006662231756833144	4.84953390498338e-96
0.006728854074401477	4.84953390498338e-96
0.006796142615145492	4.84953390498338e-96
0.006864104041296946	4.84953390498338e-96
0.0069327450817099154	4.84953390498338e-96
0.007002072532527015	4.84953390498338e-96
0.007072093257852285	4.84953390498338e-96
0.007142814190430808	4.84953390498338e-96
0.007214242332335115	4.84953390498338e-96
0.007286384755658468	4.84953390498338e-96
0.007359248603215052	4.84953390498338e-96
0.0074328410892472024	4.84953390498338e-96
0.0075071695001396755	4.84953390498338e-96
0.007582241195141072	4.84953390498338e-96
0.007658063607092483	4.84953390498338e-96
0.0077346442431634075	4.84953390498338e-96
0.00781199068559504	4.84953390498338e-96
0.007890110592450992	4.84953390498338e-96
0.007969011698375503	4.84953390498338e-96
0.008048701815359258	4.84953390498338e-96
0.00812918883351285	4.84953390498338e-96
0.008210480721847978	4.84953390498338e-96
0.008292585529066457	4.84953390498338e-96
0.008375511384357123	4.84953390498338e-96
0.008459266498200694	4.84953390498338e-96
0.0085438591631827	4.84953390498338e-96
0.008629297754814528	4.84953390498338e-96
0.008715590732362674	4.84953390498338e-96
0.0088027466396863	4.84953390498338e-96
0.008890774106083164	4.84953390498338e-96
0.008979681847143995	4.84953390498338e-96
0.009069478665615435	4.84953390498338e-96
0.009160173452271589	4.84953390498338e-96
0.009251775186794306	4.84953390498338e-96
0.00934429293866225	4.84953390498338e-96
0.009437735868048872	4.84953390498338e-96
0.00953211322672936	4.84953390498338e-96
0.009627434358996654	4.84953390498338e-96
0.00972370870258662	4.84953390498338e-96
0.009820945789612486	4.84953390498338e-96
0.009919155247508612	4.84953390498338e-96
0.010018346799983698	4.84953390498338e-96
0.010118530267983535	4.84953390498338e-96
0.01021971557066337	4.84953390498338e-96
0.010321912726370003	4.84953390498338e-96
0.010425131853633704	4.84953390498338e-96
0.010529383172170042	4.84953390498338e-96
0.010634677003891741	4.84953390498338e-96
0.01074102377393066	4.84953390498338e-96
0.010848434011669966	4.84953390498338e-96
0.010956918351786665	4.84953390498338e-96
0.011066487535304531	4.84953390498338e-96
0.011177152410657577	4.84953390498338e-96
0.011288923934764154	4.84953390498338e-96
0.011401813174111796	4.84953390498338e-96
0.011515831305852913	4.84953390498338e-96
0.011630989618911442	4.84953390498338e-96
0.011747299515100557	4.84953390498338e-96
0.011864772510251562	4.84953390498338e-96
0.01198342023535408	4.84953390498338e-96
0.01210325443770762	4.84953390498338e-96
0.012224286982084696	4.84953390498338e-96
0.012346529851905543	4.84953390498338e-96
0.012469995150424597	4.84953390498338e-96
0.012594695101928843	4.84953390498338e-96
0.012720642052948133	4.84953390498338e-96
0.012847848473477615	4.84953390498338e-96
0.012976326958212391	4.84953390498338e-96
0.013106090227794513	4.84953390498338e-96
0.01323715113007246	4.84953390498338e-96
0.013369522641373184	4.84953390498338e-96
0.013503217867786917	4.84953390498338e-96
0.013638250046464786	4.84953390498338e-96
0.013774632546929434	4.84953390498338e-96
0.013912378872398727	4.84953390498338e-96
0.014051502661122714	4.84953390498338e-96
0.014192017687733944	4.84953390498338e-96
0.014333937864611283	4.84953390498338e-96
0.014477277243257397	4.84953390498338e-96
0.014622050015689971	4.84953390498338e-96
0.014768270515846869	4.84953390498338e-96
0.01491595322100534	4.84953390498338e-96
0.015065112753215391	4.84953390498338e-96
0.015215763880747546	4.84953390498338e-96
0.01536792151955502	4.84953390498338e-96
0.015521600734750573	4.84953390498338e-96
0.015676816742098077	4.84953390498338e-96
0.01583358490951906	4.84953390498338e-96
0.015991920758614248	4.84953390498338e-96
0.01615183996620039	4.84953390498338e-96
0.016313358365862396	4.84953390498338e-96
0.01647649194952102	4.84953390498338e-96
0.01664125686901623	4.84953390498338e-96
0.016807669437706393	4.84953390498338e-96
0.01697574613208346	4.84953390498338e-96
0.01714550359340429	4.84953390498338e-96
0.017316958629338335	4.84953390498338e-96
0.017490128215631718	4.84953390498338e-96
0.017665029497788035	4.84953390498338e-96
0.017841679792765918	4.84953390498338e-96
0.018020096590693577	4.84953390498338e-96
0.018200297556600513	4.84953390498338e-96
0.018382300532166516	4.84953390498338e-96
0.018566123537488183	4.84953390498338e-96
0.018751784772863066	4.84953390498338e-96
0.018939302620591698	4.84953390498338e-96
0.019128695646797613	4.84953390498338e-96
0.019319982603265586	4.84953390498338e-96
0.019513182429298243	4.84953390498338e-96
0.019708314253591225	4.84953390498338e-96
0.01990539739612714	4.84953390498338e-96
0.02010445137008841	4.84953390498338e-96
0.020305495883789295	4.84953390498338e-96
0.020508550842627187	4.84953390498338e-96
0.02071363635105346	4.84953390498338e-96
0.020920772714563995	4.84953390498338e-96
0.021129980441709634	4.84953390498338e-96
0.021341280246126734	4.84953390498338e-96
0.021554693048587998	4.84953390498338e-96
0.021770239979073878	4.84953390498338e-96
0.02198794237886462	4.84953390498338e-96
0.022207821802653266	4.84953390498338e-96
0.0224299000206798	4.84953390498338e-96
0.022654199020886594	4.84953390498338e-96
0.02288074101109546	4.84953390498338e-96
0.023109548421206418	4.84953390498338e-96
0.02334064390541848	4.84953390498338e-96
0.02357405034447267	4.84953390498338e-96
0.023809790847917393	4.84953390498338e-96
0.024047888756396567	4.84953390498338e-96
0.024288367643960532	4.84953390498338e-96
0.02453125132040014	4.84953390498338e-96
0.024776563833604142	4.84953390498338e-96
0.025024329471940183	4.84953390498338e-96
0.025274572766659585	4.84953390498338e-96
0.02552731849432618	4.84953390498338e-96
0.02578259167926944	4.84953390498338e-96
0.02604041759606214	4.84953390498338e-96
0.026300821772022757	4.84953390498338e-96
0.02656382998974299	4.84953390498338e-96
0.026829468289640414	4.84953390498338e-96
0.027097762972536823	4.84953390498338e-96
0.027368740602262187	4.84953390498338e-96
0.02764242800828481	4.84953390498338e-96
0.027918852288367657	4.84953390498338e-96
0.028198040811251338	4.84953390498338e-96
0.02848002121936385	4.84953390498338e-96
0.02876482143155749	4.84953390498338e-96
0.029052469645873068	4.84953390498338e-96
0.029342994342331792	4.84953390498338e-96
0.029636424285755112	4.84953390498338e-96
0.029932788528612662	4.84953390498338e-96
0.030232116413898794	4.84953390498338e-96
0.030534437578037782	4.84953390498338e-96
0.03083978195381816	4.84953390498338e-96
0.03114817977335634	4.84953390498338e-96
0.031459661571089904	4.84953390498338e-96
0.031774258186800804	4.84953390498338e-96
0.03209200076866881	4.84953390498338e-96
0.0324129207763555	4.84953390498338e-96
0.032737049984119054	4.84953390498338e-96
0.033064420483960244	4.84953390498338e-96
0.033395064688799846	4.84953390498338e-96
0.03372901533568785	4.84953390498338e-96
0.034066305489044726	4.84953390498338e-96
0.03440696854393517	4.84953390498338e-96
0.034751038229374524	4.84953390498338e-96
0.03509854861166827	4.84953390498338e-96
0.03544953409778496	4.84953390498338e-96
0.035804029438762805	4.84953390498338e-96
0.03616206973315043	4.84953390498338e-96
0.03652369043048194	4.84953390498338e-96
0.036888927334786756	4.84953390498338e-96
0.037257816608134625	4.84953390498338e-96
0.037630394774215974	4.84953390498338e-96
0.03800669872195813	4.84953390498338e-96
0.03838676570917771	4.84953390498338e-96
0.03877063336626949	4.84953390498338e-96
0.03915833969993219	4.84953390498338e-96
0.03954992309693151	4.84953390498338e-96
0.03994542232790082	4.84953390498338e-96
0.04034487655117983	4.84953390498338e-96
0.04074832531669163	4.84953390498338e-96
0.041155808569858544	4.84953390498338e-96
0.04156736665555713	4.84953390498338e-96
0.041983040322112704	4.84953390498338e-96
0.04240287072533384	4.84953390498338e-96
0.04282689943258717	4.84953390498338e-96
0.04325516842691304	4.84953390498338e-96
0.043687720111182174	4.84953390498338e-96
0.04412459731229399	4.84953390498338e-96
0.044565843285416934	4.84953390498338e-96
0.045011501718271105	4.8508044189576096e-96
0.04546161673545382	4.867542645225276e-96
0.04591623290280836	5.08217587032176e-96
0.04637539523183644	7.863208190582237e-96
0.046839149184154806	4.2261916733734185e-95
0.04730754067599636	4.5780712508863034e-94
0.047780616082756314	5.353696792785878e-93
0.048258422243583884	6.161673110469015e-92
0.04874100646601972	1.015598500369654e-90
0.049228416530679914	1.5690831682037184e-89
0.04972070069598672	1.665745529714475e-88
0.05021790770294658	3.5772348809680536e-73
0.050720086779976054	6.822761585894704e-71
0.051227287647775815	3.8048952556127657e-70
0.05173956052425357	2.0534770048927754e-69
0.05225695612949611	5.797382524249415e-69
0.05277952569079107	4.622962905678526e-68
0.05330732094769898	2.3977097055251285e-67
0.05384039415717597	9.872568622292491e-67
0.054378798098747724	8.147609571550998e-66
0.054922586079735214	4.1196165214147285e-65
0.055471811940532564	2.0185705382015884e-64
0.056026530059937886	9.735485978573926e-64
0.05658679536053727	4.593793084395065e-63
0.05715266331414264	2.1143869032553592e-62
0.057724189947284066	9.302037669659349e-61
0.05830143184675691	7.613898090108705e-61
0.05888444616522447	1.650525648111307e-59
0.05947329062687673	8.424914101364274e-59
0.0600680235331455	3.6494985677712235e-58
0.06066870376847694	1.5552724901711316e-57
0.06127539080616172	6.476073078485068e-57
0.06188814471422334	2.6630855996505196e-56
0.06250702616136557	1.0547989594384338e-55
0.06313209642297923	4.015601321563008e-55
0.06376341738720902	1.7236881626565342e-54
0.0644010515610811	6.735894359392798e-54
0.06504506207669192	2.6142746983813177e-53
0.06569551269745884	9.999794226984835e-53
0.06635246782443344	3.7781464011050115e-52
0.06701599250267777	1.4106255153248985e-51
0.06768615242770455	5.2060485064092535e-51
0.06836301395198159	1.899063561371004e-50
0.06904664409150141	6.844487639211769e-50
0.06973711053241641	2.440527187066798e-49
0.07043448163774058	8.605355868275125e-49
0.071138826454118	2.909996823975789e-48
0.07185021471865917	1.0201192726265336e-47
0.07256871686584576	3.492474603406589e-47
0.07329440403450421	1.1850037155781745e-46
0.07402734807484926	3.936514511697196e-46
0.07476762155559775	1.2792470506448928e-45
0.07551529777115373	4.233275760570403e-45
0.07627045074886526	1.3150771723381966e-44
0.07703315525635392	4.3044284979249983e-44
0.07780348680891747	1.3843742744153103e-43
0.07858152167700665	5.0317679801435626e-43
0.0793673368937767	2.1792173909912363e-42
0.08016101026271447	6.739784719944247e-42
0.08096262036534162	2.061806827374893e-41
0.08177224656899504	6.203265969158364e-41
0.08258996903468499	1.8628828540811996e-40
0.08341586872503184	5.403136530103071e-40
0.08425002741228216	1.5666027276490398e-39
0.08509252768640499	1.898274766181883e-39
0.08594345296326904	3.209627453120915e-39
0.08680288749290173	9.503773452890686e-39
0.08767091636783074	2.3132585119877152e-38
0.08854762553150905	9.584365344778447e-38
0.08943310178682413	2.230051601494129e-37
0.09032743280469238	4.045199980257225e-37
0.09123070713273931	8.781432384224791e-35
0.0921430142040667	1.7556806901640054e-32
0.09306444434610736	7.240912963133419e-28
0.09399508878956844	5.682014789789302e-30
0.09493503967746413	9.236462141779709e-31
0.09588439007423877	1.5700627749197386e-26
0.09684323397498117	2.092954208619656e-26
0.09781166631473097	9.432811156496072e-27
0.09878978297787828	5.539767837233033e-26
0.09977768080765707	2.2312156783061182e-25
0.10077545761573364	9.809083139588322e-28
0.10178321219189097	1.9359109492713965e-25
0.10280104431380988	1.6215975407855744e-24
0.10382905475694798	9.451474552074868e-22
0.10486734530451748	6.4454617524937095e-22
0.10591601875756265	3.1545484763310235e-21
0.10697517894513826	1.0173205170913232e-20
0.10804493073458965	2.855887192093815e-21
0.10912538004193555	2.6170985954584134e-20
0.1102166338423549	2.9940684376059125e-21
0.11131880018077846	3.229525228719356e-19
0.11243198818258625	7.366957399535895e-19
0.11355630806441211	4.760078556776605e-19
0.11469187114505622	1.2515768598616836e-19
0.1158387898565068	1.4065236454395706e-19
0.11699717775507186	3.944434218724763e-20
0.11816714953262258	1.7684812375361127e-19
0.1193488210279488	1.495195265409411e-16
0.1205423092382283	2.3845760015434076e-16
0.12174773233061058	7.298266181524734e-17
0.12296520965391669	2.67556009593888e-16
0.12419486175045587	2.867534683679765e-16
0.1254368103679604	1.3238569345286277e-16
0.12669117847164002	7.225353658419595e-17
0.12795809025635643	7.764153075478243e-17
0.12923767115892	4.785847765395106e-16
0.13053004787050917	4.623801386582736e-15
0.1318353483492143	2.2577792664375965e-16
0.13315370183270644	8.000819248074465e-16
0.13448523885103347	8.727506426577794e-16
0.13583009123954382	3.697424792561067e-15
0.13718839215193926	1.5164309519686342e-15
0.13856027607345867	1.1840512243426417e-14
0.13994587883419324	3.48546543785671e-13
0.14134533762253518	1.4197286988372419e-12
0.14275879099876054	3.753011567475789e-12
0.14418637890874814	6.710268048615974e-12
0.1456282426978356	1.0542312272222868e-11
0.147084525124814	1.3026226191494008e-11
0.14855537037606212	2.8970631360628895e-11
0.15004092407982272	3.958029503017593e-11
0.15154133332062097	2.3614911301734292e-11
0.15305674665382718	7.600625330575213e-12
0.15458731412036547	3.5452662919448237e-12
0.1561331872615691	2.4470751910597216e-11
0.1576945191341848	1.194491398060178e-10
0.15927146432552666	6.771422496276084e-11
0.16086417896878194	8.229051507506119e-11
0.16247282075846975	1.7567570976968822e-09
0.16409754896605444	1.1686979481295363e-09
0.165738524455715	5.078124166336531e-09
0.16739590970027216	4.294760545978395e-09
0.16906986879727487	7.030992433030364e-09
0.17076056748524762	7.895639285494504e-09
0.1724681731601001	9.058803549561397e-09
0.17419285489170108	5.127448861411188e-08
0.1759347834406181	1.9894538625911643e-08
0.1776941312750243	9.90643434074008e-08
0.17947107258777453	1.4139149836069768e-07
0.18126578331365228	8.328620245206588e-08
0.1830784411467888	5.821789915410172e-07
0.1849092255582567	5.285104045332184e-07
0.18675831781383925	6.60614934150873e-07
0.18862590099197765	1.1363994506837482e-06
0.19051216000189744	2.4898912024670325e-06
0.1924172816019164	4.497607923258347e-06
0.19434145441793557	1.0643493529426825e-05
0.19628486896211494	1.6779773052412848e-05
0.19824771765173607	2.3800881963294015e-05
0.20023019482825344	2.7287887473196404e-05
0.20223249677653599	3.494148330664766e-05
0.20425482174430135	8.838889451462168e-05
0.20629736996174433	0.0001020147484741406
0.20836034366136177	0.0064467795155255915
0.21044394709797545	0.015706804915821646
0.2125483865689552	0.004254040532649034
0.21467387043464475	0.13438002535552138
0.21682060913899118	0.0025639815610828173
0.21898881523038108	0.01283728774173432
0.22117870338268492	0.036246756757139446
0.22339049041651174	0.12724532854684295
0.22562439532067688	0.43886573968387227
0.22788063927388366	0.11206432587809238
0.23015944566662247	0.10026279756877401
0.2324610401232887	0.28363428666198875
0.2347856505245216	2.777469675249043
0.23713350702976682	0.9727536650287371
0.23950484210006448	3.5956153929967645
0.24189989052106514	14.169362957565221
0.2443188894262758	20.049958544472062
0.24676207832053856	62.85073804425496
0.24922969910374396	26.229162016043
0.2517219960947814	16.424321152648883
0.2542392160557292	191.12916487065132
0.2567816082162865	77.05098388674686
0.25934942429844937	79.05235532874123
0.26194291854143387	325.9416438705522
0.2645623477268482	2453.712275306786
0.26720797120411666	1191.3407640106984
0.26988005091615785	4433.633433392
0.2725788514253194	417.4836903779068
0.2753046399395726	3594.0481067968094
0.2780576863389684	2490.2770575314044
0.28083826320235805	4485.257543182485
0.28364664583438165	2753.8454318466715
0.28648311229272544	18331.41809075649
0.28934794341565273	152160.33289565705
0.29224142284980925	328905.9774643074
0.29516383707830735	510944.27664746874
0.2981154754490904	437843.5663628952
0.3010966302035813	489362.9664185815
0.30410759650561714	703298.4231673699
0.3071486724706733	2303059.836869967
0.31022015919538004	3572674.7802318693
0.31332236078733383	4419250.156528433
0.3164555843952072	6900511.995297296
0.3196201402391593	9002754.320516843
0.3228163416415509	11737571.908282861
0.3260445050579664	18138667.345922824
0.32930495010854605	24746157.55783004
0.3325979996096315	21461599.14760932
0.33592397960572784	24318364.855010804
0.3392832194017851	15703834.604255121
0.34267605159580294	25921763.22548358
0.34610281211176097	9608401.010993315
0.34956384023287856	22446544.445218492
0.35305947863520737	34804095.29064752
0.35659007342155946	30097785.285605952
0.36015597415577505	17153600.755058702
0.36375753389733284	32529179.83994551
0.36739510923630614	61545318.12384635
0.3710690603286692	36031679.25716938
0.37477975093195587	14176820.109431816
0.37852754844127545	59474220.44493616
0.3823128239256882	36085762.823099636
0.3861359521649451	45004481.988004856
0.38999731168659457	51062822.43552933
0.3938972848034605	38603523.126082875
0.3978362576514951	93351969.52046794
0.40181462022801007	170700674.52273214
0.4058327664302902	132578773.87738718
0.40989109409459307	140680311.73812565
0.413990005035539	134721428.53970873
0.41812990508589437	117605725.64478396
0.4223112041367534	25996904.881556004
0.4265343161781209	73902715.35185592
0.4307996593399021	48229016.410045534
0.4351076559333012	121208754.59383991
0.4394587324926342	101735471.60405914
0.4438533198175605	61588268.06291764
0.4482918530157361	72615421.65342686
0.45277477154589346	48370581.764958784
0.45730251926135246	119839496.42529388
0.46187554445396595	93637640.06141524
0.4664942998985056	64428319.33579145
0.47115924289749067	43402776.95518484
0.47587083532646557	49040997.09533232
0.48062954367973026	38784425.68820703
0.48543583911652755	32705033.684763692
0.49029019750769276	79466329.95167963
0.4951930994827697	174228963.8990893
0.5001450304775975	22655018.36287369
0.5051464807823735	90831331.19448094
0.5101979455901972	116204374.06797563
0.5152999250460991	210843759.12231705
0.5204529242965601	66441618.26131743
0.5256574535395258	94785871.2712619
0.5309140280749209	65412417.37290739
0.5362231683556702	85547042.57315204
0.541585400039227	82090920.00956896
0.5470012540396192	30394365.163416766
0.5524712665800153	38387127.07249842
0.5579959792458156	74468135.95568086
0.5635759390382737	19350289.54111838
0.5692116984286565	28265023.454909466
0.574903815412943	39087935.9525697
0.5806528535670725	46765442.43522804
0.5864593821027432	28811682.483370006
0.5923239759237707	9522531.341834527
0.5982472156830083	17550428.84124774
0.6042296878398384	39668245.820676714
0.6102719847182367	81456165.26300888
0.6163747045654192	45385954.00135813
0.6225384516110735	13385578.351487588
0.6287638361271841	23451426.187432922
0.6350514744884559	46533393.77683803
0.6414019892333406	83913749.63831511
0.6478160091256739	109076030.55564865
0.6542941692169306	137849563.0175286
0.6608371109091	96364425.20875318
0.667445482018191	72321128.4472558
0.6741199368383729	45181615.27761885
0.6808611362067567	69478712.21223348
0.6876697475688243	83173487.54091653
0.6945464450445125	159060773.9916599
0.7014919094949577	387292613.3849497
0.7085068285899072	292819268.3997882
0.7155918968758064	177923528.49025908
0.7227478158445644	143670509.14351022
0.7299752940030101	366740118.404948
0.7372750469430401	676400708.1959274
0.7446477974124706	1242353767.8846362
0.7520942753865952	1260644889.714087
0.7596152181404612	1357708071.7854548
0.7672113703218658	528882613.8121393
0.7748834840250844	451675374.07330245
0.7826323188653354	652266371.6727195
0.7904586420539887	608904542.225896
0.7983632284745286	512202162.56008166
0.8063468607592739	1240433924.5060794
0.8144103293668666	2171195637.8699656
0.8225544326605354	1721196200.0658894
0.8307799769871407	1544184750.5123878
0.8390877767570121	1109869100.8542497
0.8474786545245822	728645122.4777671
0.855953441069828	1030302842.5218362
0.8645129754805263	1212993473.5227144
0.8731581052353315	1463001866.0090907
0.8818896862876849	2127237584.0018196
0.8907085831505618	1589286450.3471024
0.8996156689820674	1323566425.174038
0.9086118256718881	2374170216.402006
0.917697943928607	2837035898.323539
0.926874923367893	1597080295.6705613
0.936143672601572	1979921040.6336231
0.9455051093275878	2246047033.471504
0.9549601604208636	2238157418.4179697
0.9645097620250723	2314751618.2040396
0.974154859645323	2259702777.4496794
0.9838964082417763	2468817668.887844
0.9937353723241938	1902424892.558642
1.003672726047436	2296626141.1873374
1.0137094533079103	2554777011.130802
1.0238465478409893	2690639639.608868
1.0340850133193993	2852974875.8995037
1.0444258634525934	2773070707.832726
1.0548701220871193	2563852474.5153766
1.0654188233079904	2713893035.9213305
1.0760730115410704	2827020100.2178245
1.086833741656481	3071784636.1275344
1.097702079073046	2996545318.5499353
1.1086790998637763	2125003017.608792
1.119765890862414	2777111045.8313065
1.1309635497710382	2887696583.0635157
1.1422731852687487	2720192172.245171
1.1536959171214363	2897623960.7427816
1.1652328762926505	2698817860.4805665
1.1768852050555771	2641349680.2958145
1.1886540571061328	2735233016.5707693
1.2005405976771941	2656295189.232149
1.2125460036539661	2834579057.962166
1.2246714636905058	2768517632.4360404
1.236918178327411	2799283789.9261703
1.249287360110685	2463274846.0264583
1.261780233711792	2723577412.8334694
1.2743980360489098	2812382164.459436
1.287142016409399	2619658423.084129
1.3000134365734928	2778947759.3579125
1.3130135709392279	2680271944.634358
1.3261437066486201	2456209353.159692
1.3394051437151064	1715652508.004365
1.3527991951522575	2133076303.534526
1.36632718710378	1727643043.2291398
1.3799904589748178	1827302480.450817
1.393790363564566	1673489679.909434
1.4077282672002118	1574738878.367499
1.421805549872214	1089938642.8668804
1.4360236053709359	1219521159.5251734
1.4503838414246453	1442517400.0117416
1.464887679838892	1452839789.6543498
1.4795365566372807	1342140699.3112147
1.4943319222036535	1342260276.593282
1.50927524142569	1513468927.9907696
1.524367993839947	1522221517.701257
1.5396116737783465	1322332701.7521472
1.55500779051613	1509393815.509748
1.5705578684212913	1645313348.9542985
1.5862634471055044	1560835617.6271615
1.6021260815765592	1736259501.9684494
1.618147342392325	1760931080.889644
1.6343288158162481	1852678581.604305
1.6506721039744106	1880692763.433583
1.6671788250141548	1947823835.3054538
1.6838506132642965	1819244260.4315705
1.7006891193969393	1793616527.4074428
1.7176960105909087	1597888528.706265
1.7348729706968178	1420280259.746105
1.7522217004037859	1104563733.6187341
1.7697439174078238	870043301.3100048
1.787441356581902	1209724364.9560719
1.8053157701477214	1037435105.4704041
1.8233689278491985	891292359.1844671
1.8416026171276902	808727370.2253621
1.8600186432989676	721093637.7206651
1.8786188297319568	681202780.0853374
1.8974050180292765	753028917.7349867
1.9163790682095694	998807751.1401527
1.935542858891665	970485393.4955771
1.9548982874805818	638867338.3193462
1.9744472703553875	700454948.0058739
1.9941917430589418	779137576.6928606
2.0141336604895312	752043868.2510846
2.034274997094426	847109219.4898832
2.0546177470653704	654787562.0690614
2.0751639245360245	729649208.1325449
2.0959155637813844	768552256.1661501
2.1168747194191986	818979900.9236088
2.1380434666133907	778309415.124436
2.159423901279524	786772826.1643728
2.1810181402923194	758337051.2027428
2.2028283216952427	782045446.874919
2.2248566049121954	825584425.8199364
2.247105170961317	805557626.6620382
2.2695762226709304	796871796.6327859
2.29227198489764	755791241.7642878
2.315194704746616	770207064.3587997
2.3383466517940823	725547730.4471854
2.3617301183120234	630288191.4836777
2.3853474194951434	520590850.56051373
2.409200893690095	507562639.64122885
2.433292902626996	394978638.0025822
2.457625831653266	359928907.01930356
2.4822020899697987	308342597.72410434
2.5070241108694966	310833742.2802205
2.5320943519781918	307239093.11160046
2.5574152954979734	335404449.57424337
2.582989448452953	349234214.9103662
2.608819342937483	297410137.1014238
2.6349075363668577	318928367.3100665
2.661256611730526	329970006.6415756
2.6878691778478316	289346645.5882865
2.7147478696263097	309060086.2817305
2.741895348322573	207024086.67752054
2.7693143018057986	302021477.018879
2.7970074448238567	217778725.3398816
2.824977519272095	162758796.78147802
2.853227294464816	214606077.77960226
2.8817595674094645	245297068.79206213
2.910577163083559	211701873.4052369
2.9396829347143947	210154601.84380156
2.9690797640615387	194266710.73011273
2.998770561702154	172230107.29925543
3.0287582673191755	160965100.28865716
3.0590458499923674	184836790.6292044
3.0896363084922913	171400798.8962407
3.120532671577214	186181639.1615989
3.1517379982929863	178673467.9133229
3.1832553782759163	181281010.73598227
3.215087932058675	172972491.61025643
3.2472388113792623	184644165.06075302
3.2797111994930552	166976482.16794732
3.3125083114879854	189934225.18950912
3.3456333946028654	167983883.8411105
3.3790897285488937	157512626.69168997
3.412880625834383	180739740.02063027
3.447009432092727	187522648.52072138
3.481479526413654	159210343.43435642
3.516294321677791	176783225.6674909
3.551457264894569	184614814.696767
3.5869718375435142	156797916.67340928
3.6228415559189497	165452141.87021667
3.659069971478139	162545936.71943006
3.6956606711929205	164053013.71210474
3.7326172779048497	157124136.1334268
3.7699434506838982	162796789.16463828
3.8076428851907376	168921571.8353664
3.8457193140426447	156459686.28170064
3.8841765071830716	146078245.3084486
3.923018272254902	150248624.6997772
3.9622484549774506	146219392.55414146
4.001870939527225	132219857.78240152
4.041889648922498	131191824.24463089
4.082308545411722	115065711.15840112
4.1231316308658394	101699030.53891829
4.1643629471744985	112768285.13687982
4.206006576646243	107589413.86323674
4.248066642412706	96053388.21329705
4.2905473088368336	91100296.18783319
4.333452781925201	90791153.96701573
4.376787309744453	78524048.58046834
4.420555182841898	71603959.78409931
4.464760734670317	67780728.15347023
4.509408342017021	64740084.44952528
4.554502425437191	63695832.79677211
4.600047449691562	62647766.64970713
4.646047924188478	65952540.444369905
4.692508403430363	49648469.941656254
4.739433487464667	64974193.37026582
4.786827822339313	53766266.81919946
4.834696100562707	59654902.1138307
4.883043061568333	48201850.806046344
4.931873492184017	52558697.27839518
4.981192227105857	49748701.1351317
5.0310041493769155	45031118.967415735
5.081314190870685	46342398.844938286
5.132127332779392	30067276.617460165
5.183448606107185	41887986.22440641
5.235283092168258	36687170.291008234
5.28763592308994	43622666.43943803
5.34051228232084	36799585.11206311
5.393917405144048	36083167.05430611
5.447856579195489	31297792.786037337
5.502335144987444	31543882.350782543
5.557358496437318	34690699.26671984
5.612932081401691	33048863.01326195
5.669061402215709	34662009.25178718
5.725752016237866	30593201.102732506
5.783009536400244	29540316.85781779
5.840839631764247	27812020.831562053
5.89924802808189	25957505.357279345
5.958240508362708	28454128.430465207
6.017822913446335	24560476.953204546
6.078001142580799	25989176.29947
6.138781154006607	26047664.455728948
6.2001689655466725	24662195.81502058
6.26217065520214	25603230.89465125
6.324792361754161	24054761.95326032
6.388040285371702	21738092.963802006
6.45192068822542	19835841.952902447
6.516439895107674	20588212.18664038
6.581604294058751	15878852.797744108
6.647420336999338	15699114.872346124
6.713894540369332	15246776.051775752
6.781033485773025	13190545.455296943
6.848843820630757	15780252.979505071
6.917332258837064	13457360.673665823
6.986505581425433	14095766.329717522
7.056370637239688	12426407.389165489
7.126934343612085	11568862.108166916
7.198203687048206	13769932.883002792
7.270185723918688	12487995.276894309
7.342887581157875	10259380.023441944
7.4163164569694535	11366624.228085713
7.490479621539149	11091902.772938393
7.56538441775454	10806166.352206364
7.641038261932086	10371384.131874539
7.717448644551407	10457565.319133855
7.794623130996921	9856026.972003335
7.872569362306891	8998574.011751737
7.9512950559299584	7993520.3868049
8.030808006489258	9196251.59129604
8.111116086554151	7921558.914289118
8.192227247419693	7845045.61989049
8.27414951989389	7525288.772856728
8.35689101509283	6808080.905158267
8.440459925243758	8140849.385488883
8.524864524496195	7745286.1824823795
8.610113169741156	6787774.160249803
8.69621430143857	6072332.112174505
8.783176444452955	6031203.860260093
8.871008208897484	6746972.46453933
8.959718290986459	5899185.348784693
9.049315473896323	6423035.935322567
9.139808628635286	5475726.821311742
9.23120671492164	5861531.873232004
9.323518782070856	5887465.297609993
9.416753969891564	5037738.630844399
9.51092150959048	5297592.879858416
9.606030724686386	4792593.154418104
9.70209103193325	4913311.755928376
9.799111942252583	4755334.130145099
9.897103061675107	4254037.9541618945
9.99607409229186	4418759.732351798
10.096034833214778	4077687.6022652565
10.196995181546926	3856675.5429123384
10.298965133362396	3874695.7295174752
10.40195478469602	3684575.1620316138
10.50597433254298	3636879.1391563327
10.61103407586841	3299995.2043417837
10.717144416627093	3418223.1844837684
10.824315860793364	3245941.8177458914
10.9325590194013	2835717.418175383
11.04188460959531	2765220.9821468345
11.152303455691264	3052520.4438319504
11.263826490248178	2612925.1979746427
11.376464755150659	2327236.3657103996
11.490229402702166	2540358.435679051
11.605131696729188	2495866.9552370748
11.72118301369648	2209890.119902261
11.838394843833445	2134981.8808699986
11.95677879227178	2279165.2811600515
12.076346580194498	1934735.2328907931
12.197110045996443	2025770.9207737534
12.319081146456407	1966922.8293598942
12.44227195792097	1683445.9983970374
12.566694677500182	1815180.5438234224
12.692361624275183	1610336.0925147927
12.819285240517933	1619019.1155914278
12.947478092923113	1367122.6364065334
13.076952873852346	1465391.0662010268
13.20772240259087	1499785.2932642472
13.339799626616779	1437933.7436743532
13.473197622882944	1421473.5924303734
13.607929599111776	1276579.7251200085
13.744008895102892	1393947.2638352416
13.881448984053922	1179883.5697885158
14.020263473894463	1209066.5538709722
14.160466108633408	1035491.8939150287
14.30207076971974	1039526.5835670093
14.445091477416936	1129952.4620707247
14.589542392191108	1039383.7508738105
14.735437816113018	1019271.330787687
14.88279219427415	965708.2074857746
15.03162011621689	935914.6246870132
15.18193631737906	850257.8839719673
15.33375568055285	795704.6577169389
15.48709323735838	767834.1993960418
15.641964169731963	757208.1644332195
15.798383811429284	708446.3815154469
15.956367649543576	663999.6767504417
16.11593132603901	719842.6524785324
16.277090639299402	681014.7157849314
16.4398615456924	649784.7012536584
16.60426016114932	582991.6300921408
16.770302762760814	596226.0268250675
16.938005790388424	536979.6600856507
17.107385848292306	524540.3717086558
17.278459706775227	555375.4540262677
17.45124430384298	446235.74577879324
17.62575674688141	469072.03156331665
17.802014314350224	439062.3430545467
17.98003445749373	483905.97503254336
18.159834802068666	440977.4035923098
18.34143315008935	448172.8514784731
18.524847481590246	401295.737367768
18.71009595640615	407800.5884243518
18.897196915970213	378391.2361957638
19.08616888512991	354243.0056751846
19.27703057398121	309714.38293745404
19.469800879721024	337500.93352659576
19.664498888518235	330829.2867435013
19.861143877403418	272348.8402987817
20.05975531617745	314709.17654387164
20.260352869339226	306076.04050106683
20.462956398032617	254171.22886175505
20.667585962012947	265567.9649861465
20.874261821633073	254275.30974167062
21.083004439849404	235339.92181714092
21.2938344842479	229908.13430891116
21.50677282909038	228746.46598223213
21.721840557381284	223442.80043934798
21.939058962955098	203272.9851446415
22.158449552584646	227752.11046577836
22.380034048110495	185442.68372318894
22.6038343885916	179863.32549005697
22.82987273247752	168688.15929197776
23.058171459802292	178296.91124121
23.288753174400313	150906.2158451116
23.521640706144318	151612.6023254868
23.75685711320576	162908.12870576742
23.99442568433782	150042.17236772052
24.234369941181196	142388.16188683672
24.476713640593008	137299.99336509994
24.72148077699894	136157.39419844715
24.968695584768927	120331.6236739883
25.21838254061662	129914.70696538032
25.470566366022787	118538.14528709227
25.725272029683012	116624.5204175755
25.982524749979845	102828.21943268136
26.242349997479643	105004.07420941864
26.50477349745444	108326.59374952642
26.769821232428985	100187.79321819099
27.037519444753272	106716.3087874207
27.307894639200807	96430.72459691919
27.580973585592815	87712.31096971095
27.85678332144874	76718.35504810704
28.13535115466323	78717.17750244473
28.416704666209863	79891.0621070958
28.70087171287196	71494.13918246681
28.987880430000683	69881.23288949464
29.27775923430069	69294.25377211129
29.5705368266437	62573.002592187106
29.866242194910132	64463.94273736503
30.164904616859236	60722.602051019545
30.46655366302783	56661.528002888816
30.771219199658105	55365.52140193471
31.078931391654688	58447.84279120619
31.389720705571236	55387.391822304475
31.70361791262695	48773.76192732393
32.020654091753215	49870.62425670856
32.34086063267075	43224.90842128584
32.664269238997456	44960.19731883389
32.99091193138743	41867.706975586916
33.32082105070131	42088.19236332777
33.65402926120832	43221.80159329157
33.99056955382041	36992.43969142865
34.33047524935861	36355.76516043041
34.6737800018522	34262.16673834585
35.02051780187072	32167.752670897225
35.37072297988942	33006.946168279566
35.72443020968832	32865.34662271512
36.0816745117852	32496.328542757423
36.442491256903054	29138.27144271955
36.80691616947209	27373.453837138873
37.1749853311668	27250.458554506677
37.54673518447848	23984.821223946838
37.92220253632326	24554.568451045718
38.301424561686495	24245.994009915237
38.68443880730336	23726.77779401773
39.071283195376395	23346.893303467637
39.46199602733015	21203.715013727415
39.85661598760346	21666.55367389709
40.255182147479495	20240.835391287765
40.65773396895429	18297.469318692813
41.06431130864384	18111.61738845702
41.474954421730274	18691.33107709805
41.889703965947575	17537.254609856052
42.308601005607045	16917.500195528308
42.73168701566312	16172.173615579923
43.15900388581975	14750.928959783501
43.59059392467795	15097.96803296149
44.02649986392473	13629.727591032819
44.46676486256398	13922.373917031475
44.911432511189616	13582.342791164605
45.36054683630151	12615.612220046603
45.81415230466453	12042.39607045268
46.272293827711174	11066.449781437972
46.73501676598829	11806.149688077394
47.20236693364817	10984.410913898819
47.67439060298465	9716.506344824722
48.1511345090145	9656.84442014942
48.632645854104645	9568.426426494183
49.118972312645695	9712.888737429634
49.61016203577215	9051.99843727314
50.10626365612987	9005.029192683489
50.60732629269117	8267.164673280246
51.11339955561809	8123.261444299604
51.62453355117427	7881.793686111127
52.14077888668601	8152.163230423138
52.66218667555286	7276.627159027044
53.1888085423084	6839.817553898888
53.720696627731485	6582.915310939101
54.2579035940088	6134.475267807101
54.80048262994888	6689.530513700554
55.34848745624838	6107.708335732932
55.90197233081086	5778.074577782159
56.46099205411896	5821.258006347699
57.02560197466016	5518.019245461131
57.595857994406764	4852.307134151202
58.17181657435083	5108.600700116795
58.753534740094345	4798.8088500523645
59.34107008749529	4544.995751398126
59.93448078837024	4444.533481806282
60.53382559625394	4493.893768362592
61.139163852216484	4088.299790952004
61.75055549073865	3781.8636532815494
62.36806104564603	3777.1982585023284
62.99174165610249	3809.7084368223045
63.62165907266352	3524.1176501781683
64.25787566339015	3414.6205367547427
64.90045442002406	3114.5088742736375
65.54945896422429	3236.1687766547043
66.20495355386655	3066.182565658574
66.8670030894052	2927.789153715658
67.53567312029925	2999.369912420564
68.21102985150225	2753.1216698484463
68.89314015001727	2670.756206693225
69.58207155151744	2491.5415887552836
70.27789226703263	2442.2326199253084
70.98067118970295	2361.6343953390005
71.69047790159998	2388.1500745893154
72.40738268061598	2139.4800085428833
73.13145650742214	1957.900133477576
73.86277107249636	2000.2541662278948
74.60139878322133	1850.0827113705195
75.34741277105354	1730.4002505232077
76.10088689876407	1847.7581994973527
76.86189576775172	1759.2685648656318
77.63051472542924	1685.1639171889817
78.40681987268353	1617.3289101337432
79.19088807141036	1534.9341924795742
79.98279695212447	1546.4105375225101
80.78262492164572	1384.4065623667714
81.59045117086217	1421.6245573077658
82.40635568257079	1276.6485377301556
83.2304192393965	1311.2549373236475
84.06272343179047	1187.8628393213564
84.90335066610837	1158.949036321705
85.75238417276945	1140.8983840969736
86.60990801449715	1117.716508322191
87.47600709464213	1019.6627112580532
88.35076716558855	972.4764318552327
89.23427483724443	978.9375197171594
90.12661758561688	868.7155727232298
91.02788376147305	921.7966761356768
91.93816259908778	884.0858161370676
92.85754422507867	840.1687897025658
93.78611966732944	826.1288652309893
94.72398086400274	746.3071534474312
95.67122067264278	743.5443784382177
96.6279328793692	684.3367501074122
97.59421220816289	705.8889954743312
98.57015433024452	651.4380162769068
99.55585587354696	614.2730421936133
100.55141443228244	618.3776783867066
101.55692857660526	594.0831806824823
102.57249786237132	548.0269609530474
103.59822284099504	549.9943669633222
104.63420506940498	521.0428933668397
105.68054712009904	506.7637049396176
106.73735259130001	468.0421911185602
107.80472611721302	451.69766734391743
108.88277337838517	441.0868214510827
109.97160111216901	433.9605403236459
111.0713171232907	415.9708963900745
112.1820302945236	397.0987047714776
113.30385059746884	375.4828975548234
114.43688910344353	356.30643779306484
115.58125799447797	349.73825234159784
116.73707057442275	334.0771936055739
117.90444128016698	332.5674593391307
119.08348569296865	316.3749379876886
120.27432054989835	292.6177650404839
121.47706375539732	292.28838592441497
122.6918343929513	266.29471203408195
123.91875273688082	264.5040545135408
125.15794026424962	254.95260206289578
126.40951966689211	242.90186083216207
127.67361486356103	226.4564804792723
128.95035101219665	216.8632985889846
130.2398545223186	219.6726549687389
131.5422530675418	211.85760712838155
132.85767559821724	196.32355825775625
134.1862523541994	194.0707844409634
135.5281148777414	182.15945308607508
136.8833960265188	178.6311281260272
138.25222998678402	172.37293816802554
139.63475228665183	166.94518071182853
141.03109980951837	160.0648693180443
142.44141080761355	153.08792835062147
143.86582491568967	147.44717290918726
145.30448316484657	143.03062139639508
146.75752799649504	135.92230087779515
148.22510327646	131.7879471151197
149.7073543092246	124.80162315343003
151.20442785231683	120.46217126757725
152.71647213084003	116.79405016712877
154.24363685214843	109.95683357474184
155.7860732206699	106.6899887338389
157.3439339528766	103.1679713118937
158.9173732924054	95.33376934056761
160.5065470253294	93.88333461864634
162.11161249558273	91.3815033346105
163.73272862053855	87.88670323319951
165.37005590674394	84.53194112831845
167.02375646581137	78.73457332102699
168.6939940304695	77.3024884622498
170.38093397077418	70.80593799376734
172.08474331048194	70.34115302620053
173.80559074358675	66.65468460133623
175.54364665102264	66.38507818802535
177.29908311753286	63.81061110711535
179.07207394870818	60.46834486518607
180.86279468819527	58.05216384125328
182.67142263507722	55.375948581896516
184.498136861428	54.278079650694856
186.34311823004228	50.20467655394752
188.2065494123427	49.443979537244886
190.08861490646612	46.84588734479508
191.98950105553078	46.15419301197511
193.9093960660861	44.26357269698803
195.84849002674696	42.533375773856896
197.80697492701444	40.967172130086254
199.78504467628457	39.07675702053528
201.78289512304744	37.261648661949046
203.8007240742779	36.28235922593898
205.83873131502068	34.89906352795659
207.8971186281709	33.5029570853959
209.9760898144526	32.16740242389235
212.07585071259714	30.765817388250202
214.19660921972311	29.64091393829775
216.33857531192032	28.48826395116038
218.50196106503955	27.205929871911692
220.68698067568994	26.29310131389958
222.89385048244685	25.16618531410859
225.12278898727132	24.09494134569626
227.37401687714402	23.268814409400406
229.64775704591545	22.377835607188015
231.94423461637462	21.428795713106446
234.2636769625384	20.421344833394297
236.60631373216376	19.793575994660888
238.9723768694854	19.048145395421198
241.36210063818024	18.270568287045588
243.77572164456208	17.07717336653147
246.21347886100767	16.818613238329917
248.67561364961776	16.186888167551192
251.16236978611394	15.54638348468522
253.67399348397507	14.943169079380032
256.21073341881487	14.329858315198843
258.772840753003	13.741612263859066
261.36056916053303	13.138602983803578
263.97417485213833	12.701994516956631
266.61391660065976	12.208110351034994
269.2800557666663	11.710521485930673
271.972856324333	11.253483843963295
274.69258488757634	10.805767919265705
277.4395107364521	10.137318712775755
280.21390584381663	9.859939315981297
283.0160449022548	9.544707024673983
285.8462053512774	8.999402637625911
288.70466740479014	8.83073768161084
291.59171407883804	8.483031576775758
294.50763121962643	8.146511355633866
297.4527075318227	7.817081473600264
300.4272346071409	7.5090190123266165
303.4315069532123	7.200954999972447
306.4658220227444	6.929990768891451
309.5304802429719	6.633357062186018
312.62578504540164	6.3877668600169635
315.75204289585565	6.11616529571684
318.9095633248142	5.896145717994739
322.09865895806234	5.663777145266629
325.31964554764295	5.438032153343459
328.5728420031194	5.22629259839583
331.8585704231506	5.001222751132167
335.1771561273821	4.821559806951716
338.5289276886559	4.629224253679127
341.9142169655425	4.445680976521047
345.3333591351979	4.268395662985428
348.7866927265499	4.095422217957412
352.2745596538154	3.936166125915966
355.7973052503536	3.7785032213720204
359.35527830285713	3.6124769224025575
362.9488310858857	3.4893783868420662
366.5783193967445	3.351067979274089
370.244102590712	3.2142023062788243
373.9465436166191	3.090786413117084
377.6860090527853	2.9678689982671993
381.4628691433131	2.796828604792054
385.27749783474627	2.713599814445141
389.13027281309377	2.6270032515886355
393.02157554122465	2.523208282095896
396.95179129663694	2.4237535767513783
400.92130920960335	2.3273060036997446
404.93052230169934	2.2368352012829136
408.9798275247163	2.1462941148660306
413.0696257999635	2.061009975019555
417.20032205796315	1.9806091220706803
421.37232527854275	1.90324700962087
425.58604853132823	1.825395239728223
429.8419090166415	1.754645795276844
434.14032810680794	1.6842618103418447
438.481731387876	1.6187241961815262
442.86654870175477	1.5523494647467342
447.2952141887724	1.492506922326025
451.76816633066005	1.431820512723058
456.2858479939667	1.3740172931413916
460.84870647390636	1.3216797902912323
465.4571935386454	1.2681385340339746
470.11176547403187	1.2193041771358695
474.8128831287721	1.1703257055380587
479.5610119600599	1.1238698199820532
484.3566220796605	1.0801049744349451
489.20018830045717	1.0369173104771026
494.09219018346164	0.9963385254648458
499.03311208529635	0.9569485448490531
504.0234432061493	0.918842136770779
509.0636776382108	0.8723911108242377
514.1543144145928	0.8475483436350189
519.2958575587388	0.8122815793392544
524.4888161343262	0.7809193929037272
529.7337042956696	0.7505814831345197
535.0310413386262	0.7203229038566592
540.3813517520124	0.6917356054683912
545.7851652695325	0.664663726066354
551.2430169222279	0.6385418022357204
556.7554470914502	0.6129296166521271
562.3230015623647	0.5887292917368852
567.9462315779883	0.5642470940788733
573.6256938937682	0.5431193763149132
579.3619508327059	0.5212603033837143
585.155570341033	0.5011146217865858
591.0071260444433	0.48124465992652704
596.9171973048877	0.4620415891878028
602.8863692779366	0.443785923946663
608.915232970716	0.42597687857381455
615.0043853004232	0.4092688924241787
621.1544291534274	0.3930724663540806
627.3659734449617	0.3774826477345949
633.6396331794114	0.36251585816329507
639.9760295112054	0.3482005340687517
646.3757898063175	0.3343769174355245
652.8395477043807	0.32104497418169226
659.3679431814245	0.3084195130610345
665.9616226132388	0.29614632375769767
672.6212388393711	0.2844686724184862
679.3474512277649	0.2729901148778135
686.1409257400426	0.26224677991539497
693.002334997443	0.2518990566851546
699.9323583474173	0.24195607653752366
706.9316819308915	0.2323476213517962
714.0009987502006	0.22306742256890247
721.1410087377025	0.2143235862401175
728.3524188250796	0.2058543146798277
735.6359430133303	0.19768674010702295
742.9923024434637	0.18986208323047116
750.4222254678982	0.18226999486510792
757.9264477225772	0.17511862202856732
765.505712199803	0.16806721581521047
773.1607693218011	0.1614534780172188
780.8923770150192	0.15510405766587665
788.7013007851693	0.14344634761982378
796.588313793021	0.14305454230385994
804.5541969309512	0.1373937731178214
812.5997389002607	0.13195306330873766
820.7257362892634	0.12659690655279643
828.932993652156	0.12173092013852915
837.2223235886776	0.11687662794135312
845.5945468245643	0.1122496440800011
854.0504922928101	0.10780802971531252
862.5909972157382	0.10354679296837876
871.2169071878956	0.0994381398804583
879.9290762597744	0.0954105566346027
888.7283670223723	0.09169287285088341
897.615650692596	0.0880776579941
906.591807199522	0.08461659658914994
915.657725271517	0.08126955170729364
924.8143025242324	0.07803203018301327
934.0624455494747	0.07494587509083182
943.4030700049693	0.07197974765490896
952.8371007050191	0.06914352348836646
962.3654717120693	0.06643328752148459
971.9891264291899	0.06379217947507348
981.7090176934819	0.06128332096153977
