#wavelength	surface flux
0.001	7.426162559071949e-94
0.00101	7.939576266859641e-94
0.0010201000000000001	8.458124111725212e-94
0.0010303010000000002	8.981857435039436e-94
0.00104060401	9.510828091586796e-94
0.0010510100501000001	1.0045088454699638e-93
0.0010615201506010002	1.058469142144361e-93
0.00107213535210701	1.112969041785501e-93
0.0010828567056280802	1.1680139404230528e-93
0.0010936852726843608	1.2236092880469797e-93
0.0011046221254112046	1.2560299636948851e-93
0.0011156683466653167	1.2560299636948851e-93
0.0011268250301319698	1.2560299636948851e-93
0.0011380932804332896	1.2560299636948851e-93
0.0011494742132376226	1.2560299636948851e-93
0.0011609689553699987	1.2560299636948851e-93
0.0011725786449236987	1.2560299636948851e-93
0.0011843044313729356	1.2560299636948851e-93
0.001196147475686665	1.2560299636948851e-93
0.0012081089504435317	1.2560299636948851e-93
0.0012201900399479671	1.2560299636948851e-93
0.0012323919403474468	1.2560299636948851e-93
0.0012447158597509213	1.2560299636948851e-93
0.0012571630183484304	1.2560299636948851e-93
0.0012697346485319148	1.2560299636948851e-93
0.0012824319950172339	1.2560299636948851e-93
0.0012952563149674064	1.2560299636948851e-93
0.0013082088781170805	1.2560299636948851e-93
0.001321290966898251	1.2560299636948851e-93
0.0013345038765672336	1.2560299636948851e-93
0.001347848915332906	1.2560299636948851e-93
0.0013613274044862352	1.2560299636948851e-93
0.0013749406785310975	1.2560299636948851e-93
0.0013886900853164084	1.2560299636948851e-93
0.0014025769861695724	1.2560299636948851e-93
0.0014166027560312683	1.2560299636948851e-93
0.001430768783591581	1.2560299636948851e-93
0.0014450764714274969	1.2560299636948851e-93
0.0014595272361417717	1.2560299636948851e-93
0.0014741225085031894	1.2560299636948851e-93
0.0014888637335882214	1.2560299636948851e-93
0.0015037523709241036	1.2560299636948851e-93
0.0015187898946333446	1.2560299636948851e-93
0.001533977793579678	1.2560299636948851e-93
0.001549317571515475	1.2560299636948851e-93
0.0015648107472306296	1.2560299636948851e-93
0.001580458854702936	1.2560299636948851e-93
0.0015962634432499655	1.2560299636948851e-93
0.001612226077682465	1.2560299636948851e-93
0.0016283483384592896	1.2560299636948851e-93
0.0016446318218438828	1.2560299636948851e-93
0.0016610781400623216	1.2560299636948851e-93
0.0016776889214629447	1.2560299636948851e-93
0.0016944658106775741	1.2560299636948851e-93
0.00171141046878435	1.2560299636948851e-93
0.0017285245734721935	1.2560299636948851e-93
0.0017458098192069155	1.2560299636948851e-93
0.0017632679173989845	1.2560299636948851e-93
0.0017809005965729746	1.2560299636948851e-93
0.0017987096025387042	1.2560299636948851e-93
0.0018166966985640914	1.2560299636948851e-93
0.0018348636655497322	1.2560299636948851e-93
0.0018532123022052297	1.2560299636948851e-93
0.001871744425227282	1.2560299636948851e-93
0.0018904618694795547	1.2560299636948851e-93
0.0019093664881743501	1.2560299636948851e-93
0.0019284601530560937	1.2560299636948851e-93
0.0019477447545866546	1.2560299636948851e-93
0.001967222202132521	1.2560299636948851e-93
0.0019868944241538465	1.2560299636948851e-93
0.0020067633683953853	1.2560299636948851e-93
0.002026831002079339	1.2560299636948851e-93
0.0020470993121001323	1.2560299636948851e-93
0.0020675703052211334	1.2560299636948851e-93
0.002088246008273345	1.2560299636948851e-93
0.0021091284683560784	1.2560299636948851e-93
0.0021302197530396394	1.2560299636948851e-93
0.002151521950570036	1.2560299636948851e-93
0.002173037170075736	1.2560299636948851e-93
0.0021947675417764933	1.2560299636948851e-93
0.0022167152171942584	1.2560299636948851e-93
0.002238882369366201	1.2560299636948851e-93
0.0022612711930598633	1.2560299636948851e-93
0.0022838839049904615	1.2560299636948851e-93
0.0023067227440403664	1.2560299636948851e-93
0.00232978997148077	1.2560299636948851e-93
0.0023530878711955777	1.2560299636948851e-93
0.0023766187499075337	1.2560299636948851e-93
0.0024003849374066087	1.2560299636948851e-93
0.002424388786780675	1.2560299636948851e-93
0.0024486326746484817	1.2560299636948851e-93
0.0024731190013949664	1.2560299636948851e-93
0.0024978501914089163	1.2560299636948851e-93
0.0025228286933230053	1.2560299636948851e-93
0.0025480569802562355	1.2560299636948851e-93
0.0025735375500587983	1.2560299636948851e-93
0.0025992729255593858	1.2560299636948851e-93
0.00262526565481498	1.2560299636948851e-93
0.0026515183113631296	1.2560299636948851e-93
0.002678033494476761	1.2560299636948851e-93
0.0027048138294215283	1.2560299636948851e-93
0.002731861967715744	1.2560299636948851e-93
0.002759180587392901	1.2560299636948851e-93
0.0027867723932668304	1.2560299636948851e-93
0.002814640117199499	1.2560299636948851e-93
0.0028427865183714937	1.2560299636948851e-93
0.002871214383555209	1.2560299636948851e-93
0.0028999265273907606	1.2560299636948851e-93
0.002928925792664668	1.2560299636948851e-93
0.002958215050591315	1.2560299636948851e-93
0.002987797201097228	1.2560299636948851e-93
0.0030176751731082006	1.2560299636948851e-93
0.0030478519248392827	1.2560299636948851e-93
0.0030783304440876753	1.2560299636948851e-93
0.0031091137485285522	1.2560299636948851e-93
0.0031402048860138376	1.2560299636948851e-93
0.0031716069348739764	1.2560299636948851e-93
0.003203323004222716	1.2560299636948851e-93
0.003235356234264943	1.2560299636948851e-93
0.003267709796607593	1.2560299636948851e-93
0.0033003868945736684	1.2560299636948851e-93
0.003333390763519405	1.2560299636948851e-93
0.0033667246711545995	1.2560299636948851e-93
0.0034003919178661455	1.2560299636948851e-93
0.0034343958370448065	1.2560299636948851e-93
0.0034687397954152547	1.2560299636948851e-93
0.0035034271933694077	1.2560299636948851e-93
0.0035384614653031017	1.2560299636948851e-93
0.0035738460799561327	1.2560299636948851e-93
0.003609584540755694	1.2560299636948851e-93
0.003645680386163251	1.2560299636948851e-93
0.0036821371900248832	1.2560299636948851e-93
0.0037189585619251324	1.2560299636948851e-93
0.0037561481475443838	1.2560299636948851e-93
0.0037937096290198277	1.2560299636948851e-93
0.003831646725310026	1.2560299636948851e-93
0.003869963192563126	1.2560299636948851e-93
0.003908662824488757	1.2560299636948851e-93
0.003947749452733645	1.2560299636948851e-93
0.003987226947260982	1.2560299636948851e-93
0.004027099216733592	1.2560299636948851e-93
0.004067370208900928	1.2560299636948851e-93
0.004108043910989938	1.2560299636948851e-93
0.004149124350099836	1.2560299636948851e-93
0.004190615593600834	1.2560299636948851e-93
0.004232521749536843	1.2560299636948851e-93
0.004274846967032212	1.2560299636948851e-93
0.004317595436702534	1.2560299636948851e-93
0.004360771391069559	1.2560299636948851e-93
0.0044043791049802545	1.2560299636948851e-93
0.004448422896030057	1.2560299636948851e-93
0.0044929071249903575	1.2560299636948851e-93
0.004537836196240262	1.2560299636948851e-93
0.004583214558202664	1.2560299636948851e-93
0.004629046703784691	1.2560299636948851e-93
0.0046753371708225374	1.2560299636948851e-93
0.004722090542530763	1.2560299636948851e-93
0.004769311447956071	1.2560299636948851e-93
0.004817004562435632	1.2560299636948851e-93
0.004865174608059988	1.2560299636948851e-93
0.004913826354140587	1.2560299636948851e-93
0.004962964617681994	1.2560299636948851e-93
0.005012594263858814	1.2560299636948851e-93
0.005062720206497402	1.2560299636948851e-93
0.0051133474085623765	1.2560299636948851e-93
0.005164480882648	1.2560299636948851e-93
0.0052161256914744795	1.2560299636948851e-93
0.005268286948389224	1.2560299636948851e-93
0.0053209698178731165	1.2560299636948851e-93
0.005374179516051849	1.2560299636948851e-93
0.005427921311212366	1.2560299636948851e-93
0.0054822005243244905	1.2560299636948851e-93
0.005537022529567735	1.2560299636948851e-93
0.005592392754863413	1.2560299636948851e-93
0.0056483166824120475	1.2560299636948851e-93
0.0057047998492361675	1.2560299636948851e-93
0.005761847847728529	1.2560299636948851e-93
0.005819466326205815	1.2560299636948851e-93
0.005877660989467873	1.2560299636948851e-93
0.005936437599362551	1.2560299636948851e-93
0.005995801975356177	1.2560299636948851e-93
0.0060557599951097385	1.2560299636948851e-93
0.006116317595060837	1.2560299636948851e-93
0.006177480771011445	1.2560299636948851e-93
0.006239255578721559	1.2560299636948851e-93
0.006301648134508775	1.2560299636948851e-93
0.006364664615853863	1.2560299636948851e-93
0.006428311262012401	1.2560299636948851e-93
0.0064925943746325255	1.2560299636948851e-93
0.006557520318378851	1.2560299636948851e-93
0.006623095521562639	1.2560299636948851e-93
0.006689326476778266	1.2560299636948851e-93
0.0067562197415460485	1.2560299636948851e-93
0.006823781938961509	1.2560299636948851e-93
0.006892019758351124	1.2560299636948851e-93
0.0069609399559346355	1.2560299636948851e-93
0.007030549355493982	1.2560299636948851e-93
0.007100854849048922	1.2560299636948851e-93
0.007171863397539412	1.2560299636948851e-93
0.007243582031514805	1.2560299636948851e-93
0.007316017851829954	1.2560299636948851e-93
0.007389178030348253	1.2560299636948851e-93
0.007463069810651736	1.2560299636948851e-93
0.007537700508758254	1.2560299636948851e-93
0.007613077513845836	1.2560299636948851e-93
0.007689208288984294	1.2560299636948851e-93
0.007766100371874137	1.2560299636948851e-93
0.00784376137559288	1.2560299636948851e-93
0.007922198989348808	1.2560299636948851e-93
0.008001420979242295	1.2560299636948851e-93
0.008081435189034718	1.2560299636948851e-93
0.008162249540925065	1.2560299636948851e-93
0.008243872036334317	1.2560299636948851e-93
0.008326310756697661	1.2560299636948851e-93
0.008409573864264637	1.2560299636948851e-93
0.008493669602907282	1.2560299636948851e-93
0.008578606298936356	1.2560299636948851e-93
0.008664392361925718	1.2560299636948851e-93
0.008751036285544977	1.2560299636948851e-93
0.008838546648400426	1.2560299636948851e-93
0.008926932114884432	1.2560299636948851e-93
0.009016201436033275	1.2560299636948851e-93
0.009106363450393609	1.2560299636948851e-93
0.009197427084897545	1.2560299636948851e-93
0.00928940135574652	1.2560299636948851e-93
0.009382295369303986	1.2560299636948851e-93
0.009476118322997024	1.2560299636948851e-93
0.009570879506226997	1.2560299636948851e-93
0.009666588301289265	1.2560299636948851e-93
0.009763254184302158	1.2560299636948851e-93
0.00986088672614518	1.2560299636948851e-93
0.009959495593406632	1.2560299636948851e-93
0.0100590905493407	1.2560299636948851e-93
0.010159681454834106	1.2560299636948851e-93
0.010261278269382446	1.2560299636948851e-93
0.01036389105207627	1.2560299636948851e-93
0.010467529962597035	1.2560299636948851e-93
0.010572205262223005	1.2560299636948851e-93
0.010677927314845235	1.2560299636948851e-93
0.010784706587993687	1.2560299636948851e-93
0.010892553653873623	1.2560299636948851e-93
0.01100147919041236	1.2560299636948851e-93
0.011111493982316483	1.2560299636948851e-93
0.01122260892213965	1.2560299636948851e-93
0.011334835011361045	1.2560299636948851e-93
0.011448183361474655	1.2560299636948851e-93
0.011562665195089401	1.2560299636948851e-93
0.011678291847040296	1.2560299636948851e-93
0.0117950747655107	1.2560299636948851e-93
0.011913025513165806	1.2560299636948851e-93
0.012032155768297465	1.2560299636948851e-93
0.01215247732598044	1.2560299636948851e-93
0.012274002099240244	1.2560299636948851e-93
0.012396742120232647	1.2560299636948851e-93
0.012520709541434973	1.2560299636948851e-93
0.012645916636849323	1.2560299636948851e-93
0.012772375803217816	1.2560299636948851e-93
0.012900099561249994	1.2560299636948851e-93
0.013029100556862495	1.2560299636948851e-93
0.01315939156243112	1.2560299636948851e-93
0.01329098547805543	1.2560299636948851e-93
0.013423895332835984	1.2560299636948851e-93
0.013558134286164345	1.2560299636948851e-93
0.01369371562902599	1.2560299636948851e-93
0.013830652785316248	1.2560299636948851e-93
0.013968959313169412	1.2560299636948851e-93
0.014108648906301107	1.2560299636948851e-93
0.014249735395364118	1.2560299636948851e-93
0.014392232749317758	1.2560299636948851e-93
0.014536155076810936	1.2560299636948851e-93
0.014681516627579045	1.2560299636948851e-93
0.014828331793854836	1.2560299636948851e-93
0.014976615111793384	1.2560299636948851e-93
0.015126381262911319	1.2560299636948851e-93
0.015277645075540433	1.2560299636948851e-93
0.015430421526295836	1.2560299636948851e-93
0.015584725741558796	1.2560299636948851e-93
0.015740572998974384	1.2560299636948851e-93
0.015897978728964125	1.2560299636948851e-93
0.01605695851625377	1.2560299636948851e-93
0.016217528101416308	1.2560299636948851e-93
0.01637970338243047	1.2560299636948851e-93
0.016543500416254773	1.2560299636948851e-93
0.016708935420417324	1.2560299636948851e-93
0.016876024774621495	1.2560299636948851e-93
0.01704478502236771	1.2560299636948851e-93
0.017215232872591385	1.2560299636948851e-93
0.0173873852013173	1.2560299636948851e-93
0.017561259053330475	1.2560299636948851e-93
0.01773687164386378	1.2560299636948851e-93
0.017914240360302418	1.2560299636948851e-93
0.018093382763905444	1.2560299636948851e-93
0.0182743165915445	1.2560299636948851e-93
0.01845705975745994	1.2560299636948851e-93
0.01864163035503454	1.2560299636948851e-93
0.01882804665858489	1.2560299636948851e-93
0.019016327125170738	1.2560299636948851e-93
0.019206490396422443	1.2560299636948851e-93
0.01939855530038667	1.2560299636948851e-93
0.019592540853390534	1.2560299636948851e-93
0.01978846626192444	1.2560299636948851e-93
0.019986350924543685	1.2560299636948851e-93
0.020186214433789124	1.2560299636948851e-93
0.020388076578127013	1.2560299636948851e-93
0.020591957343908285	1.2560299636948851e-93
0.020797876917347368	1.2560299636948851e-93
0.021005855686520844	1.2560299636948851e-93
0.02121591424338605	1.2560299636948851e-93
0.02142807338581991	1.2560299636948851e-93
0.02164235411967811	1.2560299636948851e-93
0.02185877766087489	1.2560299636948851e-93
0.02207736543748364	1.2560299636948851e-93
0.022298139091858477	1.2560299636948851e-93
0.02252112048277706	1.2560299636948851e-93
0.022746331687604832	1.2560299636948851e-93
0.022973795004480883	1.2560299636948851e-93
0.02320353295452569	1.2560299636948851e-93
0.023435568284070948	1.2560299636948851e-93
0.023669923966911657	1.2560299636948851e-93
0.02390662320658077	1.2560299636948851e-93
0.024145689438646582	1.2560299636948851e-93
0.024387146333033047	1.2560299636948851e-93
0.024631017796363376	1.2560299636948851e-93
0.024877327974327013	1.2560299636948851e-93
0.025126101254070284	1.2560299636948851e-93
0.025377362266610984	1.2560299636948851e-93
0.025631135889277096	1.2560299636948851e-93
0.025887447248169868	1.2560299636948851e-93
0.026146321720651563	1.2560299636948851e-93
0.026407784937858083	1.2560299636948851e-93
0.026671862787236662	1.2560299636948851e-93
0.02693858141510903	1.2560299636948851e-93
0.02720796722926012	1.2560299636948851e-93
0.027480046901552722	1.2560299636948851e-93
0.02775484737056825	1.2560299636948851e-93
0.028032395844273934	1.2560299636948851e-93
0.02831271980271667	1.2560299636948851e-93
0.02859584700074384	1.2560299636948851e-93
0.028881805470751278	1.2560299636948851e-93
0.02917062352545879	1.2560299636948851e-93
0.029462329760713377	1.2560299636948851e-93
0.029756953058320514	1.2560299636948851e-93
0.030054522588903718	1.2560299636948851e-93
0.030355067814792754	1.2560299636948851e-93
0.030658618492940683	1.2560299636948851e-93
0.030965204677870093	1.2560299636948851e-93
0.03127485672464879	1.2560299636948851e-93
0.031587605291895283	1.2560299636948851e-93
0.03190348134481423	1.2560299636948851e-93
0.032222516158262375	1.2560299636948851e-93
0.03254474131984499	1.2560299636948851e-93
0.03287018873304345	1.2560299636948851e-93
0.03319889062037388	1.2560299636948851e-93
0.03353087952657762	1.2560299636948851e-93
0.0338661883218434	1.2560299636948851e-93
0.03420485020506183	1.2560299636948851e-93
0.03454689870711246	1.2560299636948851e-93
0.03489236769418358	1.2560299636948851e-93
0.035241291371125416	1.2560299636948851e-93
0.03559370428483667	1.2560299636948851e-93
0.035949641327685036	1.2560299636948851e-93
0.03630913774096189	1.2560299636948851e-93
0.03667222911837151	1.2560299636948851e-93
0.03703895140955522	1.2560299636948851e-93
0.03740934092365077	1.2560299636948851e-93
0.037783434332887285	1.2560299636948851e-93
0.03816126867621615	1.2560299636948851e-93
0.038542881362978315	1.2560299636948851e-93
0.038928310176608104	1.2560299636948851e-93
0.03931759327837418	1.2560299636948851e-93
0.039710769211157924	1.2560299636948851e-93
0.0401078769032695	1.2560299636948851e-93
0.0405089556723022	1.2560299636948851e-93
0.04091404522902522	1.2560299636948851e-93
0.041323185681315475	1.2560299636948851e-93
0.04173641753812863	1.2560299636948851e-93
0.04215378171350991	1.2560299636948851e-93
0.042575319530645014	1.2560299636948851e-93
0.04300107272595147	1.2560299636948851e-93
0.043431083453210985	1.2560299636948851e-93
0.04386539428774309	1.2560299636948851e-93
0.04430404823062052	1.2560299636948851e-93
0.04474708871292673	1.2560299636948851e-93
0.045194559600056	1.2560299636948851e-93
0.04564650519605655	1.2560299636948851e-93
0.04610297024801712	1.2560299636948851e-93
0.046563999950497294	1.2560299636948851e-93
0.04702963995000226	1.2560299636948851e-93
0.04749993634950229	1.2560299636948851e-93
0.04797493571299731	1.2560299636948851e-93
0.04845468507012728	1.2560299636948851e-93
0.04893923192082856	1.2560299636948851e-93
0.04942862424003685	1.2560299636948851e-93
0.04992291048243721	1.2560299636948851e-93
0.050422139587261584	1.2560299636948851e-93
0.0509263609831342	1.2560299636948851e-93
0.051435624592965544	1.2560299636948851e-93
0.0519499808388952	1.2560299636948851e-93
0.05246948064728415	1.2560299636948851e-93
0.052994175453756995	1.2560299636948851e-93
0.053524117208294565	1.2560299636948851e-93
0.05405935838037751	1.2560299636948851e-93
0.05459995196418129	1.2560299636948851e-93
0.0551459514838231	1.2560299636948851e-93
0.05569741099866134	1.2560299636948851e-93
0.05625438510864795	1.2560299636948851e-93
0.056816928959734427	1.2560299636948851e-93
0.05738509824933177	1.2560299636948851e-93
0.05795894923182509	1.2560299636948851e-93
0.05853853872414334	1.2560299636948851e-93
0.05912392411138478	1.2560299636948851e-93
0.05971516335249862	1.2560299636948851e-93
0.06031231498602361	1.2560299636948851e-93
0.06091543813588385	1.2560299636948851e-93
0.06152459251724268	1.2560299636948851e-93
0.062139838442415114	1.2560299636948851e-93
0.06276123682683926	1.2560299636948851e-93
0.06338884919510765	1.2560299636948851e-93
0.06402273768705874	1.2560299636948851e-93
0.06466296506392932	1.2560299636948851e-93
0.06530959471456863	1.2560299636948851e-93
0.06596269066171431	1.2560299636948851e-93
0.06662231756833144	1.2560299636948851e-93
0.06728854074401477	1.2560299636948851e-93
0.06796142615145492	1.2560299636948851e-93
0.06864104041296946	1.2560299636948851e-93
0.06932745081709915	1.2560299636948851e-93
0.07002072532527015	1.2560299636948851e-93
0.07072093257852285	1.2560299636948851e-93
0.07142814190430807	1.2560299636948851e-93
0.07214242332335115	1.2560299636948851e-93
0.07286384755658468	1.2560299636948851e-93
0.07359248603215052	1.2560299636948851e-93
0.07432841089247202	1.2560299636948851e-93
0.07507169500139675	1.2560299636948851e-93
0.07582241195141072	1.2560299636948851e-93
0.07658063607092483	1.2560299636948851e-93
0.07734644243163408	1.2560299636948851e-93
0.07811990685595041	1.2560299636948851e-93
0.07890110592450993	1.2560299636948851e-93
0.07969011698375501	1.2560299636948851e-93
0.08048701815359258	1.2560299636948851e-93
0.08129188833512849	1.2560299636948851e-93
0.08210480721847978	1.2560299636948851e-93
0.08292585529066457	1.2560299636948851e-93
0.08375511384357122	1.2574212406423711e-93
0.08459266498200693	1.2560353644032591e-93
0.08543859163182702	1.2560299636948851e-93
0.08629297754814527	1.2560299636948851e-93
0.08715590732362674	1.2560299636948851e-93
0.08802746639686301	1.2560299636948851e-93
0.08890774106083163	1.2560299636948851e-93
0.08979681847143996	1.2560299636948851e-93
0.09069478665615435	1.2560299636948851e-93
0.09160173452271589	1.2560299636948851e-93
0.09251775186794305	1.2560299636948851e-93
0.09344292938662248	1.2560299636948851e-93
0.09437735868048872	1.2560299636948851e-93
0.09532113226729359	1.2560299636948851e-93
0.09627434358996653	1.2560299636948851e-93
0.0972370870258662	1.2560299636948851e-93
0.09820945789612487	1.2560299636948851e-93
0.09919155247508611	1.2560299636948851e-93
0.10018346799983698	1.2560299636948851e-93
0.10118530267983535	1.2560299636948851e-93
0.1021971557066337	1.2560299636948851e-93
0.10321912726370003	1.2560299636948851e-93
0.10425131853633704	1.2560299636948851e-93
0.10529383172170041	1.2560299636948851e-93
0.10634677003891742	1.2560299636948851e-93
0.1074102377393066	1.2560299636948851e-93
0.10848434011669966	1.2594119419609626e-93
0.10956918351786665	7.816689047434713e-90
0.11066487535304532	1.2833885315910319e-86
0.11177152410657577	2.0427866905905924e-70
0.11288923934764154	1.230620966514948e-62
0.11401813174111795	2.753782265402383e-60
0.11515831305852914	4.389544832860279e-59
0.11630989618911443	2.147649391815984e-58
0.11747299515100557	4.9376520399191104e-57
0.11864772510251563	2.9556678379917673e-56
0.1198342023535408	1.9919179530375803e-55
0.1210325443770762	1.6847496963856373e-54
0.12224286982084695	7.287722904269452e-54
0.12346529851905542	5.1571924697675e-53
0.12469995150424598	2.8705950938342394e-52
0.12594695101928843	1.967277055748328e-51
0.12720642052948133	9.795527128351943e-51
0.12847848473477616	5.535928753584838e-50
0.12976326958212392	2.686361915571946e-49
0.13106090227794515	1.496219601362635e-48
0.13237151130072458	1.202851867197869e-47
0.13369522641373183	6.07600868199286e-47
0.13503217867786915	2.933465070167452e-46
0.13638250046464784	1.3970202307563037e-45
0.13774632546929433	6.319351170335565e-45
0.13912378872398729	2.950873139354216e-44
0.14051502661122714	5.596150652284246e-44
0.14192017687733943	6.076364502923687e-43
0.14333937864611285	2.4226553051859246e-42
0.14477277243257397	9.626813729686819e-42
0.14622050015689972	2.7463968978807113e-41
0.14768270515846868	1.8819736592033703e-40
0.14915953221005337	7.639584421591959e-40
0.1506511275321539	3.13859496054063e-39
0.15215763880747546	1.2296376307073604e-38
0.1536792151955502	4.41114871221293e-38
0.15521600734750574	1.4302534422916937e-37
0.15676816742098076	3.5258143893953173e-37
0.15833584909519058	1.4763843492835558e-37
0.15991920758614248	1.1596755545310756e-36
0.1615183996620039	1.9561419758784388e-36
0.16313358365862396	3.6417050850112606e-36
0.1647649194952102	6.044317372306986e-35
0.1664125686901623	2.2783462677824167e-34
0.1680766943770639	9.0579152688548e-34
0.16975746132083458	2.2503831994408082e-33
0.1714550359340429	2.1374103197857084e-32
0.17316958629338333	1.0373697571914134e-31
0.17490128215631717	2.6305565657476266e-31
0.17665029497788035	1.3988590071063008e-30
0.17841679792765916	4.122717354608983e-30
0.18020096590693577	9.937195419528135e-30
0.18200297556600512	1.9831141444559036e-30
0.18382300532166518	9.042253815105812e-29
0.18566123537488183	2.8238314172714073e-28
0.18751784772863064	8.766618577309425e-28
0.18939302620591697	3.070788655053371e-27
0.19128695646797614	8.601929211071034e-27
0.19319982603265587	2.015648217985378e-26
0.19513182429298243	5.0349129018643394e-26
0.19708314253591228	8.530846190838696e-26
0.1990539739612714	3.7072344312049435e-25
0.2010445137008841	7.615558735734552e-25
0.20305495883789296	1.680723695596143e-24
0.20508550842627188	4.689238322366657e-24
0.2071363635105346	3.552041418230225e-24
0.20920772714563995	1.211133791579259e-23
0.21129980441709634	7.993757385096296e-24
0.21341280246126731	3.69967987921523e-26
0.21554693048588	1.2282989683509603e-23
0.2177023997907388	9.462635350667835e-23
0.2198794237886462	9.14574752335147e-22
0.22207821802653266	3.0642750164386475e-21
0.224299000206798	9.890421650820557e-21
0.22654199020886595	1.2224895529662163e-20
0.22880741011095462	1.4012268750349902e-20
0.23109548421206416	6.4938878592928e-21
0.23340643905418482	8.027103546993493e-20
0.23574050344472666	7.909715463579498e-20
0.23809790847917392	9.855566996635503e-20
0.24047888756396565	3.0761319830533867e-20
0.24288367643960532	3.521694784238893e-20
0.2453125132040014	2.7232956867850918e-18
0.2477656383360414	1.932601019165357e-17
0.2502432947194018	1.5211304947008248e-17
0.2527457276665958	2.0543110301517956e-18
0.2552731849432618	1.7855139068159452e-16
0.2578259167926944	4.453431946730571e-16
0.2604041759606214	2.0548861201257066e-15
0.26300821772022753	1.4278618869187284e-15
0.2656382998974299	4.752686776256801e-15
0.2682946828964041	1.6290231622330098e-14
0.2709776297253682	3.484198621209513e-14
0.27368740602262187	7.7317993600254e-14
0.2764242800828481	1.5018974684082391e-13
0.27918852288367657	2.975492597131787e-13
0.2819804081125134	5.146788025220045e-13
0.28480021219363855	9.505754988777683e-13
0.28764821431557486	2.9479176728159327e-13
0.2905246964587307	3.4150025299642204e-12
0.2934299434233179	2.9269322881250687e-12
0.29636424285755114	9.69913388709507e-12
0.29932788528612664	4.061144206964917e-12
0.3023211641389879	1.1903815035332383e-11
0.3053443757803778	2.9873473799345022e-12
0.3083978195381816	6.7275264829574905e-12
0.3114817977335634	9.700269958568615e-11
0.31459661571089903	8.886845455120396e-11
0.317742581868008	6.618095522940363e-10
0.3209200076866881	1.0237652110505362e-09
0.32412920776355497	1.6245645711764588e-09
0.3273704998411905	3.833600890486791e-09
0.33064420483960244	6.53511462761627e-09
0.33395064688799847	9.576871595685787e-09
0.3372901533568785	1.4494823507754135e-08
0.34066305489044724	3.5943110022467914e-09
0.34406968543935174	5.055049373552128e-09
0.34751038229374526	5.7507365636159645e-09
0.3509854861166827	5.518389167571428e-09
0.35449534097784957	4.562917412383847e-08
0.358040294387628	4.858845870857869e-08
0.3616206973315043	4.222465035993801e-07
0.36523690430481937	5.845089400582412e-07
0.3688892733478676	1.5515818336202062e-06
0.37257816608134625	2.5104838171171497e-06
0.37630394774215975	3.995844664534383e-06
0.38006698721958126	6.288158998893901e-06
0.3838676570917771	9.774908211813494e-06
0.38770633366269486	1.173946850572882e-05
0.3915833969993219	1.4442588562716616e-05
0.3954992309693151	3.385346238369556e-05
0.3994542232790082	4.785432788361132e-05
0.4034487655117983	1.981569030919286e-05
0.4074832531669163	0.00012009428094495689
0.41155808569858543	0.0001873024676483328
0.4156736665555713	0.00020206791972576598
0.419830403221127	0.0002040503585116487
0.42402870725333835	0.0005446872058676368
0.4282689943258717	0.0009246461669330587
0.43255168426913043	0.001384391415320565
0.4368772011118217	0.0020277177632138607
0.44124597312293995	0.0029524322411640077
0.44565843285416934	0.004275440249953361
0.450115017182711	0.006162822883757555
0.4546161673545382	0.008582788424728864
0.45916232902808357	0.012424719880372475
0.4637539523183644	0.017943853768955114
0.46839149184154805	0.025394512669102826
0.4730754067599635	0.03570483300871216
0.47780616082756316	0.050190045349349864
0.4825842224358388	0.07009823122017593
0.4874100646601972	0.09747548975716916
0.49228416530679914	0.13493896129794158
0.4972070069598672	0.1860798847423228
0.5021790770294658	0.25562128017797897
0.5072008677997605	0.34963485740321365
0.5122728764777581	0.4763621407427163
0.5173956052425357	0.6461867905779015
0.5225695612949611	0.8733819952180312
0.5277952569079107	1.1712566411433933
0.5330732094769898	1.569142588365082
0.5384039415717596	2.094325379580746
0.5437879809874773	2.7836166078741567
0.5492258607973521	5.219950711676265
0.5547181194053257	60.09380297918308
0.5602653005993788	9804.622897523432
0.5658679536053727	9219.873240780731
0.5715266331414264	7593.5099550298
0.5772418994728407	5518.189065035969
0.5830143184675691	2940.8320248224823
0.5888444616522447	368.93214613094773
0.5947329062687673	3374.9630151275405
0.600680235331455	9562.11654557421
0.6066870376847694	18420.245604069594
0.6127539080616171	30085.968094191885
0.6188814471422334	43938.6325367636
0.6250702616136556	64254.48918381555
0.6313209642297922	88164.41379153388
0.6376341738720902	116680.3652260605
0.644010515610811	152149.56291137027
0.6504506207669192	192231.05159180806
0.6569551269745884	238774.69745417754
0.6635246782443343	292569.0570211953
0.6701599250267777	227203.85109396148
0.6768615242770454	420052.106545321
0.6836301395198159	502780.80874251755
0.690466440915014	577171.9392290778
0.6973711053241641	662904.2281897063
0.7043448163774058	739900.7023923742
0.7113882645411799	815211.1909300096
0.7185021471865917	811812.3123854963
0.7256871686584576	857570.3275593249
0.7329440403450421	856305.6555103078
0.7402734807484926	816084.6469332869
0.7476762155559775	704899.5557475049
0.7551529777115373	504611.93128144264
0.7627045074886527	217197.9723370993
0.7703315525635391	69720.53352462372
0.7780348680891747	8215.064406838681
0.7858152167700664	79399.999384802
0.7936733689377671	12307.045357071218
0.8016101026271447	521403.4262693024
0.8096262036534162	1645152.5791859226
0.8177224656899503	2441659.8833884206
0.8258996903468498	3212082.8331696787
0.8341586872503184	3883103.129010834
0.8425002741228216	4509971.602519216
0.8509252768640498	1415323.3222613046
0.8594345296326903	5764404.795468467
0.8680288749290173	7338262.589137564
0.8767091636783074	8475406.601270037
0.8854762553150906	9333244.419552507
0.8943310178682414	2430350.3276838004
0.9032743280469238	10606454.858626205
0.9123070713273931	11664075.144827563
0.921430142040667	12653280.249753464
0.9306444434610737	4593950.174496266
0.9399508878956845	9585376.012279445
0.9493503967746413	7727278.177314422
0.9588439007423877	7837541.07024213
0.9684323397498116	12255117.71693942
0.9781166631473096	14601802.611562168
0.9878978297787828	17081555.37585301
0.9977768080765707	19158153.140111055
1.0077545761573363	18908767.08395749
1.0178321219189097	19209964.27942202
1.0280104431380988	18197249.72744045
1.0382905475694797	18637926.921645723
1.0486734530451747	17679379.548620645
1.0591601875756265	16824156.408640575
1.0697517894513826	15858887.800610157
1.0804493073458965	14996040.641021557
1.0912538004193555	13319557.739778971
1.102166338423549	8702649.338592099
1.1131880018077847	2513161.9731558454
1.1243198818258624	3528015.8196117505
1.135563080644121	4237542.748638894
1.1469187114505621	5671736.051600422
1.158387898565068	4884446.04273531
1.1699717775507186	6500734.662151644
1.1816714953262257	11362905.746435437
1.193488210279488	13279165.70247993
1.2054230923822828	13998618.306939127
1.2174773233061058	16338950.023361657
1.2296520965391669	20557756.26170178
1.2419486175045586	22530964.38823743
1.254368103679604	26877602.39638996
1.2669117847164002	28242009.006819565
1.2795809025635643	32815223.794748224
1.2923767115892	33222989.21150471
1.305300478705092	30563512.61975846
1.3183534834921427	26043450.79384234
1.3315370183270643	13509339.94236293
1.3448523885103347	362559.38536398805
1.3583009123954382	11903.66879177612
1.3718839215193925	127699.56073380803
1.3856027607345867	130631.66277733758
1.3994587883419325	199255.06435101348
1.4134533762253518	271344.4697310998
1.4275879099876054	1042567.8866264289
1.4418637890874815	964542.5488469013
1.4562824269783563	3111349.032965326
1.4708452512481398	3296948.396618413
1.4855537037606212	4359435.449167935
1.5004092407982272	9197842.032605484
1.5154133332062096	9280448.594023481
1.5305674665382718	14604119.161812017
1.5458731412036546	15518158.36172617
1.561331872615691	16227046.373567289
1.576945191341848	16292589.379450282
1.5927146432552666	15322385.274583718
1.6086417896878193	14202326.838654228
1.6247282075846974	1297780.4703843205
1.6409754896605444	1886431.746784268
1.65738524455715	3927710.422054637
1.6739590970027214	1537349.0698483982
1.6906986879727486	339707.82316297415
1.7076056748524762	186587.97586081034
1.7246817316010008	257547.91581612726
1.7419285489170109	540784.6684896692
1.759347834406181	720903.1856524213
1.776941312750243	348225.2386673692
1.7947107258777453	258043.5143322453
1.8126578331365226	98348.82741153547
1.8307844114678882	172173.938169128
1.8490922555825668	385449.65379374736
1.8675831781383925	126416.87795972805
1.8862590099197765	533883.6234743614
1.9051216000189743	491911.5636895212
1.924172816019164	411929.5483114283
1.9434145441793558	418733.1459956728
1.9628486896211494	541038.9040681596
1.9824771765173608	969648.9844923903
2.0023019482825344	1434521.8428559587
2.0223249677653596	1727871.8679857617
2.0425482174430134	1894399.1290001888
2.0629736996174435	1969094.5565580865
2.083603436613618	1935506.825048887
2.1044394709797545	1919026.899231391
2.1254838656895516	1875676.1888032844
2.1467387043464474	1200817.0796797692
2.1682060913899117	1197537.6460743437
2.1898881523038107	1761967.931239502
2.211787033826849	1147735.6307520692
2.2339049041651173	162694.2881457151
2.2562439532067686	97494.32817741316
2.2788063927388365	348805.31987616647
2.3015944566662245	119945.64317157002
2.324610401232887	223087.96935004301
2.347856505245216	49755.07963191551
2.3713350702976683	124138.16707360384
2.3950484210006446	203196.15913019085
2.418998905210651	71970.00740962052
2.4431888942627578	199731.8800921866
2.4676207832053856	329933.5430974586
2.4922969910374397	430438.66005020664
2.517219960947814	115241.16658878492
2.542392160557292	161287.17672747417
2.567816082162865	322177.06012480817
2.5934942429844936	135648.8908611383
2.6194291854143383	232039.92422267035
2.645623477268482	486937.5983716769
2.6720797120411666	116723.04720927938
2.698800509161578	796230.6159610383
2.7257885142531944	579984.7391435822
2.753046399395726	1098751.0630416593
2.7805768633896837	942446.2950542973
2.8083826320235805	486706.67415416887
2.8364664583438164	627520.3815512698
2.8648311229272547	415870.75323681557
2.8934794341565273	1013312.8670891677
2.9224142284980923	1571488.9442934024
2.951638370783073	1905010.7260029272
2.981154754490904	2257697.02886049
3.010966302035813	2976402.9777666978
3.041075965056171	2184461.653298993
3.071486724706733	3948984.9882247485
3.1022015919538	3744445.8984072097
3.133223607873338	2878001.548824444
3.164555843952072	1047237.8114098695
3.196201402391593	333802.46669411846
3.2281634164155086	133920.1205331753
3.2604450505796634	281991.90986863646
3.29304950108546	415914.38581561437
3.3259799960963146	41091.009822294465
3.359239796057278	284450.7358021232
3.392832194017851	150203.32917585075
3.4267605159580294	121883.3214594305
3.46102812111761	220657.6962855943
3.4956384023287854	482234.73676123074
3.530594786352074	292287.7172456814
3.5659007342155946	443292.9616844542
3.6015597415577503	828211.6749280749
3.637575338973328	1600573.4538675137
3.6739510923630614	864071.8366020942
3.7106906032866918	2754714.1164138224
3.747797509319559	3821021.593600046
3.7852754844127543	1991331.2669821535
3.823128239256882	5817755.5685866345
3.861359521649451	2263802.3147724
3.8999731168659455	3607990.257203746
3.938972848034605	7036598.044081794
3.978362576514951	3753707.5995846395
4.018146202280101	6459784.521709136
4.058327664302902	7023788.151685398
4.098910940945931	5857836.932692936
4.13990005035539	6730806.3104871
4.181299050858944	6810285.71496301
4.223112041367534	5026640.563410897
4.2653431617812085	6343865.353972067
4.307996593399021	4403223.639746379
4.351076559333012	3181057.903459774
4.394587324926341	3925836.4193436797
4.438533198175604	4364456.452248591
4.48291853015736	5585267.098001963
4.5277477154589345	4892908.321602317
4.573025192613525	5037716.385668917
4.6187554445396595	4663737.327308433
4.664942998985056	4131796.7900753478
4.711592428974907	4283039.714637917
4.758708353264656	4558219.275493064
4.806295436797303	3534232.674602718
4.854358391165275	3610091.8134757886
4.902901975076928	3911844.385421276
4.951930994827697	2380945.003192836
5.001450304775974	3489907.1536222273
5.051464807823734	3401608.7031420134
5.101979455901971	2794052.4447806273
5.152999250460991	2143051.647751917
5.204529242965601	2090765.7677710827
5.2565745353952575	1724416.3754947926
5.30914028074921	1101197.1148877179
5.362231683556701	1424499.0637659596
5.415854000392269	1263330.6148131506
5.470012540396192	1191202.0817072252
5.524712665800154	1149947.1296069394
5.579959792458156	730594.8942677572
5.635759390382738	1196416.3860666475
5.692116984286565	637014.776581803
5.74903815412943	914536.7613504608
5.806528535670725	922213.9264286602
5.864593821027432	822912.8102372327
5.923239759237706	804271.2152123579
5.982472156830083	454749.74539499823
6.042296878398385	576439.8354819821
6.102719847182367	789925.0328946654
6.163747045654191	555447.231409336
6.225384516110734	1047921.5517944415
6.287638361271841	871571.1867355325
6.350514744884559	1001564.0980624664
6.414019892333406	667136.0498630266
6.478160091256739	303223.64996616845
6.542941692169307	709489.8391928627
6.608371109091	559398.1134740578
6.67445482018191	594611.4688540729
6.741199368383729	519309.59505643795
6.808611362067567	642251.3709848612
6.876697475688242	584724.4288667359
6.945464450445124	587055.7759228129
7.014919094949576	557375.762966818
7.085068285899072	504696.74079369014
7.155918968758063	359141.06615256745
7.227478158445644	469481.74520743976
7.2997529400301	404348.5364539356
7.372750469430401	226685.97011729673
7.446477974124705	270903.209825775
7.520942753865953	267763.14366728876
7.596152181404612	351066.77039270685
7.672113703218658	193767.86119580502
7.7488348402508445	227876.5128413606
7.826323188653353	346456.99153187854
7.904586420539887	327127.3475104378
7.983632284745286	267847.44221112825
8.063468607592739	388631.6681272082
8.144103293668666	350846.166523335
8.225544326605354	361629.37312484323
8.307799769871407	390376.7958752166
8.390877767570121	485905.9333642967
8.474786545245822	358027.81513202476
8.55953441069828	459395.28595826094
8.645129754805263	552803.6293526946
8.731581052353315	532672.4811003676
8.81889686287685	534214.5542752761
8.907085831505619	523703.4557004121
8.996156689820673	709001.6635579227
9.086118256718882	574759.3846855718
9.17697943928607	625864.4939141101
9.26874923367893	582746.9198905536
9.36143672601572	620426.6998955428
9.455051093275877	607215.3073460624
9.549601604208636	515704.9811531385
9.645097620250723	643122.8946924879
9.74154859645323	623072.1091697842
9.838964082417762	616034.1986230132
9.937353723241939	541823.4103010801
10.03672726047436	621279.0339571156
10.137094533079102	575700.6101088169
10.238465478409893	602726.6375858297
10.340850133193994	318105.3782530414
10.444258634525934	281266.91331517807
10.548701220871191	349093.05620406836
10.654188233079903	220217.27195824543
10.760730115410702	278706.3701793513
10.868337416564811	340838.9254669948
10.97702079073046	350080.61057228886
11.086790998637763	400265.39281829813
11.19765890862414	389616.7424125576
11.309635497710381	444969.1044960721
11.422731852687486	417065.3410567827
11.536959171214361	292560.2048112525
11.652328762926505	375891.45626786654
11.76885205055577	236102.0310747149
11.886540571061328	334788.7630456011
12.005405976771941	376456.44333810464
12.125460036539662	333462.305715476
12.246714636905057	292374.6568993121
12.36918178327411	257252.16908733695
12.49287360110685	251048.01815020843
12.617802337117919	276948.8712440302
12.743980360489097	263522.34697717795
12.871420164093989	226995.37028374235
13.000134365734928	247803.12717888874
13.130135709392277	193400.79694848787
13.261437066486202	272274.265663788
13.394051437151063	190927.03657521916
13.527991951522575	232258.04977280291
13.6632718710378	224001.61212557566
13.799904589748177	226209.9257834159
13.937903635645661	216765.7345980866
14.077282672002116	187177.96741218894
14.218055498722139	199742.51783221954
14.36023605370936	187206.46224730235
14.503838414246454	148743.98841068803
14.648876798388917	186119.03767602696
14.795365566372807	166633.27703110507
14.943319222036536	151397.7060388583
15.0927524142569	171781.96947683545
15.24367993839947	150848.30606753987
15.396116737783466	144342.2385797039
15.550077905161299	141848.22613068498
15.705578684212913	141219.65861162767
15.862634471055042	145072.42872265456
16.021260815765594	129845.97853149184
16.181473423923247	137510.76410559443
16.34328815816248	116539.39663634234
16.506721039744104	125495.30282658452
16.67178825014155	116310.38544013893
16.838506132642966	123042.40544138991
17.006891193969395	123991.88948962012
17.176960105909085	107831.57580747627
17.34872970696818	118202.81986698114
17.52221700403786	102191.45237050204
17.697439174078237	96416.71031801467
17.874413565819022	109393.0164805288
18.05315770147721	100075.12411376415
18.233689278491983	92859.7378628498
18.416026171276904	101891.40400224659
18.600186432989673	83156.0732491612
18.78618829731957	90049.9572560273
18.974050180292764	80915.55009178215
19.163790682095694	80585.8927419396
19.35542858891665	85917.44580025332
19.548982874805816	75922.65135664091
19.744472703553875	77876.03945338882
19.941917430589417	68056.21291334377
20.14133660489531	71873.47743661
20.34274997094426	63692.269705830135
20.546177470653703	67429.20112710845
20.75163924536024	63946.080234726425
20.959155637813843	60990.16428243708
21.168747194191983	49978.57954239671
21.380434666133905	58434.87907688716
21.594239012795242	47258.48822803737
21.810181402923195	48634.862275626496
22.028283216952428	52683.248923372106
22.248566049121955	53274.159196530694
22.47105170961317	51929.71881362964
22.695762226709302	47280.64027740899
22.9227198489764	47027.98179655211
23.151947047466162	47088.93572913874
23.38346651794082	44180.05508091357
23.617301183120233	35833.26841964395
23.85347419495143	33179.377711966335
24.09200893690095	38612.10855428159
24.33292902626996	36813.394681266174
24.57625831653266	36450.94951688062
24.822020899697986	33318.98358502881
25.070241108694965	29763.334987830167
25.320943519781917	32032.378783675093
25.574152954979734	32506.227516358274
25.82989448452953	25103.886077574556
26.08819342937483	27121.054936816276
26.34907536366858	30547.156456918674
26.612566117305263	22825.29440100815
26.878691778478316	25809.171398592727
27.147478696263097	26262.73553060982
27.418953483225728	20928.424513516722
27.693143018057985	24324.962699656855
27.970074448238567	22356.32315218975
28.24977519272095	19770.29112685662
28.532272944648163	18802.698773384276
28.817595674094644	16645.649902995443
29.10577163083559	19006.15006173486
29.396829347143946	16767.78740787842
29.690797640615386	17202.83758822144
29.98770561702154	18243.48428693534
30.287582673191757	15164.24422600726
30.590458499923674	12765.23455743314
30.896363084922914	15346.51793937316
31.205326715772138	14100.71390095141
31.517379982929864	14517.359890566027
31.832553782759163	15437.10117115533
32.15087932058675	13236.236341945918
32.472388113792626	13478.915207391672
32.79711199493055	12870.98784884759
33.12508311487986	13986.898550778044
33.45633394602865	13196.12995672227
33.79089728548894	12289.792996000368
34.12880625834383	10065.727301518207
34.47009432092727	10205.930426066288
34.81479526413654	9888.157545245547
35.16294321677791	9673.976700713696
35.51457264894569	10900.55019607605
35.86971837543514	10716.634369664816
36.2284155591895	9377.289280587363
36.59069971478139	8078.5017833121765
36.956606711929204	8012.900374213057
37.3261727790485	8409.266595474299
37.69943450683898	8687.476412627968
38.07642885190737	8132.518617659153
38.45719314042645	8218.933881122513
38.841765071830714	6980.776962534159
39.23018272254902	6923.143382497543
39.622484549774505	6690.040996911072
40.01870939527225	6156.349723183426
40.41889648922498	6364.624502721033
40.823085454117226	5362.147767157288
41.2313163086584	6001.920428786329
41.64362947174499	6020.864984464747
42.06006576646243	5544.2134212860565
42.48066642412706	4509.846497700779
42.90547308836833	4130.300764520149
43.33452781925202	5068.250896193272
43.767873097444536	4850.317559125633
44.20555182841898	4813.562609202904
44.64760734670317	4666.2052858442285
45.0940834201702	4475.262385510441
45.54502425437191	4107.475784955407
46.00047449691562	4029.3407151571573
46.460479241884784	3077.7055676299965
46.92508403430362	3831.1670592400146
47.39433487464667	3512.7995977212368
47.868278223393126	2849.8895835827784
48.346961005627065	3548.174092051482
48.83043061568333	3474.3552272457778
49.31873492184017	3247.0864567103695
