#wavelength (micron)	surface_flux (erg / (cm2 micron s))
0.7	66087269.113527015
0.7008749999999999	100035002.2353487
0.70175109375	121191343.10214108
0.7026282826171873	126701318.09587209
0.7035065679704589	130032638.89125621
0.7043859511804219	128303454.08540067
0.7052664336193974	105785928.02319539
0.7061480166614217	64656125.70855192
0.7070307016822485	42941964.283311404
0.7079144900593511	45156301.45149732
0.7087993831719255	41462512.142271295
0.7096853824008903	30908557.02489817
0.7105724891288914	29275166.364979576
0.7114607047403024	34630243.110945374
0.7123500306212278	34048823.972302295
0.7132404681595043	26263631.969472263
0.7141320187447037	22282598.287155364
0.7150246837681346	25651598.79330315
0.7159184646228446	29737232.441593837
0.7168133627036232	32680700.51335986
0.7177093794070027	37150131.284811206
0.7186065161312616	43531467.032719456
0.7195047742764256	46426949.486438975
0.7204041552442711	43979440.22628108
0.7213046604383263	43812339.44521046
0.7222062912638743	48855709.3660537
0.723109049127954	55283344.106950656
0.7240129354393641	63221557.26711043
0.7249179516086632	73999823.9446856
0.725824099048174	84463424.9025285
0.7267313791719842	90116243.60942957
0.7276397933959492	92082176.63823345
0.728549343137694	98062673.70741701
0.7294600298166162	110721469.55294886
0.730371854853887	124828190.60636713
0.7312848196724542	138230171.04813042
0.7321989256970448	151745615.79406148
0.7331141743541661	160169473.40848476
0.7340305670721088	149616792.07909316
0.7349481052809489	130196452.1892179
0.7358667904125501	130375053.32007505
0.7367866239005658	143736503.3620697
0.7377076071804415	143601437.43567544
0.738629741689417	129601540.30954845
0.7395530288665286	121432107.08486693
0.7404774701526119	116775227.53725125
0.7414030669903027	107600236.29336596
0.7423298208240404	103111983.49300344
0.7432577331000705	106751026.83392633
0.7441868052664457	105318444.83147267
0.7451170387730286	95691371.57215548
0.7460484350714948	92601870.21021648
0.7469809956153342	96143384.93162161
0.7479147218598534	98958800.55869508
0.7488496152621781	104401994.24298888
0.7497856772812559	111790585.70081326
0.7507229093778575	111823322.23962662
0.7516613130145797	109578006.53681831
0.7526008896558479	116475544.72202563
0.7535416407679177	126337510.79223737
0.7544835678188776	133079401.45082143
0.7554266722786511	143738986.68295187
0.7563709556189995	156455504.94418147
0.7573164193135232	159335716.34426963
0.758263064837665	151351633.26241174
0.7592108936687122	135860611.0159396
0.760159907285798	127004355.82172875
0.7611101071699052	136360574.52950567
0.7620614948038675	145177437.8213589
0.7630140716723723	134397213.14831758
0.7639678392619629	123557666.84237655
0.7649227990610402	132208335.21707906
0.7658789525598665	138346603.61423233
0.7668363012505663	120687050.38833374
0.7677948466271296	99077013.55267708
0.7687545901854135	97063191.8233601
0.7697155334231451	104818233.12705146
0.7706776778399241	108076047.02456169
0.771641024937224	110130805.85269113
0.7726055762183955	120222935.57770832
0.7735713331886686	133203817.262683
0.7745382973551542	132194458.06862707
0.7755064702268482	119773458.3608174
0.7764758533146318	117705557.80889405
0.7774464481312751	125778134.49330008
0.7784182561914391	130844927.13728079
0.7793912790116784	136086327.57279906
0.780365518110443	148153761.08267444
0.781340975008081	162500484.5185269
0.782317651226841	165390313.99523106
0.7832955482908746	156590102.78172022
0.7842746677262382	154041072.14652422
0.7852550110608959	161955378.56857273
0.7862365798247221	169629228.03105956
0.7872193755495029	177318477.2168804
0.7882033997689398	191055897.06691113
0.7891886540186509	201863226.93666577
0.7901751398361742	200249730.40056396
0.7911628587609694	189889436.58099204
0.7921518123344207	180025364.52847585
0.7931420020998386	178851264.38111827
0.7941334296024635	186669726.51130652
0.7951260963894664	198715785.14869183
0.7961200040099533	206770081.58222142
0.7971151540149657	203139071.14030045
0.7981115479574844	196511620.38477826
0.7991091873924312	196978014.00532568
0.8001080738766717	201892184.6401967
0.8011082089690176	204874211.8168117
0.8021095942302288	209241587.71431336
0.8031122312230166	218519586.1795419
0.8041161215120453	222279475.24768993
0.8051212666639354	219437341.05540258
0.8061276682472652	224670485.94664836
0.8071353278325744	239101295.44900694
0.808144246992365	255795559.98009324
0.8091544273011054	276847682.1231504
0.8101658703352317	297080024.92055297
0.8111785776731507	310446837.29243517
0.8121925508952421	325615092.8993625
0.8132077915838613	351776692.04827946
0.8142243013233411	381790798.22661155
0.8152420816999951	409186313.2259282
0.8162611343021202	437411244.6291603
0.8172814607199979	464982088.191293
0.8183030625458978	478778312.7686139
0.8193259413740802	455900167.0281026
0.8203500988007977	396318711.62919676
0.8213755364242987	356912351.3417055
0.8224022558448291	369179129.6686694
0.8234302586646352	398556264.3356755
0.8244595464879658	413633140.32727987
0.8254901209210758	407112379.837113
0.8265219835722272	390774256.68233603
0.8275551360516924	370440040.87452346
0.8285895799717569	352422199.42571324
0.8296253169467216	342610330.57663167
0.830662348592905	338714185.0841087
0.8317006765286461	351889485.6533852
0.8327403023743069	371416527.9741979
0.8337812277522748	366811068.9281225
0.834823454286965	349824470.91026163
0.8358669836048238	350392443.6566268
0.8369118173343297	359251197.7808538
0.8379579571059977	357443272.6667282
0.8390054045523802	351993359.76865405
0.8400541613080706	359914561.10537165
0.8411042290097056	375111337.3872525
0.8421556092959678	367536506.8915728
0.8432083038075878	315082662.6396627
0.8442623141873472	232004061.08848947
0.8453176420800813	167431393.151227
0.8463742891326813	144520426.0348527
0.8474322569940972	146852567.9699915
0.8484915473153398	160027286.5440548
0.8495521617494839	173195234.43808275
0.8506141019516709	178082021.06725484
0.8516773695791103	176299601.89784348
0.8527419662910842	173231347.17187986
0.853807893748948	174306057.34784743
0.8548751536161342	185779134.79899096
0.8559437475581545	203156832.10527587
0.857013677242602	215314107.46756402
0.8580849443391553	215053353.5668183
0.8591575505195791	204977602.33922976
0.8602314974577286	201375472.8664482
0.8613067868295508	213206692.91538733
0.8623834203130877	226576855.27765256
0.8634613995884791	227650729.26029262
0.8645407263379646	224853445.02190334
0.8656214022458871	223704280.32181963
0.8667034289986943	220337053.9902624
0.8677868082849427	216900181.1290672
0.8688715417952989	221293985.50391695
0.869957631222543	230849381.64949575
0.8710450782615712	240580530.98336744
0.872133884609398	253217183.41190422
0.8732240519651597	265793284.51303414
0.8743155820301162	271093180.02806425
0.8754084765076539	275356666.7743929
0.8765027371032884	287323943.36111236
0.8775983655246675	302270958.09244084
0.8786953634815732	327077650.884088
0.8797937326859253	361614651.2016077
0.8808934748517826	381941351.9042615
0.8819945916953473	382135152.16782993
0.8830970849349664	395684524.69138205
0.8842009562911352	431044955.94689107
0.8853062074864991	433443532.6056398
0.8864128402458572	371607863.642879
0.8875208562961645	314730098.21313715
0.8886302573665347	316776214.5698431
0.8897410451882428	348511374.7909663
0.8908532214947281	384986178.5132776
0.8919667880215966	419000346.17545235
0.8930817465066233	433678339.5660525
0.8941980986897567	416476106.34631336
0.8953158463131189	399902299.5926227
0.8964349911210102	415111729.347654
0.8975555348599115	451162451.9492909
0.8986774792784863	494021074.3360004
0.8998008261275845	528324773.28168267
0.9009255771602438	540426587.6598974
0.9020517341316941	537398838.1831634
0.9031792987993587	544365341.068456
0.9043082729228579	573997402.0243258
0.9054386582640114	614340973.8256264
0.9065704565868414	653215005.9393142
0.907703669657575	687696793.2859566
0.908838299244647	714660929.1210142
0.9099743471187027	730667709.448341
0.9111118150526011	749418482.2978586
0.9122507048214169	781267252.743462
0.9133910182024435	819411538.2264507
0.9145327569751966	862803964.2381364
0.9156759229214156	906048450.3351231
0.9168205178250673	936362667.8297341
0.9179665434723485	958459867.0076675
0.919114001651689	957379586.9023784
0.9202628941537536	868795807.5125115
0.9214132227714458	684504691.4827472
0.92256498929991	517036077.44610834
0.9237181955365349	439365731.61097467
0.9248728432809555	425679715.3193446
0.9260289343350568	446016750.48942006
0.9271864705029755	466930855.9352133
0.9283454535911042	452530200.5956154
0.9295058854080931	415923350.8681295
0.9306677677648533	396387441.50979656
0.9318311024745591	400642289.7303817
0.9329958913526524	419946840.30636895
0.9341621362168431	442643558.5157927
0.9353298388871142	451252793.7606024
0.936499001185723	443963043.7635936
0.9376696249372052	439447640.7932554
0.9388417119683766	450470083.5485689
0.9400152641083371	474335935.2257628
0.9411902831884725	501706300.1476553
0.942366771042458	518219450.0599244
0.9435447295062611	518211807.525197
0.9447241604181439	515252783.03364766
0.9459050656186665	524909934.3053303
0.9470874469506899	551089507.3866423
0.9482713062593783	586036816.9679668
0.9494566453922024	612718768.182808
0.9506434661989427	620492174.8409098
0.9518317705316914	621078533.2070789
0.9530215602448558	631035410.0531627
0.9542128371951619	656352583.3217071
0.9554056032416559	691963599.6766081
0.9565998602457079	724940372.8571157
0.957795610071015	747546056.9657702
0.9589928545836038	760946621.6435953
0.9601915956518332	770153215.9015522
0.961391835146398	787298464.6396527
0.9625935749403309	818623947.4050865
0.9637968169090064	851629906.9886184
0.9650015629301427	875186118.6206113
0.9662078148838052	898159310.8467188
0.9674155746524099	930147316.1309661
0.9686248441207255	974055162.839368
0.9698356251758764	1021275419.1001444
0.9710479197073462	1043420904.2878094
0.9722617296069803	982041400.7771199
0.9734770567689891	855659158.5502619
0.9746939030899503	792879843.3433095
0.9759122704688127	820699643.6494577
0.9771321608068987	868642354.7194674
0.9783535760079072	916532698.4070379
0.9795765179779171	961713189.564078
0.9808009886253894	942733365.6570295
0.9820269898611712	861590944.3565376
0.9832545235984976	824070787.9201205
0.9844835917529957	856682837.291023
0.985714196242687	922069237.7734646
0.9869463389879902	998057190.4998572
0.9881800219117253	1048503104.1515633
0.989415246939115	1023829359.5286027
0.9906520159977886	945604820.7012266
0.9918903310177859	905407919.11903
0.9931301939315581	934147333.8228822
0.9943716066739725	1005698466.4915068
0.995614571182315	1092776660.6922603
0.996859089396293	1157973824.8255465
0.9981051632580382	1163456058.3727276
0.9993527947121108	1121975716.388283
1.0006019857055009	1080717648.7455277
1.0018527381876328	1039432919.8510783
1.0031050541103672	990614046.2309748
1.0043589354280051	990077359.6601369
1.0056143840972902	1044277247.1317929
1.0068714020774117	1091177829.4670656
1.0081299913300084	1117785319.1634266
1.009390153819171	1153242101.6960936
1.0106518915114449	1194936813.2428012
1.011915206375834	1212080809.2595243
1.013180100383804	1163311831.8033102
1.0144465755092837	1071786491.1190822
1.0157146337286702	1031699424.1918638
1.016984277020831	1041773216.3244992
1.0182555073671071	1050257494.9069382
1.0195283267513158	1063053749.4834027
1.020802737159755	1082703563.2746248
1.0220787405812046	1085089013.2595282
1.0233563390069311	1072903312.3665173
1.0246355344306899	1059744714.0803407
1.025916328848728	1042981160.9165907
1.027198724259789	1038390035.3541775
1.0284827226651139	1053593967.2351166
1.0297683260684452	1062573697.4613181
1.0310555364760305	1058315695.4072298
1.0323443558966257	1062745278.7937775
1.0336347863414963	1082840029.3047779
1.0349268298244232	1116306741.1560318
1.0362204883617037	1145065502.947568
1.0375157639721557	1134547068.5630782
1.0388126586771211	1106323797.2504594
1.0401111745004674	1106966716.1983533
1.041411313468593	1139245995.6309135
1.0427130776104288	1185392664.8509564
1.0440164689574416	1226310114.2767696
1.0453214895436385	1230678288.676048
1.046628141405568	1202183042.8346014
1.0479364265823248	1181415754.5041585
1.0492463471155529	1191521046.1291244
1.0505579050494471	1228583548.3561182
1.051871102430759	1268109151.8526309
1.0531859413087974	1290440408.846179
1.0545024237354332	1283470340.617466
1.0558205517651027	1265780390.7122114
1.0571403274548088	1269238419.9272044
1.0584617528641274	1301018747.4776866
1.0597848300552075	1349581631.1162791
1.0611095610927765	1384875637.67525
1.0624359480441425	1414510031.4696164
1.0637639929791975	1439092166.7513764
1.0650936979704217	1444958445.7419703
1.0664250650928846	1463153834.6114688
1.0677580964242506	1512377309.839985
1.069092794044781	1571852061.4204235
1.0704291600373368	1612527067.010155
1.0717671964873836	1633545148.8099482
1.0731069054829927	1657913853.53855
1.0744482891148466	1708509958.0063555
1.0757913494762399	1763023171.212268
1.0771360886630854	1774006290.7310784
1.078482508773914	1751775740.8647254
1.0798306119098815	1730148532.2702441
1.081180400174769	1732963726.6393037
1.0825318756749873	1779034271.2125933
1.0838850405195808	1845004855.0729768
1.0852398968202304	1882452564.7586374
1.0865964466912557	1858750460.4047647
1.0879546922496197	1811741532.9679894
1.0893146356149317	1796546257.4042082
1.0906762789094504	1811601909.4653027
1.0920396242580872	1848209594.0853617
1.0934046737884098	1908734985.5494776
1.0947714296306452	1947252151.9412336
1.0961398939176834	1907953760.0157046
1.0975100687850805	1852558590.9205272
1.098881956371062	1846746853.0127907
1.1002555588165257	1866236129.608826
1.1016308782650464	1825430510.7382867
1.1030079168628775	1580474718.870372
1.104386676758956	1267994697.532081
1.1057671601049048	1169652953.0605898
1.1071493690550358	1228601322.4114192
1.1085333057663547	1299010773.004799
1.1099189723985625	1355268414.3244767
1.1113063711140607	1409679485.6027176
1.1126955040779534	1492372398.4638424
1.1140863734580506	1546213548.044416
1.1154789814248731	1497351843.9203773
1.1168733301516542	1427370055.9923131
1.1182694218143439	1424771719.4647663
1.1196672585916116	1473363537.4703488
1.1210668426648513	1543313322.7880251
1.122468176218182	1595500694.8432853
1.123871261438455	1622287821.0479505
1.125276100515253	1644424732.1811903
1.126682695640897	1673328852.0295186
1.128091049010448	1703061541.9466667
1.129501162821711	1718781288.9809325
1.1309130392752382	1751517118.2050834
1.1323266805743324	1805475749.9382498
1.13374208892505	1835828148.8657045
1.1351592665362065	1854710753.291178
1.1365782156193767	1866164634.245953
1.1379989383889009	1845680363.5519135
1.139421437061887	1850944955.1805036
1.1408457138582142	1892563868.841125
1.142271771000537	1921789543.7104688
1.1436996107142876	1942166755.98989
1.1451292352276803	1977717355.0948324
1.146560646771715	2005250684.258413
1.1479938475801796	2017794095.9239166
1.1494288398896548	2046263877.2562437
1.150865625939517	2067329512.824494
1.1523042079719412	2070898960.0491726
1.1537445882319062	2076708517.62635
1.155186768967196	2085826523.044466
1.156630752428405	2081944571.8349156
1.1580765408689404	2068588881.82993
1.1595241365450264	2053556294.2222047
1.1609735417157079	2041012763.5704107
1.1624247586428524	2052005717.142146
1.163877789591156	2075870631.717751
1.165332636828145	2109934682.9497156
1.16678930262418	2126590327.2932148
1.1682477892524603	2088412549.5834782
1.1697080989890258	2060821489.1072757
1.1711702341127619	2081119421.1148047
1.1726341969054028	2102336430.093862
1.1740999896515347	2110338251.2043037
1.1755676146385992	2098389115.9565809
1.1770370741568972	2045275983.5789242
1.1785083704995933	2014825112.1583216
1.1799815059627177	2050565224.727752
1.1814564828451712	2075487026.9737797
1.1829333034487275	2066466355.1247869
1.1844119700780384	2080266754.2710426
1.185892485040636	2106110405.9805744
1.1873748506469368	2084466869.1949532
1.1888590692102454	2037280645.4201598
1.1903451430467582	2052732815.4090083
1.1918330744755665	2110217854.943871
1.193322865818661	2137364171.904529
1.1948145194009343	2126871060.9804292
1.1963080375501856	2101290791.3885376
1.197803422597123	2097602671.3624482
1.1993006768753696	2139523737.3808477
1.2007998027214637	2186480321.021936
1.2023008024748656	2200449657.767057
1.203803678477959	2218415193.272381
1.2053084330760564	2250400349.408038
1.2068150686174015	2261727215.194127
1.2083235874531733	2257964659.463949
1.2098339919374896	2273758051.15631
1.2113462844274117	2293945415.1835184
1.2128604672829457	2307866740.1449337
1.2143765428670494	2329537286.530359
1.2158945135456332	2339967918.7562957
1.2174143816875653	2346151279.4570904
1.2189361496646747	2363456416.950496
1.2204598198517553	2373969813.780597
1.2219853946265702	2372626948.7918143
1.2235128763698533	2370390380.9949903
1.2250422674653156	2376843698.102403
1.2265735702996472	2389019249.138565
1.2281067872625218	2403620401.3787036
1.2296419207465998	2409687005.807207
1.231178973147533	2401309699.92665
1.2327179468639673	2398854471.285335
1.2342588442975473	2411191897.8149447
1.2358016678529193	2426431453.7792478
1.2373464199377353	2434656841.780047
1.2388931029626575	2421863389.428579
1.2404417193413606	2317459385.0008473
1.2419922714905374	2061147848.5455863
1.2435447618299005	1846444855.0895252
1.245099192782188	1834815146.158196
1.2466555667731656	1904120474.0762434
1.248213886231632	1951047599.461764
1.2497741535894216	1982967218.2120879
1.2513363712814083	2011008203.8541412
1.25290054174551	2047548360.879151
1.2544666674226919	2063225921.1000533
1.2560347507569702	1957220000.1100059
1.2576047941954165	1817624006.006376
1.2591768001881607	1782676988.3635423
1.2607507711883958	1813782620.3369844
1.2623267096523811	1862533016.7681863
1.2639046180394466	1905942578.2985382
1.265484498811996	1937957201.211827
1.267066354435511	1966321444.392341
1.2686501873785552	2001854834.800473
1.2702360001127784	2004322859.5476437
1.2718237951129194	1941516803.7115347
1.2734135748568105	1877198680.377769
1.2750053418253815	1872840584.7258112
1.2765990985026632	1923246646.9139779
1.2781948473757916	1979592096.4405966
1.2797925909350112	2014469719.2902784
1.28139233167368	2000058739.212424
1.282994072088272	1963006145.792548
1.2845978146783823	1971260092.619511
1.2862035619467302	2002795214.9475226
1.2878113163991636	2013153680.6638563
1.2894210805446624	2009255756.929899
1.2910328568953433	2024540796.2967122
1.2926466479664624	2071365533.0182846
1.2942624562764204	2124463277.7377813
1.295880284346766	2158264986.769259
1.2975001347021995	2170542536.491538
1.2991220098705771	2170155618.9329767
1.3007459123829153	2154074902.1667266
1.3023718447733938	2157293577.1118727
1.3039998095793606	2194176427.9893336
1.3056298093413348	2217509334.4843693
1.3072618466030115	2216518763.004504
1.3088959239112652	2216001215.9647417
1.3105320438161543	2216704863.6269884
1.3121702088709244	2200680325.2634873
1.313810421632013	2196578474.927794
1.315452684659053	2222893141.8654113
1.3170970005148768	2261980976.243884
1.3187433717655204	2281343800.5032706
1.3203918009802271	2266143292.3879533
1.3220422907314524	2253552019.2300453
1.3236948435948666	2254442055.7996736
1.3253494621493602	2240238377.0023274
1.327006148977047	2216896599.893182
1.3286649066632683	2181837070.878277
1.3303257377965971	2106235165.5200205
1.331988644968843	1985528738.788438
1.333653630775054	1842499488.3810906
1.3353206978135228	1693252053.5626874
1.3369898486857896	1613909682.6592739
1.3386610859966468	1648523228.3219113
1.3403344123541427	1690313210.6701674
1.342009830369585	1660444111.8510916
1.3436873426575473	1631756710.762565
1.345366951835869	1644905536.424841
1.347048660525664	1641246481.0638034
1.348732471351321	1638785092.9855158
1.35041838694051	1619889698.490116
1.3521064099241855	1592392853.0037112
1.3537965429365908	1577078996.1312244
1.3554887886152616	1567610361.5422833
1.3571831496010305	1580462796.7982094
1.3588796285380318	1583402550.0993598
1.3605782280737042	1573057835.538953
1.3622789508587965	1565444265.2057571
1.36398179954737	1588975975.7310765
1.3656867767968042	1628378519.8374639
1.3673938852678	1643609701.051495
1.3691031276243848	1635050719.4085658
1.3708145065339152	1617972319.7574413
1.3725280246670826	1626723895.1608639
1.3742436846979165	1657347197.0253613
1.3759614893037886	1686118106.951686
1.3776814411654184	1709610412.4801517
1.3794035429668752	1731788090.3367248
1.3811277973955836	1732256168.1537251
1.382854207142328	1705455823.3678536
1.384582774901256	1693930110.7946765
1.3863135033698826	1684625269.860633
1.388046395249095	1659829322.738496
1.389781453243156	1546697407.2087746
1.3915186800597101	1358394933.9450963
1.3932580784097848	1325341322.3129456
1.3949996510077969	1428815600.0045269
1.3967434005715567	1467382985.4518657
1.3984893298222711	1441023417.9810715
1.4002374414845487	1432657684.9787138
1.4019877382864046	1468925008.3878875
1.4037402229592626	1507205549.79347
1.4054948982379614	1511582065.8174593
1.4072517668607587	1472673587.1310353
1.4090108315693348	1428452919.6762974
1.4107720951087963	1414635249.3839376
1.4125355602276823	1395185178.8761837
1.414301229677967	1384798432.4908977
1.4160691062150645	1375450914.841407
1.4178391925978333	1312985234.1275315
1.4196114915885802	1295767736.770562
1.421386005953066	1336959225.4573438
1.4231627384605074	1315607175.386572
1.424941691883583	1274537153.9708772
1.4267228689984375	1269721921.48221
1.4285062725846855	1291805694.6540432
1.4302919054254162	1343034441.7352438
1.4320797703071981	1347937366.144817
1.4338698700200818	1285975488.59694
1.435662207357607	1249289893.1631663
1.4374567851168039	1263617447.8909264
1.4392536060981997	1282273679.2047324
1.4410526731058226	1292798131.97684
1.4428539889472047	1319649226.6850328
1.444657556433389	1327032624.0014334
1.4464633783789307	1328518124.7964444
1.4482714576019042	1363592014.5164258
1.4500817969239066	1366484461.0651777
1.4518943991700615	1353678384.1931858
1.453709267169024	1358677323.611556
1.4555264037529851	1341364908.745595
1.4573458117576763	1351403674.1652925
1.4591674940223736	1349086539.8510635
1.4609914533899013	1252620659.652521
1.4628176927066388	1213572834.826659
1.464646214822522	1278989549.2925272
1.4664770225910502	1298343259.1182806
1.4683101188692889	1259041985.3396785
1.4701455065178752	1252390939.9881127
1.4719831884010226	1297471657.696547
1.473823167386524	1306975355.1078413
1.475665446345757	1286117343.5592692
1.4775100281536893	1306386968.5949688
1.4793569156888815	1328388021.8456397
1.4812061118334923	1340605944.7676058
1.4830576194732843	1388469403.351517
1.4849114414976257	1419334904.0105414
1.4867675807994976	1381177605.5007997
1.4886260402754972	1343094061.3981426
1.4904868228258412	1374140097.022137
1.4923499313543735	1422273803.4203656
1.4942153687685666	1448826438.9688728
1.4960831379795272	1491744103.3194175
1.4979532419020016	1526978760.4966228
1.499825683454379	1488865986.4575782
1.501700465558697	1425355608.932592
1.5035775911406453	1426685954.6133068
1.505457063129571	1448071969.7076452
1.5073388844584832	1465300838.2766325
1.509223058064056	1499464901.8237712
1.5111095868866362	1515088460.0206542
1.5129984738702444	1512050239.2162929
1.5148897219625823	1530841529.2519908
1.5167833341150354	1548287529.684352
1.5186793132826792	1573376876.9414706
1.5205776624242824	1640897605.6668773
1.5224783845023127	1675007410.0234919
1.5243814824829407	1635993855.5268779
1.5262869593360442	1578999766.6569715
1.5281948180352143	1581610769.8988864
1.530105061557758	1648086780.1924598
1.5320176928847054	1675526195.1174872
1.5339327150008113	1687275003.435184
1.5358501308945622	1689224386.9820678
1.5377699435581802	1585203121.306555
1.539692155987628	1507737439.0088544
1.5416167711826123	1539480389.4137595
1.5435437921465909	1625984305.8834116
1.5454732218867737	1742185404.5002975
1.5474050634141323	1793216072.6766987
1.5493393197434	1785152957.7895248
1.5512759938930791	1790337108.495201
1.5532150888854455	1795463814.3225014
1.5551566077465522	1750278675.4831648
1.5571005535062357	1640767468.5016415
1.5590469291981182	1571350009.5259504
1.5609957378596158	1640437158.7388322
1.5629469825319402	1740068381.78233
1.5649006662601053	1774997964.5147243
1.5668567920929302	1825288559.1030664
1.5688153630830464	1880796593.3840225
1.5707763822869003	1886283923.0826352
1.5727398527647587	1884992946.1958091
1.5747057775807147	1887668282.79774
1.5766741598026903	1810709522.6038516
1.5786450025024439	1709695420.0204082
1.5806183087555719	1726426136.4155204
1.582594081641516	1784769322.5706432
1.5845723242435679	1840751468.3212361
1.5865530396488725	1910466982.9089482
1.5885362309484334	1889135495.7919705
1.5905219012371192	1848509457.1353936
1.5925100536136656	1943964541.935095
1.5945006911806823	2078134396.3706903
1.5964938170446583	2052992993.6426687
1.5984894343159641	1889165616.65433
1.6004875461088588	1821291216.2614858
1.602488155541495	1886065909.5375793
1.6044912657359218	1943035080.017606
1.6064968798180916	1968047100.336564
1.608505000917864	2030002545.43972
1.6105156321690117	2119289704.1150186
1.612528776709223	2141012426.3819673
1.6145444376801092	2135395534.7482128
1.6165626182272093	2133075540.5274749
1.6185833214999934	1971379423.0178893
1.6206065506518683	1739147981.9743972
1.622632308840183	1715632937.9073212
1.624660599226233	1830353842.353633
1.626691424975266	1978577454.1117742
1.6287247892564851	2122635165.1506896
1.6307606952430556	2174725732.822524
1.6327991461121094	2187892252.99782
1.6348401450447496	2187613763.0942397
1.6368836952260553	2173921215.2965336
1.638929799845088	2115353388.321397
1.6409784620948942	2029088988.1011558
1.6430296851725128	2007070393.7378118
1.6450834722789784	2011635385.9369159
1.647139826619327	2073436364.509859
1.6491987514026012	2204026310.3802214
1.6512602498418545	2283029894.771645
1.6533243251541565	2265432897.9926972
1.655390980560599	2281459686.407396
1.6574602192863002	2329109042.907372
1.6595320445604078	2253843306.263563
1.6616064596161082	2077446516.5830455
1.6636834676906282	1975188297.67161
1.6657630720252417	2000395583.4231956
1.667845275865273	2076742444.9090655
1.6699300824601049	2144857177.8660853
1.6720174950631799	2161686368.626056
1.6741075169320085	2175523047.543176
1.6762001513281735	2235245284.9806113
1.678295401517334	2336416737.196461
1.6803932707692304	2381928734.808234
1.6824937623576919	2286800150.30309
1.6845968795606392	2108832966.0237699
1.6867026256600899	1987521611.218946
1.6888110039421647	1971087197.0491114
1.6909220176970923	2042063114.388839
1.6930356702192138	2171441261.1523004
1.695151964806988	2225838320.87286
1.6972709047629964	2185258550.155159
1.6993924933939502	2141513578.2989054
1.7015167340106927	2134910666.0730977
1.7036436299282058	2144068297.1323457
1.705773184465616	2066980196.4890451
1.707905400946198	1920242032.047402
1.7100402826973808	1808531647.275226
1.7121778330507527	1821133073.1364913
1.7143180553420658	1930827553.802546
1.7164609529112433	1933627609.2898471
1.7186065291023824	1860084657.3905046
1.7207547872637603	1854718644.8826308
1.72290573074784	1853170041.238369
1.725059362911275	1845532525.0040767
1.7272156871149138	1851085080.2499568
1.7293747067238074	1798393433.1702995
1.731536425107212	1696173111.0949826
1.733700845638596	1636047266.9334204
1.7358679716956442	1656209315.688941
1.7380378066602638	1681339708.6809077
1.7402103539185891	1656360337.291615
1.7423856168609873	1639102567.3619523
1.7445635988820634	1677273256.3541496
1.746744303380666	1711582118.453931
1.7489277337598916	1685271556.4394898
1.7511138934270916	1629274611.3362684
1.7533027857938754	1568343002.9294205
1.7554944142761177	1500531491.2791338
1.7576887822939626	1467747933.6003842
1.75988589327183	1459944508.462247
1.76208575063842	1456578016.6017885
1.764288357826718	1484942445.3398442
1.7664937182740013	1470583020.5101204
1.7687018354218438	1423651738.0749478
1.770912712716121	1411784542.4913137
1.773126353607016	1399124154.2445633
1.7753427615490247	1363277884.2632935
1.7775619400009608	1308542184.6146314
1.7797838924259624	1275780198.368402
1.7820086222914944	1262523071.4888883
1.7842361330693588	1236805234.981115
1.7864664282356955	1223123853.3645394
1.78869951127099	1260328292.7785285
1.790935385660079	1278587284.5946922
1.793174054892154	1254954537.9747295
1.7954155224607689	1263135049.87477
1.7976597918638448	1267365504.1256957
1.7999068666036746	1181794563.473352
1.8021567501869293	1081535379.8489928
1.804409446124663	1076160197.9602964
1.8066649579323186	1102100244.6887522
1.8089232891297338	1105672894.7323935
1.8111844432411461	1094371661.8305705
1.8134484237951976	1132331360.0267334
1.8157152343249414	1184020327.4706707
1.8179848783678474	1136479305.356342
1.8202573594658071	1068799195.5621562
1.8225326811651397	1102993881.0229857
1.824810847016596	1131174792.9147866
1.8270918605753668	1056987292.7205552
1.8293757254010856	1019896352.3521699
1.831662445057837	1044793521.8793926
1.8339520231141593	1067317779.1020724
1.836244463143052	1086035111.4727778
1.8385397687219809	1061042921.017306
1.840837943432883	995421537.7946346
1.8431389908621743	943144150.7941676
1.8454429146007518	929898135.9326835
1.8477497182440028	928169393.8611789
1.8500594053918078	941347832.9618704
1.8523719796485476	950227685.7045765
1.8546874446231079	907037769.6768615
1.857005803928887	827171425.3321675
1.8593270611837978	775418914.6177098
1.8616512200102777	800627815.3289328
1.8639782840352905	843425556.0478823
1.8663082568903346	873360982.861949
1.8686411422114473	916976438.371449
1.8709769436392114	929612191.5205528
1.8733156648187608	900657600.913074
1.875657309399784	884979150.2512739
1.8780018810365335	873448750.5830413
1.8803493833878293	907286350.93198
1.882699820117064	969209952.4550909
1.8850531948922105	958062801.1299286
1.8874095113858254	940619453.5585213
1.8897687732750577	931912903.6845596
1.8921309842416516	885292316.1639464
1.8944961479719535	892906543.6863661
1.8968642681569183	946083957.6787779
1.8992353484921145	980048026.558811
1.9016093926777295	993016011.0803592
1.9039864044185768	962315046.1216682
1.9063663874241	939277520.7848194
1.90874934540838	937484856.9994879
1.9111352820901404	940077952.1462374
1.913524201192753	985488423.4127858
1.9159161064442438	994236093.6029975
1.918311001577299	972799878.1373428
1.9207088903292706	984118307.6430509
1.9231097764421823	984827659.6888399
1.925513663662735	981388661.9652759
1.9279205557423134	975276271.3623183
1.9303304564369912	930847706.5238781
1.9327433695075371	908346538.1624699
1.9351592987194217	953238969.1124703
1.9375782478428212	963598339.7546656
1.9400002206526246	926855898.3326334
1.9424252209284403	919643989.2369758
1.9448532524546007	915709213.0580752
1.947284319020169	907472765.565435
1.949718424418944	908764538.9463052
1.9521555724494677	898370453.686678
1.9545957669150293	905266972.5489298
1.957039011623673	952585474.8575096
1.9594853103882026	971426376.8623464
1.961934667026188	920899609.0307195
1.9643870853599705	894780783.2106498
1.9668425692166707	923314607.014083
1.969301122428191	944235269.2611524
1.9717627488312266	919142475.4847063
1.9742274522672654	856232319.062599
1.9766952365825994	810596114.0295984
1.9791661056283276	814180929.7516677
1.981640063260363	834911858.1640128
1.9841171133394384	836098575.5372424
1.9865972597311126	821293001.7022444
1.9890805063057764	810151630.6514516
1.9915668569386586	807086395.951527
1.9940563155098319	812771427.3480703
1.9965488859042193	802037495.1084775
1.9990445720115995	791924648.5380753
2.001543377726614	812143097.7929801
2.0040453069487723	828658013.5031558
2.006550363582458	829622836.3609226
2.009058551536936	819710557.3327879
2.0115698747263573	810798109.5465709
2.014084337069765	809409017.899315
2.016601942491102	790593969.997615
2.0191226949192163	769078693.8272747
2.021646598287865	787348813.6307436
2.0241736565357247	809768180.5411519
2.0267038736063943	792749092.8113004
2.029237253448402	787475089.3234758
2.0317738000152126	817217402.7156296
2.0343135172652316	827543253.7170941
2.036856409161813	822818416.3719282
2.039402479673265	821806751.1453078
2.041951732772857	816909316.8152251
2.0445041724388227	810362287.7121973
2.0470598026543714	812019750.0714386
2.0496186274076895	818625571.4538369
2.0521806506919487	814275226.7904499
2.0547458765053137	805987115.6881351
2.057314308850945	822121751.6117369
2.0598859517370087	836978969.0117675
2.06246080917668	807423203.0486118
2.065038885188151	792094761.2944936
2.067620183794636	822029821.9304563
2.0702047090243796	840252771.5836549
2.0727924649106595	829359366.0610851
2.075383455491798	832325854.103576
2.0779776848111626	851449425.5195256
2.0805751569171766	854839334.0932626
2.083175875863323	844031546.7875987
2.085779845708152	841089216.4241705
2.0883870705152874	853642781.229798
2.0909975543534314	875859398.0430626
2.093611301296373	878443945.2090399
2.0962283154229935	864787478.6102793
2.098848600817272	873941550.2222122
2.1014721615682936	893508039.7639439
2.104099001770254	901418431.0590725
2.1067291255224667	894785392.7252563
2.10936253692937	890960947.2395655
2.1119992401005314	906612398.742866
2.114639239150657	918209936.5564762
2.1172825381995954	905773192.4244362
2.119929141372345	902513532.6566657
2.1225790527990602	921419235.6798593
2.125232276615059	930530209.9379967
2.1278888169608274	926704578.1617402
2.130548677982029	937201740.4391245
2.1332118638295063	956757911.5775669
2.1358783786592928	960952189.0279078
2.1385482266326172	955537241.83728
2.141221411915908	957426187.4819458
2.1438979386808024	979218469.3382782
2.1465778111041534	992423591.2532138
2.1492610333680338	975439789.6477495
2.1519476096597434	961737021.9027954
2.1546375441718184	969155158.8587433
2.157330841102033	982830796.9196306
2.1600275046534105	991431838.0686961
2.1627275390342273	996405410.7843761
2.16543094845802	1002894708.046896
2.168137737143592	1012702826.9769258
2.1708479093150217	1012396469.3434961
2.1735614692016654	999482545.7658671
2.1762784210381674	982223631.8710663
2.178998769064465	971509329.7456897
2.1817225175257957	978118627.749135
2.184449670672703	986961344.3413998
2.187180232761044	989516674.9695492
2.1899142080519947	995097383.7345074
2.19265160081206	1007276472.4649388
2.1953924153130746	1016593701.8547306
2.198136655832216	1017250062.8057902
2.200884326652006	1007127550.1389585
2.203635432060321	988829591.6713076
2.2063899763503967	971725430.589603
2.2091479638208344	978812468.9907471
2.2119093987756107	1010284609.5879496
2.21467428552408	1030775942.6492565
2.217442628380985	1025232340.9832401
2.2202144316664616	1006678959.1211039
2.2229896997060443	1003867620.61645
2.225768436830677	996356638.8362461
2.2285506473767147	971313864.9898463
2.2313363356859357	973497828.7529491
2.2341255061055434	990360717.0160726
2.236918162988175	995722977.6039221
2.23971431069191	996530387.6304078
2.2425139535802754	995815883.009682
2.24531709602225	997840328.2054719
2.248123742392278	1002579144.472823
2.2509338970702686	1004039646.6752235
2.253747564441606	999704567.4497372
2.256564748897158	997599819.2960194
2.2593854548332795	989843577.7744168
2.262209686651821	958867959.5821497
2.2650374487601357	941938553.6181446
2.2678687455710858	960262364.589072
2.27070358150305	974199297.7413796
2.2735419609799283	975964852.1500596
2.276383888431153	973716154.9791069
2.279229368291692	960047881.6613984
2.2820784050020566	950842585.0444686
2.2849310030083094	961264819.5644743
2.2877871667620697	970575040.1541444
2.290646900720522	923028508.8330287
2.293510209346423	775045437.0505543
2.2963770971081057	668188103.5428586
2.299247568479491	715857767.3543277
2.3021216279400902	787787898.2224054
2.304999279975015	801924188.2483518
2.3078805290749838	796974559.7831129
2.3107653797363277	791592412.5310844
2.3136538364609978	786741466.3195373
2.316545903756574	786598462.4158841
2.3194415861362696	761833828.747299
2.32234088811894	666645694.45753
2.3252438142290885	586865597.4776338
2.3281503689968748	604882349.1589359
2.331060556958121	654617960.4707806
2.3339743826543184	687309880.7050468
2.3368918506326364	685608702.6547718
2.339812965445927	667990311.4659173
2.342737731652734	651983738.7642494
2.3456661538173003	629246800.4805954
2.348598236509572	606993962.8005226
2.3515339843052088	547451727.7133405
2.35447340178559	484782158.71487576
2.357416493537822	494376527.97983533
2.3603632641547443	534567909.26307225
2.3633137182349375	565465077.07493
2.366267860382731	588116066.8140733
2.3692256952082094	601974679.0786272
2.37218722732722	595423753.3128291
2.375152461361379	562682152.4459679
2.3781214019380803	532950022.66754895
2.381094053690503	501573105.0189521
2.384070421257616	458780263.5849552
2.387050509284188	452643772.8471377
2.390034322420793	478454802.77413195
2.393021865323819	499908977.9058814
2.3960131426554736	512455158.3356066
2.399008159083793	505600342.0826343
2.402006919282648	489455276.9629147
2.405009427931751	473236533.02906626
2.408015689716666	454705565.8376137
2.411025709328811	435849991.6271349
2.414039491465472	407475219.01759446
2.417057040829804	392956672.3275005
2.420078362130841	411781555.4980807
2.423103460083505	429211603.3988948
2.426132339408609	431091208.9194336
2.42916500483287	428264930.1754703
2.432201461088911	417870076.80234545
2.4352417129152717	399336078.5752031
2.438285765056416	389591614.6706622
2.441333622262736	387196355.7143059
2.444385289290565	373450344.4009043
2.447440770902178	356070216.2625379
2.4505000718658057	345195180.4437826
2.4535631969556375	339783529.0368644
2.456630150951832	348747271.9530057
2.459700938640522	359151968.64185244
2.4627755648138225	362796589.728699
2.4658540342698396	360322683.9594687
2.468936351812677	344925211.61499804
2.4720225222524426	327646078.13173056
2.475112550405258	320431297.4103612
2.4782064410932647	316556322.23585594
2.481304199144631	303582936.6332677
2.484405829393562	279581182.4196329
2.4875113366803037	241541949.84954837
2.490620725851154	217638976.36868975
2.4937340017584684	205135215.62926206
2.4968511692606663	164980101.49307558
