#wavelength (micron)	surface_flux (erg / (cm2 micron s))
0.7	2753536812.520321
0.7008749999999999	4083851189.910116
0.70175109375	4781421823.927636
0.7026282826171873	4846052046.590016
0.7035065679704589	4889841014.427878
0.7043859511804219	4940611482.632132
0.7052664336193974	4905043402.534207
0.7061480166614217	4797832064.402057
0.7070307016822485	4787782350.451466
0.7079144900593511	4828253709.925061
0.7087993831719255	4781645579.721669
0.7096853824008903	4736243432.973581
0.7105724891288914	4744136991.2271595
0.7114607047403024	4746878520.8589735
0.7123500306212278	4730241391.986259
0.7132404681595043	4654652439.26166
0.7141320187447037	4592490103.418204
0.7150246837681346	4627752573.88574
0.7159184646228446	4710472607.735029
0.7168133627036232	4773346848.285104
0.7177093794070027	4796020696.819681
0.7186065161312616	4820315969.039591
0.7195047742764256	4841716859.561609
0.7204041552442711	4798897095.554617
0.7213046604383263	4794538610.748368
0.7222062912638743	4914211691.782703
0.723109049127954	5009393478.333944
0.7240129354393641	5002557585.318557
0.7249179516086632	4974330897.182377
0.725824099048174	4999689267.873829
0.7267313791719842	5040225520.212866
0.7276397933959492	5044668603.311382
0.728549343137694	5071990885.13079
0.7294600298166162	5128641090.199138
0.730371854853887	5145791884.996407
0.7312848196724542	5123687656.07776
0.7321989256970448	5111343920.564006
0.7331141743541661	5136602566.027181
0.7340305670721088	5155399014.802487
0.7349481052809489	5114478575.4890785
0.7358667904125501	5051190403.22991
0.7367866239005658	5072046899.432848
0.7377076071804415	5153715273.409807
0.738629741689417	5166071119.763786
0.7395530288665286	5141774231.648697
0.7404774701526119	5154991021.90193
0.7414030669903027	5167497257.59671
0.7423298208240404	5169191101.796113
0.7432577331000705	5180036419.129904
0.7441868052664457	5191199033.577339
0.7451170387730286	5203576698.921699
0.7460484350714948	5209332908.154467
0.7469809956153342	5216792579.039525
0.7479147218598534	5242160485.578077
0.7488496152621781	5246643180.653407
0.7497856772812559	5234945857.7033415
0.7507229093778575	5252556493.584406
0.7516613130145797	5276760123.207337
0.7526008896558479	5297301665.217181
0.7535416407679177	5312947758.662338
0.7544835678188776	5325527100.523382
0.7554266722786511	5331833737.464968
0.7563709556189995	5333151961.723333
0.7573164193135232	5343752387.819593
0.758263064837665	5325696532.271891
0.7592108936687122	5310682766.908536
0.760159907285798	5329979591.170859
0.7611101071699052	5322649717.221456
0.7620614948038675	5312765767.113057
0.7630140716723723	5332127477.986389
0.7639678392619629	5340070206.994352
0.7649227990610402	5329851548.228481
0.7658789525598665	5272593526.304659
0.7668363012505663	5212188788.760201
0.7677948466271296	5253721579.17818
0.7687545901854135	5301952702.260393
0.7697155334231451	5267222397.417122
0.7706776778399241	5243144193.900388
0.771641024937224	5260571586.136542
0.7726055762183955	5282743673.694526
0.7735713331886686	5307130869.779985
0.7745382973551542	5301846674.336315
0.7755064702268482	5292364859.162467
0.7764758533146318	5321176181.238383
0.7774464481312751	5342468019.728662
0.7784182561914391	5335161513.788946
0.7793912790116784	5334386799.458086
0.780365518110443	5357950261.940219
0.781340975008081	5374559606.085862
0.782317651226841	5362863009.66556
0.7832955482908746	5340498061.49274
0.7842746677262382	5334196479.047999
0.7852550110608959	5341234536.239871
0.7862365798247221	5359101890.713772
0.7872193755495029	5381576991.315763
0.7882033997689398	5387613702.558763
0.7891886540186509	5390183738.521833
0.7901751398361742	5385521014.964473
0.7911628587609694	5357857106.559203
0.7921518123344207	5357416524.604923
0.7931420020998386	5376290378.358242
0.7941334296024635	5356442399.939774
0.7951260963894664	5349758873.471539
0.7961200040099533	5392573945.849741
0.7971151540149657	5417972648.515827
0.7981115479574844	5408776457.723932
0.7991091873924312	5407328499.991773
0.8001080738766717	5414342415.815603
0.8011082089690176	5427270085.30168
0.8021095942302288	5427565506.924638
0.8031122312230166	5418547649.628318
0.8041161215120453	5410279290.407373
0.8051212666639354	5396814855.09335
0.8061276682472652	5398254013.489442
0.8071353278325744	5382144575.162172
0.808144246992365	5381388731.578909
0.8091544273011054	5421612588.638422
0.8101658703352317	5445630359.771579
0.8111785776731507	5447981419.854715
0.8121925508952421	5446607388.922688
0.8132077915838613	5454064343.297182
0.8142243013233411	5463617175.4753
0.8152420816999951	5467524434.171203
0.8162611343021202	5467112883.872784
0.8172814607199979	5459315511.209856
0.8183030625458978	5419615358.735816
0.8193259413740802	5371971032.125857
0.8203500988007977	5372625827.619151
0.8213755364242987	5405381423.921649
0.8224022558448291	5431545843.784444
0.8234302586646352	5441657958.471035
0.8244595464879658	5444209317.439177
0.8254901209210758	5455118751.4894495
0.8265219835722272	5470409176.396354
0.8275551360516924	5475715209.361133
0.8285895799717569	5470249697.808603
0.8296253169467216	5454279582.297157
0.830662348592905	5428984502.792133
0.8317006765286461	5401868731.962656
0.8327403023743069	5359978736.946289
0.8337812277522748	5354176336.18883
0.834823454286965	5379663148.022707
0.8358669836048238	5360100777.631471
0.8369118173343297	5320905797.72419
0.8379579571059977	5236278268.064988
0.8390054045523802	5176814496.975391
0.8400541613080706	5257289943.925905
0.8411042290097056	5332913347.865072
0.8421556092959678	5293275241.231095
0.8432083038075878	5206555589.133159
0.8442623141873472	5222786691.434981
0.8453176420800813	5325979437.2218075
0.8463742891326813	5343632198.455918
0.8474322569940972	5336680278.951201
0.8484915473153398	5363590164.816607
0.8495521617494839	5315510669.499466
0.8506141019516709	5255770474.250325
0.8516773695791103	5268339172.4180355
0.8527419662910842	5298374003.465044
0.853807893748948	5214298098.610535
0.8548751536161342	5151523382.95752
0.8559437475581545	5302284740.832329
0.857013677242602	5423286490.943923
0.8580849443391553	5425692665.694879
0.8591575505195791	5430222219.456346
0.8602314974577286	5431041466.661693
0.8613067868295508	5409202997.011935
0.8623834203130877	5408554880.771722
0.8634613995884791	5437352205.919104
0.8645407263379646	5432963173.378115
0.8656214022458871	5313632417.264024
0.8667034289986943	5178595519.673197
0.8677868082849427	5171548441.346256
0.8688715417952989	5204239839.282594
0.869957631222543	5285292648.9152
0.8710450782615712	5395707757.567815
0.872133884609398	5425009231.690901
0.8732240519651597	5412233655.02086
0.8743155820301162	5406646373.203699
0.8754084765076539	5400753673.274861
0.8765027371032884	5385338068.726818
0.8775983655246675	5396467147.106567
0.8786953634815732	5422964427.79451
0.8797937326859253	5397982143.15959
0.8808934748517826	5337897052.366208
0.8819945916953473	5319267013.215043
0.8830970849349664	5336857324.854828
0.8842009562911352	5378340217.412698
0.8853062074864991	5421791891.7692375
0.8864128402458572	5422027197.662943
0.8875208562961645	5412118239.906431
0.8886302573665347	5420327255.223695
0.8897410451882428	5428054316.615111
0.8908532214947281	5427911770.683003
0.8919667880215966	5421117140.155953
0.8930817465066233	5413878555.832957
0.8941980986897567	5410695861.1884985
0.8953158463131189	5412974128.830666
0.8964349911210102	5416849066.124589
0.8975555348599115	5408916287.820408
0.8986774792784863	5389739507.774111
0.8998008261275845	5357983940.180024
0.9009255771602438	5339007469.346125
0.9020517341316941	5349943123.019103
0.9031792987993587	5372819858.494173
0.9043082729228579	5399626939.823181
0.9054386582640114	5413736173.644641
0.9065704565868414	5413471313.62165
0.907703669657575	5391567671.947945
0.908838299244647	5339768564.053559
0.9099743471187027	5335872157.95993
0.9111118150526011	5379504842.653873
0.9122507048214169	5397136099.392567
0.9133910182024435	5402149261.891819
0.9145327569751966	5404642549.853505
0.9156759229214156	5401973784.433226
0.9168205178250673	5396998446.0099325
0.9179665434723485	5395021836.634669
0.919114001651689	5398047674.878671
0.9202628941537536	5393025473.140388
0.9214132227714458	5383382045.076207
0.92256498929991	5380308087.730532
0.9237181955365349	5374910308.269052
0.9248728432809555	5360206723.099342
0.9260289343350568	5352030756.26309
0.9271864705029755	5353032268.398041
0.9283454535911042	5340870880.0778675
0.9295058854080931	5328180167.677699
0.9306677677648533	5340371314.852723
0.9318311024745591	5354621528.919585
0.9329958913526524	5355923038.347592
0.9341621362168431	5353297540.411259
0.9353298388871142	5341099553.215782
0.936499001185723	5327940133.106903
0.9376696249372052	5333343472.16227
0.9388417119683766	5342999016.430194
0.9400152641083371	5338864752.930662
0.9411902831884725	5327144498.011164
0.942366771042458	5324620373.2330065
0.9435447295062611	5323644364.4151
0.9447241604181439	5310791616.522591
0.9459050656186665	5314666790.602251
0.9470874469506899	5331335849.041573
0.9482713062593783	5335686835.334873
0.9494566453922024	5334236284.256154
0.9506434661989427	5331166237.661261
0.9518317705316914	5328855717.247654
0.9530215602448558	5319992175.580981
0.9542128371951619	5282499342.49544
0.9554056032416559	5259063974.936823
0.9565998602457079	5279484927.444021
0.957795610071015	5292421990.45937
0.9589928545836038	5278693567.059273
0.9601915956518332	5255244683.083281
0.961391835146398	5268327755.786116
0.9625935749403309	5272891366.040805
0.9637968169090064	5191466794.79508
0.9650015629301427	5117959093.716902
0.9662078148838052	5118498574.831788
0.9674155746524099	5115076070.954311
0.9686248441207255	5112722403.415806
0.9698356251758764	5138898576.935731
0.9710479197073462	5145083380.301146
0.9722617296069803	5132383161.186747
0.9734770567689891	5121732361.74387
0.9746939030899503	5138682519.99172
0.9759122704688127	5183175184.822271
0.9771321608068987	5165027838.995225
0.9783535760079072	5087632734.830456
0.9795765179779171	5108720005.393966
0.9808009886253894	5204626663.220308
0.9820269898611712	5237510643.622155
0.9832545235984976	5228022257.6033125
0.9844835917529957	5233428434.741557
0.985714196242687	5243562770.011306
0.9869463389879902	5242083494.547877
0.9881800219117253	5235707018.260569
0.989415246939115	5211598163.963614
0.9906520159977886	5159202084.320477
0.9918903310177859	5118589335.1386
0.9931301939315581	5123051407.381565
0.9943716066739725	5148655468.89093
0.995614571182315	5163607648.804928
0.996859089396293	5165225378.960681
0.9981051632580382	5161440593.6967125
0.9993527947121108	5149197435.822059
1.0006019857055009	5134749079.740818
1.0018527381876328	5139932226.44881
1.0031050541103672	5147002482.467972
1.0043589354280051	5128428148.123575
1.0056143840972902	5096714458.493159
1.0068714020774117	5096496365.152503
1.0081299913300084	5132081126.446918
1.009390153819171	5155617127.631553
1.0106518915114449	5154735334.754087
1.011915206375834	5139663582.7663145
1.013180100383804	5116123502.1376915
1.0144465755092837	5083280925.633696
1.0157146337286702	5067092315.304241
1.016984277020831	5082701369.210198
1.0182555073671071	5091827652.27475
1.0195283267513158	5085857437.483191
1.020802737159755	5088802555.706042
1.0220787405812046	5098312700.5001955
1.0233563390069311	5109178896.148362
1.0246355344306899	5112334260.163574
1.025916328848728	5089130086.074993
1.027198724259789	5066106325.092814
1.0284827226651139	5069376987.128903
1.0297683260684452	5081354693.328361
1.0310555364760305	5087593272.839117
1.0323443558966257	5072100090.313549
1.0336347863414963	5027384738.663501
1.0349268298244232	5009603087.969187
1.0362204883617037	5048908182.555543
1.0375157639721557	5071212463.281091
1.0388126586771211	5038555669.390968
1.0401111745004674	5008168223.087385
1.041411313468593	5022318868.169238
1.0427130776104288	5038926331.449781
1.0440164689574416	5050439431.303777
1.0453214895436385	5064703067.49615
1.046628141405568	5054763219.934011
1.0479364265823248	5039598841.490691
1.0492463471155529	5019716198.376749
1.0505579050494471	4999571964.645972
1.051871102430759	5004535073.954495
1.0531859413087974	5027633793.867597
1.0545024237354332	5044081983.797761
1.0558205517651027	5041234306.485009
1.0571403274548088	5013309098.428224
1.0584617528641274	4970185288.359255
1.0597848300552075	4956933828.869351
1.0611095610927765	4972561046.480359
1.0624359480441425	4998691489.502395
1.0637639929791975	5012701744.166857
1.0650936979704217	4982718837.734277
1.0664250650928846	4944011720.27524
1.0677580964242506	4940221985.533673
1.069092794044781	4952122589.298902
1.0704291600373368	4952639507.000927
1.0717671964873836	4932253161.764226
1.0731069054829927	4906378023.845793
1.0744482891148466	4925445579.423635
1.0757913494762399	4960550583.460862
1.0771360886630854	4960476160.664472
1.078482508773914	4941900072.524506
1.0798306119098815	4928950029.076628
1.081180400174769	4922005354.867815
1.0825318756749873	4924721533.402781
1.0838850405195808	4942004824.489626
1.0852398968202304	4952511928.39912
1.0865964466912557	4939577178.584024
1.0879546922496197	4921268831.478023
1.0893146356149317	4921449808.275689
1.0906762789094504	4921871956.261798
1.0920396242580872	4912209902.204363
1.0934046737884098	4916586498.81356
1.0947714296306452	4921255931.98115
1.0961398939176834	4900987560.97512
1.0975100687850805	4879514588.478436
1.098881956371062	4883910449.227253
1.1002555588165257	4894149480.551283
1.1016308782650464	4889058370.534305
1.1030079168628775	4880625411.973325
1.104386676758956	4875796766.075439
1.1057671601049048	4870010184.422638
1.1071493690550358	4864323593.096426
1.1085333057663547	4865016093.543686
1.1099189723985625	4863769798.365994
1.1113063711140607	4851868856.470493
1.1126955040779534	4842851598.732445
1.1140863734580506	4842297635.047856
1.1154789814248731	4833618320.820109
1.1168733301516542	4826131123.80689
1.1182694218143439	4830923448.286622
1.1196672585916116	4826252122.41849
1.1210668426648513	4820459207.272505
1.122468176218182	4823273453.984789
1.123871261438455	4811400895.755778
1.125276100515253	4785481015.233289
1.126682695640897	4784080367.025993
1.128091049010448	4790496329.15679
1.129501162821711	4772632653.451275
1.1309130392752382	4768864129.8975935
1.1323266805743324	4784481339.252498
1.13374208892505	4787172237.121302
1.1351592665362065	4781958921.336745
1.1365782156193767	4765321164.332994
1.1379989383889009	4727289059.427816
1.139421437061887	4710797406.248332
1.1408457138582142	4720130608.565816
1.142271771000537	4717689673.898769
1.1436996107142876	4712342958.884931
1.1451292352276803	4728286904.157245
1.146560646771715	4743279013.351504
1.1479938475801796	4739611760.736482
1.1494288398896548	4740398144.920553
1.150865625939517	4741854800.796208
1.1523042079719412	4739237806.036394
1.1537445882319062	4739128000.716881
1.155186768967196	4736253227.213682
1.156630752428405	4725814527.496901
1.1580765408689404	4704723854.734238
1.1595241365450264	4665366515.536216
1.1609735417157079	4635579158.287871
1.1624247586428524	4647894349.220028
1.163877789591156	4658471785.003654
1.165332636828145	4670044027.244028
1.16678930262418	4686653530.196268
1.1682477892524603	4664181987.405598
1.1697080989890258	4647389550.960406
1.1711702341127619	4670757685.5789585
1.1726341969054028	4688094779.207936
1.1740999896515347	4684983285.967601
1.1755676146385992	4674151551.354363
1.1770370741568972	4638354663.837976
1.1785083704995933	4601293307.205504
1.1799815059627177	4614572019.612993
1.1814564828451712	4625500788.383579
1.1829333034487275	4595434839.437354
1.1844119700780384	4604352792.322974
1.185892485040636	4633079870.6747875
1.1873748506469368	4590203474.955924
1.1888590692102454	4524025896.451354
1.1903451430467582	4548569495.653924
1.1918330744755665	4609596906.059957
1.193322865818661	4618086372.675391
1.1948145194009343	4592001944.875504
1.1963080375501856	4538992549.916762
1.197803422597123	4488385738.902723
1.1993006768753696	4512513876.971106
1.2007998027214637	4572993449.36378
1.2023008024748656	4578731085.095183
1.203803678477959	4563502433.665571
1.2053084330760564	4574385519.808722
1.2068150686174015	4576170911.175681
1.2083235874531733	4550587054.641631
1.2098339919374896	4546528871.752213
1.2113462844274117	4565191545.259874
1.2128604672829457	4574572250.339549
1.2143765428670494	4575734892.802503
1.2158945135456332	4572644025.610396
1.2174143816875653	4570567098.998679
1.2189361496646747	4571174926.026759
1.2204598198517553	4568712264.417912
1.2219853946265702	4561992302.6001425
1.2235128763698533	4555132490.036092
1.2250422674653156	4551073481.420205
1.2265735702996472	4545234735.90451
1.2281067872625218	4541586514.987859
1.2296419207465998	4542884964.568638
1.231178973147533	4541866661.925793
1.2327179468639673	4538868824.063516
1.2342588442975473	4534304170.861069
1.2358016678529193	4529466383.350369
1.2373464199377353	4527087204.659693
1.2388931029626575	4521757600.342444
1.2404417193413606	4514694211.732387
1.2419922714905374	4510148059.111738
1.2435447618299005	4507084054.753244
1.245099192782188	4506654306.336431
1.2466555667731656	4504680119.133433
1.248213886231632	4499718140.660462
1.2497741535894216	4497808290.220643
1.2513363712814083	4493686343.323061
1.25290054174551	4486097068.647545
1.2544666674226919	4484994385.495358
1.2560347507569702	4483320475.085967
1.2576047941954165	4478520955.448853
1.2591768001881607	4472415154.422805
1.2607507711883958	4464263660.162072
1.2623267096523811	4464538864.878764
1.2639046180394466	4467006376.299945
1.265484498811996	4463458568.459527
1.267066354435511	4457102221.963972
1.2686501873785552	4455830449.875866
1.2702360001127784	4460494088.5304985
1.2718237951129194	4459467760.573478
1.2734135748568105	4446500332.015634
1.2750053418253815	4434570523.321502
1.2765990985026632	4436871646.475735
1.2781948473757916	4441422097.186033
1.2797925909350112	4433422021.815656
1.28139233167368	4397171875.4955
1.282994072088272	4359161709.413882
1.2845978146783823	4365454634.383883
1.2862035619467302	4397500334.338978
1.2878113163991636	4407180482.349248
1.2894210805446624	4384410118.370736
1.2910328568953433	4372411687.28853
1.2926466479664624	4392065073.606527
1.2942624562764204	4408371752.778342
1.295880284346766	4405872101.614702
1.2975001347021995	4396578795.1920595
1.2991220098705771	4393076860.70627
1.3007459123829153	4392322650.335616
1.3023718447733938	4392566052.775378
1.3039998095793606	4396652387.87482
1.3056298093413348	4393751700.238317
1.3072618466030115	4383529967.657633
1.3088959239112652	4377680498.31618
1.3105320438161543	4371139880.404491
1.3121702088709244	4344208746.939536
1.313810421632013	4322347284.967915
1.315452684659053	4326961476.152236
1.3170970005148768	4347242397.557669
1.3187433717655204	4362462025.86234
1.3203918009802271	4359224962.469692
1.3220422907314524	4353094433.441307
1.3236948435948666	4350852053.9178915
1.3253494621493602	4343972632.650892
1.327006148977047	4325035533.359687
1.3286649066632683	4294330131.6696906
1.3303257377965971	4262912831.598457
1.331988644968843	4225026125.269959
1.333653630775054	4178625725.243128
1.3353206978135228	4130796015.3466887
1.3369898486857896	4108276158.286667
1.3386610859966468	4119006910.664663
1.3403344123541427	4120549752.1168056
1.342009830369585	4102344617.7738156
1.3436873426575473	4093903448.6855855
1.345366951835869	4104944763.991683
1.347048660525664	4108404110.35508
1.348732471351321	4104751715.587897
1.35041838694051	4097761587.8471293
1.3521064099241855	4094943994.3894978
1.3537965429365908	4095346273.4700294
1.3554887886152616	4093120278.536645
1.3571831496010305	4100852476.34432
1.3588796285380318	4100813511.8630104
1.3605782280737042	4080744960.9403405
1.3622789508587965	4057500250.752335
1.36398179954737	4063403707.7850413
1.3656867767968042	4097335726.484735
1.3673938852678	4118423946.5995817
1.3691031276243848	4119081548.755132
1.3708145065339152	4119735899.7692904
1.3725280246670826	4127161430.6448936
1.3742436846979165	4134704333.3522663
1.3759614893037886	4139875155.7475247
1.3776814411654184	4142677244.5356708
1.3794035429668752	4143990525.9713106
1.3811277973955836	4140866647.455019
1.382854207142328	4127176807.95329
1.384582774901256	4104140752.515637
1.3863135033698826	4082288019.2892895
1.388046395249095	4062712131.200547
1.389781453243156	3924299231.4274483
1.3915186800597101	3673844831.965216
1.3932580784097848	3625954493.248679
1.3949996510077969	3764144421.9572926
1.3967434005715567	3835506065.8171053
1.3984893298222711	3848169745.6694436
1.4002374414845487	3862535897.5446024
1.4019877382864046	3895476514.3303475
1.4037402229592626	3924727295.194168
1.4054948982379614	3938890251.1618795
1.4072517668607587	3940382577.9185777
1.4090108315693348	3927258580.6930356
1.4107720951087963	3921438682.4468117
1.4125355602276823	3906654592.09483
1.414301229677967	3903756718.3083534
1.4160691062150645	3916155254.449072
1.4178391925978333	3895903445.077093
1.4196114915885802	3908008106.8392706
1.421386005953066	3943253533.887782
1.4231627384605074	3924859631.563923
1.424941691883583	3914885024.2479315
1.4267228689984375	3931237654.8431587
1.4285062725846855	3937637351.4606566
1.4302919054254162	3957275894.420625
1.4320797703071981	3952891426.995565
1.4338698700200818	3884707662.2233853
1.435662207357607	3849643547.278164
1.4374567851168039	3886060953.1611924
1.4392536060981997	3909737836.9528437
1.4410526731058226	3919802122.125742
1.4428539889472047	3948896331.394516
1.444657556433389	3955863406.1057944
1.4464633783789307	3940304960.774445
1.4482714576019042	3948997241.18051
1.4500817969239066	3946543688.452078
1.4518943991700615	3938654369.1601324
1.453709267169024	3958234243.0883307
1.4555264037529851	3947349285.762769
1.4573458117576763	3938112235.9453726
1.4591674940223736	3871792770.306207
1.4609914533899013	3671785057.9352245
1.4628176927066388	3605939114.2431936
1.464646214822522	3713120402.4742317
1.4664770225910502	3765750475.9110627
1.4683101188692889	3760019218.212455
1.4701455065178752	3768157242.737182
1.4719831884010226	3830304632.5336294
1.473823167386524	3875428813.5591316
1.475665446345757	3861022013.3324904
1.4775100281536893	3846281284.840589
1.4793569156888815	3836997338.5098186
1.4812061118334923	3857846255.466053
1.4830576194732843	3919327698.1392493
1.4849114414976257	3951241771.019016
1.4867675807994976	3890495254.1859803
1.4886260402754972	3820865718.382839
1.4904868228258412	3871110611.447353
1.4923499313543735	3959442808.3539534
1.4942153687685666	4003473401.905757
1.4960831379795272	4043273304.23508
1.4979532419020016	4064441047.018841
1.499825683454379	4005243968.3418326
1.501700465558697	3884470728.385482
1.5035775911406453	3816850967.2747974
1.505457063129571	3850591445.6841035
1.5073388844584832	3944306679.1470814
1.509223058064056	4024963153.112521
1.5111095868866362	4040708346.844044
1.5129984738702444	3993092093.5563254
1.5148897219625823	3971547293.1016936
1.5167833341150354	4025664116.7995214
1.5186793132826792	4078235204.333729
1.5205776624242824	4118039968.232707
1.5224783845023127	4133855890.8970785
1.5243814824829407	4095791048.2828293
1.5262869593360442	4025817847.5658507
1.5281948180352143	3991787918.872739
1.530105061557758	4057859889.451054
1.5320176928847054	4102689750.678229
1.5339327150008113	4094617925.006877
1.5358501308945622	4068097925.3469176
1.5377699435581802	3932262118.334563
1.539692155987628	3823275200.326218
1.5416167711826123	3826046662.3101497
1.5435437921465909	3910221610.8165746
1.5454732218867737	4056416084.1618447
1.5474050634141323	4132548800.2815237
1.5493393197434	4128245953.6394258
1.5512759938930791	4108355810.0942435
1.5532150888854455	4087916103.1568036
1.5551566077465522	4039983852.61271
1.5571005535062357	4026631956.744935
1.5590469291981182	4117904668.8571897
1.5609957378596158	4193755525.6969137
1.5629469825319402	4182279248.5005674
1.5649006662601053	4169551276.8794875
1.5668567920929302	4224634803.0327654
1.5688153630830464	4280269016.1219773
1.5707763822869003	4233359011.2715087
1.5727398527647587	4143696006.1913857
1.5747057775807147	4114022310.229119
1.5766741598026903	4116679523.067614
1.5786450025024439	4186709999.7534456
1.5806183087555719	4300634818.64466
1.582594081641516	4318812895.965989
1.5845723242435679	4307965172.956796
1.5865530396488725	4304915813.176015
1.5885362309484334	4191615137.6273046
1.5905219012371192	4123996043.8440914
1.5925100536136656	4257255995.1167407
1.5945006911806823	4393204218.09571
1.5964938170446583	4409399313.976865
1.5984894343159641	4400381478.898623
1.6004875461088588	4415182820.579408
1.602488155541495	4381338490.738814
1.6044912657359218	4278036564.8136744
1.6064968798180916	4199556263.17026
1.608505000917864	4266883891.373362
1.6105156321690117	4397533660.360392
1.612528776709223	4441434634.510405
1.6145444376801092	4447807500.770699
1.6165626182272093	4449409434.686212
1.6185833214999934	4365121298.589488
1.6206065506518683	4224333819.9095683
1.622632308840183	4157797355.1695323
1.624660599226233	4164905070.4400287
1.626691424975266	4240907700.7506084
1.6287247892564851	4358645368.47199
1.6307606952430556	4392809614.980416
1.6327991461121094	4364186145.071084
1.6348401450447496	4298692947.229934
1.6368836952260553	4258555878.0884356
1.638929799845088	4316857974.491764
1.6409784620948942	4372495170.365042
1.6430296851725128	4333254280.488296
1.6450834722789784	4227117070.192865
1.647139826619327	4227466081.044843
1.6491987514026012	4325533843.35019
1.6512602498418545	4338067287.862764
1.6533243251541565	4277733375.151246
1.655390980560599	4289867903.9136147
1.6574602192863002	4325020413.923395
1.6595320445604078	4288290084.0343947
1.6616064596161082	4261650798.055436
1.6636834676906282	4243744783.98093
1.6657630720252417	4187471068.0229897
1.667845275865273	4175172949.444326
1.6699300824601049	4158277592.1833186
1.6720174950631799	4085778147.7488155
1.6741075169320085	4078999259.0575576
1.6762001513281735	4140275446.3828974
1.678295401517334	4207741056.013865
1.6803932707692304	4228703914.866825
1.6824937623576919	4205202687.4316783
1.6845968795606392	4160874281.9482546
1.6867026256600899	4051984445.6086645
1.6888110039421647	3906495920.744289
1.6909220176970923	3879162289.196567
1.6930356702192138	4002277895.955534
1.695151964806988	4087889979.3778067
1.6972709047629964	4080681761.2280507
1.6993924933939502	4054717213.294961
1.7015167340106927	4031115764.2999134
1.7036436299282058	3996039772.2276993
1.705773184465616	3913941071.687676
1.707905400946198	3807621888.4255743
1.7100402826973808	3674979226.06337
1.7121778330507527	3660606319.483624
1.7143180553420658	3798596602.848635
1.7164609529112433	3834506769.773394
1.7186065291023824	3773012997.313275
1.7207547872637603	3731028951.1094537
1.72290573074784	3680083520.025069
1.725059362911275	3660759915.936687
1.7272156871149138	3703720864.5974045
1.7293747067238074	3698525560.5944834
1.731536425107212	3595286695.334655
1.733700845638596	3507456434.107985
1.7358679716956442	3531547521.737372
1.7380378066602638	3583191015.9077134
1.7402103539185891	3564188886.338852
1.7423856168609873	3519922538.3140106
1.7445635988820634	3527744517.202275
1.746744303380666	3546541200.522137
1.7489277337598916	3517257240.32102
1.7511138934270916	3462879708.5226994
1.7533027857938754	3396528204.5207663
1.7554944142761177	3358803415.631962
1.7576887822939626	3352048777.6378126
1.75988589327183	3308449371.579401
1.76208575063842	3273993695.695169
1.764288357826718	3296543331.3301854
1.7664937182740013	3295805591.283498
1.7687018354218438	3269072435.9330416
1.770912712716121	3267595584.9088545
1.773126353607016	3260777561.4136844
1.7753427615490247	3212519597.6355395
1.7775619400009608	3146378396.441668
1.7797838924259624	3114159025.895401
1.7820086222914944	3073947720.735252
1.7842361330693588	3016759526.999114
1.7864664282356955	3003963534.5102453
1.78869951127099	3050554845.5594215
1.790935385660079	3084100174.1849856
1.793174054892154	3063410322.51111
1.7954155224607689	3042646631.1531243
1.7976597918638448	3029301123.9520154
1.7999068666036746	2961188735.390197
1.8021567501869293	2854722237.1919236
1.804409446124663	2825521990.866754
1.8066649579323186	2878936805.6430426
1.8089232891297338	2920896291.9084764
1.8111844432411461	2898164248.1371317
1.8134484237951976	2878578085.6990576
1.8157152343249414	2889152739.5283756
1.8179848783678474	2853072699.0025744
1.8202573594658071	2789419439.035494
1.8225326811651397	2804957174.2608757
1.824810847016596	2822317473.9615154
1.8270918605753668	2743199483.1159024
1.8293757254010856	2721787470.248713
1.831662445057837	2775054655.6852775
1.8339520231141593	2792159118.990046
1.836244463143052	2779527823.2757726
1.8385397687219809	2747657509.443243
1.840837943432883	2690838451.278519
1.8431389908621743	2637180008.81809
1.8454429146007518	2627747207.868776
1.8477497182440028	2626341895.024786
1.8500594053918078	2613665541.2831383
1.8523719796485476	2591283847.668056
1.8546874446231079	2538554254.245285
1.857005803928887	2469467688.015986
1.8593270611837978	2440697004.629783
1.8616512200102777	2474045674.602702
1.8639782840352905	2518755037.1136913
1.8663082568903346	2551997392.445458
1.8686411422114473	2569475128.3231974
1.8709769436392114	2532192535.269054
1.8733156648187608	2461449367.6678286
1.875657309399784	2437437743.159518
1.8780018810365335	2449352613.148419
1.8803493833878293	2489168064.1686625
1.882699820117064	2520207347.015301
1.8850531948922105	2481364812.719032
1.8874095113858254	2462023356.9791646
1.8897687732750577	2468020420.514456
1.8921309842416516	2446884508.8191833
1.8944961479719535	2460638950.5504313
1.8968642681569183	2492267535.717912
1.8992353484921145	2498320130.9468026
1.9016093926777295	2489964070.756451
1.9039864044185768	2450786988.6687427
1.9063663874241	2410715493.7038255
1.90874934540838	2399800771.3205585
1.9111352820901404	2404821646.7240314
1.913524201192753	2430992070.6883807
1.9159161064442438	2435165529.765232
1.918311001577299	2424223729.433575
1.9207088903292706	2423482556.105884
1.9231097764421823	2412487051.151686
1.925513663662735	2406357532.0890555
1.9279205557423134	2393736061.349029
1.9303304564369912	2341865596.6209717
1.9327433695075371	2303608288.0700316
1.9351592987194217	2325160218.7990193
1.9375782478428212	2339849958.5477543
1.9400002206526246	2321897119.6919813
1.9424252209284403	2307517577.151863
1.9448532524546007	2284260015.2086945
1.947284319020169	2268745491.356498
1.949718424418944	2269692456.632767
1.9521555724494677	2259321206.833157
1.9545957669150293	2256276718.6784077
1.957039011623673	2276196494.807304
1.9594853103882026	2277362115.9258738
1.961934667026188	2232918211.6615934
1.9643870853599705	2216465877.352998
1.9668425692166707	2245957387.075885
1.969301122428191	2256066712.8709645
1.9717627488312266	2229180317.4650245
1.9742274522672654	2175907992.6800632
1.9766952365825994	2119322109.7384543
1.9791661056283276	2105502505.713918
1.981640063260363	2123711791.851907
1.9841171133394384	2130291671.185278
1.9865972597311126	2119948142.0862758
1.9890805063057764	2097664893.976914
1.9915668569386586	2074836655.1562533
1.9940563155098319	2069302005.6855965
1.9965488859042193	2066902991.684504
1.9990445720115995	2063262802.0330892
2.001543377726614	2073906836.4471204
2.0040453069487723	2083610791.1146247
2.006550363582458	2075405524.6286516
2.009058551536936	2048575161.7158165
2.0115698747263573	2025414092.6615298
2.014084337069765	2019888381.489463
2.016601942491102	2012392292.7109933
2.0191226949192163	1997816193.1585839
2.021646598287865	2005123054.4604604
2.0241736565357247	2013004357.8848128
2.0267038736063943	1980614279.2280505
2.029237253448402	1953110809.2847674
2.0317738000152126	1968357287.8231623
2.0343135172652316	1980058568.9443786
2.036856409161813	1974644505.7185347
2.039402479673265	1973072387.2333143
2.041951732772857	1968197150.0185325
2.0445041724388227	1953838036.8524847
2.0470598026543714	1943859684.301547
2.0496186274076895	1939909133.7159634
2.0521806506919487	1924767468.6548388
2.0547458765053137	1904538083.6251512
2.057314308850945	1909233123.1891487
2.0598859517370087	1918302658.6557438
2.06246080917668	1889139049.4817333
2.065038885188151	1867247387.612121
2.067620183794636	1887535580.4775217
2.0702047090243796	1903999702.204018
2.0727924649106595	1891320462.153541
2.075383455491798	1882966662.1455765
2.0779776848111626	1886230716.5813448
2.0805751569171766	1879929871.8116643
2.083175875863323	1863725103.2522788
2.085779845708152	1847638119.2920468
2.0883870705152874	1844875095.4523954
2.0909975543534314	1855200437.6054037
2.093611301296373	1853302058.752955
2.0962283154229935	1842433938.8231535
2.098848600817272	1840568655.7749538
2.1014721615682936	1839278323.1849058
2.104099001770254	1835538366.1971335
2.1067291255224667	1831159408.0504646
2.10936253692937	1826346775.605218
2.1119992401005314	1825735032.5840988
2.114639239150657	1824780668.0773928
2.1172825381995954	1813511042.920544
2.119929141372345	1805041031.383658
2.1225790527990602	1807881100.8755388
2.125232276615059	1806652481.1847498
2.1278888169608274	1798170087.406742
2.130548677982029	1797313675.8514
2.1332118638295063	1798895595.4569166
2.1358783786592928	1787302954.1686924
2.1385482266326172	1775290126.8787608
2.141221411915908	1774606198.0862827
2.1438979386808024	1784809419.478297
2.1465778111041534	1789739418.3506417
2.1492610333680338	1775497928.4418976
2.1519476096597434	1761142321.9254377
2.1546375441718184	1761076966.9437962
2.157330841102033	1763484665.5220244
2.1600275046534105	1759884303.5707242
2.1627275390342273	1755866511.186849
2.16543094845802	1751977105.9236095
2.168137737143592	1749550344.0343773
2.1708479093150217	1746738501.8963127
2.1735614692016654	1738825601.4542634
2.1762784210381674	1724170124.3583298
2.178998769064465	1709498028.2884576
2.1817225175257957	1707990362.9731302
2.184449670672703	1709739073.3966422
2.187180232761044	1702351423.7512658
2.1899142080519947	1694207038.9955764
2.19265160081206	1698104772.3068748
2.1953924153130746	1703070842.8128924
2.198136655832216	1695249429.0839615
2.200884326652006	1683439254.0355747
2.203635432060321	1673945783.580946
2.2063899763503967	1665835841.649989
2.2091479638208344	1665840787.5292766
2.2119093987756107	1671666154.3245752
2.21467428552408	1671244712.702999
2.217442628380985	1663626148.0675144
2.2202144316664616	1651588903.421797
2.2229896997060443	1642355039.1311524
2.225768436830677	1634238682.7574923
2.2285506473767147	1622663888.7363198
2.2313363356859357	1618889253.091381
2.2341255061055434	1620549354.3773637
2.236918162988175	1621303743.6347857
2.23971431069191	1621338792.6431274
2.2425139535802754	1616102762.2111528
2.24531709602225	1609264840.9523041
2.248123742392278	1605172197.6675653
2.2509338970702686	1600541682.2483044
2.253747564441606	1593661636.7946458
2.256564748897158	1587327844.4932952
2.2593854548332795	1579610658.982146
2.262209686651821	1568284795.4003913
2.2650374487601357	1561133646.1708755
2.2678687455710858	1557860168.406346
2.27070358150305	1553108928.323395
2.2735419609799283	1549798947.4908388
2.276383888431153	1545092266.707548
2.279229368291692	1535716880.8694553
2.2820784050020566	1528283439.8815765
2.2849310030083094	1527039070.4275827
2.2877871667620697	1524227862.404235
2.290646900720522	1481434684.3895755
2.293510209346423	1367801047.4333491
2.2963770971081057	1296069005.375567
2.299247568479491	1335559133.7015011
2.3021216279400902	1384474731.6949365
2.304999279975015	1397811322.386509
2.3078805290749838	1397625062.0115814
2.3107653797363277	1393319279.8900936
2.3136538364609978	1390111731.3274035
2.316545903756574	1390356458.3057494
2.3194415861362696	1363962885.849627
2.32234088811894	1273050500.3922584
2.3252438142290885	1206532152.3312001
2.3281503689968748	1231249213.1332202
2.331060556958121	1273988889.198812
2.3339743826543184	1297315019.0310278
2.3368918506326364	1302236129.0439131
2.339812965445927	1298291892.4859586
2.342737731652734	1297211010.0769014
2.3456661538173003	1300262348.010097
2.348598236509572	1287063596.566912
2.3515339843052088	1210764341.3671286
2.35447340178559	1133476624.3046458
2.357416493537822	1146326773.928457
2.3603632641547443	1188927000.9114618
2.3633137182349375	1207505946.688919
2.366267860382731	1216304181.8892953
2.3692256952082094	1222654791.661686
2.37218722732722	1227740080.2964368
2.375152461361379	1224991344.463683
2.3781214019380803	1210971591.5590818
2.381094053690503	1160032294.0460942
2.384070421257616	1087228534.7935317
2.387050509284188	1071032910.6904417
2.390034322420793	1098856382.4736958
2.393021865323819	1117032091.0281641
2.3960131426554736	1125157201.9108644
2.399008159083793	1124227637.2003229
2.402006919282648	1118395507.5913627
2.405009427931751	1110626096.7003658
2.408015689716666	1098141639.659513
2.411025709328811	1072785538.2635987
2.414039491465472	1027043568.2310766
2.417057040829804	1002515958.62672
2.420078362130841	1014390868.6684113
2.423103460083505	1022403685.221658
2.426132339408609	1021732510.4560224
2.42916500483287	1021809380.7100307
2.432201461088911	1015978048.3234324
2.4352417129152717	1003776626.9128628
2.438285765056416	997655529.5214107
2.441333622262736	989601322.194406
2.444385289290565	964426548.2997162
2.447440770902178	935056740.2488012
2.4505000718658057	916960566.4625736
2.4535631969556375	909270308.9608227
2.456630150951832	918904256.0716231
2.459700938640522	923562412.7528992
2.4627755648138225	921873504.1284193
2.4658540342698396	922792949.1886485
2.468936351812677	909900004.0533274
2.4720225222524426	891826958.5572464
2.475112550405258	877057977.2167953
2.4782064410932647	861437628.1195343
2.481304199144631	828208764.0163115
2.484405829393562	749870744.9708121
2.4875113366803037	640529650.2710917
2.490620725851154	581750125.6708893
2.4937340017584684	541553491.9160787
2.4968511692606663	430799317.4184856
