#wavelength (micron)	surface_flux (erg / (cm2 micron s))
0.7	748803585.5275478
0.7008749999999999	1139219176.357634
0.70175109375	1395332111.4070148
0.7026282826171873	1476792187.4760668
0.7035065679704589	1540976335.615894
0.7043859511804219	1592012553.9227457
0.7052664336193974	1482428356.6514127
0.7061480166614217	1215552036.1410766
0.7070307016822485	1103730992.7364948
0.7079144900593511	1150945514.6547291
0.7087993831719255	1083673030.1146402
0.7096853824008903	941573020.4024328
0.7105724891288914	928415463.9136003
0.7114607047403024	1009074488.5097045
0.7123500306212278	994748261.9574289
0.7132404681595043	867076909.3601996
0.7141320187447037	801866779.60597
0.7150246837681346	839826836.5611603
0.7159184646228446	881522135.9076405
0.7168133627036232	910635065.9746766
0.7177093794070027	959027637.6361071
0.7186065161312616	1023105954.8263705
0.7195047742764256	1037061299.3747823
0.7204041552442711	981965912.8073123
0.7213046604383263	963778345.325969
0.7222062912638743	1026143202.8166194
0.723109049127954	1100699845.8933957
0.7240129354393641	1174681128.9491105
0.7249179516086632	1289927730.5098758
0.725824099048174	1411933201.5626929
0.7267313791719842	1454400319.3020167
0.7276397933959492	1443201774.618367
0.728549343137694	1495588359.6738868
0.7294600298166162	1627328174.4918537
0.730371854853887	1764198379.102018
0.7312848196724542	1882207228.49225
0.7321989256970448	1996747494.7010882
0.7331141743541661	2113059643.426531
0.7340305670721088	2187655578.9712477
0.7349481052809489	2217751825.5964985
0.7358667904125501	2303411001.5173526
0.7367866239005658	2468603424.4342427
0.7377076071804415	2592324481.603761
0.738629741689417	2629549321.42609
0.7395530288665286	2669445300.2405596
0.7404774701526119	2707403533.151476
0.7414030669903027	2692822239.504286
0.7423298208240404	2698272829.5714087
0.7432577331000705	2771918964.5608664
0.7441868052664457	2787893317.0567875
0.7451170387730286	2717229835.05133
0.7460484350714948	2699072617.696476
0.7469809956153342	2744203503.378522
0.7479147218598534	2792049357.288194
0.7488496152621781	2832710792.656608
0.7497856772812559	2870625111.244036
0.7507229093778575	2878078555.568894
0.7516613130145797	2885602682.8467603
0.7526008896558479	2963249677.1285634
0.7535416407679177	3054075529.53701
0.7544835678188776	3126985994.5182447
0.7554266722786511	3221065838.216544
0.7563709556189995	3289540062.694684
0.7573164193135232	3255454205.233298
0.758263064837665	3066465834.9508986
0.7592108936687122	2715874806.8229113
0.760159907285798	2489185478.3868155
0.7611101071699052	2537718952.7848516
0.7620614948038675	2573957810.9280195
0.7630140716723723	2373447490.6756406
0.7639678392619629	2173642448.9583526
0.7649227990610402	2215219995.333878
0.7658789525598665	2217670795.6478505
0.7668363012505663	1940645271.506872
0.7677948466271296	1662256196.7224529
0.7687545901854135	1647475706.2065098
0.7697155334231451	1732363343.6009955
0.7706776778399241	1734990810.2542996
0.771641024937224	1711273502.271581
0.7726055762183955	1792452656.6192648
0.7735713331886686	1911485124.1258104
0.7745382973551542	1868104580.328054
0.7755064702268482	1707448291.758317
0.7764758533146318	1671564790.9824562
0.7774464481312751	1726362757.2752404
0.7784182561914391	1732069678.7849605
0.7793912790116784	1764414246.4679458
0.780365518110443	1878580989.1721504
0.781340975008081	1992114618.759484
0.782317651226841	1966780887.7516716
0.7832955482908746	1831470465.6997302
0.7842746677262382	1800512461.6035442
0.7852550110608959	1901799391.410296
0.7862365798247221	1978079818.0683446
0.7872193755495029	2037755389.8327405
0.7882033997689398	2169107918.022542
0.7891886540186509	2273542601.713664
0.7901751398361742	2246715815.123265
0.7911628587609694	2144137553.7527719
0.7921518123344207	2108814170.7161183
0.7931420020998386	2189242249.2207174
0.7941334296024635	2283626706.2019105
0.7951260963894664	2375159201.304471
0.7961200040099533	2495648390.5023594
0.7971151540149657	2566185284.0851126
0.7981115479574844	2554785681.3494196
0.7991091873924312	2522425665.667369
0.8001080738766717	2551545695.3805785
0.8011082089690176	2657264176.9699225
0.8021095942302288	2761596717.2861557
0.8031122312230166	2842144316.7140365
0.8041161215120453	2921030976.938826
0.8051212666639354	2996174044.018494
0.8061276682472652	3071080846.235665
0.8071353278325744	3131675404.495251
0.808144246992365	3216666393.0554004
0.8091544273011054	3346842342.8503156
0.8101658703352317	3460438828.023174
0.8111785776731507	3550204998.46275
0.8121925508952421	3650773875.032469
0.8132077915838613	3785766916.8185825
0.8142243013233411	3927702074.103775
0.8152420816999951	4033769052.266148
0.8162611343021202	4118224865.574138
0.8172814607199979	4186842645.89084
0.8183030625458978	4160878829.078451
0.8193259413740802	3962736488.22931
0.8203500988007977	3666655079.234899
0.8213755364242987	3517106680.2413316
0.8224022558448291	3603528461.137859
0.8234302586646352	3760075567.829753
0.8244595464879658	3837299224.340216
0.8254901209210758	3814161894.512898
0.8265219835722272	3728663888.053165
0.8275551360516924	3574292709.4776587
0.8285895799717569	3429591181.5501747
0.8296253169467216	3345498413.3715444
0.830662348592905	3295151790.4440703
0.8317006765286461	3342103852.8373
0.8327403023743069	3413113054.525138
0.8337812277522748	3369627853.4054947
0.834823454286965	3265346124.723537
0.8358669836048238	3236164004.2416887
0.8369118173343297	3258170637.3020515
0.8379579571059977	3200990366.5770187
0.8390054045523802	3144662051.8109727
0.8400541613080706	3235588029.4340205
0.8411042290097056	3334416544.010183
0.8421556092959678	3230192706.760644
0.8432083038075878	2885119774.320253
0.8442623141873472	2395874674.659743
0.8453176420800813	2000662214.6205494
0.8463742891326813	1849288601.5046535
0.8474322569940972	1877208443.10891
0.8484915473153398	1975286039.9013908
0.8495521617494839	2032829839.8612638
0.8506141019516709	2004289001.057181
0.8516773695791103	1954173806.0614996
0.8527419662910842	1956025765.6376233
0.853807893748948	2005076185.378152
0.8548751536161342	2101314542.9833426
0.8559437475581545	2226905549.7045946
0.857013677242602	2302994830.6754394
0.8580849443391553	2323686443.6650457
0.8591575505195791	2323062201.113605
0.8602314974577286	2359369597.060433
0.8613067868295508	2476208798.734057
0.8623834203130877	2613904665.0308046
0.8634613995884791	2698644305.645444
0.8645407263379646	2727961556.049481
0.8656214022458871	2707991040.581446
0.8667034289986943	2692407254.4797792
0.8677868082849427	2733338229.3398933
0.8688715417952989	2812486428.9015884
0.869957631222543	2943603061.0662837
0.8710450782615712	3091360680.6066933
0.872133884609398	3192681797.720349
0.8732240519651597	3258255928.9512143
0.8743155820301162	3312631192.708569
0.8754084765076539	3387546445.7361736
0.8765027371032884	3470715422.9873734
0.8775983655246675	3556225342.922199
0.8786953634815732	3697706133.8699656
0.8797937326859253	3833639744.82877
0.8808934748517826	3886445306.5404
0.8819945916953473	3902116758.5135417
0.8830970849349664	3967742080.240783
0.8842009562911352	4083583522.481581
0.8853062074864991	3957590094.332596
0.8864128402458572	3431953348.6371264
0.8875208562961645	3006568488.146182
0.8886302573665347	3015506256.1349297
0.8897410451882428	3213127039.4432583
0.8908532214947281	3397054189.079684
0.8919667880215966	3528523146.240193
0.8930817465066233	3538361660.5351825
0.8941980986897567	3393418431.5995345
0.8953158463131189	3286162174.055631
0.8964349911210102	3349815569.6314664
0.8975555348599115	3499264883.156558
0.8986774792784863	3654309939.186075
0.8998008261275845	3754386756.0010934
0.9009255771602438	3765546352.600837
0.9020517341316941	3738644501.1702795
0.9031792987993587	3776275269.1909504
0.9043082729228579	3893420040.273265
0.9054386582640114	4019103342.253906
0.9065704565868414	4130861895.1301665
0.907703669657575	4208924150.175055
0.908838299244647	4223893359.2873726
0.9099743471187027	4244664450.0086923
0.9111118150526011	4317703027.625969
0.9122507048214169	4414844736.168181
0.9133910182024435	4507692768.5454
0.9145327569751966	4571379245.337101
0.9156759229214156	4620263507.015987
0.9168205178250673	4658602592.307287
0.9179665434723485	4700575945.583814
0.919114001651689	4719006943.560582
0.9202628941537536	4583572465.607974
0.9214132227714458	4260720375.7718077
0.92256498929991	3914286846.4070377
0.9237181955365349	3700235802.917436
0.9248728432809555	3640542342.8524294
0.9260289343350568	3694555764.4831543
0.9271864705029755	3753165506.063217
0.9283454535911042	3650611051.0432806
0.9295058854080931	3436168123.434107
0.9306677677648533	3323072041.6400027
0.9318311024745591	3344249426.3016915
0.9329958913526524	3435434492.5039167
0.9341621362168431	3531827117.6439943
0.9353298388871142	3530235354.896433
0.936499001185723	3450550114.109121
0.9376696249372052	3413899034.3230824
0.9388417119683766	3454593698.4645705
0.9400152641083371	3535864054.3951325
0.9411902831884725	3621877225.997176
0.942366771042458	3679767117.346307
0.9435447295062611	3672914340.052373
0.9447241604181439	3630809067.4764576
0.9459050656186665	3656952573.113854
0.9470874469506899	3775708135.4772487
0.9482713062593783	3916890568.7762785
0.9494566453922024	4013558699.1775613
0.9506434661989427	4030531978.7460494
0.9518317705316914	4015487615.526064
0.9530215602448558	4022137486.630627
0.9542128371951619	4049963428.045397
0.9554056032416559	4126383615.832595
0.9565998602457079	4234502600.345219
0.957795610071015	4311396270.891059
0.9589928545836038	4346743166.312001
0.9601915956518332	4348837811.697089
0.961391835146398	4387636211.304309
0.9625935749403309	4444510847.2133665
0.9637968169090064	4414079690.850335
0.9650015629301427	4384835589.577084
0.9662078148838052	4425055425.75207
0.9674155746524099	4458027860.741889
0.9686248441207255	4514365768.861739
0.9698356251758764	4591567994.952975
0.9710479197073462	4604815135.792824
0.9722617296069803	4508766144.001443
0.9734770567689891	4338717667.451685
0.9746939030899503	4268952637.0260987
0.9759122704688127	4340317158.462887
0.9771321608068987	4396270299.609058
0.9783535760079072	4400123580.308594
0.9795765179779171	4463576498.333253
0.9808009886253894	4506147501.915492
0.9820269898611712	4419301692.360707
0.9832545235984976	4341609571.991517
0.9844835917529957	4385935144.939645
0.985714196242687	4491230789.116535
0.9869463389879902	4578865935.214446
0.9881800219117253	4623611983.01903
0.989415246939115	4546051146.195201
0.9906520159977886	4355751787.80953
0.9918903310177859	4238219642.313599
0.9931301939315581	4278458744.241574
0.9943716066739725	4397719629.908847
0.995614571182315	4503734305.311164
0.996859089396293	4554747228.339348
0.9981051632580382	4546509087.864502
0.9993527947121108	4506767572.424441
1.0006019857055009	4477481426.373343
1.0018527381876328	4460501778.909253
1.0031050541103672	4425212495.80413
1.0043589354280051	4394909963.656775
1.0056143840972902	4389924131.79655
1.0068714020774117	4425289098.672597
1.0081299913300084	4494752086.239975
1.009390153819171	4552801505.094615
1.0106518915114449	4587295087.191471
1.011915206375834	4596646470.680247
1.013180100383804	4561401527.605907
1.0144465755092837	4473289639.927819
1.0157146337286702	4426451465.023657
1.016984277020831	4454628681.447555
1.0182555073671071	4477296567.2413845
1.0195283267513158	4479681753.121803
1.020802737159755	4498345845.185703
1.0220787405812046	4530923062.308931
1.0233563390069311	4571061408.542162
1.0246355344306899	4573040867.803755
1.025916328848728	4498679598.825688
1.027198724259789	4445495161.163715
1.0284827226651139	4457633593.49852
1.0297683260684452	4488762468.309213
1.0310555364760305	4519602306.530868
1.0323443558966257	4519272951.370349
1.0336347863414963	4472839240.845104
1.0349268298244232	4468607949.757259
1.0362204883617037	4552994716.083677
1.0375157639721557	4586128277.913871
1.0388126586771211	4528345725.31656
1.0401111745004674	4502341771.247642
1.041411313468593	4534560679.879766
1.0427130776104288	4574811124.09193
1.0440164689574416	4634243732.276195
1.0453214895436385	4672716835.015771
1.046628141405568	4638876719.230535
1.0479364265823248	4608812096.799131
1.0492463471155529	4618456764.461789
1.0505579050494471	4630552838.687757
1.051871102430759	4648024338.466669
1.0531859413087974	4688137253.26326
1.0545024237354332	4709028798.434008
1.0558205517651027	4692777781.663844
1.0571403274548088	4674404994.004464
1.0584617528641274	4669800272.311903
1.0597848300552075	4684533167.42377
1.0611095610927765	4707519532.321985
1.0624359480441425	4747077915.693596
1.0637639929791975	4771626058.416779
1.0650936979704217	4733156224.403385
1.0664250650928846	4688979708.038228
1.0677580964242506	4698167679.075535
1.069092794044781	4730233620.058495
1.0704291600373368	4748940006.129941
1.0717671964873836	4743024132.907772
1.0731069054829927	4723678866.821519
1.0744482891148466	4746080629.758105
1.0757913494762399	4796473958.948394
1.0771360886630854	4821160875.763235
1.078482508773914	4798040421.940079
1.0798306119098815	4734187645.968755
1.081180400174769	4692722674.907705
1.0825318756749873	4721632565.679513
1.0838850405195808	4774429092.219517
1.0852398968202304	4801237544.020121
1.0865964466912557	4798765086.618081
1.0879546922496197	4779741154.3057165
1.0893146356149317	4777655668.293199
1.0906762789094504	4786164302.916351
1.0920396242580872	4788124394.68375
1.0934046737884098	4811258348.314419
1.0947714296306452	4824524419.641217
1.0961398939176834	4774928714.583192
1.0975100687850805	4733840855.118797
1.098881956371062	4746216763.571461
1.1002555588165257	4759418558.382342
1.1016308782650464	4714755616.820615
1.1030079168628775	4574970147.878245
1.104386676758956	4418785501.973259
1.1057671601049048	4358015890.540864
1.1071493690550358	4379722605.274042
1.1085333057663547	4436944621.101116
1.1099189723985625	4501586499.719125
1.1113063711140607	4520765451.906974
1.1126955040779534	4530213105.775389
1.1140863734580506	4561096626.796103
1.1154789814248731	4548871720.405599
1.1168733301516542	4538188764.630842
1.1182694218143439	4547217376.380623
1.1196672585916116	4533202149.78813
1.1210668426648513	4554851415.3162565
1.122468176218182	4604768142.673098
1.123871261438455	4596769199.6981945
1.125276100515253	4532630884.732048
1.126682695640897	4544711069.219903
1.128091049010448	4614439707.293788
1.129501162821711	4617207626.998745
1.1309130392752382	4616207537.981797
1.1323266805743324	4642696651.806055
1.13374208892505	4645881045.007891
1.1351592665362065	4649478166.152825
1.1365782156193767	4637559095.675492
1.1379989383889009	4568986403.341207
1.139421437061887	4528011027.584078
1.1408457138582142	4563028060.262793
1.142271771000537	4620167886.594905
1.1436996107142876	4654757813.753006
1.1451292352276803	4677648653.861121
1.146560646771715	4685942366.219175
1.1479938475801796	4674371821.912919
1.1494288398896548	4690677336.980957
1.150865625939517	4719333237.082226
1.1523042079719412	4729911403.135774
1.1537445882319062	4731257771.823451
1.155186768967196	4730397259.425665
1.156630752428405	4729246960.939289
1.1580765408689404	4710747338.451667
1.1595241365450264	4650828818.509517
1.1609735417157079	4596669918.030639
1.1624247586428524	4612812259.787052
1.163877789591156	4637008403.95557
1.165332636828145	4663026298.587534
1.16678930262418	4690365320.075688
1.1682477892524603	4654436084.830737
1.1697080989890258	4626514003.340063
1.1711702341127619	4657500291.16164
1.1726341969054028	4685042065.756753
1.1740999896515347	4689779539.292413
1.1755676146385992	4672419244.518356
1.1770370741568972	4597622923.220172
1.1785083704995933	4539603817.724826
1.1799815059627177	4582227767.787421
1.1814564828451712	4608530645.286426
1.1829333034487275	4566450472.332482
1.1844119700780384	4589139414.419739
1.185892485040636	4644210017.526751
1.1873748506469368	4587479074.52595
1.1888590692102454	4492999181.181366
1.1903451430467582	4533581664.529136
1.1918330744755665	4624886816.7367935
1.193322865818661	4638751080.990455
1.1948145194009343	4590353584.076054
1.1963080375501856	4497433915.187676
1.197803422597123	4437738103.033475
1.1993006768753696	4498249325.40664
1.2007998027214637	4583355552.470559
1.2023008024748656	4589209632.494914
1.203803678477959	4581127273.03287
1.2053084330760564	4595530076.488559
1.2068150686174015	4588560946.380367
1.2083235874531733	4551420922.12782
1.2098339919374896	4553840804.083322
1.2113462844274117	4588174818.02846
1.2128604672829457	4607931854.6396
1.2143765428670494	4619551816.098883
1.2158945135456332	4619278199.2576065
1.2174143816875653	4615080738.459708
1.2189361496646747	4614331561.87194
1.2204598198517553	4610099410.950439
1.2219853946265702	4603521591.102873
1.2235128763698533	4597053589.69085
1.2250422674653156	4593396668.411989
1.2265735702996472	4592138992.175379
1.2281067872625218	4595778601.238748
1.2296419207465998	4597719692.686562
1.231178973147533	4583602626.998092
1.2327179468639673	4566606275.676815
1.2342588442975473	4565113571.809604
1.2358016678529193	4568460974.379767
1.2373464199377353	4570892137.461586
1.2388931029626575	4563588869.198584
1.2404417193413606	4522184967.70265
1.2419922714905374	4429682118.928253
1.2435447618299005	4353375043.647704
1.245099192782188	4373122719.243513
1.2466555667731656	4420233419.065731
1.248213886231632	4428724578.175012
1.2497741535894216	4424044374.679549
1.2513363712814083	4405309882.223945
1.25290054174551	4385539633.527261
1.2544666674226919	4399646914.20875
1.2560347507569702	4392700278.407587
1.2576047941954165	4357564460.383994
1.2591768001881607	4344938817.379218
1.2607507711883958	4349158820.803722
1.2623267096523811	4362534618.093539
1.2639046180394466	4369405939.407147
1.265484498811996	4375250080.194372
1.267066354435511	4377238836.561735
1.2686501873785552	4378814439.160879
1.2702360001127784	4391389744.416656
1.2718237951129194	4386411240.356789
1.2734135748568105	4354185788.698116
1.2750053418253815	4333844924.911904
1.2765990985026632	4353063463.800969
1.2781948473757916	4378376240.045375
1.2797925909350112	4377837220.319274
1.28139233167368	4312670379.163739
1.282994072088272	4245043079.988472
1.2845978146783823	4272279265.9832993
1.2862035619467302	4332982031.951921
1.2878113163991636	4342214595.034679
1.2894210805446624	4294153596.3406334
1.2910328568953433	4261994555.826074
1.2926466479664624	4297845868.451145
1.2942624562764204	4347638014.337532
1.295880284346766	4369701158.883411
1.2975001347021995	4369858085.0951185
1.2991220098705771	4361489386.763442
1.3007459123829153	4350461840.411997
1.3023718447733938	4350579800.045986
1.3039998095793606	4366788074.10016
1.3056298093413348	4377015708.854027
1.3072618466030115	4369425641.408421
1.3088959239112652	4356532374.360247
1.3105320438161543	4321730552.482746
1.3121702088709244	4223983185.6030464
1.313810421632013	4164801230.525269
1.315452684659053	4206205241.557342
1.3170970005148768	4298977908.405472
1.3187433717655204	4363358104.444103
1.3203918009802271	4354939926.939966
1.3220422907314524	4341661996.558576
1.3236948435948666	4349774774.532102
1.3253494621493602	4343347579.148087
1.327006148977047	4312801347.210647
1.3286649066632683	4269122610.352507
1.3303257377965971	4222719524.089876
1.331988644968843	4176435439.730852
1.333653630775054	4148034880.5313573
1.3353206978135228	4127285924.0543222
1.3369898486857896	4106740467.673853
1.3386610859966468	4103967912.993844
1.3403344123541427	4102979806.993763
1.342009830369585	4102291915.4095354
1.3436873426575473	4114641417.374955
1.345366951835869	4129767909.0291567
1.347048660525664	4129182780.1060567
1.348732471351321	4124022108.2618866
1.35041838694051	4108596042.038994
1.3521064099241855	4105619156.951818
1.3537965429365908	4111540827.242693
1.3554887886152616	4106190593.798232
1.3571831496010305	4115477482.182484
1.3588796285380318	4115814955.8310637
1.3605782280737042	4086964047.045391
1.3622789508587965	4058692610.606807
1.36398179954737	4064545525.026799
1.3656867767968042	4102401644.3892307
1.3673938852678	4130852824.5491977
1.3691031276243848	4134834481.764161
1.3708145065339152	4134078506.0975018
1.3725280246670826	4137564810.1599674
1.3742436846979165	4146101477.0225835
1.3759614893037886	4157158927.214113
1.3776814411654184	4158629050.525187
1.3794035429668752	4163913641.8661976
1.3811277973955836	4173946669.536796
1.382854207142328	4160401318.90034
1.384582774901256	4125709324.328821
1.3863135033698826	4096355696.3405385
1.388046395249095	4079413053.350516
1.389781453243156	3958338257.8817263
1.3915186800597101	3743842404.717901
1.3932580784097848	3714595101.1178117
1.3949996510077969	3844760727.2783456
1.3967434005715567	3904781232.3817754
1.3984893298222711	3900245663.6527643
1.4002374414845487	3903219570.1807485
1.4019877382864046	3937166324.825829
1.4037402229592626	3963473725.086004
1.4054948982379614	3963992755.9648905
1.4072517668607587	3948135657.8560767
1.4090108315693348	3930182540.436507
1.4107720951087963	3916313173.712517
1.4125355602276823	3879707680.161767
1.414301229677967	3877128983.085458
1.4160691062150645	3902251492.1622863
1.4178391925978333	3872509117.0653195
1.4196114915885802	3862646086.9839563
1.421386005953066	3890181913.023397
1.4231627384605074	3859529622.163175
1.424941691883583	3791511216.930065
1.4267228689984375	3763980374.6048527
1.4285062725846855	3803883100.2191153
1.4302919054254162	3875217034.6894116
1.4320797703071981	3901848351.5342107
1.4338698700200818	3837622533.4601417
1.435662207357607	3786087781.981453
1.4374567851168039	3820157859.705259
1.4392536060981997	3843668467.394551
1.4410526731058226	3846129756.518505
1.4428539889472047	3866979435.3370395
1.444657556433389	3873115280.902162
1.4464633783789307	3878740296.0493464
1.4482714576019042	3902044835.1750045
1.4500817969239066	3888694996.2989373
1.4518943991700615	3861882338.5811973
1.453709267169024	3862645588.8512945
1.4555264037529851	3841971736.695786
1.4573458117576763	3841138583.7299027
1.4591674940223736	3795093184.283044
1.4609914533899013	3624673718.0960064
1.4628176927066388	3579732994.020959
1.464646214822522	3671663465.25369
1.4664770225910502	3705994100.2469225
1.4683101188692889	3708601218.093222
1.4701455065178752	3711828085.9726973
1.4719831884010226	3738619878.458302
1.473823167386524	3759562102.3369017
1.475665446345757	3750839821.272375
1.4775100281536893	3768377636.386773
1.4793569156888815	3793763249.7059827
1.4812061118334923	3809105521.159522
1.4830576194732843	3847392915.1256266
1.4849114414976257	3864783822.195193
1.4867675807994976	3772889262.3959394
1.4886260402754972	3688915054.833751
1.4904868228258412	3771560352.0843205
1.4923499313543735	3887846069.29801
1.4942153687685666	3936100266.4758377
1.4960831379795272	3969106677.4085374
1.4979532419020016	3987333708.3208365
1.499825683454379	3925731857.9329166
1.501700465558697	3744957898.6695814
1.5035775911406453	3581400215.9377117
1.505457063129571	3621435453.5411973
1.5073388844584832	3813759648.408677
1.509223058064056	3940252964.3737082
1.5111095868866362	3947047441.5610213
1.5129984738702444	3915916393.388377
1.5148897219625823	3916966873.9486756
1.5167833341150354	3946940013.083868
1.5186793132826792	3973766864.3002357
1.5205776624242824	4013142897.95263
1.5224783845023127	4034948326.2365026
1.5243814824829407	4022163844.619189
1.5262869593360442	3987630832.554743
1.5281948180352143	3963624940.429167
1.530105061557758	4003196657.8607545
1.5320176928847054	4043236548.432493
1.5339327150008113	4053336556.641623
1.5358501308945622	4041510758.6496286
1.5377699435581802	3905292199.48204
1.539692155987628	3790634995.8412714
1.5416167711826123	3832694318.9284935
1.5435437921465909	3953686559.4014006
1.5454732218867737	4098216186.200166
1.5474050634141323	4154763647.4892426
1.5493393197434	4126150325.1792345
1.5512759938930791	4095991842.0328236
1.5532150888854455	4071483281.038232
1.5551566077465522	4015893573.017622
1.5571005535062357	3942736075.7556353
1.5590469291981182	3933746758.1815634
1.5609957378596158	4002835741.487967
1.5629469825319402	4055652990.0581584
1.5649006662601053	4077765822.6085534
1.5668567920929302	4116427009.2159657
1.5688153630830464	4145934359.629283
1.5707763822869003	4140801354.304133
1.5727398527647587	4085115905.215143
1.5747057775807147	3974787749.3500247
1.5766741598026903	3851695269.435342
1.5786450025024439	3876343838.999535
1.5806183087555719	4027504492.120918
1.582594081641516	4081342692.1602135
1.5845723242435679	4117316635.648444
1.5865530396488725	4157248233.8680625
1.5885362309484334	4039068248.203403
1.5905219012371192	3966883660.111789
1.5925100536136656	4126726344.4253836
1.5945006911806823	4279522974.8419027
1.5964938170446583	4232312256.952827
1.5984894343159641	4117813656.437859
1.6004875461088588	4105425480.7365355
1.602488155541495	4142614468.461755
1.6044912657359218	4141527109.973059
1.6064968798180916	4147313444.809691
1.608505000917864	4228942518.471135
1.6105156321690117	4332484168.763793
1.612528776709223	4331151510.949932
1.6145444376801092	4218931360.3112483
1.6165626182272093	4127570216.832043
1.6185833214999934	3989521593.2625313
1.6206065506518683	3794751577.722811
1.622632308840183	3819196261.7282586
1.624660599226233	4004098510.009013
1.626691424975266	4191415481.719321
1.6287247892564851	4325969071.583546
1.6307606952430556	4334857778.5821085
1.6327991461121094	4320278643.175364
1.6348401450447496	4304815028.579333
1.6368836952260553	4235015518.2286935
1.638929799845088	4136623808.4819193
1.6409784620948942	4095466863.378427
1.6430296851725128	4127632178.0837216
1.6450834722789784	4132943833.532889
1.647139826619327	4168185394.308822
1.6491987514026012	4264325094.4841557
1.6512602498418545	4322675111.977073
1.6533243251541565	4296871851.86243
1.655390980560599	4288153939.282385
1.6574602192863002	4324051463.213397
1.6595320445604078	4281349640.0611506
1.6616064596161082	4141718698.6149845
1.6636834676906282	4018118686.3508463
1.6657630720252417	4001475750.055794
1.667845275865273	4069327948.8355327
1.6699300824601049	4092984704.1542473
1.6720174950631799	4010037499.579895
1.6741075169320085	3960482914.336205
1.6762001513281735	4017610796.5860105
1.678295401517334	4172163804.65942
1.6803932707692304	4260084376.2880573
1.6824937623576919	4177255147.642983
1.6845968795606392	4053980930.0145917
1.6867026256600899	3952507964.3472977
1.6888110039421647	3889078818.444585
1.6909220176970923	3927454784.9401054
1.6930356702192138	4061963603.8586664
1.695151964806988	4126746465.4408126
1.6972709047629964	4074967910.523241
1.6993924933939502	3992501215.995792
1.7015167340106927	3948926233.7735357
1.7036436299282058	3971322344.6670756
1.705773184465616	3930079276.527796
1.707905400946198	3789902209.3510923
1.7100402826973808	3614343244.641555
1.7121778330507527	3588024299.7634883
1.7143180553420658	3773853837.847338
1.7164609529112433	3851244835.170693
1.7186065291023824	3792882473.3371067
1.7207547872637603	3756782564.5845184
1.72290573074784	3711648101.918679
1.725059362911275	3693190203.593642
1.7272156871149138	3712067536.0168257
1.7293747067238074	3678947700.7819843
1.731536425107212	3577280388.633779
1.733700845638596	3507738234.8526406
1.7358679716956442	3545729106.553164
1.7380378066602638	3580826827.2621517
1.7402103539185891	3531980209.823701
1.7423856168609873	3504499988.425085
1.7445635988820634	3560807074.4973598
1.746744303380666	3596488579.3188534
1.7489277337598916	3557018186.0220704
1.7511138934270916	3500898955.8128104
1.7533027857938754	3452346454.081375
1.7554944142761177	3427899264.798095
1.7576887822939626	3420747997.0437274
1.75988589327183	3372332328.945075
1.76208575063842	3327073621.4765387
1.764288357826718	3332664903.0354505
1.7664937182740013	3310588324.114359
1.7687018354218438	3274099357.118621
1.770912712716121	3262430517.194352
1.773126353607016	3254246192.0317874
1.7753427615490247	3227552675.191763
1.7775619400009608	3183059453.7027245
1.7797838924259624	3168658185.1514874
1.7820086222914944	3142848102.99678
1.7842361330693588	3084031453.4679923
1.7864664282356955	3073284989.8579416
1.78869951127099	3137051087.811937
1.790935385660079	3165743578.5628633
1.793174054892154	3124080918.716862
1.7954155224607689	3109734907.443693
1.7976597918638448	3108693982.865373
1.7999068666036746	3035587800.894187
1.8021567501869293	2918936197.891464
1.804409446124663	2877275926.6821556
1.8066649579323186	2926428457.3090014
1.8089232891297338	2957123925.4769406
1.8111844432411461	2929592857.3700824
1.8134484237951976	2933888480.756395
1.8157152343249414	2958668018.2960143
1.8179848783678474	2929743498.266302
1.8202573594658071	2885996731.2503195
1.8225326811651397	2899530460.613475
1.824810847016596	2902728404.0183425
1.8270918605753668	2816126912.4114957
1.8293757254010856	2765134780.286129
1.831662445057837	2807500219.731548
1.8339520231141593	2840286493.5337358
1.836244463143052	2818288138.077017
1.8385397687219809	2768948050.126652
1.840837943432883	2700911562.2657337
1.8431389908621743	2651113823.832527
1.8454429146007518	2649898750.5222707
1.8477497182440028	2654471295.06723
1.8500594053918078	2665920601.7181115
1.8523719796485476	2654350736.317117
1.8546874446231079	2598785912.2773724
1.857005803928887	2532649328.3931866
1.8593270611837978	2505977186.905044
1.8616512200102777	2540977507.3705606
1.8639782840352905	2574134838.395399
1.8663082568903346	2594722729.989878
1.8686411422114473	2623189252.6633725
1.8709769436392114	2597062993.7373
1.8733156648187608	2528890477.833108
1.875657309399784	2512477644.400143
1.8780018810365335	2526786500.9852033
1.8803493833878293	2570463013.2844834
1.882699820117064	2601187382.016833
1.8850531948922105	2539897026.4094167
1.8874095113858254	2486175837.3325496
1.8897687732750577	2463105452.5492244
1.8921309842416516	2433116370.4190116
1.8944961479719535	2463285129.983991
1.8968642681569183	2507660826.4035935
1.8992353484921145	2521594572.4197626
1.9016093926777295	2527332030.9397607
1.9039864044185768	2489821722.4860272
1.9063663874241	2452963769.936031
1.90874934540838	2444788895.2008867
1.9111352820901404	2441250127.906146
1.913524201192753	2474881195.951917
1.9159161064442438	2491765844.99787
1.918311001577299	2472787250.7834873
1.9207088903292706	2465946326.4602385
1.9231097764421823	2464247062.0007663
1.925513663662735	2452206634.338719
1.9279205557423134	2402124066.860805
1.9303304564369912	2277799214.6180344
1.9327433695075371	2222773058.80879
1.9351592987194217	2330503680.850083
1.9375782478428212	2406131207.1831245
1.9400002206526246	2380049732.2988734
1.9424252209284403	2303403164.288759
1.9448532524546007	2158709034.449932
1.947284319020169	2099696616.298133
1.949718424418944	2144756964.0585952
1.9521555724494677	2183660291.188555
1.9545957669150293	2266664278.2244916
1.957039011623673	2339221888.522519
1.9594853103882026	2332402963.9277554
1.961934667026188	2275300014.2218866
1.9643870853599705	2264204621.2831697
1.9668425692166707	2312863281.2274446
1.969301122428191	2324384812.9688554
1.9717627488312266	2263866437.9039845
1.9742274522672654	2149553679.2702045
1.9766952365825994	1982241860.7624063
1.9791661056283276	1918119313.307692
1.981640063260363	2039099341.0739462
1.9841171133394384	2084828705.5510964
1.9865972597311126	2016899721.6958065
1.9890805063057764	2043449369.1610694
1.9915668569386586	2080273970.0105546
1.9940563155098319	2057374879.0608456
1.9965488859042193	2060406850.880289
1.9990445720115995	2089938836.869717
2.001543377726614	2120243956.7516413
2.0040453069487723	2129435231.5413053
2.006550363582458	2125612849.1163104
2.009058551536936	2111725750.0101786
2.0115698747263573	2094129767.4015484
2.014084337069765	2082083641.6765418
2.016601942491102	2059711650.318306
2.0191226949192163	2027620994.7976985
2.021646598287865	2021375259.9237916
2.0241736565357247	2031665681.6326127
2.0267038736063943	2013751493.1926522
2.029237253448402	1995332939.0773838
2.0317738000152126	2017332088.9285023
2.0343135172652316	2028230803.7643638
2.036856409161813	2014783788.809931
2.039402479673265	2012117903.4869897
2.041951732772857	2010927383.152193
2.0445041724388227	2002315380.8094668
2.0470598026543714	1996558949.694467
2.0496186274076895	1994602763.3297331
2.0521806506919487	1971306092.8644633
2.0547458765053137	1941128365.376113
2.057314308850945	1945502127.1024506
2.0598859517370087	1950885854.726869
2.06246080917668	1910915127.7533953
2.065038885188151	1886481233.0903175
2.067620183794636	1911772350.8817484
2.0702047090243796	1925592974.598369
2.0727924649106595	1914668784.5104122
2.075383455491798	1915193247.2334335
2.0779776848111626	1923190122.642829
2.0805751569171766	1914916002.9563298
2.083175875863323	1889612201.3928442
2.085779845708152	1873892938.1954832
2.0883870705152874	1882338101.1937876
2.0909975543534314	1896268917.0652118
2.093611301296373	1885026180.8953533
2.0962283154229935	1858336424.9205391
2.098848600817272	1860682836.7001867
2.1014721615682936	1881331285.3361285
2.104099001770254	1886062297.8541994
2.1067291255224667	1864865504.377341
2.10936253692937	1840556407.3725233
2.1119992401005314	1846085219.670146
2.114639239150657	1848381716.028322
2.1172825381995954	1821125242.9482362
2.119929141372345	1811568138.1846976
2.1225790527990602	1822690778.2173
2.125232276615059	1828798152.9278967
2.1278888169608274	1834440657.397088
2.130548677982029	1841683409.6457589
2.1332118638295063	1842951679.904695
2.1358783786592928	1833691655.1561131
2.1385482266326172	1828152665.4323752
2.141221411915908	1828875927.682575
2.1438979386808024	1830451248.4388177
2.1465778111041534	1829150062.522472
2.1492610333680338	1819325748.3819556
2.1519476096597434	1804547941.0474465
2.1546375441718184	1797356703.4712086
2.157330841102033	1799549186.3779228
2.1600275046534105	1802029671.3056278
2.1627275390342273	1802041423.036932
2.16543094845802	1796704721.2269266
2.168137737143592	1792077685.7627788
2.1708479093150217	1788923756.7059855
2.1735614692016654	1775194440.0750003
2.1762784210381674	1746839681.5534034
2.178998769064465	1725653849.6892343
2.1817225175257957	1732019318.8727152
2.184449670672703	1742517133.8018222
2.187180232761044	1733648680.6039715
2.1899142080519947	1724163220.0279
2.19265160081206	1735839338.5347574
2.1953924153130746	1745638504.7191129
2.198136655832216	1738109894.589776
2.200884326652006	1722789140.851481
2.203635432060321	1694814601.6990108
2.2063899763503967	1658058571.3384645
2.2091479638208344	1658401758.091266
2.2119093987756107	1695435943.9944801
2.21467428552408	1718781075.8595755
2.217442628380985	1717148717.5285776
2.2202144316664616	1697983323.4890418
2.2229896997060443	1678849057.3637
2.225768436830677	1655285328.3399177
2.2285506473767147	1627220027.896915
2.2313363356859357	1630428302.2814987
2.2341255061055434	1654099828.3990514
2.236918162988175	1658884524.7066715
2.23971431069191	1648533368.885277
2.2425139535802754	1644337934.0779424
2.24531709602225	1642643707.2133584
2.248123742392278	1639797501.9633963
2.2509338970702686	1639179461.9495497
2.253747564441606	1632474400.2592387
2.256564748897158	1626208195.2868867
2.2593854548332795	1610700279.431883
2.262209686651821	1570932242.1038814
2.2650374487601357	1552872433.0699694
2.2678687455710858	1573841851.6112244
2.27070358150305	1590696138.7925527
2.2735419609799283	1590075640.1124744
2.276383888431153	1581551159.6323917
2.279229368291692	1560324749.4048133
2.2820784050020566	1538596250.706287
2.2849310030083094	1546606528.6843007
2.2877871667620697	1560554984.6686254
2.290646900720522	1515442118.3749628
2.293510209346423	1379694956.147147
2.2963770971081057	1287276148.9703667
2.299247568479491	1333857188.8972654
2.3021216279400902	1399541933.9684913
2.304999279975015	1415414214.4642127
2.3078805290749838	1415579943.011439
2.3107653797363277	1413873236.0186722
2.3136538364609978	1406836913.5530665
2.316545903756574	1403231212.004642
2.3194415861362696	1374586624.8156636
2.32234088811894	1275001987.973784
2.3252438142290885	1201693598.020012
2.3281503689968748	1231495397.3810532
2.331060556958121	1277655133.8104882
2.3339743826543184	1297509646.9801364
2.3368918506326364	1294341015.3799586
2.339812965445927	1285100028.689446
2.342737731652734	1279170219.0488157
2.3456661538173003	1263391137.0012753
2.348598236509572	1238963007.550211
2.3515339843052088	1166943194.1815288
2.35447340178559	1093961265.6404748
2.357416493537822	1114234027.3945055
2.3603632641547443	1165053236.9239185
2.3633137182349375	1188829029.165936
2.366267860382731	1205150531.7500668
2.3692256952082094	1212726289.611015
2.37218722732722	1196321055.7707384
2.375152461361379	1171014800.8818798
2.3781214019380803	1159032654.9694018
2.381094053690503	1111731538.439346
2.384070421257616	1032076305.4730843
2.387050509284188	1021476880.1698669
2.390034322420793	1064981601.8000966
2.393021865323819	1092651084.6254482
2.3960131426554736	1105924128.8924904
2.399008159083793	1108047948.7643976
2.402006919282648	1098351851.015564
2.405009427931751	1080680213.844388
2.408015689716666	1067652975.1266671
2.411025709328811	1043577412.500023
2.414039491465472	981183163.2788153
2.417057040829804	948760174.0714248
2.420078362130841	979043284.4628208
2.423103460083505	1005240871.4106605
2.426132339408609	1008985570.8500159
2.42916500483287	1009836536.6978656
2.432201461088911	1006106230.5720513
2.4352417129152717	990328745.8656285
2.438285765056416	979751020.4033585
2.441333622262736	973206874.4974554
2.444385289290565	941588466.0066779
2.447440770902178	894608061.2745929
2.4505000718658057	875740080.3726319
2.4535631969556375	882779701.7491864
2.456630150951832	897412000.2902743
2.459700938640522	908769710.7659683
2.4627755648138225	912857276.9625984
2.4658540342698396	910453831.6129731
2.468936351812677	898795594.3239131
2.4720225222524426	886470290.4739977
2.475112550405258	873637474.3694794
2.4782064410932647	845808179.6875505
2.481304199144631	797402232.6573722
2.484405829393562	715909206.9046247
2.4875113366803037	607516483.4701899
2.490620725851154	548171645.8555295
2.4937340017584684	508677715.1493976
2.4968511692606663	403873724.3441881
