#wavelength (micron)	surface_flux (erg / (cm2 micron s))
0.7	1659076517.8294265
0.7008749999999999	2468147206.7780275
0.70175109375	2906538347.0048447
0.7026282826171873	2967540045.8840847
0.7035065679704589	3012077993.8518047
0.7043859511804219	3056293292.979228
0.7052664336193974	3003176617.1245418
0.7061480166614217	2867912004.673614
0.7070307016822485	2842784708.5800586
0.7079144900593511	2885731784.1560507
0.7087993831719255	2820408570.1326237
0.7096853824008903	2732861129.395797
0.7105724891288914	2735952171.0020876
0.7114607047403024	2774471479.4825397
0.7123500306212278	2749476963.1897845
0.7132404681595043	2628279720.934372
0.7141320187447037	2575970352.1389747
0.7150246837681346	2647883779.6347523
0.7159184646228446	2736172698.1230783
0.7168133627036232	2804902271.829764
0.7177093794070027	2843367126.1664104
0.7186065161312616	2854567248.998419
0.7195047742764256	2868188694.341626
0.7204041552442711	2859495341.74572
0.7213046604383263	2874001223.204304
0.7222062912638743	2989498986.626948
0.723109049127954	3101805507.4319935
0.7240129354393641	3119166032.924741
0.7249179516086632	3095913051.367159
0.725824099048174	3112924383.2032914
0.7267313791719842	3163125453.269323
0.7276397933959492	3200354044.4899645
0.728549343137694	3226658250.949676
0.7294600298166162	3257974364.1085124
0.730371854853887	3283129587.983261
0.7312848196724542	3281368586.3054037
0.7321989256970448	3275598657.334603
0.7331141743541661	3298805217.3222375
0.7340305670721088	3326957884.498843
0.7349481052809489	3302102024.249827
0.7358667904125501	3240918272.3062687
0.7367866239005658	3278542204.2889
0.7377076071804415	3381188750.707746
0.738629741689417	3381293694.876994
0.7395530288665286	3341989671.8234468
0.7404774701526119	3350177387.5704083
0.7414030669903027	3342000306.795631
0.7423298208240404	3333885637.7031717
0.7432577331000705	3367326232.95659
0.7441868052664457	3391097100.6029186
0.7451170387730286	3400640439.9143443
0.7460484350714948	3403718084.496366
0.7469809956153342	3406896536.674097
0.7479147218598534	3434867458.7506804
0.7488496152621781	3426775082.729854
0.7497856772812559	3398318107.3038464
0.7507229093778575	3428419937.279471
0.7516613130145797	3467375306.1082973
0.7526008896558479	3488182225.1771016
0.7535416407679177	3513523325.5989685
0.7544835678188776	3534483689.890434
0.7554266722786511	3534022408.36232
0.7563709556189995	3527220196.969768
0.7573164193135232	3526047303.220198
0.758263064837665	3495513132.22697
0.7592108936687122	3474540362.912215
0.760159907285798	3493968117.091027
0.7611101071699052	3481904588.657354
0.7620614948038675	3457572575.9899874
0.7630140716723723	3480353510.112311
0.7639678392619629	3502754605.2384257
0.7649227990610402	3482564432.5480227
0.7658789525598665	3396476639.0740004
0.7668363012505663	3330932797.1861043
0.7677948466271296	3387158412.5498533
0.7687545901854135	3440789332.590644
0.7697155334231451	3412485651.9421086
0.7706776778399241	3384456339.049114
0.771641024937224	3384535953.7220874
0.7726055762183955	3407043129.375915
0.7735713331886686	3444628615.6615367
0.7745382973551542	3430098386.4654927
0.7755064702268482	3410190697.6620092
0.7764758533146318	3447908017.609937
0.7774464481312751	3473935498.5103545
0.7784182561914391	3461623244.5390515
0.7793912790116784	3457082924.300972
0.780365518110443	3492487234.3771634
0.781340975008081	3528881718.776974
0.782317651226841	3522548130.519513
0.7832955482908746	3486957374.525133
0.7842746677262382	3470364347.8472476
0.7852550110608959	3481310016.251527
0.7862365798247221	3512774136.7824197
0.7872193755495029	3544724245.892176
0.7882033997689398	3544725934.02346
0.7891886540186509	3541047491.578032
0.7901751398361742	3534357756.1141243
0.7911628587609694	3500610669.8812094
0.7921518123344207	3497741839.577542
0.7931420020998386	3512388558.927371
0.7941334296024635	3476072305.157948
0.7951260963894664	3467329432.9308906
0.7961200040099533	3531291227.347006
0.7971151540149657	3572608439.258309
0.7981115479574844	3563108994.109715
0.7991091873924312	3553644975.9116073
0.8001080738766717	3558663221.907559
0.8011082089690176	3581891261.7140336
0.8021095942302288	3582991265.9440546
0.8031122312230166	3564933828.264175
0.8041161215120453	3558870707.218747
0.8051212666639354	3547407359.402361
0.8061276682472652	3540447233.14465
0.8071353278325744	3506587208.223396
0.808144246992365	3503180534.8833985
0.8091544273011054	3554940807.5108237
0.8101658703352317	3586180258.3516865
0.8111785776731507	3596257659.1412034
0.8121925508952421	3599270534.361639
0.8132077915838613	3609243306.247602
0.8142243013233411	3623547201.3067536
0.8152420816999951	3632706755.4676447
0.8162611343021202	3635481132.8934913
0.8172814607199979	3632254733.2261295
0.8183030625458978	3592162747.487232
0.8193259413740802	3534261293.7409134
0.8203500988007977	3516093672.0713396
0.8213755364242987	3541975173.2373405
0.8224022558448291	3583733628.542606
0.8234302586646352	3600639117.1459866
0.8244595464879658	3598436855.8335333
0.8254901209210758	3613262494.4900327
0.8265219835722272	3641738997.994377
0.8275551360516924	3657550927.2145896
0.8285895799717569	3650411500.184906
0.8296253169467216	3619408460.904888
0.830662348592905	3571872097.499737
0.8317006765286461	3548286260.910577
0.8327403023743069	3528455361.018059
0.8337812277522748	3515338363.0303082
0.834823454286965	3518045982.561826
0.8358669836048238	3491170209.984062
0.8369118173343297	3466468662.326676
0.8379579571059977	3409262281.552715
0.8390054045523802	3361898405.256786
0.8400541613080706	3435989510.36524
0.8411042290097056	3501025782.058995
0.8421556092959678	3450161680.800857
0.8432083038075878	3366829322.5717998
0.8442623141873472	3379737952.0086956
0.8453176420800813	3463679881.5512447
0.8463742891326813	3482248711.723174
0.8474322569940972	3491030618.8626585
0.8484915473153398	3525964221.5594964
0.8495521617494839	3477505306.727243
0.8506141019516709	3416708645.737701
0.8516773695791103	3422336738.4965296
0.8527419662910842	3453253716.9684334
0.853807893748948	3387649581.2610106
0.8548751536161342	3335192119.978152
0.8559437475581545	3482480433.9785514
0.857013677242602	3596948636.211393
0.8580849443391553	3595673068.2825966
0.8591575505195791	3606072758.0713553
0.8602314974577286	3613298709.2255597
0.8613067868295508	3590124298.3875737
0.8623834203130877	3591981075.2591343
0.8634613995884791	3632942018.588032
0.8645407263379646	3640345483.691545
0.8656214022458871	3536145274.3812885
0.8667034289986943	3407441587.1526847
0.8677868082849427	3384293450.9857707
0.8688715417952989	3413766208.9677033
0.869957631222543	3499893820.224076
0.8710450782615712	3603654169.295157
0.872133884609398	3628465978.5729456
0.8732240519651597	3615180309.05791
0.8743155820301162	3610897238.389895
0.8754084765076539	3603899589.962572
0.8765027371032884	3582123054.557908
0.8775983655246675	3594018288.306408
0.8786953634815732	3631064101.798381
0.8797937326859253	3616760523.0163946
0.8808934748517826	3568781170.0036144
0.8819945916953473	3557215273.587447
0.8830970849349664	3571990456.619935
0.8842009562911352	3607670319.436739
0.8853062074864991	3647492296.2813907
0.8864128402458572	3637228782.2011156
0.8875208562961645	3619759777.361954
0.8886302573665347	3638562678.3273287
0.8897410451882428	3657581278.2036586
0.8908532214947281	3658385272.077764
0.8919667880215966	3643060916.5874915
0.8930817465066233	3625561552.5801535
0.8941980986897567	3617701032.9250607
0.8953158463131189	3626810998.054277
0.8964349911210102	3640114284.1378427
0.8975555348599115	3626172689.2204766
0.8986774792784863	3603383025.801426
0.8998008261275845	3577863216.383064
0.9009255771602438	3546339606.8253922
0.9020517341316941	3541751117.589493
0.9031792987993587	3579088228.492311
0.9043082729228579	3630978340.5936046
0.9054386582640114	3661323330.716019
0.9065704565868414	3668250813.579094
0.907703669657575	3637259997.9304976
0.908838299244647	3563305515.3709745
0.9099743471187027	3555169325.9849467
0.9111118150526011	3609063236.6063757
0.9122507048214169	3631851945.7655563
0.9133910182024435	3644922413.7201376
0.9145327569751966	3648269391.5108643
0.9156759229214156	3639704434.3993597
0.9168205178250673	3626680145.9351816
0.9179665434723485	3621577570.890502
0.919114001651689	3629896397.8376026
0.9202628941537536	3620390938.1457396
0.9214132227714458	3604109918.647869
0.92256498929991	3605732416.6273146
0.9237181955365349	3600197489.19351
0.9248728432809555	3576072563.9200625
0.9260289343350568	3570546030.5579553
0.9271864705029755	3586577921.671504
0.9283454535911042	3583210074.7714133
0.9295058854080931	3572124956.2769494
0.9306677677648533	3591108499.8541803
0.9318311024745591	3614499935.137926
0.9329958913526524	3621111800.050023
0.9341621362168431	3619058866.93443
0.9353298388871142	3593644735.458043
0.936499001185723	3564396094.3569517
0.9376696249372052	3575983930.0670137
0.9388417119683766	3601902301.9351783
0.9400152641083371	3599538679.638923
0.9411902831884725	3579212315.816752
0.942366771042458	3576986982.7553515
0.9435447295062611	3580381968.0458045
0.9447241604181439	3567156996.853073
0.9459050656186665	3578966831.7788377
0.9470874469506899	3606577880.650767
0.9482713062593783	3614327871.5936675
0.9494566453922024	3614650772.640832
0.9506434661989427	3613415546.186578
0.9518317705316914	3612392843.5716724
0.9530215602448558	3604528852.0922246
0.9542128371951619	3561518418.8365507
0.9554056032416559	3532351728.903846
0.9565998602457079	3553036136.3833303
0.957795610071015	3569142903.8505583
0.9589928545836038	3567122343.1804857
0.9601915956518332	3554837829.648964
0.961391835146398	3571296791.770926
0.9625935749403309	3579927417.560506
0.9637968169090064	3504134195.9065313
0.9650015629301427	3426179442.747341
0.9662078148838052	3415738336.1661243
0.9674155746524099	3415133000.491332
0.9686248441207255	3423653369.9477277
0.9698356251758764	3453965668.457906
0.9710479197073462	3455760234.9957685
0.9722617296069803	3434428810.2671485
0.9734770567689891	3416441463.580203
0.9746939030899503	3433406407.8633733
0.9759122704688127	3487107881.626128
0.9771321608068987	3478957915.3775573
0.9783535760079072	3414158753.2724447
0.9795765179779171	3442936059.6894774
0.9808009886253894	3533142845.0117264
0.9820269898611712	3556589622.3560243
0.9832545235984976	3545203680.4646077
0.9844835917529957	3561932294.477254
0.985714196242687	3581790468.636092
0.9869463389879902	3581827143.3720717
0.9881800219117253	3575041834.1650076
0.989415246939115	3560356569.6085477
0.9906520159977886	3533257279.923821
0.9918903310177859	3507058586.982079
0.9931301939315581	3500011931.181873
0.9943716066739725	3512460660.0268846
0.995614571182315	3527541705.940988
0.996859089396293	3535600818.694324
0.9981051632580382	3534673272.5358143
0.9993527947121108	3513020716.4321275
1.0006019857055009	3485409577.672748
1.0018527381876328	3493718479.1630244
1.0031050541103672	3503569884.78733
1.0043589354280051	3477244342.8768153
1.0056143840972902	3444256617.6582355
1.0068714020774117	3448535009.993728
1.0081299913300084	3490261396.88513
1.009390153819171	3520265185.220792
1.0106518915114449	3522742628.0897593
1.011915206375834	3512512838.9533367
1.013180100383804	3499475342.737129
1.0144465755092837	3471701005.646224
1.0157146337286702	3451199982.1431804
1.016984277020831	3464421129.5470524
1.0182555073671071	3474987782.5628176
1.0195283267513158	3467997278.7806926
1.020802737159755	3470516945.1820855
1.0220787405812046	3482700813.3798046
1.0233563390069311	3500025582.8356895
1.0246355344306899	3509498432.842223
1.025916328848728	3493929379.7952046
1.027198724259789	3477957049.076739
1.0284827226651139	3481343493.63463
1.0297683260684452	3491279942.191875
1.0310555364760305	3494486051.744763
1.0323443558966257	3467030627.28524
1.0336347863414963	3411222690.0957794
1.0349268298244232	3403604836.57575
1.0362204883617037	3453007150.283789
1.0375157639721557	3468587969.180195
1.0388126586771211	3430588467.3459
1.0401111745004674	3403634120.4428654
1.041411313468593	3425583818.6684284
1.0427130776104288	3448758164.4234366
1.0440164689574416	3464810770.171114
1.0453214895436385	3478823012.1705184
1.046628141405568	3465508920.4344535
1.0479364265823248	3450172648.9821115
1.0492463471155529	3430776791.059424
1.0505579050494471	3417458946.9347067
1.051871102430759	3431660616.199461
1.0531859413087974	3452113314.1816435
1.0545024237354332	3463223071.604357
1.0558205517651027	3463066828.07357
1.0571403274548088	3438814001.835315
1.0584617528641274	3392303644.580461
1.0597848300552075	3370030315.6639795
1.0611095610927765	3382345554.238022
1.0624359480441425	3418911286.0784354
1.0637639929791975	3444927171.582314
1.0650936979704217	3415373573.9872074
1.0664250650928846	3365592819.632476
1.0677580964242506	3355949572.5297604
1.069092794044781	3378584709.2648945
1.0704291600373368	3393622908.208168
1.0717671964873836	3374853261.857502
1.0731069054829927	3336353036.5003815
1.0744482891148466	3351059547.0738773
1.0757913494762399	3393579210.4640203
1.0771360886630854	3392292010.425364
1.078482508773914	3365666287.9608593
1.0798306119098815	3361443823.288734
1.081180400174769	3364436478.9088883
1.0825318756749873	3362821000.078042
1.0838850405195808	3382924279.9456606
1.0852398968202304	3402235464.0304623
1.0865964466912557	3388981662.8986545
1.0879546922496197	3364656625.1986156
1.0893146356149317	3363925745.380563
1.0906762789094504	3368246684.545659
1.0920396242580872	3363877159.293918
1.0934046737884098	3372181379.231365
1.0947714296306452	3376592684.2754726
1.0961398939176834	3349707758.5441833
1.0975100687850805	3320154917.826839
1.098881956371062	3323533209.253575
1.1002555588165257	3338176323.4830637
1.1016308782650464	3336200373.642985
1.1030079168628775	3334130593.1031985
1.104386676758956	3339132288.1297507
1.1057671601049048	3339045563.283884
1.1071493690550358	3335701595.983752
1.1085333057663547	3336928871.1733084
1.1099189723985625	3338954746.860479
1.1113063711140607	3329372676.2955317
1.1126955040779534	3319431846.7876
1.1140863734580506	3320884900.5867453
1.1154789814248731	3314739444.739833
1.1168733301516542	3312930167.4355016
1.1182694218143439	3321514303.109163
1.1196672585916116	3316221284.0896235
1.1210668426648513	3316044448.047985
1.122468176218182	3323431043.4517307
1.123871261438455	3303217478.8021564
1.125276100515253	3267042727.483732
1.126682695640897	3275926261.8794117
1.128091049010448	3299967877.8886137
1.129501162821711	3284670047.064672
1.1309130392752382	3280466578.027306
1.1323266805743324	3301201989.6991353
1.13374208892505	3308205834.425909
1.1351592665362065	3306166627.299778
1.1365782156193767	3287841310.834625
1.1379989383889009	3243120652.8284936
1.139421437061887	3227396226.480338
1.1408457138582142	3243997935.1781883
1.142271771000537	3246741682.0078425
1.1436996107142876	3246835655.7611017
1.1451292352276803	3270362916.5730186
1.146560646771715	3287844728.0273676
1.1479938475801796	3280351006.2934847
1.1494288398896548	3283109043.47668
1.150865625939517	3293286112.121128
1.1523042079719412	3295729160.2925286
1.1537445882319062	3297788579.307968
1.155186768967196	3297551199.8069263
1.156630752428405	3290305477.129467
1.1580765408689404	3268650619.348077
1.1595241365450264	3223029840.0619087
1.1609735417157079	3190547254.833932
1.1624247586428524	3207484271.7336187
1.163877789591156	3223402058.199515
1.165332636828145	3239940079.4400287
1.16678930262418	3260278292.409018
1.1682477892524603	3239049678.113117
1.1697080989890258	3223991911.061508
1.1711702341127619	3249336994.9929943
1.1726341969054028	3269475164.414172
1.1740999896515347	3270178091.6828556
1.1755676146385992	3260772518.104225
1.1770370741568972	3218026127.8403687
1.1785083704995933	3172118552.40274
1.1799815059627177	3189341578.509426
1.1814564828451712	3215620753.2172976
1.1829333034487275	3200466580.0346813
1.1844119700780384	3211778602.0788355
1.185892485040636	3236120425.598675
1.1873748506469368	3189504566.148745
1.1888590692102454	3118629265.1417356
1.1903451430467582	3146843613.3309746
1.1918330744755665	3216520842.0129733
1.193322865818661	3226359545.021558
1.1948145194009343	3195622006.591468
1.1963080375501856	3144833759.077423
1.197803422597123	3099867534.944732
1.1993006768753696	3122088185.362379
1.2007998027214637	3183695944.8363757
1.2023008024748656	3194889716.90264
1.203803678477959	3180960436.6005044
1.2053084330760564	3192149428.6713486
1.2068150686174015	3196281601.6162133
1.2083235874531733	3172270481.363968
1.2098339919374896	3165868540.2958474
1.2113462844274117	3184468849.7017517
1.2128604672829457	3199982737.086654
1.2143765428670494	3204578785.9107895
1.2158945135456332	3200973108.770982
1.2174143816875653	3197402911.7765994
1.2189361496646747	3196429412.9256787
1.2204598198517553	3196150238.885161
1.2219853946265702	3193328898.5452766
1.2235128763698533	3187864596.970478
1.2250422674653156	3183386196.737894
1.2265735702996472	3175645891.8177633
1.2281067872625218	3173044468.2868514
1.2296419207465998	3180327718.809231
1.231178973147533	3183194921.9517183
1.2327179468639673	3180023496.5837607
1.2342588442975473	3174932602.5886
1.2358016678529193	3172067015.5015016
1.2373464199377353	3171197786.6857977
1.2388931029626575	3163477248.250206
1.2404417193413606	3157201836.6001086
1.2419922714905374	3155813080.818739
1.2435447618299005	3152993735.363192
1.245099192782188	3156399200.880895
1.2466555667731656	3159559912.5990057
1.248213886231632	3154995115.050964
1.2497741535894216	3151092340.0238867
1.2513363712814083	3141687028.4597607
1.25290054174551	3129401708.0397015
1.2544666674226919	3131482828.780547
1.2560347507569702	3133530610.5216575
1.2576047941954165	3132638591.731524
1.2591768001881607	3130818946.8927083
1.2607507711883958	3123085869.0329514
1.2623267096523811	3126122556.1142735
1.2639046180394466	3129651359.2352037
1.265484498811996	3124630344.2207136
1.267066354435511	3117622488.467199
1.2686501873785552	3119727974.057805
1.2702360001127784	3131820907.010123
1.2718237951129194	3131973465.6275864
1.2734135748568105	3112676833.2123723
1.2750053418253815	3100516458.6676545
1.2765990985026632	3112373711.231527
1.2781948473757916	3122015302.16763
1.2797925909350112	3107658873.749444
1.28139233167368	3057102520.7362227
1.282994072088272	3012941982.5992064
1.2845978146783823	3029061128.949031
1.2862035619467302	3073653176.6690826
1.2878113163991636	3085763928.316081
1.2894210805446624	3059017624.4962897
1.2910328568953433	3044029001.0132866
1.2926466479664624	3064644911.133018
1.2942624562764204	3087588451.5047717
1.295880284346766	3090766595.8309927
1.2975001347021995	3081883204.6107745
1.2991220098705771	3077598545.8752418
1.3007459123829153	3074572170.123607
1.3023718447733938	3076036200.892762
1.3039998095793606	3088785809.459679
1.3056298093413348	3092337958.9235682
1.3072618466030115	3082525626.6244326
1.3088959239112652	3078154103.880046
1.3105320438161543	3077173312.208104
1.3121702088709244	3056034615.6085725
1.313810421632013	3037031306.891523
1.315452684659053	3040898836.780287
1.3170970005148768	3061525282.3198094
1.3187433717655204	3077119034.0950627
1.3203918009802271	3071257103.998508
1.3220422907314524	3066468273.664821
1.3236948435948666	3074174257.6940722
1.3253494621493602	3076602459.573302
1.327006148977047	3056055151.900456
1.3286649066632683	3015364973.5332055
1.3303257377965971	2994378467.0595527
1.331988644968843	2996453721.7090564
1.333653630775054	3011902501.1890774
1.3353206978135228	3035639889.005152
1.3369898486857896	3041744566.7707334
1.3386610859966468	3030683908.607361
1.3403344123541427	3013747242.862064
1.342009830369585	3012765802.3066783
1.3436873426575473	3030451065.363035
1.345366951835869	3043216300.758965
1.347048660525664	3044007803.301852
1.348732471351321	3038404122.8978024
1.35041838694051	3029022027.858561
1.3521064099241855	3028803704.7382774
1.3537965429365908	3030316565.714836
1.3554887886152616	3023986534.620886
1.3571831496010305	3022093358.397054
1.3588796285380318	3013417968.7576704
1.3605782280737042	2994341811.2681727
1.3622789508587965	2982378092.668103
1.36398179954737	2982291126.6326265
1.3656867767968042	3000296699.0642757
1.3673938852678	3019942156.55564
1.3691031276243848	3027936013.9076824
1.3708145065339152	3036520451.9989614
1.3725280246670826	3041930545.127081
1.3742436846979165	3041348183.866878
1.3759614893037886	3040247656.9222345
1.3776814411654184	3037983159.7982674
1.3794035429668752	3039904777.650414
1.3811277973955836	3045904318.7294526
1.382854207142328	3038784754.3938575
1.384582774901256	3007717040.7239313
1.3863135033698826	2985201751.321262
1.388046395249095	2989636672.316312
1.389781453243156	2889708725.462648
1.3915186800597101	2674535915.791821
1.3932580784097848	2631433229.1455436
1.3949996510077969	2754939341.186923
1.3967434005715567	2829653460.507541
1.3984893298222711	2850496789.092215
1.4002374414845487	2855980012.6012325
1.4019877382864046	2880825206.0385485
1.4037402229592626	2910761070.0129833
1.4054948982379614	2927106138.265887
1.4072517668607587	2936710818.1818953
1.4090108315693348	2939740952.1318755
1.4107720951087963	2947163098.6849875
1.4125355602276823	2939535102.5366488
1.414301229677967	2939913270.39893
1.4160691062150645	2959559058.5005536
1.4178391925978333	2958459818.9995804
1.4196114915885802	2964238463.6368423
1.421386005953066	2974676915.898571
1.4231627384605074	2960552357.50472
1.424941691883583	2955501044.5011954
1.4267228689984375	2968160859.9605327
1.4285062725846855	2977313593.2612963
1.4302919054254162	2984655317.177061
1.4320797703071981	2980871866.7780457
1.4338698700200818	2937578676.1002364
1.435662207357607	2904998337.2594275
1.4374567851168039	2930322536.482413
1.4392536060981997	2956865374.977975
1.4410526731058226	2967048803.654756
1.4428539889472047	2981103166.5407763
1.444657556433389	2985116957.5479817
1.4464633783789307	2983000285.728118
1.4482714576019042	2998082320.1811934
1.4500817969239066	2994633963.86511
1.4518943991700615	2977669152.4515047
1.453709267169024	2988484495.5098567
1.4555264037529851	2983833513.285315
1.4573458117576763	2979590506.384352
1.4591674940223736	2910832565.7964053
1.4609914533899013	2726968084.2299047
1.4628176927066388	2677286377.930803
1.464646214822522	2770592643.0887146
1.4664770225910502	2820076488.603244
1.4683101188692889	2842246570.6257463
1.4701455065178752	2854769249.933003
1.4719831884010226	2891360302.780314
1.473823167386524	2933059327.025315
1.475665446345757	2934660898.315631
1.4775100281536893	2929333063.922619
1.4793569156888815	2924930833.113656
1.4812061118334923	2946925268.531374
1.4830576194732843	2997072903.6678834
1.4849114414976257	3018582391.08414
1.4867675807994976	2965089894.1230283
1.4886260402754972	2907760988.445577
1.4904868228258412	2951285694.6004596
1.4923499313543735	3031462407.1720114
1.4942153687685666	3078533024.516803
1.4960831379795272	3109239949.894016
1.4979532419020016	3118098654.7549725
1.499825683454379	3067298393.5096593
1.501700465558697	2970693152.6109066
1.5035775911406453	2910655268.145136
1.505457063129571	2925187582.490879
1.5073388844584832	2998174851.403114
1.509223058064056	3070427296.3618035
1.5111095868866362	3083331816.0741363
1.5129984738702444	3033314748.4069166
1.5148897219625823	3012541915.6800585
1.5167833341150354	3074883391.4252467
1.5186793132826792	3121162350.161237
1.5205776624242824	3135635738.150561
1.5224783845023127	3146013779.5270147
1.5243814824829407	3131582298.1973195
1.5262869593360442	3077587932.7777643
1.5281948180352143	3032092846.255249
1.530105061557758	3087865550.0400605
1.5320176928847054	3141890747.4437556
1.5339327150008113	3130130984.408331
1.5358501308945622	3097116757.0258203
1.5377699435581802	2971236711.4673214
1.539692155987628	2869108261.703794
1.5416167711826123	2877797274.73706
1.5435437921465909	2961570330.915865
1.5454732218867737	3105115394.7339425
1.5474050634141323	3185254460.717346
1.5493393197434	3180549561.0830865
1.5512759938930791	3153904102.2500606
1.5532150888854455	3119105136.5661645
1.5551566077465522	3052606593.1197405
1.5571005535062357	3003986871.7133813
1.5590469291981182	3048144055.0627413
1.5609957378596158	3122179578.8173184
1.5629469825319402	3139959225.2851954
1.5649006662601053	3148125864.5757732
1.5668567920929302	3207107088.031262
1.5688153630830464	3252783386.719946
1.5707763822869003	3200796983.75743
1.5727398527647587	3113209780.4027376
1.5747057775807147	3089312936.032858
1.5766741598026903	3055791503.9658074
1.5786450025024439	3043550408.4252925
1.5806183087555719	3128028354.7381535
1.582594081641516	3178725350.2878976
1.5845723242435679	3203972751.343199
1.5865530396488725	3209414424.9291553
1.5885362309484334	3092101152.074466
1.5905219012371192	3044398718.7084956
1.5925100536136656	3199811238.364831
1.5945006911806823	3333644381.139983
1.5964938170446583	3293184726.1658163
1.5984894343159641	3184305544.3400393
1.6004875461088588	3168906027.3101087
1.602488155541495	3196638625.35992
1.6044912657359218	3148825524.280569
1.6064968798180916	3089185704.742521
1.608505000917864	3155051399.1334515
1.6105156321690117	3280856075.4343243
1.612528776709223	3330904424.283488
1.6145444376801092	3334306133.771158
1.6165626182272093	3302585048.01054
1.6185833214999934	3157244464.521623
1.6206065506518683	2986660936.916501
1.622632308840183	2962343039.3045416
1.624660599226233	3019031505.9012723
1.626691424975266	3119596645.8748226
1.6287247892564851	3249095866.3621025
1.6307606952430556	3286859794.9254603
1.6327991461121094	3259495533.299583
1.6348401450447496	3202064223.429166
1.6368836952260553	3149530433.459763
1.638929799845088	3134846141.8923464
1.6409784620948942	3121819243.484037
1.6430296851725128	3103318006.744958
1.6450834722789784	3057921046.354307
1.647139826619327	3086772814.037802
1.6491987514026012	3193813308.0176597
1.6512602498418545	3222482194.7548695
1.6533243251541565	3175857036.6422048
1.655390980560599	3184264043.1778026
1.6574602192863002	3216783489.191989
1.6595320445604078	3171837024.0834913
1.6616064596161082	3095125424.867151
1.6636834676906282	3040868468.553862
1.6657630720252417	3013869223.0235567
1.667845275865273	3040271549.0521307
1.6699300824601049	3052619728.3971343
1.6720174950631799	3004558676.673696
1.6741075169320085	2999636950.54261
1.6762001513281735	3054151623.462704
1.678295401517334	3121849240.1062665
1.6803932707692304	3138243550.2047396
1.6824937623576919	3094148905.7940273
1.6845968795606392	3031748008.6812844
1.6867026256600899	2943000129.2911596
1.6888110039421647	2841672208.75131
1.6909220176970923	2838218155.7613325
1.6930356702192138	2962550088.0956197
1.695151964806988	3049969171.6104584
1.6972709047629964	3049988734.807228
1.6993924933939502	3025676242.1890903
1.7015167340106927	3003913688.317465
1.7036436299282058	2984590520.171207
1.705773184465616	2913668275.1364923
1.707905400946198	2812629582.9112997
1.7100402826973808	2712876993.0372
1.7121778330507527	2727717186.14964
1.7143180553420658	2866137115.6591187
1.7164609529112433	2914948059.818504
1.7186065291023824	2879199705.302269
1.7207547872637603	2842638737.529183
1.72290573074784	2790466326.893912
1.725059362911275	2782082602.353971
1.7272156871149138	2830602313.5049224
1.7293747067238074	2812012495.736025
1.731536425107212	2705422126.371085
1.733700845638596	2639517990.3083405
1.7358679716956442	2680072591.725724
1.7380378066602638	2741022122.1752386
1.7402103539185891	2735600436.1427794
1.7423856168609873	2701364664.036211
1.7445635988820634	2721884041.3136253
1.746744303380666	2756070798.752074
1.7489277337598916	2745617139.089173
1.7511138934270916	2705516693.869131
1.7533027857938754	2641216073.4895463
1.7554944142761177	2626632928.3024144
1.7576887822939626	2645779778.36461
1.75988589327183	2600854709.1744556
1.76208575063842	2565513339.3022685
1.764288357826718	2595876977.2498465
1.7664937182740013	2613195857.9895244
1.7687018354218438	2612328036.7253523
1.770912712716121	2626333962.6346784
1.773126353607016	2629934463.020808
1.7753427615490247	2591809947.507074
1.7775619400009608	2530233619.5681815
1.7797838924259624	2511188224.2165246
1.7820086222914944	2489446493.1286016
1.7842361330693588	2445952813.338376
1.7864664282356955	2455044165.988136
1.78869951127099	2509150632.0696144
1.790935385660079	2538618118.5616364
1.793174054892154	2527133181.24807
1.7954155224607689	2518775337.883703
1.7976597918638448	2509255489.872409
1.7999068666036746	2456612605.5514526
1.8021567501869293	2362672860.418433
1.804409446124663	2324963215.051956
1.8066649579323186	2383051411.698404
1.8089232891297338	2434272944.802298
1.8111844432411461	2417428497.3409934
1.8134484237951976	2384234587.769014
1.8157152343249414	2380317748.3164964
1.8179848783678474	2373507305.8398576
1.8202573594658071	2346637508.5138326
1.8225326811651397	2345059739.556733
1.824810847016596	2338698881.969243
1.8270918605753668	2269325317.047118
1.8293757254010856	2240964072.7025595
1.831662445057837	2301978799.4056463
1.8339520231141593	2338220932.339102
1.836244463143052	2322894556.024959
1.8385397687219809	2289179294.4894137
1.840837943432883	2237136823.6059704
1.8431389908621743	2210099332.444899
1.8454429146007518	2234175970.4862127
1.8477497182440028	2251961838.5037475
1.8500594053918078	2234065658.033564
1.8523719796485476	2195755875.8166304
1.8546874446231079	2163084049.383491
1.857005803928887	2153385540.99548
1.8593270611837978	2169152241.033282
1.8616512200102777	2178136591.971666
1.8639782840352905	2175533631.0041575
1.8663082568903346	2188008631.7760563
1.8686411422114473	2193381112.5888534
1.8709769436392114	2163387919.0725117
1.8733156648187608	2108410068.840304
1.875657309399784	2076046020.3446925
1.8780018810365335	2087290125.4363222
1.8803493833878293	2123540025.3200922
1.882699820117064	2122417020.4848495
1.8850531948922105	2065862133.0387166
1.8874095113858254	2048955261.07111
1.8897687732750577	2064941974.242532
1.8921309842416516	2062444199.257479
1.8944961479719535	2075216452.3431518
1.8968642681569183	2086467664.2269154
1.8992353484921145	2078946007.9757519
1.9016093926777295	2067673648.9205832
1.9039864044185768	2035467136.4211543
1.9063663874241	2005790554.3277261
1.90874934540838	1998566272.623353
1.9111352820901404	1997231802.1087155
1.913524201192753	2006439908.640989
1.9159161064442438	2011753334.4413764
1.918311001577299	2013766302.4686573
1.9207088903292706	2015944326.397756
1.9231097764421823	2013291929.8524098
1.925513663662735	2005763426.117603
1.9279205557423134	1983216919.346255
1.9303304564369912	1938408312.5115266
1.9327433695075371	1898715155.078505
1.9351592987194217	1905230895.0544376
1.9375782478428212	1930508048.3169992
1.9400002206526246	1930473739.0723839
1.9424252209284403	1909754358.2587488
1.9448532524546007	1873872887.164706
1.947284319020169	1854210132.233575
1.949718424418944	1852158669.6104417
1.9521555724494677	1850459375.9216547
1.9545957669150293	1868846107.8939419
1.957039011623673	1887636062.1578095
1.9594853103882026	1876874255.1083722
1.961934667026188	1839847525.024757
1.9643870853599705	1827241814.2982671
1.9668425692166707	1851306386.1080437
1.969301122428191	1858279122.630434
1.9717627488312266	1833984997.7388384
1.9742274522672654	1800020205.4460735
1.9766952365825994	1763598913.1992927
1.9791661056283276	1750374924.8951104
1.981640063260363	1770045839.7278097
1.9841171133394384	1774304772.0130422
1.9865972597311126	1752612411.8974829
1.9890805063057764	1740516810.501731
1.9915668569386586	1727604556.1334915
1.9940563155098319	1713284141.7467582
1.9965488859042193	1717848160.6164148
1.9990445720115995	1730522075.8380506
2.001543377726614	1736440201.5786726
2.0040453069487723	1736366514.2066536
2.006550363582458	1736010899.3974013
2.009058551536936	1728248968.6186016
2.0115698747263573	1716138925.9167583
2.014084337069765	1705879194.0593503
2.016601942491102	1693117915.8592854
2.0191226949192163	1677320487.2509027
2.021646598287865	1672550262.0092692
2.0241736565357247	1677229078.345827
2.0267038736063943	1664862328.7072861
2.029237253448402	1640879477.9483516
2.0317738000152126	1639780372.3304393
2.0343135172652316	1646817952.141697
2.036856409161813	1642976388.3289552
2.039402479673265	1641441285.609073
2.041951732772857	1641739917.4428053
2.0445041724388227	1638246995.4747558
2.0470598026543714	1631587743.6549768
2.0496186274076895	1620672708.9029696
2.0521806506919487	1599938397.8823912
2.0547458765053137	1580693390.930494
2.057314308850945	1578328064.9947224
2.0598859517370087	1579840619.9514148
2.06246080917668	1565448161.9870613
2.065038885188151	1554646123.3913863
2.067620183794636	1563231434.8559904
2.0702047090243796	1566689081.5437927
2.0727924649106595	1561020430.0353734
2.075383455491798	1558658396.8449514
2.0779776848111626	1554333841.8810475
2.0805751569171766	1543018864.9236853
2.083175875863323	1527444883.0932174
2.085779845708152	1514359159.8248386
2.0883870705152874	1511760894.9494176
2.0909975543534314	1512432060.9833517
2.093611301296373	1505854598.6748111
2.0962283154229935	1500061823.5263839
2.098848600817272	1498695356.0174277
2.1014721615682936	1494638696.892784
2.104099001770254	1488813596.1082706
2.1067291255224667	1482165951.9711382
2.10936253692937	1474226104.5244024
2.1119992401005314	1472103518.262396
2.114639239150657	1468010718.514456
2.1172825381995954	1453577132.4321454
2.119929141372345	1442939951.0464613
2.1225790527990602	1441767973.6678295
2.125232276615059	1441537849.7405987
2.1278888169608274	1439064112.808468
2.130548677982029	1436273821.8850074
2.1332118638295063	1429631040.9227655
2.1358783786592928	1416991405.486458
2.1385482266326172	1410635390.333588
2.141221411915908	1409974844.0849588
2.1438979386808024	1407407061.9465656
2.1465778111041534	1405057228.3322227
2.1492610333680338	1399414101.4106677
2.1519476096597434	1389330475.2541203
2.1546375441718184	1381761452.9746516
2.157330841102033	1377421593.1180336
2.1600275046534105	1372705445.3235598
2.1627275390342273	1367702795.8445325
2.16543094845802	1358561144.091386
2.168137737143592	1352556793.355292
2.1708479093150217	1353141997.066301
2.1735614692016654	1348479949.3545127
2.1762784210381674	1331655368.068423
2.178998769064465	1313601477.3012905
2.1817225175257957	1312477727.1086152
2.184449670672703	1315456747.780442
2.187180232761044	1304654464.2807364
2.1899142080519947	1293817372.6003006
2.19265160081206	1299627296.03954
2.1953924153130746	1305681447.6987484
2.198136655832216	1296503581.237892
2.200884326652006	1283421050.39252
2.203635432060321	1271655503.8599374
2.2063899763503967	1257256370.8557048
2.2091479638208344	1257023645.335312
2.2119093987756107	1269257590.126206
2.21467428552408	1271479031.1791468
2.217442628380985	1264688212.8063464
2.2202144316664616	1250389458.52626
2.2229896997060443	1234295494.823152
2.225768436830677	1222583544.33234
2.2285506473767147	1214538020.3096251
2.2313363356859357	1215725695.507692
2.2341255061055434	1222400816.5091434
2.236918162988175	1221842900.559618
2.23971431069191	1215541877.4461346
2.2425139535802754	1210618534.4034848
2.24531709602225	1205714770.9072957
2.248123742392278	1202581105.61474
2.2509338970702686	1199896410.6509802
2.253747564441606	1192561919.454015
2.256564748897158	1187259181.3997934
2.2593854548332795	1181633924.6762853
2.262209686651821	1168501095.083659
2.2650374487601357	1161417693.7609277
2.2678687455710858	1163122644.4254787
2.27070358150305	1162763575.6860914
2.2735419609799283	1159865376.1148787
2.276383888431153	1154757774.6283302
2.279229368291692	1146233782.9469445
2.2820784050020566	1137832404.2077682
2.2849310030083094	1135886758.182788
2.2877871667620697	1132725615.5063746
2.290646900720522	1084820849.5485086
2.293510209346423	947560331.8598976
2.2963770971081057	849712169.4549971
2.299247568479491	897896735.884218
2.3021216279400902	969031972.3691759
2.304999279975015	987106503.8753387
2.3078805290749838	986154928.1465746
2.3107653797363277	987117996.6555959
2.3136538364609978	990128144.916395
2.316545903756574	994944001.1896313
2.3194415861362696	968874223.3965992
2.32234088811894	861631122.2834387
2.3252438142290885	772329268.9961396
2.3281503689968748	800599932.7944139
2.331060556958121	869168319.9717182
2.3339743826543184	909593333.8448553
2.3368918506326364	913558650.6963992
2.339812965445927	904267030.6931893
2.342737731652734	900421639.3802246
2.3456661538173003	899567847.5066433
2.348598236509572	886246201.1885111
2.3515339843052088	806384942.8341709
2.35447340178559	714135561.8101473
2.357416493537822	725911427.5133711
2.3603632641547443	780486195.5095427
2.3633137182349375	804981382.835841
2.366267860382731	828955483.5609494
2.3692256952082094	847750190.337615
2.37218722732722	841927505.248996
2.375152461361379	831692154.6803428
2.3781214019380803	828221696.9346001
2.381094053690503	784948152.1398757
2.384070421257616	703416504.447048
2.387050509284188	684212200.4193363
2.390034322420793	723006580.6519022
2.393021865323819	749639697.8053372
2.3960131426554736	771357359.5192133
2.399008159083793	791379778.7891333
2.402006919282648	799533787.225551
2.405009427931751	798077156.8874916
2.408015689716666	795203407.3921143
2.411025709328811	770098980.9493102
2.414039491465472	697128224.1172894
2.417057040829804	652866742.2758907
2.420078362130841	680392015.2790564
2.423103460083505	714514635.6137363
2.426132339408609	732845204.8092656
2.42916500483287	744374161.5968161
2.432201461088911	745942588.5501951
2.4352417129152717	739371607.620398
2.438285765056416	736525670.3553454
2.441333622262736	735297698.4896046
2.444385289290565	706341291.7974198
2.447440770902178	656090071.16848
2.4505000718658057	640884428.3295733
2.4535631969556375	659198536.7889569
2.456630150951832	679085453.7834604
2.459700938640522	691644446.453617
2.4627755648138225	696465149.4374738
2.4658540342698396	699470976.5997807
2.468936351812677	699560645.3340718
2.4720225222524426	694533598.2947649
2.475112550405258	683092852.20962
2.4782064410932647	652909041.52355
2.481304199144631	603588489.514221
2.484405829393562	537126619.993731
2.4875113366803037	457812114.1248738
2.490620725851154	414632721.41403896
2.4937340017584684	384021587.01207995
2.4968511692606663	304277258.5277061
