#wavelength (micron)	surface_flux (erg / (cm2 micron s))
0.7	1735002994.6894355
0.7008749999999999	2638605459.885943
0.70175109375	3241057587.5684185
0.7026282826171873	3452835296.913368
0.7035065679704589	3642956900.5846577
0.7043859511804219	3831803825.657931
0.7052664336193974	3637664667.6906786
0.7061480166614217	3065167930.6133876
0.7070307016822485	2856048048.660332
0.7079144900593511	2964261191.894969
0.7087993831719255	2747904777.7054086
0.7096853824008903	2385427714.1422935
0.7105724891288914	2377635967.7884526
0.7114607047403024	2579361192.7589593
0.7123500306212278	2493785451.6372876
0.7132404681595043	2104357231.3560357
0.7141320187447037	1906605655.0436344
0.7150246837681346	2004509422.7688594
0.7159184646228446	2131176901.8618016
0.7168133627036232	2230151192.95459
0.7177093794070027	2378011343.0715895
0.7186065161312616	2549614454.7620244
0.7195047742764256	2556280934.586202
0.7204041552442711	2386110380.705659
0.7213046604383263	2355848192.435058
0.7222062912638743	2554434444.141272
0.723109049127954	2760573703.5505657
0.7240129354393641	2927311355.2114916
0.7249179516086632	3153585996.9461784
0.725824099048174	3393457259.5861945
0.7267313791719842	3482432690.2233105
0.7276397933959492	3457616201.6407394
0.728549343137694	3559359940.81194
0.7294600298166162	3812514911.648305
0.730371854853887	4044852854.176121
0.7312848196724542	4200286615.5089374
0.7321989256970448	4311661581.78702
0.7331141743541661	4473801884.570254
0.7340305670721088	4653101019.574691
0.7349481052809489	4716127743.164347
0.7358667904125501	4778578549.560375
0.7367866239005658	4996744549.350281
0.7377076071804415	5211214872.1943655
0.738629741689417	5260667512.471131
0.7395530288665286	5281841068.051441
0.7404774701526119	5338054227.990406
0.7414030669903027	5347712510.718207
0.7423298208240404	5372976170.593933
0.7432577331000705	5466367149.584604
0.7441868052664457	5473265169.592787
0.7451170387730286	5378153399.983553
0.7460484350714948	5367811059.16978
0.7469809956153342	5449671722.307687
0.7479147218598534	5528527270.893261
0.7488496152621781	5555908079.597594
0.7497856772812559	5570680547.626997
0.7507229093778575	5595152207.382012
0.7516613130145797	5623098704.999657
0.7526008896558479	5712642930.7163725
0.7535416407679177	5817183111.94978
0.7544835678188776	5909194010.484141
0.7554266722786511	6004434645.523869
0.7563709556189995	6057401759.7711935
0.7573164193135232	6025316194.087378
0.758263064837665	5803247870.6396
0.7592108936687122	5375727345.501095
0.760159907285798	5122399573.62969
0.7611101071699052	5177930029.282462
0.7620614948038675	5200794390.808963
0.7630140716723723	4954452004.717798
0.7639678392619629	4705259918.274868
0.7649227990610402	4728333207.628681
0.7658789525598665	4626309226.581084
0.7668363012505663	4144644234.6364317
0.7677948466271296	3780908450.890419
0.7687545901854135	3810909250.604402
0.7697155334231451	3894902169.686722
0.7706776778399241	3867937570.182058
0.771641024937224	3878116972.182824
0.7726055762183955	4046958199.0097466
0.7735713331886686	4234108681.771593
0.7745382973551542	4139928763.294777
0.7755064702268482	3860147636.882911
0.7764758533146318	3815624064.5203633
0.7774464481312751	3927677374.6899776
0.7784182561914391	3931068367.442193
0.7793912790116784	3974001964.856182
0.780365518110443	4163084826.7318645
0.781340975008081	4346050184.342
0.782317651226841	4308848984.401217
0.7832955482908746	4089266017.0145617
0.7842746677262382	4037998570.409271
0.7852550110608959	4211610414.2261133
0.7862365798247221	4349051281.965175
0.7872193755495029	4451133010.763497
0.7882033997689398	4640351349.884194
0.7891886540186509	4799001765.5587635
0.7901751398361742	4778533435.941275
0.7911628587609694	4633518498.80619
0.7921518123344207	4585847650.646944
0.7931420020998386	4695147613.215849
0.7941334296024635	4802616753.301031
0.7951260963894664	4921025660.0349245
0.7961200040099533	5111381428.507303
0.7971151540149657	5236446825.435356
0.7981115479574844	5236343139.175403
0.7991091873924312	5195231491.440664
0.8001080738766717	5224799493.616186
0.8011082089690176	5362116804.758345
0.8021095942302288	5487968029.4199915
0.8031122312230166	5566911478.228629
0.8041161215120453	5649108571.423473
0.8051212666639354	5731505573.913004
0.8061276682472652	5816786794.424051
0.8071353278325744	5866490595.700332
0.808144246992365	5937939519.571573
0.8091544273011054	6075800898.2746725
0.8101658703352317	6200172575.670933
0.8111785776731507	6292493502.458495
0.8121925508952421	6375821577.945397
0.8132077915838613	6493949282.221715
0.8142243013233411	6633098001.070992
0.8152420816999951	6729358896.170112
0.8162611343021202	6788079029.346584
0.8172814607199979	6783365903.630957
0.8183030625458978	6579144798.233458
0.8193259413740802	6256453326.022767
0.8203500988007977	6098773254.08689
0.8213755364242987	6160220065.520407
0.8224022558448291	6313612377.116133
0.8234302586646352	6465271702.041205
0.8244595464879658	6539595327.167892
0.8254901209210758	6529312725.7367735
0.8265219835722272	6473887365.23119
0.8275551360516924	6351703769.465169
0.8285895799717569	6214043687.457188
0.8296253169467216	6113344086.784441
0.830662348592905	6047694621.558919
0.8317006765286461	6049005507.529837
0.8327403023743069	6032843925.132757
0.8337812277522748	5984362420.993716
0.834823454286965	5944894853.660291
0.8358669836048238	5922834807.936533
0.8369118173343297	5911753524.954474
0.8379579571059977	5776175367.90834
0.8390054045523802	5653961561.089445
0.8400541613080706	5801819827.262528
0.8411042290097056	5958227328.29438
0.8421556092959678	5804456865.150539
0.8432083038075878	5362953677.662563
0.8442623141873472	4807800471.570503
0.8453176420800813	4369291161.370994
0.8463742891326813	4162144182.5223794
0.8474322569940972	4187070077.0874557
0.8484915473153398	4346786169.893352
0.8495521617494839	4421615750.244459
0.8506141019516709	4346921484.44694
0.8516773695791103	4266233270.699298
0.8527419662910842	4280239742.479624
0.853807893748948	4317368730.930998
0.8548751536161342	4422994784.513778
0.8559437475581545	4657885905.405767
0.857013677242602	4820150318.333196
0.8580849443391553	4857562016.590184
0.8591575505195791	4861473481.838539
0.8602314974577286	4903222945.963691
0.8613067868295508	5024898410.804412
0.8623834203130877	5183462302.653065
0.8634613995884791	5295849501.608817
0.8645407263379646	5320461512.310379
0.8656214022458871	5223303343.934939
0.8667034289986943	5122758323.928203
0.8677868082849427	5143269188.0952
0.8688715417952989	5204274756.841513
0.869957631222543	5377712043.495886
0.8710450782615712	5617414351.072923
0.872133884609398	5746878219.319564
0.8732240519651597	5806903520.856306
0.8743155820301162	5856778081.21729
0.8754084765076539	5918199726.65123
0.8765027371032884	5965144385.731441
0.8775983655246675	6025820222.952566
0.8786953634815732	6171625954.005279
0.8797937326859253	6259658088.112396
0.8808934748517826	6220695866.075955
0.8819945916953473	6210895226.970792
0.8830970849349664	6295744007.598265
0.8842009562911352	6439084790.547968
0.8853062074864991	6351084095.367301
0.8864128402458572	5858016134.524199
0.8875208562961645	5455861694.0128765
0.8886302573665347	5478232000.08094
0.8897410451882428	5673007086.383783
0.8908532214947281	5835995720.041275
0.8919667880215966	5951102229.530795
0.8930817465066233	5963383489.424192
0.8941980986897567	5834927229.211415
0.8953158463131189	5751261135.83766
0.8964349911210102	5818479195.641943
0.8975555348599115	5940445020.224573
0.8986774792784863	6062167769.091596
0.8998008261275845	6118001881.870818
0.9009255771602438	6104371540.443352
0.9020517341316941	6099247781.736353
0.9031792987993587	6173266674.047822
0.9043082729228579	6314498168.85704
0.9054386582640114	6434762892.889493
0.9065704565868414	6523371333.205496
0.907703669657575	6564239414.286179
0.908838299244647	6513446316.947215
0.9099743471187027	6485323221.480066
0.9111118150526011	6572106087.302212
0.9122507048214169	6708651034.429577
0.9133910182024435	6816368171.183044
0.9145327569751966	6867717060.7818165
0.9156759229214156	6899223749.561482
0.9168205178250673	6925347252.762185
0.9179665434723485	6962102931.520622
0.919114001651689	6989399277.774756
0.9202628941537536	6893503979.262438
0.9214132227714458	6660936033.874912
0.92256498929991	6422753711.978401
0.9237181955365349	6266266649.716905
0.9248728432809555	6192093950.2306595
0.9260289343350568	6203006529.153541
0.9271864705029755	6253483115.667913
0.9283454535911042	6170966503.964173
0.9295058854080931	5972367035.069397
0.9306677677648533	5880971317.972582
0.9318311024745591	5915180933.894558
0.9329958913526524	5991632769.892967
0.9341621362168431	6059681852.086439
0.9353298388871142	6038663011.742198
0.936499001185723	5962948875.974977
0.9376696249372052	5936211299.904873
0.9388417119683766	5964770805.277743
0.9400152641083371	6011142957.258174
0.9411902831884725	6059718992.098743
0.942366771042458	6108129636.214211
0.9435447295062611	6106361993.126659
0.9447241604181439	6049637169.8716955
0.9459050656186665	6065785449.0452
0.9470874469506899	6185303458.133129
0.9482713062593783	6314068637.726828
0.9494566453922024	6391269976.130915
0.9506434661989427	6396242537.086982
0.9518317705316914	6373393212.222953
0.9530215602448558	6347141317.732801
0.9542128371951619	6311510589.186207
0.9554056032416559	6349439909.070811
0.9565998602457079	6456620008.074153
0.957795610071015	6531616729.707921
0.9589928545836038	6550173797.573438
0.9601915956518332	6519800698.346036
0.961391835146398	6555409342.025438
0.9625935749403309	6599351262.853917
0.9637968169090064	6478733724.806406
0.9650015629301427	6407336154.474031
0.9662078148838052	6474994095.639231
0.9674155746524099	6478659961.622462
0.9686248441207255	6503239496.1857605
0.9698356251758764	6578738134.222779
0.9710479197073462	6580091864.00054
0.9722617296069803	6504666483.409292
0.9734770567689891	6370372114.396844
0.9746939030899503	6331930859.383733
0.9759122704688127	6441094639.084587
0.9771321608068987	6477139038.565287
0.9783535760079072	6403212661.324869
0.9795765179779171	6456107837.166603
0.9808009886253894	6576408252.826749
0.9820269898611712	6548318881.241589
0.9832545235984976	6469683242.903801
0.9844835917529957	6505610574.167675
0.985714196242687	6603547695.817131
0.9869463389879902	6666899902.731242
0.9881800219117253	6687936346.559186
0.989415246939115	6591576753.1565695
0.9906520159977886	6372983486.1366415
0.9918903310177859	6227654442.808879
0.9931301939315581	6261862690.198194
0.9943716066739725	6381780138.953082
0.995614571182315	6473917662.294653
0.996859089396293	6502976194.355198
0.9981051632580382	6483948643.488329
0.9993527947121108	6448144102.8556185
1.0006019857055009	6429333011.219481
1.0018527381876328	6429914875.986266
1.0031050541103672	6411317977.558307
1.0043589354280051	6366505372.905337
1.0056143840972902	6321078027.774528
1.0068714020774117	6345096438.528278
1.0081299913300084	6431880037.5787115
1.009390153819171	6490030822.372307
1.0106518915114449	6509816359.557245
1.011915206375834	6508548414.42153
1.013180100383804	6481611093.03929
1.0144465755092837	6412038177.899411
1.0157146337286702	6370550544.179679
1.016984277020831	6394316097.439222
1.0182555073671071	6407553639.350782
1.0195283267513158	6383938630.977951
1.020802737159755	6364793517.701094
1.0220787405812046	6391582233.0545
1.0233563390069311	6462893343.422277
1.0246355344306899	6479048617.938555
1.025916328848728	6389499398.967518
1.027198724259789	6318434590.950215
1.0284827226651139	6315718288.478118
1.0297683260684452	6348820335.676296
1.0310555364760305	6396809718.985565
1.0323443558966257	6385465923.990622
1.0336347863414963	6262836601.577733
1.0349268298244232	6196786286.554756
1.0362204883617037	6331915314.831852
1.0375157639721557	6427674621.042662
1.0388126586771211	6364897956.392931
1.0401111745004674	6320057097.528959
1.041411313468593	6350195950.268846
1.0427130776104288	6391258656.556738
1.0440164689574416	6449925487.511868
1.0453214895436385	6489962556.275144
1.046628141405568	6445940224.41192
1.0479364265823248	6398317142.259677
1.0492463471155529	6390785691.765329
1.0505579050494471	6394340302.492007
1.051871102430759	6413521476.469718
1.0531859413087974	6453040213.475625
1.0545024237354332	6472003055.171199
1.0558205517651027	6453254750.786097
1.0571403274548088	6421562252.716771
1.0584617528641274	6392347483.471347
1.0597848300552075	6385382464.4496765
1.0611095610927765	6398543641.267365
1.0624359480441425	6440965403.69159
1.0637639929791975	6469862594.826096
1.0650936979704217	6419711350.283947
1.0664250650928846	6353366946.203588
1.0677580964242506	6356328675.660081
1.069092794044781	6401236400.518946
1.0704291600373368	6428504461.878573
1.0717671964873836	6415750394.628585
1.0731069054829927	6376397948.959908
1.0744482891148466	6376636068.991983
1.0757913494762399	6417405081.992387
1.0771360886630854	6444534374.182704
1.078482508773914	6413889558.534746
1.0798306119098815	6313914391.160319
1.081180400174769	6235868133.946862
1.0825318756749873	6265730183.665188
1.0838850405195808	6334412423.884754
1.0852398968202304	6376058347.17315
1.0865964466912557	6382288785.797607
1.0879546922496197	6369090316.180136
1.0893146356149317	6371785631.093928
1.0906762789094504	6367474379.058484
1.0920396242580872	6364790984.445632
1.0934046737884098	6401302987.260749
1.0947714296306452	6413287642.803881
1.0961398939176834	6347305411.882345
1.0975100687850805	6309275951.183314
1.098881956371062	6338273451.348314
1.1002555588165257	6349293273.116394
1.1016308782650464	6297391372.126728
1.1030079168628775	6200091535.842439
1.104386676758956	6104540443.616825
1.1057671601049048	6060352824.816242
1.1071493690550358	6071152241.653366
1.1085333057663547	6120050021.114402
1.1099189723985625	6176178379.767348
1.1113063711140607	6163916024.302384
1.1126955040779534	6136419886.009246
1.1140863734580506	6157241833.485195
1.1154789814248731	6151905373.090629
1.1168733301516542	6149064382.067015
1.1182694218143439	6154780468.538156
1.1196672585916116	6118676459.547753
1.1210668426648513	6125500003.448204
1.122468176218182	6168736666.484603
1.123871261438455	6114617403.401597
1.125276100515253	5969623230.923167
1.126682695640897	5984554619.663583
1.128091049010448	6121456568.665117
1.129501162821711	6137893081.659278
1.1309130392752382	6123702305.975049
1.1323266805743324	6147993225.128906
1.13374208892505	6148468232.719897
1.1351592665362065	6146800959.856223
1.1365782156193767	6109297805.328491
1.1379989383889009	5973371797.072208
1.139421437061887	5869282234.821277
1.1408457138582142	5892396639.597376
1.142271771000537	5993643707.211262
1.1436996107142876	6071582147.62673
1.1451292352276803	6109598967.503306
1.146560646771715	6123532578.232315
1.1479938475801796	6100415514.119555
1.1494288398896548	6114100073.426813
1.150865625939517	6156959992.508298
1.1523042079719412	6168027047.132364
1.1537445882319062	6153443580.117141
1.155186768967196	6147854926.023775
1.156630752428405	6155519195.954412
1.1580765408689404	6125934244.769856
1.1595241365450264	6019121889.972269
1.1609735417157079	5925370621.836035
1.1624247586428524	5953494953.552696
1.163877789591156	5995192935.019621
1.165332636828145	6027987295.850905
1.16678930262418	6067848366.505832
1.1682477892524603	6013655610.421683
1.1697080989890258	5963989638.958079
1.1711702341127619	6011037410.918389
1.1726341969054028	6054477808.139302
1.1740999896515347	6054642035.577034
1.1755676146385992	6019138758.855028
1.1770370741568972	5904652161.899307
1.1785083704995933	5826418929.871765
1.1799815059627177	5889056335.76355
1.1814564828451712	5901694015.803887
1.1829333034487275	5805494729.876809
1.1844119700780384	5842697290.850591
1.185892485040636	5949789985.781196
1.1873748506469368	5872420919.151992
1.1888590692102454	5736630144.606753
1.1903451430467582	5805227590.23621
1.1918330744755665	5941313320.966683
1.193322865818661	5951710552.916219
1.1948145194009343	5860273047.98066
1.1963080375501856	5708608325.1009865
1.197803422597123	5624914354.210335
1.1993006768753696	5723133628.17636
1.2007998027214637	5856230265.591154
1.2023008024748656	5868195623.288991
1.203803678477959	5850155879.554832
1.2053084330760564	5863769306.521341
1.2068150686174015	5839435394.514168
1.2083235874531733	5759578842.665654
1.2098339919374896	5759841907.797182
1.2113462844274117	5830117983.580602
1.2128604672829457	5865647784.390551
1.2143765428670494	5877443442.675061
1.2158945135456332	5873738999.953288
1.2174143816875653	5863904803.621481
1.2189361496646747	5857445290.260969
1.2204598198517553	5849855761.973673
1.2219853946265702	5843452059.84521
1.2235128763698533	5836866211.37279
1.2250422674653156	5829109795.155572
1.2265735702996472	5818355994.538799
1.2281067872625218	5811663674.601288
1.2296419207465998	5808752993.250245
1.231178973147533	5788745577.803252
1.2327179468639673	5766277195.142207
1.2342588442975473	5768426466.937555
1.2358016678529193	5772988943.739555
1.2373464199377353	5769679641.16797
1.2388931029626575	5761081248.162375
1.2404417193413606	5723770050.64874
1.2419922714905374	5634655776.62844
1.2435447618299005	5560603177.844596
1.245099192782188	5589874481.5688715
1.2466555667731656	5644190336.811429
1.248213886231632	5650647035.8773575
1.2497741535894216	5640130493.536044
1.2513363712814083	5604042722.313977
1.25290054174551	5565966070.807467
1.2544666674226919	5582149535.356838
1.2560347507569702	5588390374.978666
1.2576047941954165	5563915917.698075
1.2591768001881607	5556742574.43173
1.2607507711883958	5556442606.898888
1.2623267096523811	5558417673.468679
1.2639046180394466	5552365164.143625
1.265484498811996	5547790475.986133
1.267066354435511	5534343970.508223
1.2686501873785552	5522405505.593911
1.2702360001127784	5544246782.107422
1.2718237951129194	5551619492.395756
1.2734135748568105	5515938840.625709
1.2750053418253815	5491017072.064299
1.2765990985026632	5509090703.504619
1.2781948473757916	5528109807.329953
1.2797925909350112	5505339815.634932
1.28139233167368	5387071842.055476
1.282994072088272	5280688816.066855
1.2845978146783823	5332452306.908336
1.2862035619467302	5430034989.128604
1.2878113163991636	5443492509.270621
1.2894210805446624	5368075093.57455
1.2910328568953433	5308225163.005947
1.2926466479664624	5356875020.882188
1.2942624562764204	5428793553.836593
1.295880284346766	5449271464.0327835
1.2975001347021995	5440574817.994835
1.2991220098705771	5430724955.781923
1.3007459123829153	5420171363.501748
1.3023718447733938	5407373897.195805
1.3039998095793606	5409613401.741372
1.3056298093413348	5420075141.52449
1.3072618466030115	5411566355.822451
1.3088959239112652	5390925459.945635
1.3105320438161543	5314745761.04272
1.3121702088709244	5111382977.646858
1.313810421632013	4984485793.042879
1.315452684659053	5057163722.789072
1.3170970005148768	5231122958.27552
1.3187433717655204	5359552308.251116
1.3203918009802271	5362759547.291301
1.3220422907314524	5349278224.817769
1.3236948435948666	5358177250.370242
1.3253494621493602	5347141348.194897
1.327006148977047	5306748854.253944
1.3286649066632683	5246727157.724902
1.3303257377965971	5177390591.463884
1.331988644968843	5111675653.5693865
1.333653630775054	5107583494.026399
1.3353206978135228	5133157019.98224
1.3369898486857896	5128196792.541902
1.3386610859966468	5113691460.851329
1.3403344123541427	5096370751.196848
1.342009830369585	5094815763.523126
1.3436873426575473	5113423503.576692
1.345366951835869	5130782008.352149
1.347048660525664	5127469433.933424
1.348732471351321	5113573141.507399
1.35041838694051	5091142717.423406
1.3521064099241855	5088463841.259823
1.3537965429365908	5094345182.870523
1.3554887886152616	5082420293.203574
1.3571831496010305	5082937068.909517
1.3588796285380318	5080249833.931969
1.3605782280737042	5047964368.621825
1.3622789508587965	5005303958.284262
1.36398179954737	4995908005.252938
1.3656867767968042	5034563163.002359
1.3673938852678	5068967481.266189
1.3691031276243848	5074419256.521005
1.3708145065339152	5074227739.256825
1.3725280246670826	5071451351.566449
1.3742436846979165	5070288867.162286
1.3759614893037886	5075039018.471135
1.3776814411654184	5074233747.121907
1.3794035429668752	5077418344.907536
1.3811277973955836	5083567743.121896
1.382854207142328	5064932069.3667965
1.384582774901256	5017187729.488616
1.3863135033698826	4974555450.427745
1.388046395249095	4963010472.5419445
1.389781453243156	4871060113.5434475
1.3915186800597101	4692834093.077764
1.3932580784097848	4666454783.363291
1.3949996510077969	4769154049.234112
1.3967434005715567	4812108408.7245455
1.3984893298222711	4797732968.676014
1.4002374414845487	4785766847.316549
1.4019877382864046	4815373202.233072
1.4037402229592626	4846569062.076131
1.4054948982379614	4850404304.718918
1.4072517668607587	4841680218.584105
1.4090108315693348	4824063425.504261
1.4107720951087963	4802916771.314553
1.4125355602276823	4768109255.749764
1.414301229677967	4769120108.987093
1.4160691062150645	4791440659.749922
1.4178391925978333	4769067543.156367
1.4196114915885802	4762321624.901433
1.421386005953066	4774160485.968638
1.4231627384605074	4716585575.170103
1.424941691883583	4579358900.2468815
1.4267228689984375	4484122402.563471
1.4285062725846855	4551134579.039458
1.4302919054254162	4685969372.067392
1.4320797703071981	4746195961.394563
1.4338698700200818	4705194148.046925
1.435662207357607	4659131358.540506
1.4374567851168039	4682317055.466689
1.4392536060981997	4687578644.7317505
1.4410526731058226	4674540816.966255
1.4428539889472047	4690664289.114916
1.444657556433389	4693313183.8902645
1.4464633783789307	4696713052.519583
1.4482714576019042	4712000861.046318
1.4500817969239066	4686021089.37117
1.4518943991700615	4655626393.185289
1.453709267169024	4665290431.074474
1.4555264037529851	4644375503.788199
1.4573458117576763	4632865489.976466
1.4591674940223736	4598750275.030724
1.4609914533899013	4457011770.440179
1.4628176927066388	4410251620.827757
1.464646214822522	4478826415.895944
1.4664770225910502	4509217033.194055
1.4683101188692889	4509001989.930279
1.4701455065178752	4494732183.036348
1.4719831884010226	4508574947.413849
1.473823167386524	4532528666.879241
1.475665446345757	4522738946.525184
1.4775100281536893	4525112857.542427
1.4793569156888815	4544275344.575664
1.4812061118334923	4555397404.798207
1.4830576194732843	4569109395.609231
1.4849114414976257	4561754149.5806675
1.4867675807994976	4437036423.564616
1.4886260402754972	4324550677.466989
1.4904868228258412	4432792939.527315
1.4923499313543735	4585249647.694143
1.4942153687685666	4634087649.113856
1.4960831379795272	4647255157.577074
1.4979532419020016	4645552005.29583
1.499825683454379	4563204515.392706
1.501700465558697	4318046892.035151
1.5035775911406453	4070113108.964762
1.505457063129571	4121094304.8592052
1.5073388844584832	4399883550.19901
1.509223058064056	4578707796.660774
1.5111095868866362	4593557940.599546
1.5129984738702444	4552853885.720285
1.5148897219625823	4530958071.085293
1.5167833341150354	4544016853.701932
1.5186793132826792	4580796362.129621
1.5205776624242824	4613075053.018698
1.5224783845023127	4618507199.464193
1.5243814824829407	4615095662.441448
1.5262869593360442	4586853382.751331
1.5281948180352143	4550578877.666501
1.530105061557758	4565853982.614172
1.5320176928847054	4593558739.510763
1.5339327150008113	4598842733.4910755
1.5358501308945622	4601481882.266217
1.5377699435581802	4510392159.898864
1.539692155987628	4407190592.498404
1.5416167711826123	4425215703.393457
1.5435437921465909	4521734331.84958
1.5454732218867737	4640227291.907076
1.5474050634141323	4685759552.466659
1.5493393197434	4659671895.332372
1.5512759938930791	4626460021.099796
1.5532150888854455	4578491759.731306
1.5551566077465522	4508185509.17647
1.5571005535062357	4470810280.3026495
1.5590469291981182	4504268494.19257
1.5609957378596158	4546367314.171867
1.5629469825319402	4540217716.713284
1.5649006662601053	4544896304.417177
1.5668567920929302	4576325636.521928
1.5688153630830464	4587182589.846439
1.5707763822869003	4556532307.767181
1.5727398527647587	4450792568.622158
1.5747057775807147	4281975121.800612
1.5766741598026903	4183563306.133642
1.5786450025024439	4324968786.024195
1.5806183087555719	4529597201.749578
1.582594081641516	4555398291.155976
1.5845723242435679	4564273791.4809
1.5865530396488725	4570328187.905544
1.5885362309484334	4438616350.914494
1.5905219012371192	4377969441.189058
1.5925100536136656	4519775209.177001
1.5945006911806823	4634236219.319587
1.5964938170446583	4602334966.570327
1.5984894343159641	4571866151.217567
1.6004875461088588	4593933856.2291355
1.602488155541495	4587964550.364937
1.6044912657359218	4543071559.318545
1.6064968798180916	4525692026.228922
1.608505000917864	4582551882.57069
1.6105156321690117	4642781702.621504
1.612528776709223	4571626508.6702
1.6145444376801092	4335547804.812556
1.6165626182272093	4216206255.018036
1.6185833214999934	4214562168.5547233
1.6206065506518683	4122577534.49781
1.622632308840183	4196001717.7497425
1.624660599226233	4403777717.238512
1.626691424975266	4557677573.39908
1.6287247892564851	4646714011.642163
1.6307606952430556	4619810594.0323105
1.6327991461121094	4584135808.436775
1.6348401450447496	4566402232.412873
1.6368836952260553	4499474551.583806
1.638929799845088	4427350576.032136
1.6409784620948942	4440578316.322595
1.6430296851725128	4485128426.5889435
1.6450834722789784	4460638070.824799
1.647139826619327	4463049628.645827
1.6491987514026012	4517818484.8115225
1.6512602498418545	4554834834.166951
1.6533243251541565	4539943824.677436
1.655390980560599	4526454517.36048
1.6574602192863002	4548443188.210169
1.6595320445604078	4534782985.111723
1.6616064596161082	4460995549.35315
1.6636834676906282	4360896796.756232
1.6657630720252417	4316515103.25836
1.667845275865273	4352634975.922603
1.6699300824601049	4319891438.758769
1.6720174950631799	4148821833.1692967
1.6741075169320085	4022919526.2217603
1.6762001513281735	4055817372.320194
1.678295401517334	4269258029.4758644
1.6803932707692304	4439270673.711079
1.6824937623576919	4412421116.74223
1.6845968795606392	4343666576.432299
1.6867026256600899	4263735751.359519
1.6888110039421647	4182473789.6511984
1.6909220176970923	4186407665.936208
1.6930356702192138	4285946209.0844502
1.695151964806988	4335088340.98694
1.6972709047629964	4283984534.848838
1.6993924933939502	4207202455.8304844
1.7015167340106927	4162581743.966702
1.7036436299282058	4181434083.554733
1.705773184465616	4162231013.3532248
1.707905400946198	4040554686.1347117
1.7100402826973808	3826658753.4166856
1.7121778330507527	3757608499.7964926
1.7143180553420658	3954263050.504992
1.7164609529112433	4069360354.1532297
1.7186065291023824	4038061942.275094
1.7207547872637603	4001600144.4275875
1.72290573074784	3949235298.36635
1.725059362911275	3928665567.617449
1.7272156871149138	3934928543.0818605
1.7293747067238074	3906606640.98207
1.731536425107212	3834526684.1907616
1.733700845638596	3779923979.028419
1.7358679716956442	3811040280.5942307
1.7380378066602638	3833419668.0479465
1.7402103539185891	3776016698.5401373
1.7423856168609873	3743574337.357034
1.7445635988820634	3793283035.1654325
1.746744303380666	3819038846.4910016
1.7489277337598916	3767177371.663798
1.7511138934270916	3716973959.558782
1.7533027857938754	3701221121.6360707
1.7554944142761177	3697914333.2965355
1.7576887822939626	3685980402.423281
1.75988589327183	3633588495.013058
1.76208575063842	3590547411.8045187
1.764288357826718	3592472130.8386483
1.7664937182740013	3568453603.706676
1.7687018354218438	3531050277.507692
1.770912712716121	3513692255.916809
1.773126353607016	3506448186.079115
1.7753427615490247	3487297218.064415
1.7775619400009608	3453706275.5106697
1.7797838924259624	3452296812.1438465
1.7820086222914944	3434006972.266731
1.7842361330693588	3380407118.252092
1.7864664282356955	3367076544.987559
1.78869951127099	3408407420.243959
1.790935385660079	3421115230.1895013
1.793174054892154	3380278633.8872175
1.7954155224607689	3366343542.703759
1.7976597918638448	3368999061.234651
1.7999068666036746	3312045481.7442665
1.8021567501869293	3212071082.420923
1.804409446124663	3168759325.349603
1.8066649579323186	3208492762.1920767
1.8089232891297338	3235104183.8310685
1.8111844432411461	3207714801.0527987
1.8134484237951976	3204907517.4249563
1.8157152343249414	3219674996.908469
1.8179848783678474	3196069971.9188976
1.8202573594658071	3160820264.1064134
1.8225326811651397	3165643510.6384664
1.824810847016596	3165820287.2648916
1.8270918605753668	3097989274.438612
1.8293757254010856	3050880325.73124
1.831662445057837	3076852828.517502
1.8339520231141593	3095300984.4102464
1.836244463143052	3064170420.207905
1.8385397687219809	3014335874.1422596
1.840837943432883	2959714888.9832506
1.8431389908621743	2921390903.508434
1.8454429146007518	2890243773.7835627
1.8477497182440028	2867686921.981891
1.8500594053918078	2908268154.488876
1.8523719796485476	2931283301.0732594
1.8546874446231079	2889380436.8847966
1.857005803928887	2828382998.3142543
1.8593270611837978	2801397009.2173905
1.8616512200102777	2836359234.4172754
1.8639782840352905	2860578201.3656287
1.8663082568903346	2863246130.7878985
1.8686411422114473	2879386459.0954776
1.8709769436392114	2849898406.3734026
1.8733156648187608	2794585863.818182
1.875657309399784	2790329600.129325
1.8780018810365335	2798643483.0340796
1.8803493833878293	2828119982.535109
1.882699820117064	2846557311.7443323
1.8850531948922105	2781275428.5404625
1.8874095113858254	2723909078.7509313
1.8897687732750577	2691802053.895253
1.8921309842416516	2656164527.248972
1.8944961479719535	2686571462.2165465
1.8968642681569183	2722318207.676616
1.8992353484921145	2725921888.9570875
1.9016093926777295	2737640843.301002
1.9039864044185768	2707089157.956523
1.9063663874241	2673731957.2631745
1.90874934540838	2671902809.556314
1.9111352820901404	2664288731.3637238
1.913524201192753	2687813987.8350844
1.9159161064442438	2706130958.9097934
1.918311001577299	2683121386.530429
1.9207088903292706	2668701840.945764
1.9231097764421823	2671958101.625535
1.925513663662735	2656556162.772957
1.9279205557423134	2576209590.057896
1.9303304564369912	2400951019.7234607
1.9327433695075371	2338468671.6388597
1.9351592987194217	2493483288.1833143
1.9375782478428212	2602045721.3441763
1.9400002206526246	2577630059.243191
1.9424252209284403	2459481704.588809
1.9448532524546007	2241250338.3057394
1.947284319020169	2158543878.3236494
1.949718424418944	2223719268.711607
1.9521555724494677	2292445893.072483
1.9545957669150293	2428646525.917453
1.957039011623673	2534834210.431761
1.9594853103882026	2536006547.5139008
1.961934667026188	2491721054.455524
1.9643870853599705	2482912695.284282
1.9668425692166707	2517251531.3051124
1.969301122428191	2517841040.744549
1.9717627488312266	2453622490.2937775
1.9742274522672654	2314738348.5654225
1.9766952365825994	2079189775.4130917
1.9791661056283276	1971988861.3729882
1.981640063260363	2125102371.8480794
1.9841171133394384	2187313302.1072936
1.9865972597311126	2102837608.7887318
1.9890805063057764	2161755730.738666
1.9915668569386586	2226625622.093949
1.9940563155098319	2191064575.7514634
1.9965488859042193	2212296659.3286543
1.9990445720115995	2282776416.46172
2.001543377726614	2332244694.8979764
2.0040453069487723	2342709349.025391
2.006550363582458	2338314195.6272674
2.009058551536936	2324872771.679725
2.0115698747263573	2309458774.519613
2.014084337069765	2300078397.8765273
2.016601942491102	2280399891.0140605
2.0191226949192163	2249920532.95495
2.021646598287865	2238978501.8556285
2.0241736565357247	2242343623.9082775
2.0267038736063943	2227096757.959007
2.029237253448402	2212399438.1457515
2.0317738000152126	2227666074.0426893
2.0343135172652316	2234260374.574347
2.036856409161813	2220834407.962097
2.039402479673265	2214919791.1569724
2.041951732772857	2211127254.7616124
2.0445041724388227	2199603440.088048
2.0470598026543714	2186423161.1438036
2.0496186274076895	2183099168.444275
2.0521806506919487	2168965667.7193165
2.0547458765053137	2144849958.957235
2.057314308850945	2144921389.4197934
2.0598859517370087	2139700402.3828235
2.06246080917668	2089884906.0016694
2.065038885188151	2065445613.3124685
2.067620183794636	2098729946.6777656
2.0702047090243796	2113591787.0792174
2.0727924649106595	2100152191.1804104
2.075383455491798	2101334107.2551873
2.0779776848111626	2108304951.8985953
2.0805751569171766	2097437055.2810078
2.083175875863323	2072387305.177674
2.085779845708152	2056465888.7787504
2.0883870705152874	2060027043.7180827
2.0909975543534314	2064741738.8974335
2.093611301296373	2040412737.964028
2.0962283154229935	1997701637.8990498
2.098848600817272	1999058553.0593827
2.1014721615682936	2035008295.4256952
2.104099001770254	2045452602.5249102
2.1067291255224667	2016951974.1491807
2.10936253692937	1979223365.183029
2.1119992401005314	1980007934.9317064
2.114639239150657	1980326289.6000407
2.1172825381995954	1951253591.173455
2.119929141372345	1957835271.3226852
2.1225790527990602	1981568998.2385736
2.125232276615059	1982840255.951564
2.1278888169608274	1982017652.6947813
2.130548677982029	1985136298.3460379
2.1332118638295063	1982851113.3639994
2.1358783786592928	1972294795.4826643
2.1385482266326172	1967212462.7689836
2.141221411915908	1967359842.0687068
2.1438979386808024	1964008981.6153305
2.1465778111041534	1958447497.6619742
2.1492610333680338	1951414878.7103934
2.1519476096597434	1940063323.1271515
2.1546375441718184	1931562932.3075597
2.157330841102033	1930973930.8415134
2.1600275046534105	1932657271.4131238
2.1627275390342273	1932926099.312738
2.16543094845802	1927157321.4002194
2.168137737143592	1919915707.973044
2.1708479093150217	1913706366.9045675
2.1735614692016654	1900948971.2679303
2.1762784210381674	1874570881.7144005
2.178998769064465	1850613395.143581
2.1817225175257957	1854938401.6215296
2.184449670672703	1866055149.9627109
2.187180232761044	1854817792.8804533
2.1899142080519947	1840690988.859349
2.19265160081206	1849156396.7275214
2.1953924153130746	1858343623.0168269
2.198136655832216	1850490938.4193387
2.200884326652006	1833933392.4151351
2.203635432060321	1796382194.492037
2.2063899763503967	1742033936.4976625
2.2091479638208344	1738871744.463187
2.2119093987756107	1788631459.0163655
2.21467428552408	1820973763.491996
2.217442628380985	1821412709.538814
2.2202144316664616	1801552558.755354
2.2229896997060443	1778528394.4957035
2.225768436830677	1749052447.8384454
2.2285506473767147	1714902753.4084184
2.2313363356859357	1719322956.4533255
2.2341255061055434	1752175583.6775343
2.236918162988175	1761308585.1550412
2.23971431069191	1750617902.339678
2.2425139535802754	1746782858.0843236
2.24531709602225	1743684836.1542985
2.248123742392278	1738669780.5781085
2.2509338970702686	1738620970.204105
2.253747564441606	1733424853.6505215
2.256564748897158	1725192483.9103417
2.2593854548332795	1700220373.0710573
2.262209686651821	1648133858.681666
2.2650374487601357	1627715095.9425285
2.2678687455710858	1659340761.13484
2.27070358150305	1687096714.45661
2.2735419609799283	1689183468.2939808
2.276383888431153	1679487447.3603344
2.279229368291692	1651556190.2644823
2.2820784050020566	1619397006.4086611
2.2849310030083094	1629702392.0705185
2.2877871667620697	1654835432.9929798
2.290646900720522	1621803249.312664
2.293510209346423	1512202801.8277063
2.2963770971081057	1438071642.8636754
2.299247568479491	1471411200.472656
2.3021216279400902	1518870597.9221375
2.304999279975015	1530789398.4337046
2.3078805290749838	1533712512.8819366
2.3107653797363277	1534077721.676693
2.3136538364609978	1526916792.3020556
2.316545903756574	1521838130.3674035
2.3194415861362696	1496664890.6651127
2.32234088811894	1413622930.8049963
2.3252438142290885	1352761487.5661473
2.3281503689968748	1375938326.714171
2.331060556958121	1409851922.5830374
2.3339743826543184	1415764755.2387047
2.3368918506326364	1402615916.0121891
2.339812965445927	1398683498.5148766
2.342737731652734	1408982245.5008025
2.3456661538173003	1408532855.1280818
2.348598236509572	1392478482.1183472
2.3515339843052088	1330478713.6544175
2.35447340178559	1265915267.158178
2.357416493537822	1280235839.2983437
2.3603632641547443	1320537254.065065
2.3633137182349375	1338705386.6476853
2.366267860382731	1348950499.158257
2.3692256952082094	1351008913.791582
2.37218722732722	1341803242.9175754
2.375152461361379	1331035873.6824763
2.3781214019380803	1323027089.9396064
2.381094053690503	1276251435.0809977
2.384070421257616	1200812310.1273685
2.387050509284188	1186848867.9382458
2.390034322420793	1222301435.171155
2.393021865323819	1245025035.4835718
2.3960131426554736	1254924596.3173106
2.399008159083793	1256049680.6287875
2.402006919282648	1249667947.2085989
2.405009427931751	1238991838.4232981
2.408015689716666	1228748698.6073155
2.411025709328811	1205273585.393409
2.414039491465472	1150806292.3731804
2.417057040829804	1121373686.7328672
2.420078362130841	1142956068.2937784
2.423103460083505	1161454759.3235826
2.426132339408609	1161032414.030062
2.42916500483287	1158501732.738326
2.432201461088911	1156400602.0203242
2.4352417129152717	1147631502.7139215
2.438285765056416	1139721342.7605188
2.441333622262736	1130874036.3142724
2.444385289290565	1101552604.8548036
2.447440770902178	1060317172.5712407
2.4505000718658057	1042383937.7185965
2.4535631969556375	1044110761.4025733
2.456630150951832	1051325876.8073921
2.459700938640522	1058419078.492473
2.4627755648138225	1062808127.7545983
2.4658540342698396	1063027821.8908373
2.468936351812677	1053853548.1043981
2.4720225222524426	1041646565.3542874
2.475112550405258	1027954673.5914104
2.4782064410932647	1001034795.582969
2.481304199144631	954176584.2735969
2.484405829393562	879435824.7501093
2.4875113366803037	784518214.1782364
2.490620725851154	734857505.9320937
2.4937340017584684	687449108.4739603
2.4968511692606663	547271858.0698763
