0.600000	47.2107
0.601200	52.0921
0.602402	60.1356
0.603607	69.8339
0.604814	80.6423
0.606024	92.7117
0.607236	106.274
0.608450	121.638
0.609667	139.153
0.610887	159.190
0.612108	182.114
0.613333	208.172
0.614559	237.714
0.615788	271.677
0.617020	310.815
0.618254	354.724
0.619491	404.732
0.620729	463.471
0.621971	529.647
0.623215	605.009
0.624461	692.524
0.625710	791.657
0.626962	901.545
0.628215	1023.67
0.629472	1159.42
0.630731	1308.79
0.631992	1478.81
0.633256	1665.23
0.634523	1875.39
0.635792	2112.14
0.637063	2374.91
0.638337	2662.03
0.639614	2975.34
0.640893	3320.36
0.642175	3695.59
0.643459	4100.40
0.644746	4533.27
0.646036	4982.53
0.647328	5483.00
0.648623	6068.74
0.649920	6692.05
0.651220	7310.74
0.652522	8000.29
0.653827	8762.57
0.655135	9528.28
0.656445	10320.1
0.657758	11168.8
0.659073	12115.9
0.660391	13080.5
0.661712	14096.5
0.663036	15133.5
0.664362	16220.6
0.665690	17329.4
0.667022	18399.3
0.668356	19047.7
0.669692	16952.0
0.671032	15366.5
0.672374	20935.7
0.673719	24103.7
0.675066	25590.3
0.676416	26841.3
0.677769	27998.3
0.679124	29102.7
0.680483	30146.3
0.681844	31101.8
0.683207	31983.3
0.684574	32765.0
0.685943	33428.5
0.687315	33954.8
0.688689	34373.5
0.690067	34551.1
0.691447	34069.4
0.692830	33404.2
0.694215	33468.1
0.695604	33892.5
0.696995	33928.2
0.698389	33428.4
0.699786	32625.7
0.701185	31822.2
0.702587	31047.8
0.703993	30121.3
0.705401	29197.3
0.706811	28240.3
0.708225	27243.4
0.709641	26163.5
0.711061	24960.0
0.712483	23701.0
0.713908	22532.0
0.715336	21008.8
0.716766	18779.5
0.718200	17533.3
0.719636	16742.6
0.721075	15954.2
0.722517	14777.9
0.723962	13556.0
0.725410	12591.6
0.726861	11798.1
0.728315	11111.1
0.729771	10240.5
0.731231	9544.47
0.732693	9071.12
0.734159	8542.89
0.735627	7991.68
0.737098	7512.50
0.738573	6993.51
0.740050	6530.41
0.741530	6121.48
0.743013	5740.84
0.744499	5382.52
0.745988	5055.45
0.747480	4729.45
0.748975	4422.51
0.750473	4135.11
0.751974	3849.97
0.753477	3558.86
0.754984	3261.68
0.756494	2950.89
0.758007	2618.93
0.759523	2263.86
0.761042	1880.69
0.762564	1456.99
0.764089	962.026
0.765618	440.247
0.767149	328.641
0.768683	425.136
0.770220	491.263
0.771761	1150.54
0.773304	1913.69
0.774851	2595.65
0.776401	3245.49
0.777953	3682.50
0.779509	3484.02
0.781068	4442.77
0.782630	5927.60
0.784196	6869.59
0.785764	7772.82
0.787336	8717.42
0.788910	9740.47
0.790488	10825.5
0.792069	11633.1
0.793653	10423.8
0.795240	10524.6
0.796831	15318.0
0.798424	18471.4
0.800021	20836.8
0.801621	23271.4
0.803224	25904.2
0.804831	28888.9
0.806440	32072.2
0.808053	35449.1
0.809669	38397.4
0.811289	41143.7
0.812911	44173.7
0.814537	49352.5
0.816166	55749.5
0.817798	61960.1
0.819434	69590.3
0.821073	76745.6
0.822715	79592.3
0.824360	89643.1
0.826009	102181.
0.827661	109873.
0.829316	118758.
0.830975	131045.
0.832637	143557.
0.834302	157770.
0.835971	170130.
0.837643	183982.
0.839318	200612.
0.840996	216711.
0.842678	236770.
0.844364	256777.
0.846052	275981.
0.847745	297922.
0.849440	310715.
0.851139	273717.
0.852841	288105.
0.854547	383723.
0.856256	430457.
0.857968	462335.
0.859684	491437.
0.861404	516659.
0.863126	546947.
0.864853	584358.
0.866582	626240.
0.868315	669853.
0.870052	712629.
0.871792	757952.
0.873536	804963.
0.875283	849517.
0.877033	893627.
0.878787	933488.
0.880545	935648.
0.882306	884750.
0.884070	896474.
0.885839	931281.
0.887610	901690.
0.889385	959784.
0.891164	937989.
0.892946	744169.
0.894732	638842.
0.896522	912606.
0.898315	1.12701e+06
0.900111	1.28772e+06
0.901912	1.50596e+06
0.903715	1.79069e+06
0.905523	1.96565e+06
0.907334	1.97900e+06
0.909148	1.98900e+06
0.910967	2.08620e+06
0.912789	2.10705e+06
0.914614	2.12019e+06
0.916443	2.11573e+06
0.918276	2.21273e+06
0.920113	2.43485e+06
0.921953	2.58856e+06
0.923797	2.51889e+06
0.925644	2.07217e+06
0.927496	1.14825e+06
0.929351	648521.
0.931209	649229.
0.933072	700848.
0.934938	865284.
0.936808	1.23411e+06
0.938681	1.66480e+06
0.940559	1.99500e+06
0.942440	1.77619e+06
0.944325	1.56290e+06
0.946213	1.55015e+06
0.948106	1.48919e+06
0.950002	1.52869e+06
0.951902	1.68333e+06
0.953806	1.73729e+06
0.955713	1.43135e+06
0.957625	1.54809e+06
0.959540	1.47954e+06
0.961459	1.59454e+06
0.963382	1.84700e+06
0.965308	2.04385e+06
0.967239	2.63347e+06
0.969174	2.98149e+06
0.971112	3.23029e+06
0.973054	3.15598e+06
0.975000	3.07884e+06
0.976950	3.46740e+06
0.978904	3.78608e+06
0.980862	3.94922e+06
0.982824	3.85969e+06
0.984789	4.19206e+06
0.986759	4.70691e+06
0.988732	4.74846e+06
0.990710	5.28766e+06
0.992691	5.69220e+06
0.994676	6.12714e+06
0.996666	6.53256e+06
0.998659	6.77223e+06
1.00066	7.38060e+06
1.00266	7.87847e+06
1.00466	8.61572e+06
1.00667	9.11774e+06
1.00869	9.50668e+06
1.01070	9.95007e+06
1.01272	1.02908e+07
1.01475	1.07099e+07
1.01678	1.10884e+07
1.01881	1.12934e+07
1.02085	1.16756e+07
1.02289	1.21451e+07
1.02494	1.27070e+07
1.02699	1.33539e+07
1.02904	1.38846e+07
1.03110	1.40766e+07
1.03316	1.40862e+07
1.03523	1.45253e+07
1.03730	1.52332e+07
1.03937	1.56371e+07
1.04145	1.61502e+07
1.04353	1.65927e+07
1.04562	1.71588e+07
1.04771	1.74130e+07
1.04981	1.75972e+07
1.05191	1.80824e+07
1.05401	1.84799e+07
1.05612	1.88359e+07
1.05823	1.89417e+07
1.06035	1.92166e+07
1.06247	1.95307e+07
1.06459	1.96253e+07
1.06672	1.97455e+07
1.06886	1.96998e+07
1.07099	1.95105e+07
1.07314	1.97873e+07
1.07528	2.01036e+07
1.07743	1.99804e+07
1.07959	2.01184e+07
1.08175	2.00920e+07
1.08391	1.99101e+07
1.08608	1.87373e+07
1.08825	1.69288e+07
1.09043	1.45411e+07
1.09261	1.17196e+07
1.09479	8.98511e+06
1.09698	7.57209e+06
1.09918	5.89816e+06
1.10137	4.19072e+06
1.10358	3.24534e+06
1.10578	2.56132e+06
1.10800	2.12202e+06
1.11021	1.30498e+06
1.11243	935764.
1.11466	887056.
1.11689	810811.
1.11912	862376.
1.12136	958050.
1.12360	1.18384e+06
1.12585	1.54336e+06
1.12810	1.62299e+06
1.13036	1.40197e+06
1.13262	961855.
1.13488	650677.
1.13715	1.46094e+06
1.13943	2.31331e+06
1.14170	2.28292e+06
1.14399	1.68919e+06
1.14628	1.73720e+06
1.14857	1.90041e+06
1.15087	1.62107e+06
1.15317	1.23255e+06
1.15547	1.08939e+06
1.15778	1.18586e+06
1.16010	1.22470e+06
1.16242	1.18738e+06
1.16475	1.25516e+06
1.16707	1.34731e+06
1.16941	1.69602e+06
1.17175	2.34800e+06
1.17409	2.75662e+06
1.17644	2.78880e+06
1.17879	3.41885e+06
1.18115	4.45860e+06
1.18351	5.35313e+06
1.18588	5.99627e+06
1.18825	6.60631e+06
1.19063	7.52229e+06
1.19301	8.70659e+06
1.19539	9.72919e+06
1.19778	1.04963e+07
1.20018	1.14401e+07
1.20258	1.22494e+07
1.20499	1.38211e+07
1.20740	1.42709e+07
1.20981	1.48600e+07
1.21223	1.54752e+07
1.21465	1.64576e+07
1.21708	1.69583e+07
1.21952	1.80053e+07
1.22196	1.85278e+07
1.22440	1.91554e+07
1.22685	2.07117e+07
1.22930	2.19204e+07
1.23176	2.25406e+07
1.23423	2.33032e+07
1.23669	2.43430e+07
1.23917	2.48710e+07
1.24165	2.35682e+07
1.24413	2.39723e+07
1.24662	2.62613e+07
1.24911	2.54551e+07
1.25161	2.23277e+07
1.25411	2.43561e+07
1.25662	2.90642e+07
1.25913	3.14002e+07
1.26165	3.22430e+07
1.26417	3.17218e+07
1.26670	3.13480e+07
1.26924	3.12529e+07
1.27177	2.98440e+07
1.27432	2.83358e+07
1.27687	2.78565e+07
1.27942	2.60667e+07
1.28198	2.48432e+07
1.28454	2.28149e+07
1.28711	2.04955e+07
1.28969	1.91541e+07
1.29227	1.83118e+07
1.29485	1.76746e+07
1.29744	1.80627e+07
1.30003	1.73432e+07
1.30263	1.59675e+07
1.30524	1.65796e+07
1.30785	1.61623e+07
1.31047	1.53672e+07
1.31309	1.27031e+07
1.31571	1.12689e+07
1.31834	1.12013e+07
1.32098	1.15565e+07
1.32362	9.25095e+06
1.32627	7.51317e+06
1.32892	5.26410e+06
1.33158	2.10884e+06
1.33424	1.28001e+06
1.33691	609684.
1.33959	253934.
1.34227	150634.
1.34495	103084.
1.34764	82175.4
1.35033	66428.6
1.35304	37739.8
1.35574	26193.2
1.35845	25153.9
1.36117	28405.6
1.36389	54398.9
1.36662	75010.3
1.36935	64955.1
1.37209	72234.1
1.37484	125685.
1.37759	148448.
1.38034	111930.
1.38310	69807.8
1.38587	62272.5
1.38864	74645.2
1.39142	74261.0
1.39420	73527.2
1.39699	61012.7
1.39978	67809.0
1.40258	100862.
1.40539	105042.
1.40820	82428.6
1.41101	75755.8
1.41384	99979.2
1.41666	118806.
1.41950	91859.4
1.42234	110254.
1.42518	132414.
1.42803	193123.
1.43089	275891.
1.43375	206054.
1.43662	244705.
1.43949	217997.
1.44237	283300.
1.44525	310315.
1.44814	469362.
1.45104	579513.
1.45394	634374.
1.45685	813288.
1.45976	998052.
1.46268	707083.
1.46561	815612.
1.46854	586823.
1.47148	518506.
1.47442	515254.
1.47737	541151.
1.48032	611887.
1.48328	776566.
1.48625	710534.
1.48922	706028.
1.49220	856551.
1.49518	841674.
1.49817	1.11659e+06
1.50117	1.35028e+06
1.50417	1.41387e+06
1.50718	1.42594e+06
1.51020	1.17196e+06
1.51322	1.01687e+06
1.51624	1.17167e+06
1.51927	1.61380e+06
1.52231	2.12593e+06
1.52536	2.30415e+06
1.52841	2.84012e+06
1.53147	3.31014e+06
1.53453	3.46446e+06
1.53760	3.49004e+06
1.54067	3.73335e+06
1.54375	4.07570e+06
1.54684	4.39504e+06
1.54993	4.76624e+06
1.55303	5.37352e+06
1.55614	5.75487e+06
1.55925	6.45275e+06
1.56237	7.67021e+06
1.56550	8.73488e+06
1.56863	9.53129e+06
1.57176	9.57613e+06
1.57491	9.94648e+06
1.57806	1.01860e+07
1.58121	1.05068e+07
1.58438	1.08139e+07
1.58754	1.07485e+07
1.59072	1.02387e+07
1.59390	9.64743e+06
1.59709	9.20548e+06
1.60028	8.66489e+06
1.60348	7.59736e+06
1.60669	6.76432e+06
1.60990	6.17214e+06
1.61312	5.22242e+06
1.61635	3.92164e+06
1.61958	3.27930e+06
1.62282	3.04950e+06
1.62607	3.20775e+06
1.62932	2.87905e+06
1.63258	3.15350e+06
1.63584	3.78028e+06
1.63911	4.26689e+06
1.64239	4.46250e+06
1.64568	3.86440e+06
1.64897	3.64793e+06
1.65227	4.51111e+06
1.65557	3.40165e+06
1.65888	3.99514e+06
1.66220	4.65643e+06
1.66552	2.02129e+06
1.66886	527141.
1.67219	1.34281e+06
1.67554	2.22209e+06
1.67889	2.10272e+06
1.68225	1.92859e+06
1.68561	1.83907e+06
1.68898	1.65080e+06
1.69236	1.31774e+06
1.69574	1.03055e+06
1.69914	814343.
1.70253	688877.
1.70594	857785.
1.70935	1.36909e+06
1.71277	1.63132e+06
1.71620	1.86048e+06
1.71963	2.09785e+06
1.72307	1.82689e+06
1.72651	1.66973e+06
1.72997	1.75589e+06
1.73343	1.72705e+06
1.73689	1.84941e+06
1.74037	1.97315e+06
1.74385	2.16587e+06
1.74733	2.13427e+06
1.75083	1.94635e+06
1.75433	1.60349e+06
1.75784	1.39200e+06
1.76136	1.31189e+06
1.76488	1.20135e+06
1.76841	1.00862e+06
1.77194	851654.
1.77549	704719.
1.77904	776960.
1.78260	700790.
1.78616	548110.
1.78973	548623.
1.79331	348570.
1.79690	468752.
1.80049	403943.
1.80410	251674.
1.80770	283800.
1.81132	325210.
1.81494	329779.
1.81857	226445.
1.82221	325414.
1.82585	357581.
1.82950	210712.
1.83316	185988.
1.83683	147288.
1.84050	192744.
1.84418	329360.
1.84787	277260.
1.85157	293219.
1.85527	248282.
1.85898	174415.
1.86270	146120.
1.86642	98395.8
1.87016	90316.3
1.87390	166354.
1.87765	348646.
1.88140	528635.
1.88516	497422.
1.88893	453562.
1.89271	537723.
1.89650	618823.
1.90029	344389.
1.90409	273664.
1.90790	318593.
1.91171	253688.
1.91554	256116.
1.91937	250527.
1.92321	175638.
1.92705	151416.
1.93091	149739.
1.93477	165179.
1.93864	128812.
1.94252	114538.
1.94640	163816.
1.95029	200931.
1.95419	178341.
1.95810	196414.
1.96202	229668.
1.96594	272982.
1.96988	264335.
1.97382	276492.
1.97776	392785.
1.98172	370647.
1.98568	461380.
1.98965	489254.
1.99363	565914.
1.99762	689015.
2.00161	748457.
2.00562	754743.
2.00963	870498.
2.01365	871463.
2.01768	648269.
2.02171	758641.
2.02575	979946.
2.02981	1.07380e+06
2.03386	1.20128e+06
2.03793	1.25207e+06
2.04201	1.38589e+06
2.04609	1.56608e+06
2.05018	1.65810e+06
2.05428	1.73969e+06
2.05839	1.92294e+06
2.06251	2.02609e+06
2.06663	2.10450e+06
2.07077	2.17540e+06
2.07491	2.24186e+06
2.07906	2.31862e+06
2.08322	2.44602e+06
2.08738	2.48277e+06
2.09156	2.47998e+06
2.09574	2.45027e+06
2.09993	2.43260e+06
2.10413	2.39829e+06
2.10834	2.32805e+06
2.11256	2.27557e+06
2.11678	2.21715e+06
2.12102	2.15986e+06
2.12526	2.10302e+06
2.12951	2.01225e+06
2.13377	1.98391e+06
2.13804	1.85400e+06
2.14231	1.69837e+06
2.14660	1.57298e+06
2.15089	1.45507e+06
2.15519	1.34252e+06
2.15950	1.26418e+06
2.16382	1.15604e+06
2.16815	1.02737e+06
2.17248	927554.
2.17683	868639.
2.18118	775544.
2.18554	732238.
2.18992	631601.
2.19430	400265.
2.19868	174839.
2.20308	106202.
2.20749	163533.
2.21190	211166.
2.21633	219916.
2.22076	206224.
2.22520	167540.
2.22965	168977.
2.23411	178352.
2.23858	132385.
2.24306	75572.3
2.24754	68517.4
2.25204	73815.6
2.25654	81070.5
2.26105	76206.2
2.26558	84210.7
2.27011	94173.5
2.27465	103691.
2.27920	108661.
2.28375	83421.1
2.28832	69252.1
2.29290	52738.8
2.29748	59695.6
2.30208	80556.0
2.30668	133092.
2.31130	217461.
2.31592	125895.
2.32055	42476.7
2.32519	51834.7
2.32984	55103.3
2.33450	61763.9
2.33917	56075.4
2.34385	57553.4
2.34854	66954.5
2.35323	66487.7
2.35794	90124.6
2.36266	130184.
2.36738	108190.
2.37212	65834.7
2.37686	71516.4
2.38161	83595.3
2.38638	116773.
2.39115	138364.
2.39593	147545.
2.40072	201983.
2.40552	208128.
2.41034	259138.
2.41516	256756.
2.41999	232617.
2.42483	237949.
2.42968	299713.
2.43454	314337.
2.43940	350054.
2.44428	328487.
2.44917	353575.
2.45407	394260.
2.45898	457272.
2.46390	511778.
2.46882	477854.
2.47376	403563.
2.47871	417398.
2.48367	493214.
2.48863	439798.
2.49361	402560.
2.49860	382934.
2.50359	344310.
2.50860	325576.
2.51362	243509.
2.51865	221673.
2.52368	192254.
2.52873	168925.
2.53379	133165.
2.53886	153780.
2.54393	112378.
2.54902	94824.8
2.55412	132990.
