#wavelength	surface flux
0.6450077295303345	92401236.43466038
0.6472567915916443	128836698.02766262
0.6494921445846558	130547655.76136702
0.6517150402069092	129876562.20123576
0.6539263725280762	150838731.40509325
0.6561272740364075	155919716.59311226
0.6583186388015747	147588445.53873834
0.6605015397071838	137146465.32135242
0.6626768708229065	117897421.4141801
0.6648455858230591	96810176.70091523
0.6670085787773132	82596106.73758307
0.6691668033599854	73630830.6104517
0.6713210344314575	66521808.48271568
0.6734722256660461	63035895.92221894
0.6756211519241333	66844630.17442081
0.6777685880661011	73570027.2908277
0.6799154281616211	79124937.34571454
0.6820623278617859	87670991.30416413
0.6842101216316223	94964992.17585427
0.6863595843315125	96813377.4156014
0.688511312007904	102657251.9009345
0.6906660795211792	118261279.23677576
0.6928245425224304	140918991.47527888
0.6949873566627502	174089666.31084508
0.6971551775932312	216661320.0572223
0.6993286609649658	257556407.85955068
0.7015084028244019	315035509.2041309
0.7036949396133423	377223771.10197014
0.7058889269828796	335293407.58207834
0.7080909013748169	215529675.58380404
0.710301399230957	143760647.30831206
0.712520956993103	115131282.68764152
0.7147500514984131	101458002.39556201
0.7169892191886902	113760270.31107087
0.7192389369010925	138542490.70538753
0.7214996814727783	164852295.37102497
0.723771870136261	224998032.76808038
0.7260559797286987	318782446.0512462
0.7283523678779602	425600543.2896333
0.7306615710258484	564973663.4859324
0.7329838871955872	725680652.419694
0.7353196740150452	870837221.4035642
0.7376693487167358	990937448.1431521
0.7400332689285278	1065580380.8749745
0.7424117922782898	1093793803.6921906
0.7448052167892456	1102363335.650262
0.7472138404846191	1115344141.4971957
0.7496379613876343	1146023224.6444974
0.7520779371261597	1194809255.4989529
0.7545340061187744	1252541190.70854
0.7570064663887024	1224251542.3293245
0.7594954967498779	1031629843.5630897
0.7620013952255249	772527930.4711052
0.7645244002342224	494102916.25181377
0.7670646905899048	258301915.20754978
0.7696225643157959	206871721.15155867
0.7721980810165405	319112343.276663
0.7747915983200073	446747820.81203943
0.7774031162261963	513286851.8961939
0.7800329327583313	578945383.6518816
0.7826811671257019	645503786.5432919
0.7853479981422424	689639406.6135163
0.7880334854125977	740300529.0723268
0.7907378077507019	764667481.8168936
0.7934610247612	776213167.7402414
0.7962033748626709	836331397.4746047
0.7989648580551147	922304367.3643047
0.801745593547821	1052636318.0445285
0.8045456409454346	1249774758.890803
0.8073651194572449	1465041046.1981573
0.8102040886878967	1681315849.142334
0.8130625486373901	1867111503.6884036
0.8159406185150146	1847436176.229828
0.8188382983207703	1595360982.1638331
0.8217556476593018	1525445505.7051492
0.8246926665306091	1692325591.9685678
0.8276493549346924	1721673758.5763276
0.8306257724761963	1629017044.6921804
0.8336219191551208	1583904080.691249
0.8366377949714661	1561797592.9486725
0.8396733403205872	1508777302.3445084
0.8427285552024841	1324473935.8335233
0.8458034992218018	1034098479.5783386
0.8488980531692505	903894290.1028166
0.8520121574401855	961994483.4373653
0.8551458716392517	1082564822.577786
0.8582990765571594	1215376095.3034673
0.8614717125892639	1330780449.6153176
0.8646637797355652	1421928403.4489133
0.8678751587867737	1487028126.5340748
0.8711057901382446	1568839560.8402104
0.8743556141853333	1700499520.6100116
0.87762451171875	1855964502.5439458
0.8809124231338501	1973681897.392038
0.8842192888259888	1925547218.8767757
0.8875449895858765	1679729771.277799
0.8908893465995789	1539769039.481401
0.894252359867096	1594295582.883289
0.8976338505744934	1706402097.4624412
0.9010337591171265	1858517941.3132403
0.9044519662857056	2000390840.617743
0.9078882932662964	2150315246.1892176
0.9113426208496094	2321676168.7656074
0.914814829826355	2472982656.2706194
0.9183048605918884	2526301383.92891
0.9218124747276306	2398208356.3692203
0.925337553024292	2200691851.5249634
0.9288799166679382	2079739317.7797577
0.9324395060539246	2048678985.687508
0.9360161423683167	2087606270.8152714
0.9396095871925354	2154469917.6615267
0.943219780921936	2224565532.3024373
0.9468464851379395	2303728402.610852
0.9504896402359009	2371397709.168381
0.9541489481925964	2398558127.353554
0.9578243494033813	2402001151.305619
0.9615156054496765	2389876111.4541245
0.9652225375175476	2381989563.516373
0.9689450263977051	2386581686.310468
0.9726828336715698	2362953864.109038
0.9764357805252075	2351601889.8583493
0.9802037477493286	2394545823.2740717
0.983986496925354	2453227036.739103
0.9877838492393494	2426127263.101344
0.9915955662727356	2273406310.4125576
0.9954215884208679	2211136912.3171506
0.9992615580558777	2250375187.303506
1.0031154155731201	2247857553.3562183
1.0069829225540161	2267799090.749482
1.0108637809753418	2340321191.3552046
1.0147579908370972	2393249819.396668
1.018665075302124	2421638431.138046
1.022585153579712	2436327737.992779
1.0265177488327026	2395528315.012369
1.0304628610610962	2380440502.836638
1.0344202518463135	2437107025.485666
1.0383895635604858	2509431665.283709
1.0423706769943237	2561323841.0792837
1.0463634729385376	2565924225.3042207
1.0503677129745483	2526686363.6240816
1.0543830394744873	2480317534.312207
1.058409333229065	2464575086.6205573
1.0624464750289917	2492828142.6184936
1.0664942264556885	2543145446.7606287
1.0705522298812866	2603289236.404665
1.0746204853057861	2671752944.3398366
1.0786986351013184	2731716011.2136917
1.0827864408493042	2773232637.165702
1.086883783340454	2797305654.206313
1.0909905433654785	2805791544.8264394
1.0951062440872192	2787035678.9688034
1.0992310047149658	2728325047.2182107
1.10336434841156	2622019690.7250795
1.1075061559677124	2537760494.919951
1.1116561889648438	2538960840.8000226
1.115814208984375	2572861959.9973397
1.1199802160263062	2596614254.3579698
1.124153733253479	2626907312.2643933
1.1283347606658936	2647725610.0945954
1.1325229406356812	2597459904.0787787
1.1367181539535522	2419510577.1484194
1.1409201622009277	2313311361.0863748
1.145128846168518	2480426268.7585416
1.1493438482284546	2671538921.8095074
1.1535650491714478	2714501789.7293673
1.1577922105789185	2698874502.765283
1.1620250940322876	2670141210.807021
1.1662636995315552	2611825183.233
1.170507550239563	2536459692.813503
1.174756646156311	2449217371.0555286
1.1790107488632202	2395518983.5759525
1.1832695007324219	2461846912.561938
1.1875330209732056	2535677090.1778655
1.191800832748413	2544717990.856787
1.1960728168487549	2529252788.68608
1.2003488540649414	2535751407.079533
1.2046287059783936	2586021758.8552556
1.2089121341705322	2624592827.9643664
1.2131990194320679	2650630516.277034
1.2174891233444214	2675868626.7040954
1.2217823266983032	2689832465.5196953
1.2260783910751343	2702676127.1535225
1.230377197265625	2707501044.8164344
1.2346785068511963	2691748397.1062675
1.238982081413269	2627566576.115791
1.2432878017425537	2540643934.678823
1.2475954294204712	2517395462.3575764
1.2519049644470215	2514939181.682198
1.256216049194336	2532210638.170031
1.2605286836624146	2577114676.2549458
1.2648425102233887	2586634254.411108
1.2691574096679688	2587702688.483075
1.2734732627868652	2603647258.6348867
1.2777899503707886	2612255841.3830934
1.2821072340011597	2592905228.6386104
1.2864248752593994	2567985936.287317
1.2907428741455078	2564276437.7416525
1.2950609922409058	2584173596.9886765
1.2993791103363037	2605463401.721168
1.303696870803833	2606638393.635882
1.3080145120620728	2570519272.22286
1.3123314380645752	2503839981.2424254
1.3166478872299194	2486874221.7599983
1.3209635019302368	2508190315.5037146
1.3252781629562378	2469419087.4474635
1.3295916318893433	2319852911.722195
1.3339040279388428	2070810772.5612519
1.3382149934768677	1874218363.8742309
1.3425244092941284	1803469768.9014366
1.3468321561813354	1778466153.1806095
1.3511382341384888	1752119885.2681155
1.3554422855377197	1725408626.0713956
1.3597444295883179	1712094202.4486127
1.3640443086624146	1711815121.5485973
1.3683418035507202	1719215277.125267
1.3726370334625244	1732146907.2096035
1.3769296407699585	1758263185.9572256
1.381219506263733	1773053707.5033665
1.3855066299438477	1751204174.38084
1.3897908926010132	1695472228.126049
1.3940720558166504	1635775132.8173397
1.3983501195907593	1600962556.8662934
1.4026249647140503	1591490655.7968307
1.4068963527679443	1574147807.2366524
1.4111642837524414	1526547471.562619
1.4154287576675415	1481077155.5419748
1.419689416885376	1454376951.018424
1.4239463806152344	1433390684.907269
1.4281994104385376	1422929899.5154576
1.4324485063552856	1433547926.4365196
1.436693549156189	1447321301.5626535
1.440934419631958	1455788308.3276162
1.4451709985733032	1464352143.2269912
1.449403166770935	1476123660.9357831
1.453631043434143	1489963749.4430764
1.4578542709350586	1494844430.7523067
1.4620729684829712	1482535561.1652544
1.4662868976593018	1459175503.7389455
1.4704961776733398	1441486575.3403106
1.4747005701065063	1439200787.1306129
1.4788999557495117	1444096967.1847587
1.4830944538116455	1453272405.1004426
1.4872838258743286	1463115229.123186
1.491468071937561	1468162443.9238276
1.4956470727920532	1476756928.124169
1.4998208284378052	1482570765.351751
1.5039892196655273	1489912154.6498175
1.5081522464752197	1505381705.0615797
1.5123097896575928	1510792650.1441844
1.5164618492126465	1505665525.3172581
1.5206083059310913	1522373849.4116685
1.5247491598129272	1543611042.472855
1.5288842916488647	1547296969.7418125
1.5330137014389038	1553256063.2112873
1.5371372699737549	1560696013.6384406
1.541254997253418	1564066137.2646437
1.545366883277893	1573579318.6606011
1.5494728088378906	1588213725.523381
1.5535727739334106	1593529451.4823296
1.5576666593551636	1595628821.4260688
1.561754584312439	1607320365.754877
1.5658363103866577	1624995267.721041
1.5699119567871094	1638472065.8234365
1.5739814043045044	1649818968.4340074
1.5780447721481323	1661853733.6134317
1.582101821899414	1675014378.986743
1.5861525535583496	1687336207.8345447
1.5901970863342285	1695567092.0769694
1.5942351818084717	1707018443.916598
1.5982669591903687	1719621254.6510406
1.6022924184799194	1724074269.4849045
1.606311559677124	1727918836.3316383
1.6103241443634033	1732102577.57421
1.6143304109573364	1729815005.0097294
1.6183301210403442	1725513015.61859
1.6223233938217163	1733991341.7855716
1.6263102293014526	1754062920.3190596
1.6302905082702637	1768208008.7904363
1.634264349937439	1773735340.922826
1.638231635093689	1777625176.7942014
1.6421923637390137	1783379889.2956104
1.646146535873413	1791172197.1507182
1.6500942707061768	1795131377.225024
1.6540353298187256	1799613119.7017922
1.6579699516296387	1803973196.5450947
1.661897897720337	1803018035.758352
1.6658192873001099	1801917676.9667943
1.6697341203689575	1795379248.535333
1.6736423969268799	1786897990.5952268
1.677544116973877	1791439733.0490327
1.6814392805099487	1799460186.1292815
1.6853278875350952	1789460107.661097
1.6892099380493164	1767559352.1431856
1.6930854320526123	1748194038.188499
1.696954369544983	1727637962.2967088
1.7008168697357178	1706077639.4746754
1.7046726942062378	1677314664.21297
1.708522081375122	1633994427.7413766
1.712364912033081	1587822318.000511
1.7162011861801147	1544164663.6514118
1.7200311422348022	1514155446.5144043
1.723854422569275	1500712663.0927193
1.7276713848114014	1481939223.9236298
1.731481909751892	1450250436.8034852
1.7352858781814575	1416712101.0650403
1.7390835285186768	1390675296.492272
1.7428747415542603	1365889448.1469817
1.7466596364974976	1338169586.3118086
1.7504380941390991	1310552697.1147826
1.7542102336883545	1274822044.9831665
1.7579760551452637	1239189970.2987926
1.7617355585098267	1221555718.681731
1.7654887437820435	1206257764.4856932
1.7692357301712036	1174882468.7866697
1.7729763984680176	1139389677.2235627
1.776710867881775	1111276764.4424622
1.7804391384124756	1091485716.4358158
1.7841613292694092	1071145880.5082346
1.7878772020339966	1049725648.8825834
1.7915871143341064	1034537669.3199301
1.7952908277511597	1021896842.9356067
1.7989884614944458	1001193729.7993319
1.8026801347732544	978175496.0848088
1.806365728378296	966241766.5394
1.8100452423095703	960234474.2033828
1.8137187957763672	966320794.9202979
1.817386507987976	957453368.6920645
1.8210482597351074	939254444.9271231
1.8247040510177612	945179161.7384088
1.828354001045227	943422983.7677304
1.8319982290267944	928660227.8584608
1.8356364965438843	919300626.0682373
1.8392690420150757	904675397.6384482
1.8428958654403687	868416869.893266
1.8465168476104736	830209836.4722902
1.8501322269439697	828417919.8344911
1.8537418842315674	827155962.6540627
1.8573459386825562	784213633.941196
1.860944390296936	758660371.1947709
1.864537239074707	781870695.2504147
1.8681244850158691	810012643.8628241
1.871706247329712	814270998.5357051
1.8752825260162354	803917546.7066008
1.8788533210754395	807197553.1164435
1.8824186325073242	832613728.7417027
1.8859784603118896	847647057.0200664
1.8895330429077148	833781345.5328103
1.8930821418762207	818765479.0698929
1.8966259956359863	830558281.4758638
1.9001644849777222	851753956.5415857
1.9036977291107178	854573077.7251793
1.9072256088256836	847589627.4298521
1.9107483625411987	845571787.3293403
1.9142658710479736	848945199.5597392
1.9177782535552979	844958915.9787714
1.9212853908538818	836774088.8405873
1.9247875213623047	831069140.829869
1.9282845258712769	815365664.7722534
1.9317764043807983	799324896.4618565
1.9352631568908691	808062902.2023659
1.9387450218200684	808856771.7209436
1.942221760749817	783998511.0869739
1.9456936120986938	761084679.2806009
1.9491604566574097	755879216.3922652
1.952622413635254	766120086.139656
1.956079363822937	787524305.2358986
1.959531545639038	803726889.4771261
1.962978720664978	798206579.6503848
1.966421127319336	795719683.7857951
1.9698586463928223	795364042.9230852
1.9732913970947266	766148502.4311936
1.9767193794250488	715723087.8983265
1.9801424741744995	699213434.0760765
1.9835609197616577	715677187.9778953
1.9869745969772339	718360520.7181245
1.990383505821228	716298130.6631124
1.9937876462936401	727530501.3062414
1.9971871376037598	732141363.8232448
2.000581979751587	729869507.0793945
2.003972291946411	734687341.5955427
2.007357597351074	732593782.1296791
2.0107386112213135	722822916.1453211
2.0141148567199707	720658565.8859658
2.017486572265625	719381532.8918257
2.0208535194396973	723373523.7431456
2.0242159366607666	728222947.9084694
2.027573823928833	720017674.5870483
2.0309269428253174	723250156.0283564
2.034275770187378	732168152.212229
2.0376198291778564	729331619.4072047
2.040959596633911	725786746.6730535
2.044294595718384	723633843.4087149
2.0476250648498535	724875308.1492176
2.0509510040283203	728353553.5615299
2.054272413253784	731674227.3707087
2.057589530944824	739504124.6958438
2.0609018802642822	735459463.2028477
2.0642096996307373	723464772.6492842
2.0675129890441895	731097984.3209399
2.0708119869232178	739302938.96593
2.074106216430664	735194164.5936038
2.0773961544036865	738353249.5996925
2.080681324005127	743085863.7081609
2.0839622020721436	742283462.7944567
2.087238311767578	743898599.099686
2.090510129928589	751199477.0986656
2.0937774181365967	754573036.2694355
2.0970399379730225	752139125.1566805
2.1002981662750244	756344794.813961
2.1035518646240234	762002159.683025
2.1068007946014404	762309091.99545
2.1100454330444336	763613382.3346831
2.1132853031158447	768475228.066473
2.116520881652832	770085033.709419
2.1197516918182373	772309279.5245019
2.1229779720306396	778533536.3058331
2.12619948387146	776984087.1080617
2.1294167041778564	774257579.4349133
2.132629156112671	782134045.8344499
2.1358368396759033	787073097.6089287
2.139039993286133	783174339.1214507
2.1422386169433594	788024887.7067238
2.145432472229004	799652041.5879188
2.1486217975616455	795997241.2143419
2.151806354522705	788847907.4232986
2.1549863815307617	794701479.1550783
2.1581614017486572	801682560.6797955
2.16133189201355	802646406.0495039
2.1644976139068604	804025239.8083603
2.167658567428589	808329388.5401059
2.1708147525787354	807295548.7927978
2.173966407775879	801745416.516095
2.1771130561828613	797773462.6638144
2.1802549362182617	797936097.4765528
2.183391809463501	801177114.8227619
2.1865241527557373	803738515.58267
2.1896514892578125	804662698.5370023
2.1927738189697266	804566285.5643072
2.1958916187286377	806477140.4686694
2.1990041732788086	806919248.514206
2.2021119594573975	793821064.9782482
2.2052149772644043	765401199.6934472
2.208312749862671	753482163.6800718
2.2114057540893555	776893155.0946252
2.214493751525879	800368732.0749065
2.217576742172241	801478797.742006
2.2206547260284424	798187093.3163916
2.2237277030944824	803546061.5154818
2.2267956733703613	804709459.5405554
2.2298583984375	799903016.1809194
2.2329163551330566	797290302.0432917
2.235969066619873	796388065.5955504
2.2390167713165283	800217093.400156
2.2420592308044434	801410625.1512237
2.2450966835021973	799863453.2519552
2.248128890991211	799725854.9062139
2.2511560916900635	797251745.5718642
2.254178285598755	794070067.9996728
2.257194995880127	791852584.9666401
2.260206699371338	788456460.7533977
2.2632133960723877	784094501.0512172
2.266214609146118	784276419.0783834
2.2692108154296875	784334748.1098609
2.2722020149230957	781768185.0208458
2.2751877307891846	782905164.2564884
2.278168201446533	779960768.714468
2.2811436653137207	773428383.8225684
2.284113883972168	773923578.7869923
2.287078857421875	778498788.486465
2.290038824081421	762375734.4672147
2.2929933071136475	700877165.0518396
2.295942783355713	649139569.1958266
2.298887014389038	655623990.9671572
2.301826238632202	677777195.4711124
2.304760217666626	687744722.6400517
2.3076889514923096	689405305.7966232
2.310612440109253	685847162.0380582
2.3135311603546143	682191146.3195586
2.3164443969726562	681790980.9196548
2.319352865219116	671646963.5975275
2.322256088256836	629996284.7285854
2.3251543045043945	596517645.5975382
2.328047275543213	604354160.3907952
2.330935478210449	618003754.7892482
2.3338186740875244	620184288.9273272
2.3366971015930176	613864780.8962902
2.3395702838897705	609564958.3638932
2.3424389362335205	616642933.5040399
2.3453025817871094	627882495.3870665
2.348161458969116	630320546.8501024
2.351015567779541	598961638.1217548
2.353865146636963	558773990.931869
2.3567099571228027	555376473.1586202
2.3595502376556396	567837635.6502715
2.3623859882354736	577819453.5123073
2.3652172088623047	584703206.4590465
2.368043899536133	585056159.9210007
2.370866537094116	590901170.1529703
2.3736846446990967	594966282.4622798
2.3764986991882324	586195920.7287862
2.3793084621429443	571850501.9870945
2.3821144104003906	546246526.8650784
2.384916305541992	522046119.60044205
2.387714147567749	521544543.1769186
2.3905084133148193	531617851.2316961
2.393299102783203	535909533.2486942
2.3960859775543213	534406288.81946844
2.398869514465332	526440406.5301869
2.4016497135162354	516498877.14262956
2.4044265747070312	509979350.5820609
2.407200336456299	498046950.0670144
2.409970998764038	485230888.5463131
2.4127390384674072	479313696.00506777
2.415503978729248	473636871.75169593
2.418266534805298	470627435.91772527
2.4210267066955566	469647835.69990605
2.4237842559814453	464396381.14942414
2.426539897918701	456497462.1338539
2.429293394088745	452960321.2550769
2.4320452213287354	448962830.2290517
2.4347951412200928	438727860.00925386
2.4375438690185547	434043024.41531694
2.440291166305542	434041797.58907306
2.443037271499634	425874228.0226999
2.445782423019409	419071301.1616014
2.4485268592834473	415709617.57424605
2.451270818710327	402456814.9839565
2.454014539718628	390783575.35491335
2.4567582607269287	399845266.4979243
2.4595019817352295	400222971.32212996
2.4622461795806885	393425954.7475625
2.4649908542633057	397452233.85746133
2.4677364826202393	388399677.8815011
2.4704833030700684	376339524.0726389
2.473231554031372	366014395.9592795
2.4759814739227295	362913570.79674274
2.4787333011627197	364337557.5764619
2.481487512588501	361443291.34489614
2.4842441082000732	368500423.2626779
2.4870035648345947	361859201.5046843
2.4897661209106445	343884621.0742503
2.492532253265381	349868608.2790251
2.495302200317383	359578048.17505145
2.4980762004852295	352194458.56071997
2.500854969024658	344088344.8942521
2.50363826751709	331010048.44458336
2.506427049636841	322467338.38832736
2.509221315383911	332203769.339102
2.512021541595459	328070616.8821718
2.5148282051086426	319028784.59556055
2.517641544342041	326863122.3421227
2.5204622745513916	329031243.03455013
2.5232906341552734	320359076.27938116
2.5261268615722656	315245556.5129393
2.5289716720581055	319260524.66864544
2.531825542449951	323261628.91117245
2.534688949584961	313873139.3693234
2.537562131881714	301685704.98308134
2.540445566177368	299680828.4290476
2.5433402061462402	302048710.6746305
2.546246290206909	305032957.7772052
2.549164056777954	306017761.78161335
2.5520944595336914	286245724.1908563
2.5550382137298584	227788160.0665611
