#wavelength	surface flux
0.001	1.0950260520753909e-94
0.0010333333333333334	1.8520811004238096e-94
0.001067777777777778	1.8520811004238096e-94
0.0011033703703703709	1.8520811004238096e-94
0.0011401493827160498	1.8520811004238096e-94
0.0011781543621399181	1.8520811004238096e-94
0.0012174261742112491	1.8520811004238096e-94
0.0012580070466849576	1.8520811004238096e-94
0.0012999406149077895	1.8520811004238096e-94
0.0013432719687380492	1.8520811004238096e-94
0.0013880477010293178	1.8520811004238096e-94
0.001434315957730295	1.8520811004238096e-94
0.0014821264896546385	1.8520811004238096e-94
0.00153153070597646	1.8520811004238096e-94
0.0015825817295090088	1.8520811004238096e-94
0.0016353344538259757	1.8520811004238096e-94
0.0016898456022868419	1.8520811004238096e-94
0.001746173789029737	1.8520811004238096e-94
0.001804379581997395	1.8520811004238096e-94
0.0018645255680639747	1.8520811004238096e-94
0.0019266764203327742	1.8520811004238096e-94
0.0019908989676772	1.8520811004238096e-94
0.002057262266599774	1.8520811004238096e-94
0.002125837675486433	1.8520811004238096e-94
0.0021966989313359814	1.8520811004238096e-94
0.0022699222290471807	1.8520811004238096e-94
0.002345586303348754	1.8520811004238096e-94
0.002423772513460379	1.8520811004238096e-94
0.0025045649305757253	1.8520811004238096e-94
0.002588050428261583	1.8520811004238096e-94
0.0026743187758703026	1.8520811004238096e-94
0.00276346273506598	1.8520811004238096e-94
0.002855578159568179	1.8520811004238096e-94
0.0029507640982204524	1.8520811004238096e-94
0.0030491229014944676	1.8520811004238096e-94
0.0031507603315442836	1.8520811004238096e-94
0.0032557856759290933	1.8520811004238096e-94
0.0033643118651267303	1.8520811004238096e-94
0.003476455593964288	1.8520811004238096e-94
0.0035923374470964316	1.8520811004238096e-94
0.003712082028666313	1.8520811004238096e-94
0.0038358180962885235	1.8520811004238096e-94
0.003963678699498142	1.8520811004238096e-94
0.004095801322814747	1.8520811004238096e-94
0.0042323280335752386	1.8520811004238096e-94
0.004373405634694414	1.8520811004238096e-94
0.004519185822517561	1.8520811004238096e-94
0.004669825349934814	1.8520811004238096e-94
0.004825486194932642	1.8520811004238096e-94
0.0049863357347637305	1.8520811004238096e-94
0.005152546925922521	1.8520811004238096e-94
0.005324298490119939	1.8520811004238096e-94
0.005501775106457271	1.8520811004238096e-94
0.005685167610005848	1.8520811004238096e-94
0.005874673197006043	1.8520811004238096e-94
0.006070495636906245	1.8520811004238096e-94
0.006272845491469787	1.8520811004238096e-94
0.006481940341185448	1.8520811004238096e-94
0.0066980050192249636	1.8520811004238096e-94
0.006921271853199129	1.8520811004238096e-94
0.007151980914972434	1.8520811004238096e-94
0.007390380278804849	1.8520811004238096e-94
0.007636726288098345	1.8520811004238096e-94
0.007891283831034957	1.8520811004238096e-94
0.00815432662540279	1.8520811004238096e-94
0.008426137512916217	1.8520811004238096e-94
0.008707008763346758	1.8520811004238096e-94
0.00899724238879165	1.8520811004238096e-94
0.009297150468418041	1.8520811004238096e-94
0.009607055484031976	1.8520811004238096e-94
0.009927290666833044	1.8520811004238096e-94
0.01025820035572748	1.8520811004238096e-94
0.010600140367585062	1.8520811004238096e-94
0.010953478379837898	1.8520811004238096e-94
0.011318594325832498	1.8520811004238096e-94
0.011695880803360249	1.8520811004238096e-94
0.012085743496805591	1.8520811004238096e-94
0.012488601613365779	1.8520811004238096e-94
0.012904888333811306	1.8520811004238096e-94
0.013335051278271686	1.8520811004238096e-94
0.013779552987547409	1.8520811004238096e-94
0.014238871420465657	1.8520811004238096e-94
0.014713500467814514	1.8520811004238096e-94
0.015203950483408333	1.8520811004238096e-94
0.015710748832855278	1.8520811004238096e-94
0.016234440460617124	1.8520811004238096e-94
0.016775588475971027	1.8520811004238096e-94
0.017334774758503396	1.8520811004238096e-94
0.017912600583786846	1.8520811004238096e-94
0.01850968726991308	1.8520811004238096e-94
0.019126676845576847	1.8520811004238096e-94
0.019764232740429412	1.8520811004238096e-94
0.020423040498443727	1.8520811004238096e-94
0.02110380851505852	1.8520811004238096e-94
0.021807268798893806	1.8520811004238096e-94
0.022534177758856935	1.8520811004238096e-94
0.0232853170174855	1.8520811004238096e-94
0.024061494251401687	1.8520811004238096e-94
0.024863544059781747	1.8520811004238096e-94
0.025692328861774475	1.852100992248712e-94
0.026548739823833625	1.9559636733316034e-94
0.027433697817961417	3.779387859245008e-92
0.028348154411893464	1.0229911777636893e-88
0.029293092892289915	2.110413425073468e-85
0.030269529322032918	3.32559495054611e-82
0.03127851363276735	4.2532681911867104e-79
0.032321130753859596	4.3506542013755906e-76
0.03339850177898825	3.5044867952900254e-73
0.0345117851716212	2.2401760028279942e-70
0.03566217801067524	1.1439849983876843e-67
0.03685091727769776	4.704331277009283e-65
0.038079281186954354	1.6104545548640786e-62
0.03934859055985284	4.6040862195977247e-60
0.040660210245181266	1.0840372276076925e-57
0.042015550586687316	2.1154787394548923e-55
0.0434160689395769	3.439224356441158e-53
0.04486327123756279	4.6859180347141705e-51
0.04635871361214823	5.454721660886607e-49
0.047904004065886505	5.481147736429456e-47
0.04950080420141606	6.420914722995992e-45
0.051150831008129935	7.561363939603182e-43
0.05285585870840094	4.676745429823632e-41
0.05461772066534764	2.5036948184118657e-39
0.05643831135419257	1.1726174507371639e-37
0.05831958839933232	4.866668365282886e-36
0.060263574679310074	1.7744124716336555e-34
0.06227236050195375	5.6997771363451016e-33
0.06434810585201889	1.6211017943751786e-31
0.06649304271375286	4.097445933045494e-30
0.06870947747087795	9.269432684531681e-29
0.0709997933865739	1.8985732581350865e-27
0.07336645316612636	3.4963761362612525e-26
0.07581200160499725	5.810144687154285e-25
0.07833906832516384	8.746231610895319e-24
0.08095037060266931	1.1969230862221172e-22
0.08364871628942495	1.4872653137461797e-21
0.08643700683240581	1.7059256943057455e-20
0.089318240393486	1.7291115875150357e-19
0.09229551507326887	1.3603733411854994e-17
0.09537203224237785	1.2062021731121726e-16
0.09855109998379045	1.1515922267769848e-15
0.10183613664991681	9.477833868008031e-15
0.10523067453824739	7.929880184335029e-14
0.1087383636895223	1.8997994005853926e-13
0.1123629758125064	2.3384559808207963e-12
0.11610840833958995	8.080805656273696e-12
0.1199786886175763	7.680046497717789e-10
0.12397797823816219	2.828928658391288e-08
0.1281105775127676	5.240098022187875e-08
0.13238093009652652	4.397909991623454e-07
0.13679362776641077	1.277899072816124e-06
0.14135341535862447	2.19508019178089e-05
0.14606519587057865	9.788383692300073e-05
0.1509340357329313	0.0002163854124164148
0.15596517025736234	0.00015737835472028075
0.16116400926594107	0.0001826167410504528
0.16653614290813915	0.0007167352309089052
0.1720873476717438	0.012991331825047052
0.17782359259413527	0.02526832482116982
0.18375104568060646	0.046710450869113365
0.18987608053662672	0.3249602112503975
0.19620528322118094	1.1795494608971673
0.20274545932855367	2.5490666205420434
0.20950364130617213	25.796147611880876
0.21648709601637792	56.310122727237506
0.22370333255025718	288.5809797607537
0.23116011030193248	346.7032739064371
0.23886544731199688	10217.153945140664
0.24682762888906348	39354.12831008725
0.25505521651869895	110982.0864550918
0.2635570570693223	301536.69790705625
0.2723422923049664	382920.8893767109
0.28142036871513193	497939.8847941901
0.2908010476723031	2056629.4284171413
0.30049441592804654	3534450.3634657715
0.31051089645898144	15029891.385920083
0.32086125967428086	34970991.98391471
0.3315566349967569	59289631.78409073
0.34260852282998217	50859999.53781348
0.35402880692431493	84932890.66175762
0.3658297671551255	114791897.62721722
0.378024092726963	205692039.48190296
0.39062489581786186	88749294.65384954
0.4036457256784573	222494726.30526978
0.41710058320107257	249124216.914339
0.4310039359744417	387303039.41689974
0.44537073384025644	378172319.37997717
0.4602164249682651	488885999.2955991
0.4755569724672073	481389069.9470106
0.49140887154944757	927010790.7481192
0.5077891672677626	415876061.4178897
0.5247154728433546	755988781.4090731
0.5422059886048	822333963.4014071
0.5602795215582933	977225867.158331
0.5789555056102365	1119850996.70096
0.598254022463911	548595512.7870944
0.618195823212708	828885559.6793417
0.6388023506531318	1137213611.2492588
0.6600957623415696	1497228795.2773507
0.6820989544196221	805884967.5771378
0.7048355862336094	2233345576.419412
0.7283301057747299	1961996446.1326153
0.752607775967221	3561723708.0309877
0.777694701832795	2732875823.007706
0.803617858560555	4231278102.0116873
0.8304051205125735	4299342651.493478
0.858085291196326	3723090093.0976057
0.8866881342362037	4597856401.63485
0.9162444053774106	4615874398.233454
0.9467858855566578	4607693194.701469
0.9783454150752131	3859866387.0267363
1.0109569289110536	4441347273.248863
1.0446554932080887	4316732277.174069
1.079477342981692	4453129839.279776
1.1154599210810816	4014981000.476764
1.1526419184504513	4000480982.350232
1.191063315732133	3968855266.1575556
1.2307654262565375	3913025162.9068966
1.271790940465089	3756089566.138383
1.3141839718139254	3583990387.1901755
1.3579901042077231	3012203894.0887756
1.4032564410146473	2791690391.5764155
1.4500316557151358	2617967223.843367
1.4983660442389737	2019627378.0792663
1.5483115790469397	2197316536.2906985
1.599921965015171	2381574040.2127485
1.6532526971823436	2371177645.8688235
1.7083611204217553	2219349353.367253
1.7653064911024805	1841158144.4160712
1.8241500408058968	1483939747.1834545
1.8849550421660937	1212326791.0762417
1.9477868769049635	1181995514.149386
2.0127131061351293	1179741559.32236
2.0798035430063004	1050324472.7409563
2.1491303277731775	1016243471.1995544
2.220768005365617	1045931949.8967394
2.294793605544471	999027605.3019991
2.371286725729287	829182791.3832461
2.4503296165869304	587052430.0089412
2.532007270473161	416135696.4817872
2.6164075128222666	440925282.6381371
2.703621096583009	350813518.5142972
2.7937417998024436	345917346.4581621
2.886866526462525	322562842.1011567
2.983095410677943	308460425.6057118
3.082531924367208	279793037.47997606
3.185282988512782	258258788.91391844
3.291459088129875	244674273.00298682
3.4011743910675376	236727847.52599636
3.5145468707697893	223669928.34235466
3.6316984331287827	220132211.46803027
3.752755047566409	202724756.258989
3.87784688248529	186565279.6705017
4.0071084452348	167356042.95642084
4.140678726742627	130643450.33926557
4.278701350967381	123661913.67573918
4.421324729332961	99080819.1568774
4.568702220310727	91611142.53612062
4.720992294321085	71104237.83754462
4.878358704131789	67309082.88417004
5.040970660936182	62377645.04135543
5.209003016300723	53234644.26791749
5.382636450177413	49414960.32836155
5.562057665183327	43299560.0421825
5.747459587356106	39520497.60637464
5.93904157360131	33347090.15313034
6.137009626054687	31027210.86316318
6.341576613589844	29541134.074319184
6.552962500709507	24422937.10750262
6.771394584066491	20168164.82407481
6.997107736868708	17597987.10122616
7.2303446614309985	14541434.458150517
7.4713561501453665	15185030.276327277
7.720401355150212	12561837.036672078
7.977748066988553	9679382.226448612
8.243673002554841	9990733.057567166
8.518462102640003	8407685.873981513
8.80241083939467	7902915.121227609
9.09582453404116	7207550.723652724
9.399018685175866	6529806.985502922
9.712319308015061	5828030.109431903
10.036063284948897	5212199.382222238
10.370598727780528	4387132.8250015015
10.716285352039883	4081317.771954665
11.073494863774545	3410412.09231085
11.442611359233698	3024962.7542970935
11.824031737874822	2661439.87921862
12.218166129137318	2397736.9468894056
12.625438333441897	2075640.8098415711
13.04628627788996	1786005.7273188322
13.481162487152961	1523412.064361254
13.930534570058061	1375033.2550551211
14.39488572239333	1214590.127841293
14.87471524647311	1113193.2851675355
15.370539088022214	961493.397822591
15.882890390956291	833113.1582867777
16.412320070654836	718494.4323349011
16.95939740634333	681445.6732183112
17.524710653221447	565506.2404249806
18.108867674995494	515573.8383999682
18.712496597495345	442098.6834685712
19.336246484078526	427733.93915132
19.98078803354781	329676.7198555451
20.646814301332743	304571.1821004048
21.335041444710505	269940.20597375405
22.046209492867522	242531.84022528588
22.781083142629775	211369.86343768347
23.540452580717435	194785.13822766006
24.32513433340802	167933.34158436998
25.135972144521624	136599.70385556956
25.973837882672346	122109.4978681402
26.839632478761427	110775.05344781297
27.734286894720142	100964.73130516385
28.65876312454415	85718.01711696843
29.614055228695626	73447.20950435226
30.60119040298548	66495.42337008628
31.621230083085003	59933.54913216902
32.675271085854504	50777.447881638465
33.76444678871633	44930.292305405266
34.889928348340206	38878.57569742965
36.05292595995155	35975.67802328145
37.254690158616604	30790.082419327104
38.49651316390383	26336.81798930413
39.7797302693673	23656.014879853377
41.10572127834621	20628.161203233623
42.47591198762442	19109.994479866666
43.89177572054524	16049.037187656375
45.354834911230085	14584.653821821339
46.86666274160443	12958.912997976277
48.428884832991244	11043.404478070011
50.04318099409096	9558.656629085774
51.71128702722733	8657.128491187843
53.434996594801575	7838.541825578206
55.21616314796164	6851.0046389239415
57.05670191956037	5979.301021559692
58.958591983545716	5331.787814533464
60.923878382997245	4844.27486746434
62.95467432909716	4097.090744047689
65.0531634734004	3575.0991378644344
67.22160225584709	3171.51759145819
69.462322331042	2846.949390999837
71.77773307541007	2490.858719178828
74.17032417792375	2145.226112265995
76.64266831718788	1908.051072350568
79.19742392776081	1695.8940751951877
81.83733805868619	1464.1274410593276
84.56524932730906	1307.376355461836
87.38409097155271	1123.9176221073621
90.29689400393782	1013.6356820119062
93.30679047073575	879.2815376011857
96.41701681976029	778.4775717007502
99.63091738041898	668.0756912994848
102.95194795976629	576.5827867160021
106.38367955842517	530.516901145657
109.92980221037269	466.4984136201587
113.59412895071846	411.75975923631177
117.38059991574241	362.1443619653183
121.2932865796005	315.6897342314225
125.33639613225387	277.6025614761798
129.514276003329	242.14805595216353
133.83141853677333	207.71727022485513
138.29246582133246	187.380069631835
142.90221468204354	164.4479214681145
147.66562183811166	143.89083185063657
152.58780923271541	126.78484533150628
157.67406954047263	110.89055316371022
162.92987185848838	96.77621445825001
168.36086758710468	84.62285927061467
173.97289650667486	74.33442389130528
179.77199305689737	65.25824481659335
185.76439282546062	56.44618746085975
191.95653925297603	50.05099162782775
198.35509056140856	43.91986174123542
204.96692691345555	38.4796995434557
211.79915781057073	32.9575420631328
218.85912973758977	29.398070489644038
226.15443406217614	25.754118435758873
233.692915197582	22.544176883258068
241.48267903750147	19.754520389989523
249.53210167208485	17.324506509046845
257.84983839448773	15.129170127509525
266.4448330076374	13.284056494556069
275.32632744122526	11.601656183480237
284.50387168926613	10.17137918775303
293.98733407890836	8.915223677931344
303.7869118815387	7.796499798028379
313.91314227759	6.830254360845229
324.376913686843	5.983365652042194
335.18947747640453	5.23802834347725
346.36246005895134	4.584268490120495
357.90787539424974	4.014331275459821
369.83813790739146	3.514802136644909
382.1660758376379	3.072460202180298
394.9049450322259	2.6932894271465107
408.06844319996674	2.3582237470845904
421.67072463996567	2.064660423851426
435.7264154612979	1.8075440277174364
450.2506293100079	1.5819140222605446
465.25898362034155	1.3853305589350615
480.7676164076863	1.2128513059890362
496.7932036212759	1.0618096299623396
513.3529770753184	0.9291419125892194
530.4647429778292	0.8137941746696177
548.1469010770902	0.7124675233371177
566.4184644463267	0.6233769642863579
585.2990799278709	0.5460894028077204
604.8090492588	0.4780845188603829
624.9693509007601	0.41857868160804174
645.801662597452	0.3664743967670318
667.3283846840338	0.3208328184273319
689.5726641735018	0.2809058631916098
712.5584196459519	0.2459373127912645
736.3103669674837	0.2153313002412261
760.8540458663999	0.18853128218980988
786.21584739528	0.16506391186875402
812.423042308456	0.14452573990640938
839.5038103854047	0.12654280313466576
867.4872707315849	0.11079381962481726
896.4035130893045	0.09701151753221174
926.2836301922813	0.08494235269380045
957.1597511986909	0.07437557886814411
