#wavelength	surface flux
0.6450077295303345	325847.8930030658
0.6472567915916443	363152.9195586196
0.6494921445846558	401380.7196789428
0.6517150402069092	439768.5202820852
0.6539263725280762	481733.38671838137
0.6561272740364075	523780.9154862022
0.6583186388015747	566007.6763388229
0.6605015397071838	598802.3657611815
0.6626768708229065	635016.71360307
0.6648455858230591	698760.1492212276
0.6670085787773132	741765.1509221126
0.6691668033599854	786996.230262519
0.6713210344314575	744086.8579433674
0.6734722256660461	873531.6356872907
0.6756211519241333	918953.9696667385
0.6777685880661011	863451.9710728006
0.6799154281616211	982646.9493962228
0.6820623278617859	1018886.9553940607
0.6842101216316223	1053479.6344404977
0.6863595843315125	1068432.7219902514
0.688511312007904	1070622.2707633395
0.6906660795211792	1071808.1815223824
0.6928245425224304	1073829.755514591
0.6949873566627502	1086721.1441762028
0.6971551775932312	1104390.2404160874
0.6993286609649658	1133352.6432550894
0.7015084028244019	1180900.8683264847
0.7036949396133423	1227786.8020332637
0.7058889269828796	1260526.1756405435
0.7080909013748169	1289595.9338895206
0.710301399230957	1299071.5153942725
0.712520956993103	1323844.1051391265
0.7147500514984131	1369089.3837527253
0.7169892191886902	1397282.150487455
0.7192389369010925	1424298.329570023
0.7214996814727783	1425953.8167375412
0.723771870136261	1429752.9468094432
0.7260559797286987	1446298.5158121407
0.7283523678779602	1440248.9217596003
0.7306615710258484	1402042.9773600907
0.7329838871955872	1411597.1411303093
0.7353196740150452	1351436.8997703637
0.7376693487167358	1361107.6159039284
0.7400332689285278	1307689.5245600757
0.7424117922782898	1261445.8255770996
0.7448052167892456	1209582.3407612022
0.7472138404846191	1179344.868265243
0.7496379613876343	1042363.021672576
0.7520779371261597	963816.194841241
0.7545340061187744	845763.1721031178
0.7570064663887024	669425.1419498306
0.7594954967498779	531917.2311245579
0.7620013952255249	343198.32986692287
0.7645244002342224	60115.28183525859
0.7670646905899048	2858.2921827697537
0.7696225643157959	4098.25668876798
0.7721980810165405	35552.26185634086
0.7747915983200073	328905.84864556935
0.7774031162261963	771841.3006914889
0.7800329327583313	704310.8635757202
0.7826811671257019	1372141.768101695
0.7853479981422424	1695117.6488879696
0.7880334854125977	1981322.927927058
0.7907378077507019	2249358.3883919427
0.7934610247612	2355653.1028753486
0.7962033748626709	2478255.3670435613
0.7989648580551147	3017193.0026391665
0.801745593547821	3242584.818814406
0.8045456409454346	3464605.468873916
0.8073651194572449	3656152.923695997
0.8102040886878967	3875373.9533334975
0.8130625486373901	4074004.376275627
0.8159406185150146	4278139.616555813
0.8188382983207703	4472731.820563499
0.8217556476593018	4651136.628912989
0.8246926665306091	4819403.333580376
0.8276493549346924	5028493.948872226
0.8306257724761963	5184719.751216366
0.8336219191551208	5408679.957085563
0.8366377949714661	5489059.961070046
0.8396733403205872	5769050.927216905
0.8427285552024841	5908855.188407104
0.8458034992218018	6081811.689005638
0.8488980531692505	6266913.980559359
0.8520121574401855	6155060.880335807
0.8551458716392517	6610086.644313774
0.8582990765571594	6794260.0180505235
0.8614717125892639	6963301.926441469
0.8646637797355652	7140985.556453908
0.8678751587867737	7335819.052911324
0.8711057901382446	7526630.508273774
0.8743556141853333	7714232.815105033
0.87762451171875	7939345.393945243
0.8809124231338501	8174540.47116927
0.8842192888259888	8398838.144833766
0.8875449895858765	8618664.269677747
0.8908893465995789	8817132.699866077
0.894252359867096	7473619.991600905
0.8976338505744934	9215090.786585186
0.9010337591171265	9368305.516441379
0.9044519662857056	9635382.044516027
0.9078882932662964	9662482.86913352
0.9113426208496094	10051787.710049588
0.914814829826355	10328061.456647167
0.9183048605918884	10531552.951716335
0.9218124747276306	10698326.06592132
0.925337553024292	10743277.209333317
0.9288799166679382	10600877.540296612
0.9324395060539246	10413614.338423593
0.9360161423683167	10663895.915243447
0.9396095871925354	11629605.029921288
0.943219780921936	11095735.220520068
0.9468464851379395	11977569.447727218
0.9504896402359009	10698889.24472231
0.9541489481925964	12720365.022494905
0.9578243494033813	13049217.634066654
0.9615156054496765	12471904.380858304
0.9652225375175476	12893384.18352614
0.9689450263977051	13783225.878541015
0.9726828336715698	14007186.820796182
0.9764357805252075	14498246.001481686
0.9802037477493286	14757145.43730317
0.983986496925354	15106550.424102437
0.9877838492393494	15528466.759778667
0.9915955662727356	15460833.838678366
0.9954215884208679	15986999.041865662
0.9992615580558777	16265310.720366146
1.0031154155731201	16756594.677280217
1.0069829225540161	17204601.898112338
1.0108637809753418	17617563.02386364
1.0147579908370972	17756793.64728765
1.018665075302124	18058306.496494167
1.022585153579712	18450957.41236819
1.0265177488327026	18693042.968568426
1.0304628610610962	18953683.37178795
1.0344202518463135	19341144.16497303
1.0383895635604858	19683003.2916345
1.0423706769943237	20057424.04525677
1.0463634729385376	20525051.81297651
1.0503677129745483	20806474.59564403
1.0543830394744873	21127406.31957991
1.058409333229065	21390373.643642746
1.0624464750289917	21774810.604321167
1.0664942264556885	22074127.092938535
1.0705522298812866	22578436.70441099
1.0746204853057861	22943853.47782291
1.0786986351013184	23352317.294333987
1.0827864408493042	23825090.208158717
1.086883783340454	23991470.891059592
1.0909905433654785	24436560.19939965
1.0951062440872192	24769799.599611603
1.0992310047149658	24372634.923156004
1.10336434841156	25129563.40375596
1.1075061559677124	23111928.65430487
1.1116561889648438	26069964.216469433
1.115814208984375	21593639.787503198
1.1199802160263062	24589268.900527697
1.124153733253479	26406679.616753638
1.1283347606658936	26145730.274850026
1.1325229406356812	25087048.36576134
1.1367181539535522	26181448.14944103
1.1409201622009277	28763521.717483766
1.145128846168518	27898997.446743235
1.1493438482284546	29312172.119126517
1.1535650491714478	30073562.97734044
1.1577922105789185	30257734.316071276
1.1620250940322876	25426609.5998734
1.1662636995315552	29571103.091810558
1.170507550239563	30733499.49667507
1.174756646156311	31689883.952833816
1.1790107488632202	32004456.715267885
1.1832695007324219	33316761.01334248
1.1875330209732056	32172661.075101014
1.191800832748413	33722994.01739765
1.1960728168487549	34408194.82634858
1.2003488540649414	35068148.621200465
1.2046287059783936	35670530.851795584
1.2089121341705322	35642362.06602958
1.2131990194320679	36598537.733965136
1.2174891233444214	36999413.30352277
1.2217823266983032	37508611.62910299
1.2260783910751343	37934655.45893034
1.230377197265625	38306289.47468286
1.2346785068511963	38840417.42244245
1.238982081413269	39056581.945145056
1.2432878017425537	39585271.32587672
1.2475954294204712	39934213.37848587
1.2519049644470215	40419589.56492145
1.256216049194336	40787617.028931215
1.2605286836624146	41365621.4096036
1.2648425102233887	41657388.27808898
1.2691574096679688	42411350.98600401
1.2734732627868652	42797033.10205563
1.2777899503707886	42953941.23589184
1.2821072340011597	43332249.32875234
1.2864248752593994	43938926.48389504
1.2907428741455078	44417737.97383274
1.2950609922409058	43859050.82062056
1.2993791103363037	45005291.16840656
1.303696870803833	42133206.721259855
1.3080145120620728	43361702.40754282
1.3123314380645752	45783274.88774994
1.3166478872299194	45588490.215285234
1.3209635019302368	46235609.32468766
1.3252781629562378	47225294.30431555
1.3295916318893433	46203063.82318605
1.3339040279388428	38804189.67588415
1.3382149934768677	30505697.280117165
1.3425244092941284	28839891.035171576
1.3468321561813354	29800021.147534236
1.3511382341384888	42892427.78001267
1.3554422855377197	28257380.252642725
1.3597444295883179	28095374.925249387
1.3640443086624146	32256603.923989087
1.3683418035507202	37577691.37217931
1.3726370334625244	35175393.11826655
1.3769296407699585	33168413.14219554
1.381219506263733	26456131.34161763
1.3855066299438477	9796019.792216968
1.3897908926010132	36583587.50816356
1.3940720558166504	35417236.90750426
1.3983501195907593	42043547.84939654
1.4026249647140503	38744879.23955696
1.4068963527679443	29473741.09293967
1.4111642837524414	28077644.439695433
1.4154287576675415	36823288.58171613
1.419689416885376	23067547.790961474
1.4239463806152344	23544777.227343768
1.4281994104385376	31962162.663143948
1.4324485063552856	36136297.421043806
1.436693549156189	37143235.400836654
1.440934419631958	45048325.10345173
1.4451709985733032	38740800.63935596
1.449403166770935	45753688.74778323
1.453631043434143	42393953.450272836
1.4578542709350586	51385930.500756815
1.4620729684829712	42847064.43624472
1.4662868976593018	41989957.48887072
1.4704961776733398	42674432.187991634
1.4747005701065063	40704069.14313272
1.4788999557495117	43344034.10077683
1.4830944538116455	45404214.786110535
1.4872838258743286	47665732.45735029
1.491468071937561	52191253.02558295
1.4956470727920532	55422463.01741122
1.4998208284378052	49566427.975772664
1.5039892196655273	54147622.34747381
1.5081522464752197	58490806.625469916
1.5123097896575928	59205614.43612611
1.5164618492126465	57195576.69315304
1.5206083059310913	54033314.531248465
1.5247491598129272	60249614.94085251
1.5288842916488647	50693965.70805147
1.5330137014389038	63640644.602502115
1.5371372699737549	62648201.81895595
1.541254997253418	59427018.001035355
1.545366883277893	64538974.734780975
1.5494728088378906	65372999.08927312
1.5535727739334106	66502166.37555467
1.5576666593551636	63518762.9360524
1.561754584312439	65796852.532323204
1.5658363103866577	67604066.60411131
1.5699119567871094	67877276.84012331
1.5739814043045044	68648483.92467098
1.5780447721481323	69493608.00003684
1.582101821899414	69461934.52721874
1.5861525535583496	69403797.08163191
1.5901970863342285	70108010.0600529
1.5942351818084717	70194267.67773323
1.5982669591903687	69449869.71187225
1.6022924184799194	70625566.5398238
1.606311559677124	70844765.87227596
1.6103241443634033	71247290.30391535
1.6143304109573364	71688876.83751969
1.6183301210403442	71582425.52038002
1.6223233938217163	72101659.32439554
1.6263102293014526	72228629.77748436
1.6302905082702637	72182672.66931301
1.634264349937439	72338017.55468035
1.638231635093689	72462382.06348845
1.6421923637390137	72816030.07737659
1.646146535873413	72955818.84241723
1.6500942707061768	70610072.28046656
1.6540353298187256	73260995.31058158
1.6579699516296387	70864040.87325259
1.661897897720337	72011436.88239665
1.6658192873001099	73564242.36756481
1.6697341203689575	74075229.60355912
1.6736423969268799	74259391.27912861
1.677544116973877	73525405.16339545
1.6814392805099487	74426491.37822036
1.6853278875350952	74396518.70753689
1.6892099380493164	72508262.27529544
1.6930854320526123	74130442.24217746
1.696954369544983	68385993.23509173
1.7008168697357178	74818793.86782196
1.7046726942062378	75759633.85348348
1.708522081375122	75219832.87080267
1.712364912033081	75021394.12162858
1.7162011861801147	76124320.16797781
1.7200311422348022	73983074.02583191
1.723854422569275	71294775.86113793
1.7276713848114014	74949149.75076348
1.731481909751892	71788821.67372924
1.7352858781814575	75245267.80758442
1.7390835285186768	74293845.68304789
1.7428747415542603	72957001.38773097
1.7466596364974976	73279674.43632482
1.7504380941390991	74342963.9390125
1.7542102336883545	58366747.416332744
1.7579760551452637	52985404.359076925
1.7617355585098267	60925302.06928126
1.7654887437820435	56010908.64815857
1.7692357301712036	60150935.41646184
1.7729763984680176	64988179.52271352
1.776710867881775	40502396.99863208
1.7804391384124756	38816553.46901891
1.7841613292694092	41711451.56946919
1.7878772020339966	45377589.348748356
1.7915871143341064	41884990.11958794
1.7952908277511597	49136272.16359004
1.7989884614944458	51250118.14330223
1.8026801347732544	46061094.772515796
1.806365728378296	49819588.07952841
1.8100452423095703	40906624.69111478
1.8137187957763672	48576723.72857362
1.817386507987976	46415525.27773713
1.8210482597351074	45942038.53469638
1.8247040510177612	53964743.79088615
1.828354001045227	45989261.106433645
1.8319982290267944	41246960.96881778
1.8356364965438843	33294938.045811843
1.8392690420150757	46592551.11367985
1.8428958654403687	57707940.78113831
1.8465168476104736	49888675.5964005
1.8501322269439697	56145678.171686836
1.8537418842315674	62051699.23856053
1.8573459386825562	49684718.28811071
1.860944390296936	34374352.39727916
1.864537239074707	23542502.15859144
1.8681244850158691	29476141.14499516
1.871706247329712	45429399.35464036
1.8752825260162354	44279338.583268344
1.8788533210754395	52486048.04760466
1.8824186325073242	52065442.56609473
1.8859784603118896	47089138.876612656
1.8895330429077148	59259983.29775698
1.8930821418762207	55636863.480333865
1.8966259956359863	50525408.45161003
1.9001644849777222	49774499.009146
1.9036977291107178	47960296.59387711
1.9072256088256836	58315408.78036637
1.9107483625411987	61748654.63178483
1.9142658710479736	59121119.56723061
1.9177782535552979	67923974.1291873
1.9212853908538818	61285183.232536696
1.9247875213623047	49083837.74840581
1.9282845258712769	64356517.19202355
1.9317764043807983	61515396.05781911
1.9352631568908691	37581110.59728269
1.9387450218200684	26888218.896243528
1.942221760749817	45403130.59666056
1.9456936120986938	48563363.38973525
1.9491604566574097	59338680.212573804
1.952622413635254	62049416.16848363
1.956079363822937	48477197.099675395
1.959531545639038	44710518.97359709
1.962978720664978	44393122.800000176
1.966421127319336	46098779.45707188
1.9698586463928223	52576365.69729198
1.9732913970947266	60797103.92734455
1.9767193794250488	54191385.54642591
1.9801424741744995	53315107.73600283
1.9835609197616577	52137072.80791536
1.9869745969772339	60031150.04870577
1.990383505821228	60221216.63381049
1.9937876462936401	61394733.95719177
1.9971871376037598	66108780.14796422
2.000581979751587	54747514.78192604
2.003972291946411	60457364.157119006
2.007357597351074	56956352.030381404
2.0107386112213135	48364331.266434595
2.0141148567199707	61763179.27527661
2.017486572265625	60510478.39750766
2.0208535194396973	61256644.55592499
2.0242159366607666	67282823.9147973
2.027573823928833	62041775.09339402
2.0309269428253174	66644023.42966529
2.034275770187378	68131196.19167934
2.0376198291778564	57691515.84279782
2.040959596633911	63722469.033336304
2.044294595718384	71470621.54842731
2.0476250648498535	67860626.18509232
2.0509510040283203	68360094.77451031
2.054272413253784	72852071.60335246
2.057589530944824	75382514.43055142
2.0609018802642822	67992485.65617202
2.0642096996307373	68015478.98237264
2.0675129890441895	75107275.99561188
2.0708119869232178	74519399.38259545
2.074106216430664	74875411.81833525
2.0773961544036865	75635699.74336712
2.080681324005127	76076147.49666844
2.0839622020721436	75661989.80658188
2.087238311767578	75734499.59947492
2.090510129928589	75653915.38899808
2.0937774181365967	73781350.65079948
2.0970399379730225	75281825.2754479
2.1002981662750244	77385307.3786321
2.1035518646240234	77541431.15041819
2.1068007946014404	77074044.42877486
2.1100454330444336	76318932.94056143
2.1132853031158447	74836529.18439828
2.116520881652832	72785061.269975
2.1197516918182373	73668418.51359029
2.1229779720306396	76409719.81858651
2.12619948387146	77186410.3865554
2.1294167041778564	76572407.46664155
2.132629156112671	76991641.24452895
2.1358368396759033	77128974.21380799
2.139039993286133	77115836.16275775
2.1422386169433594	77250421.2348174
2.145432472229004	76949767.23478948
2.1486217975616455	76474586.03685415
2.151806354522705	74016019.56731856
2.1549863815307617	73814985.95099072
2.1581614017486572	75928682.26191959
2.16133189201355	75405869.05718562
2.1644976139068604	75240499.85321537
2.167658567428589	75501480.46894157
2.1708147525787354	76109655.89376144
2.173966407775879	75828839.59687848
2.1771130561828613	75317508.04761009
2.1802549362182617	75417973.00952238
2.183391809463501	75553866.2911238
2.1865241527557373	75306586.66640945
2.1896514892578125	75016126.85276885
2.1927738189697266	74460454.31189924
2.1958916187286377	72866765.39538385
2.1990041732788086	73801352.7684845
2.2021119594573975	73972942.0182947
2.2052149772644043	73185753.7461631
2.208312749862671	73292922.35156359
2.2114057540893555	73208450.87968953
2.214493751525879	71455634.1416493
2.217576742172241	71708211.68677118
2.2206547260284424	73497045.00419901
2.2237277030944824	73415559.91234997
2.2267956733703613	72156374.29375812
2.2298583984375	72372795.63759293
2.2329163551330566	73270916.17680044
2.235969066619873	73090913.67925826
2.2390167713165283	72474434.66181043
2.2420592308044434	71193233.17640781
2.2450966835021973	69429916.13398054
2.248128890991211	70022132.44403735
2.2511560916900635	71850006.74323691
2.254178285598755	72058939.62862247
2.257194995880127	72294729.82203047
2.260206699371338	72498955.4851943
2.2632133960723877	71090559.75528084
2.266214609146118	70319870.4031001
2.2692108154296875	70397308.8407623
2.2722020149230957	69482499.13758819
2.2751877307891846	70107513.26954679
2.278168201446533	70874815.48216234
2.2811436653137207	68083526.0157173
2.284113883972168	62592567.50029712
2.287078857421875	65579324.06636943
2.290038824081421	66573787.77540828
2.2929933071136475	64163159.4324962
2.295942783355713	63695029.793473855
2.298887014389038	60072074.65183925
2.301826238632202	60154223.83144829
2.304760217666626	65291670.522241585
2.3076889514923096	66433250.00851809
2.310612440109253	58346398.65545104
2.3135311603546143	50807801.92818604
2.3164443969726562	55823381.09169226
2.319352865219116	57361605.92122312
2.322256088256836	52341925.7101553
2.3251543045043945	47960354.312276796
2.328047275543213	43833542.8653834
2.330935478210449	48339470.176523805
2.3338186740875244	53117712.22574516
2.3366971015930176	54611746.93151158
2.3395702838897705	49445422.443681374
2.3424389362335205	51743436.02282126
2.3453025817871094	58489861.900136404
2.348161458969116	57937108.07546245
2.351015567779541	54881417.8454722
2.353865146636963	51670211.134163275
2.3567099571228027	49224564.32631573
2.3595502376556396	52629693.34200555
2.3623859882354736	58126892.59893002
2.3652172088623047	55138164.06308025
2.368043899536133	48925735.49127241
2.370866537094116	54306714.699159555
2.3736846446990967	58872199.77764067
2.3764986991882324	52947190.62616266
2.3793084621429443	46078858.30058085
2.3821144104003906	50858782.59712036
2.384916305541992	56320668.11747738
2.387714147567749	56783423.08013388
2.3905084133148193	52751110.95918777
2.393299102783203	46063840.02599045
2.3960859775543213	50409759.38320048
2.398869514465332	57414863.99388718
2.4016497135162354	59609101.45972595
2.4044265747070312	56686550.322783194
2.407200336456299	44550696.23100859
2.409970998764038	37427108.818681754
2.4127390384674072	43569483.92122296
2.415503978729248	46600506.689665094
2.418266534805298	47436385.262074776
2.4210267066955566	46344011.004062995
2.4237842559814453	42708189.61541445
2.426539897918701	40519455.71580067
2.429293394088745	39618592.89628881
2.4320452213287354	42549852.95608435
2.4347951412200928	44857642.16494143
2.4375438690185547	43540398.58074253
2.440291166305542	39081531.95924793
2.443037271499634	38235002.81657056
2.445782423019409	41666465.76538513
2.4485268592834473	45489930.42297572
2.451270818710327	44031097.31094674
2.454014539718628	39045974.23246616
2.4567582607269287	38042916.55114116
2.4595019817352295	38058857.60995899
2.4622461795806885	41992047.41906758
2.4649908542633057	44706186.57850553
2.4677364826202393	39019764.61687092
2.4704833030700684	34667417.84941174
2.473231554031372	36721379.721363075
2.4759814739227295	38299019.326681145
2.4787333011627197	33204614.46978023
2.481487512588501	27882586.92208646
2.4842441082000732	31297823.298155874
2.4870035648345947	32379194.08997424
2.4897661209106445	31104268.822012614
2.492532253265381	35820010.17073189
2.495302200317383	35696990.957418844
2.4980762004852295	29188085.634916153
2.500854969024658	26771929.83235553
2.50363826751709	29365539.624270342
2.506427049636841	28702579.430894013
2.509221315383911	25029954.398986466
2.512021541595459	22081317.372489
2.5148282051086426	18176003.135449033
2.517641544342041	16936113.46265956
2.5204622745513916	21328048.2413204
2.5232906341552734	20881656.856038753
2.5261268615722656	17844737.566032518
2.5289716720581055	17302067.764350142
2.531825542449951	15962249.854413804
2.534688949584961	12660027.495224748
2.537562131881714	9925653.021387016
2.540445566177368	10784567.624207439
2.5433402061462402	12658782.960968567
2.546246290206909	15154576.694200886
2.549164056777954	17432172.95655855
2.5520944595336914	20873172.633051332
2.5550382137298584	22612556.327684045
