#wavelength	surface flux
0.001	4.4571212815791594e-96
0.0010333333333333334	7.538587846621541e-96
0.001067777777777778	7.538587846621541e-96
0.0011033703703703709	7.538587846621541e-96
0.0011401493827160498	7.538587846621541e-96
0.0011781543621399181	7.538587846621541e-96
0.0012174261742112491	7.538587846621541e-96
0.0012580070466849576	7.538587846621541e-96
0.0012999406149077895	7.538587846621541e-96
0.0013432719687380492	7.538587846621541e-96
0.0013880477010293178	7.538587846621541e-96
0.001434315957730295	7.538587846621541e-96
0.0014821264896546385	7.538587846621541e-96
0.00153153070597646	7.538587846621541e-96
0.0015825817295090088	7.538587846621541e-96
0.0016353344538259757	7.538587846621541e-96
0.0016898456022868419	7.538587846621541e-96
0.001746173789029737	7.538587846621541e-96
0.001804379581997395	7.538587846621541e-96
0.0018645255680639747	7.538587846621541e-96
0.0019266764203327742	7.538587846621541e-96
0.0019908989676772	7.538587846621541e-96
0.002057262266599774	7.538587846621541e-96
0.002125837675486433	7.538587846621541e-96
0.0021966989313359814	7.538587846621541e-96
0.0022699222290471807	7.538587846621541e-96
0.002345586303348754	7.538587846621541e-96
0.002423772513460379	7.538587846621541e-96
0.0025045649305757253	7.538587846621541e-96
0.002588050428261583	7.538587846621541e-96
0.0026743187758703026	7.538587846621541e-96
0.00276346273506598	7.538587846621541e-96
0.002855578159568179	7.538587846621541e-96
0.0029507640982204524	7.538587846621541e-96
0.0030491229014944676	7.538587846621541e-96
0.0031507603315442836	7.538587846621541e-96
0.0032557856759290933	7.538587846621541e-96
0.0033643118651267303	7.538587846621541e-96
0.003476455593964288	7.538587846621541e-96
0.0035923374470964316	7.538587846621541e-96
0.003712082028666313	7.538587846621541e-96
0.0038358180962885235	7.538587846621541e-96
0.003963678699498142	7.538587846621541e-96
0.004095801322814747	7.538587846621541e-96
0.0042323280335752386	7.538587846621541e-96
0.004373405634694414	7.538587846621541e-96
0.004519185822517561	7.538587846621541e-96
0.004669825349934814	7.538587846621541e-96
0.004825486194932642	7.538587846621541e-96
0.0049863357347637305	7.538587846621541e-96
0.005152546925922521	7.538587846621541e-96
0.005324298490119939	7.538587846621541e-96
0.005501775106457271	7.538587846621541e-96
0.005685167610005848	7.538587846621541e-96
0.005874673197006043	7.538587846621541e-96
0.006070495636906245	7.538587846621541e-96
0.006272845491469787	7.538587846621541e-96
0.006481940341185448	7.538587846621541e-96
0.0066980050192249636	7.538587846621541e-96
0.006921271853199129	7.538587846621541e-96
0.007151980914972434	7.538587846621541e-96
0.007390380278804849	7.538587846621541e-96
0.007636726288098345	7.538587846621541e-96
0.007891283831034957	7.538587846621541e-96
0.00815432662540279	7.538587846621541e-96
0.008426137512916217	7.538587846621541e-96
0.008707008763346758	7.538587846621541e-96
0.00899724238879165	7.538587846621541e-96
0.009297150468418041	7.538587846621541e-96
0.009607055484031976	7.538587846621541e-96
0.009927290666833044	7.538587846621541e-96
0.01025820035572748	7.538587846621541e-96
0.010600140367585062	7.538587846621541e-96
0.010953478379837898	7.538587846621541e-96
0.011318594325832498	7.538587846621541e-96
0.011695880803360249	7.538587846621541e-96
0.012085743496805591	7.538587846621541e-96
0.012488601613365779	7.538587846621541e-96
0.012904888333811306	7.538587846621541e-96
0.013335051278271686	7.538587846621541e-96
0.013779552987547409	7.538587846621541e-96
0.014238871420465657	7.538587846621541e-96
0.014713500467814514	7.538587846621541e-96
0.015203950483408333	7.538587846621541e-96
0.015710748832855278	7.538587846621541e-96
0.016234440460617124	7.538587846621541e-96
0.016775588475971027	7.538587846621541e-96
0.017334774758503396	7.538587846621541e-96
0.017912600583786846	7.538587846621541e-96
0.01850968726991308	7.538587846621541e-96
0.019126676845576847	7.538587846621541e-96
0.019764232740429412	7.538587846621541e-96
0.020423040498443727	7.538587846621541e-96
0.02110380851505852	7.538587846621541e-96
0.021807268798893806	7.538587846621541e-96
0.022534177758856935	7.538587846621541e-96
0.0232853170174855	7.538587846621541e-96
0.024061494251401687	7.538607156964337e-96
0.024863544059781747	7.8086604729801e-96
0.025692328861774475	1.2612075550616638e-93
0.026548739823833625	4.458424607042261e-90
0.027433697817961417	1.1993081851887445e-86
0.028348154411893464	2.46060801707812e-83
0.029293092892289915	3.8809930225627816e-80
0.030269529322032918	4.741078147413774e-77
0.03127851363276735	4.741265580707421e-74
0.032321130753859596	3.826302768766228e-71
0.03339850177898825	2.457743717834831e-68
0.0345117851716212	1.2655855742508904e-65
0.03566217801067524	5.261156348567007e-63
0.03685091727769776	1.777387847086129e-60
0.038079281186954354	5.0355239093974786e-58
0.03934859055985284	1.2000231031738893e-55
0.040660210245181266	2.3726683966794304e-53
0.042015550586687316	3.916000998512716e-51
0.0434160689395769	5.427004445489469e-49
0.04486327123756279	6.351331396402795e-47
0.04635871361214823	6.389625377503043e-45
0.047904004065886505	5.583440442064376e-43
0.04950080420141606	4.187423262420045e-41
0.051150831008129935	2.709127170405479e-39
0.05285585870840094	1.5193748560103409e-37
0.05461772066534764	7.422186810598347e-36
0.05643831135419257	3.1898040186674387e-34
0.05831958839933232	1.2213322634145045e-32
0.060263574679310074	4.126121515307733e-31
0.06227236050195375	1.2351280508050637e-29
0.06434810585201889	3.289282111928609e-28
0.06649304271375286	7.823967446604288e-27
0.06870947747087795	1.6715514953753295e-25
0.0709997933865739	3.2470575492173812e-24
0.07336645316612636	5.692725834154312e-23
0.07581200160499725	9.038804908296278e-22
0.07833906832516384	1.3040974476091664e-20
0.08095037060266931	1.7152156492672448e-19
0.08364871628942495	2.0634026157912817e-18
0.08643700683240581	2.2939252675695075e-17
0.089318240393486	2.3449477814785544e-16
0.09229551507326887	1.84664359213516e-13
0.09537203224237785	3.982944834422547e-13
0.09855109998379045	5.706462633252562e-12
0.10183613664991681	2.3990232616833692e-11
0.10523067453824739	3.439376619313712e-10
0.1087383636895223	4.548511116754691e-09
0.1123629758125064	2.944329743746487e-08
0.11610840833958995	7.771034282273653e-08
0.1199786886175763	7.062632310588359e-07
0.12397797823816219	9.131798279069872e-06
0.1281105775127676	4.076274402724337e-05
0.13238093009652652	0.0001853228185164001
0.13679362776641077	0.000555710173972482
0.14135341535862447	0.003586229630323298
0.14606519587057865	0.013892709496185237
0.1509340357329313	0.036606633562298645
0.15596517025736234	0.06085783727899439
0.16116400926594107	0.11599732111422975
0.16653614290813915	0.24922407885290557
0.1720873476717438	1.5300209075351077
0.17782359259413527	3.5042828297608137
0.18375104568060646	7.032817017243967
0.18987608053662672	24.921311068935516
0.19620528322118094	83.36452406366425
0.20274545932855367	163.27029235889393
0.20950364130617213	540.2361111442934
0.21648709601637792	1109.7187923922183
0.22370333255025718	2683.7178095820077
0.23116011030193248	4378.1439036577885
0.23886544731199688	50890.876326888654
0.24682762888906348	115032.35171780566
0.25505521651869895	266911.816841705
0.2635570570693223	695570.1378414736
0.2723422923049664	1042066.6653351815
0.28142036871513193	1877503.56386151
0.2908010476723031	5928748.911116628
0.30049441592804654	11057418.92345675
0.31051089645898144	23362447.589587837
0.32086125967428086	63291683.37197668
0.3315566349967569	111568341.6237805
0.34260852282998217	104080218.61481623
0.35402880692431493	165939698.34719256
0.3658297671551255	314386254.08858776
0.378024092726963	399270096.2016156
0.39062489581786186	231571269.00393862
0.4036457256784573	446427212.81837547
0.41710058320107257	764892382.5914525
0.4310039359744417	789062328.3296497
0.44537073384025644	650869639.9123487
0.4602164249682651	879934773.9639204
0.4755569724672073	928167523.9131076
0.49140887154944757	1464817573.9027898
0.5077891672677626	985552040.3030908
0.5247154728433546	1414057516.1433694
0.5422059886048	1224136155.8154044
0.5602795215582933	1503525665.8046682
0.5789555056102365	1565516179.7440858
0.598254022463911	887374007.7980876
0.618195823212708	1300268065.9175568
0.6388023506531318	1628498084.5227718
0.6600957623415696	1904026056.1628969
0.6820989544196221	1491758788.0252883
0.7048355862336094	3073504527.9910326
0.7283301057747299	2728550966.679815
0.752607775967221	4716758003.632886
0.777694701832795	3683065182.079902
0.803617858560555	5163495843.981236
0.8304051205125735	5311259036.234403
0.858085291196326	4617929246.569925
0.8866881342362037	5545386475.105519
0.9162444053774106	5567657250.636273
0.9467858855566578	5570330591.70606
0.9783454150752131	4833882168.53586
1.0109569289110536	5432158148.348385
1.0446554932080887	5193961280.519213
1.079477342981692	5293919426.782587
1.1154599210810816	4823596447.862031
1.1526419184504513	4875435420.251771
1.191063315732133	4783857577.071347
1.2307654262565375	4664008903.137261
1.271790940465089	4468126321.5849
1.3141839718139254	4281131670.0752864
1.3579901042077231	3897870112.780564
1.4032564410146473	3702775344.7755246
1.4500316557151358	3507480327.363982
1.4983660442389737	2804845799.027401
1.5483115790469397	2942164118.1672177
1.599921965015171	3159569299.4133835
1.6532526971823436	3206797475.0545435
1.7083611204217553	2975674427.3600082
1.7653064911024805	2483507112.910076
1.8241500408058968	2041311045.199678
1.8849550421660937	1708730765.3124423
1.9477868769049635	1627821491.8872726
2.0127131061351293	1649205881.1199622
2.0798035430063004	1416551528.7173178
2.1491303277731775	1350227667.2799268
2.220768005365617	1354817297.8757098
2.294793605544471	1266299568.8980665
2.371286725729287	1020173339.8023385
2.4503296165869304	778805914.2517
2.532007270473161	536541607.76568085
2.6164075128222666	582765046.8954374
2.703621096583009	483797888.4055749
2.7937417998024436	472729856.22670853
2.886866526462525	423255588.3987484
2.983095410677943	406860482.55222017
3.082531924367208	355533786.9415713
3.185282988512782	323572957.71752685
3.291459088129875	302925107.9726482
3.4011743910675376	283430945.7431637
3.5145468707697893	270301791.43506587
3.6316984331287827	261639745.05944377
3.752755047566409	238363825.71953058
3.87784688248529	212148676.53257504
4.0071084452348	194192469.85211855
4.140678726742627	156567770.19025615
4.278701350967381	147917993.311844
4.421324729332961	119069225.95719491
4.568702220310727	108000372.83588324
4.720992294321085	84667067.84106512
4.878358704131789	80537280.60897161
5.040970660936182	76144459.35519408
5.209003016300723	64745708.20514029
5.382636450177413	58501771.83027004
5.562057665183327	52148767.29760259
5.747459587356106	47766929.82896006
5.93904157360131	39509262.98165239
6.137009626054687	37085624.84630832
6.341576613589844	34739237.98128424
6.552962500709507	29036823.840411272
6.771394584066491	24338402.26232489
6.997107736868708	21032354.095678747
7.2303446614309985	17733011.71615695
7.4713561501453665	17499176.8530577
7.720401355150212	14868774.94398086
7.977748066988553	11846558.184299462
8.243673002554841	11855320.79572951
8.518462102640003	9880601.878751647
8.80241083939467	9200724.67637976
9.09582453404116	8194429.277060768
9.399018685175866	7394637.012708931
9.712319308015061	6578639.968403372
10.036063284948897	5788449.613883088
10.370598727780528	4958615.958813526
10.716285352039883	4560611.618565562
11.073494863774545	3851256.4283566824
11.442611359233698	3390450.096860829
11.824031737874822	3026106.2618851084
12.218166129137318	2756091.589290278
12.625438333441897	2345364.625298494
13.04628627788996	2033604.1239986282
13.481162487152961	1771766.2403643217
13.930534570058061	1576697.6365874875
14.39488572239333	1398001.7190242014
14.87471524647311	1304534.096764611
15.370539088022214	1111753.8394298167
15.882890390956291	952602.4420301178
16.412320070654836	835530.0335314426
16.95939740634333	782444.2200092839
17.524710653221447	655308.114339539
18.108867674995494	596488.2764412697
18.712496597495345	518100.5884544948
19.336246484078526	493147.4772605722
19.98078803354781	388341.67813290976
20.646814301332743	349448.2234732166
21.335041444710505	313644.45993167814
22.046209492867522	280632.7657421422
22.781083142629775	242254.79933977482
23.540452580717435	224098.59658881548
24.32513433340802	190671.87572595573
25.135972144521624	158227.71988150335
25.973837882672346	141843.1071628369
26.839632478761427	128402.2856158678
27.734286894720142	115274.3724078399
28.65876312454415	98945.57480168156
29.614055228695626	85981.16079931594
30.60119040298548	76948.51770950659
31.621230083085003	68123.31141830236
32.675271085854504	58067.617547918104
33.76444678871633	51409.51096607556
34.889928348340206	44256.570784046984
36.05292595995155	41361.18291713868
37.254690158616604	36042.037061992734
38.49651316390383	30709.4007341488
39.7797302693673	27061.3681826152
41.10572127834621	24011.295119095856
42.47591198762442	21725.979273998044
43.89177572054524	18561.348013181116
45.354834911230085	16598.931696222862
46.86666274160443	14612.634555234708
48.428884832991244	12667.196413832213
50.04318099409096	11094.65238345756
51.71128702722733	9847.196725133166
53.434996594801575	8763.26802117898
55.21616314796164	7667.294739331762
57.05670191956037	6731.000108758833
58.958591983545716	5936.760726818726
60.923878382997245	5263.411753862288
62.95467432909716	4602.291431549804
65.0531634734004	4001.147135707768
67.22160225584709	3488.572397502868
69.462322331042	3096.2373447482414
71.77773307541007	2705.42777326722
74.17032417792375	2349.678498622086
76.64266831718788	2082.106230916187
79.19742392776081	1849.481117935793
81.83733805868619	1613.3344162786207
84.56524932730906	1411.5345311378674
87.38409097155271	1217.1397265003495
90.29689400393782	1083.1292891626117
93.30679047073575	947.5779140202172
96.41701681976029	828.6318384732133
99.63091738041898	722.3273204120947
102.95194795976629	630.2888708395673
106.38367955842517	559.7952765476807
109.92980221037269	492.03747578398384
113.59412895071846	433.36510802716623
117.38059991574241	379.1390725827479
121.2932865796005	332.30814591193774
125.33639613225387	291.3107113827777
129.514276003329	254.96066352562332
133.83141853677333	222.2729509463011
138.29246582133246	195.38480831361417
142.90221468204354	171.46270119411224
147.66562183811166	150.25706444909494
152.58780923271541	131.67503425969082
157.67406954047263	115.22438443110431
162.92987185848838	100.9678112292604
168.36086758710468	88.35916709579965
173.97289650667486	77.4289466677375
179.77199305689737	67.89727428733865
185.76439282546062	59.11439627543986
191.95653925297603	52.08194872893827
198.35509056140856	45.625890361408885
204.96692691345555	39.97123282452148
211.79915781057073	34.76686551866327
218.85912973758977	30.64161262928836
226.15443406217614	26.861298791071047
233.692915197582	23.527612341586508
241.48267903750147	20.60845236639247
249.53210167208485	18.052107312455014
257.84983839448773	15.811290467910238
266.4448330076374	13.850035161046149
275.32632744122526	12.130609987081243
284.50387168926613	10.623763795658732
293.98733407890836	9.307832857345598
303.7869118815387	8.153071226282407
313.91314227759	7.14041588896591
324.376913686843	6.255523255405973
335.18947747640453	5.479388907129781
346.36246005895134	4.799482842064354
357.90787539424974	4.203870822523348
369.83813790739146	3.6825939616661114
382.1660758376379	3.2242747550530435
394.9049450322259	2.825523523155807
408.06844319996674	2.47504515894047
421.67072463996567	2.1680241256061663
435.7264154612979	1.8990930590712052
450.2506293100079	1.663507929348709
465.25898362034155	1.4571677080080032
480.7676164076863	1.2764266949504905
496.7932036212759	1.118106556658775
513.3529770753184	0.9793033268151691
530.4647429778292	0.8579573330509217
548.1469010770902	0.7515533351404957
566.4184644463267	0.6583381654555862
585.2990799278709	0.576699562420262
604.8090492588	0.5051808516356978
624.9693509007601	0.442541818710515
645.801662597452	0.38766805951209704
667.3283846840338	0.33959806271291865
689.5726641735018	0.2974894148732545
712.5584196459519	0.26060170789079307
736.3103669674837	0.22829499292882646
760.8540458663999	0.1999937388389118
786.21584739528	0.17520004027742606
812.423042308456	0.15348176124799498
839.5038103854047	0.13445640380303406
867.4872707315849	0.11778899754159308
896.4035130893045	0.10319032537804675
926.2836301922813	0.0904018202698924
957.1597511986909	0.07919846141180478
