#wavelength	surface flux
0.001	1.5313499606882178e-93
0.0010333333333333334	2.5900610446208123e-93
0.001067777777777778	2.5900610446208123e-93
0.0011033703703703709	2.5900610446208123e-93
0.0011401493827160498	2.5900610446208123e-93
0.0011781543621399181	2.5900610446208123e-93
0.0012174261742112491	2.5900610446208123e-93
0.0012580070466849576	2.5900610446208123e-93
0.0012999406149077895	2.5900610446208123e-93
0.0013432719687380492	2.5900610446208123e-93
0.0013880477010293178	2.5900610446208123e-93
0.001434315957730295	2.5900610446208123e-93
0.0014821264896546385	2.5900610446208123e-93
0.00153153070597646	2.5900610446208123e-93
0.0015825817295090088	2.5900610446208123e-93
0.0016353344538259757	2.5900610446208123e-93
0.0016898456022868419	2.5900610446208123e-93
0.001746173789029737	2.5900610446208123e-93
0.001804379581997395	2.5900610446208123e-93
0.0018645255680639747	2.5900610446208123e-93
0.0019266764203327742	2.5900610446208123e-93
0.0019908989676772	2.5900610446208123e-93
0.002057262266599774	2.5900610446208123e-93
0.002125837675486433	2.5900610446208123e-93
0.0021966989313359814	2.5900610446208123e-93
0.0022699222290471807	2.5900610446208123e-93
0.002345586303348754	2.5900610446208123e-93
0.002423772513460379	2.5900610446208123e-93
0.0025045649305757253	2.5900610446208123e-93
0.002588050428261583	2.5900610446208123e-93
0.0026743187758703026	2.5900610446208123e-93
0.00276346273506598	2.5900610446208123e-93
0.002855578159568179	2.5900610446208123e-93
0.0029507640982204524	2.5900610446208123e-93
0.0030491229014944676	2.5900610446208123e-93
0.0031507603315442836	2.5900610446208123e-93
0.0032557856759290933	2.5900610446208123e-93
0.0033643118651267303	2.5900610446208123e-93
0.003476455593964288	2.5900610446208123e-93
0.0035923374470964316	2.5900610446208123e-93
0.003712082028666313	2.5900610446208123e-93
0.0038358180962885235	2.5900610446208123e-93
0.003963678699498142	2.5900610446208123e-93
0.004095801322814747	2.5900610446208123e-93
0.0042323280335752386	2.5900610446208123e-93
0.004373405634694414	2.5900610446208123e-93
0.004519185822517561	2.5900610446208123e-93
0.004669825349934814	2.5900610446208123e-93
0.004825486194932642	2.5900610446208123e-93
0.0049863357347637305	2.5900610446208123e-93
0.005152546925922521	2.5900610446208123e-93
0.005324298490119939	2.5900610446208123e-93
0.005501775106457271	2.5900610446208123e-93
0.005685167610005848	2.5900610446208123e-93
0.005874673197006043	2.5900610446208123e-93
0.006070495636906245	2.5900610446208123e-93
0.006272845491469787	2.5900610446208123e-93
0.006481940341185448	2.5900610446208123e-93
0.0066980050192249636	2.5900610446208123e-93
0.006921271853199129	2.5900610446208123e-93
0.007151980914972434	2.5900610446208123e-93
0.007390380278804849	2.5900610446208123e-93
0.007636726288098345	2.5900610446208123e-93
0.007891283831034957	2.5900610446208123e-93
0.00815432662540279	2.5900610446208123e-93
0.008426137512916217	2.5900610446208123e-93
0.008707008763346758	2.5900610446208123e-93
0.00899724238879165	2.5900610446208123e-93
0.009297150468418041	2.5900610446208123e-93
0.009607055484031976	2.5900610446208123e-93
0.009927290666833044	2.5900610446208123e-93
0.01025820035572748	2.5900610446208123e-93
0.010600140367585062	2.5900610446208123e-93
0.010953478379837898	2.5900610446208123e-93
0.011318594325832498	2.5900610446208123e-93
0.011695880803360249	2.5900610446208123e-93
0.012085743496805591	2.5900610446208123e-93
0.012488601613365779	2.5900610446208123e-93
0.012904888333811306	2.5900610446208123e-93
0.013335051278271686	2.5900610446208123e-93
0.013779552987547409	2.5900610446208123e-93
0.014238871420465657	2.5900610446208123e-93
0.014713500467814514	2.5900610446208123e-93
0.015203950483408333	2.5900610446208123e-93
0.015710748832855278	2.5900610446208123e-93
0.016234440460617124	2.5900610446208123e-93
0.016775588475971027	2.5900610446208123e-93
0.017334774758503396	2.5900610446208123e-93
0.017912600583786846	2.5900610446208123e-93
0.01850968726991308	2.5900610446208123e-93
0.019126676845576847	2.5900610446208123e-93
0.019764232740429412	2.5900610446208123e-93
0.020423040498443727	2.5900610446208123e-93
0.02110380851505852	2.5900610446208123e-93
0.021807268798893806	2.5900610446208123e-93
0.022534177758856935	2.5900610446208123e-93
0.0232853170174855	2.5900610446208123e-93
0.024061494251401687	2.5900610446208123e-93
0.024863544059781747	2.5900610446208123e-93
0.025692328861774475	2.5900610446208123e-93
0.026548739823833625	2.5900610446208123e-93
0.027433697817961417	2.5900610446208123e-93
0.028348154411893464	2.5900610446208123e-93
0.029293092892289915	2.5900610446208123e-93
0.030269529322032918	2.5900610446208123e-93
0.03127851363276735	2.5900610446208123e-93
0.032321130753859596	2.5900610446208123e-93
0.03339850177898825	2.5900610446208123e-93
0.0345117851716212	2.5900610446208123e-93
0.03566217801067524	2.5900610446208123e-93
0.03685091727769776	2.5900610446208123e-93
0.038079281186954354	2.5900610446208123e-93
0.03934859055985284	2.5900610446208123e-93
0.040660210245181266	2.5900610446208123e-93
0.042015550586687316	2.5900610446208123e-93
0.0434160689395769	2.5900610446208123e-93
0.04486327123756279	2.5900610446208123e-93
0.04635871361214823	2.5900610446208123e-93
0.047904004065886505	2.5900610446208123e-93
0.04950080420141606	2.5900610446208123e-93
0.051150831008129935	3.975075035604164e-92
0.05285585870840094	1.877821883963175e-89
0.05461772066534764	2.8194146757249366e-86
0.05643831135419257	1.0881671209605482e-83
0.05831958839933232	6.343259733434282e-69
0.060263574679310074	1.7797802217071626e-64
0.06227236050195375	9.683564848402481e-63
0.06434810585201889	3.1006526911330834e-61
0.06649304271375286	8.159791302350286e-60
0.06870947747087795	1.9529053054557385e-58
0.0709997933865739	4.325556183119831e-57
0.07336645316612636	9.02804279780276e-56
0.07581200160499725	1.8685397631865134e-54
0.07833906832516384	4.341307331709885e-43
0.08095037060266931	2.455598152901715e-41
0.08364871628942495	6.54112055098852e-40
0.08643700683240581	1.9815330966853596e-41
0.089318240393486	9.431045622844725e-40
0.09229551507326887	3.673077932039218e-39
0.09537203224237785	2.8854299211129106e-39
0.09855109998379045	3.243213332723575e-27
0.10183613664991681	4.4211209426740553e-38
0.10523067453824739	9.58759028767795e-28
0.1087383636895223	1.4451983361150192e-26
0.1123629758125064	2.181488297017176e-24
0.11610840833958995	3.1472078429017495e-19
0.1199786886175763	1.1528479243947198e-19
0.12397797823816219	3.1193084481964456e-19
0.1281105775127676	6.75264851688447e-19
0.13238093009652652	7.71765810905227e-18
0.13679362776641077	4.4647967577779736e-17
0.14135341535862447	5.587527790906253e-15
0.14606519587057865	5.017479605087956e-14
0.1509340357329313	1.6962333269324437e-13
0.15596517025736234	1.6450599197625681e-13
0.16116400926594107	4.848068739899089e-13
0.16653614290813915	3.806790212207563e-12
0.1720873476717438	1.1354456039295666e-10
0.17782359259413527	1.6052937972697185e-09
0.18375104568060646	2.9747658941448467e-09
0.18987608053662672	3.5346272649711726e-07
0.19620528322118094	1.141165106859153e-06
0.20274545932855367	1.30941570500958e-06
0.20950364130617213	4.689591950706722e-06
0.21648709601637792	1.804162813117742e-05
0.22370333255025718	3.861962809290561e-05
0.23116011030193248	8.107139308716527e-05
0.23886544731199688	0.0011203790051557106
0.24682762888906348	0.005521941908776812
0.25505521651869895	0.02539486738376458
0.2635570570693223	0.09297323439148215
0.2723422923049664	0.1452389812070439
0.28142036871513193	0.16321192199393525
0.2908010476723031	6.297061029061707
0.30049441592804654	13.911759384697927
0.31051089645898144	310.89253053778236
0.32086125967428086	2041.637779763032
0.3315566349967569	5787.233946639425
0.34260852282998217	660.0485541377479
0.35402880692431493	4374.0157263988285
0.3658297671551255	8133.134821835418
0.378024092726963	15194.05036374978
0.39062489581786186	8889.38256790062
0.4036457256784573	26205.576246267934
0.41710058320107257	41234.54412536732
0.4310039359744417	91811.99113843791
0.44537073384025644	326287.02876171697
0.4602164249682651	487138.33855376753
0.4755569724672073	880907.8671113043
0.49140887154944757	2062772.4860405438
0.5077891672677626	580505.0412017724
0.5247154728433546	1548475.9683490314
0.5422059886048	2755273.032595146
0.5602795215582933	2261285.4848912773
0.5789555056102365	1696491.9672838673
0.598254022463911	2380177.2980670775
0.618195823212708	5820037.0143904
0.6388023506531318	10963987.447133485
0.6600957623415696	17008838.054178085
0.6820989544196221	14344139.023809249
0.7048355862336094	29621729.178975374
0.7283301057747299	33547702.504699796
0.752607775967221	29850081.564195573
0.777694701832795	31768273.91417341
0.803617858560555	112335088.70546359
0.8304051205125735	203733555.19302922
0.858085291196326	104006903.74825723
0.8866881342362037	264061588.20905283
0.9162444053774106	409411444.15217847
0.9467858855566578	433204985.79257166
0.9783454150752131	430216156.1407761
1.0109569289110536	387965523.734617
1.0446554932080887	494615991.03770477
1.079477342981692	676751051.9714552
1.1154599210810816	514629724.4061079
1.1526419184504513	575174828.0083122
1.191063315732133	628264497.7034016
1.2307654262565375	706022928.1262257
1.271790940465089	694424716.2848651
1.3141839718139254	663385249.8292816
1.3579901042077231	312121239.3017701
1.4032564410146473	270816472.7038929
1.4500316557151358	305766762.19992584
1.4983660442389737	273744808.09860855
1.5483115790469397	371030187.52052134
1.599921965015171	467170460.8440109
1.6532526971823436	479548085.5097617
1.7083611204217553	431515572.8184895
1.7653064911024805	313912801.24508196
1.8241500408058968	225921531.42439196
1.8849550421660937	191461951.15343836
1.9477868769049635	181747135.86656097
2.0127131061351293	201449945.06253123
2.0798035430063004	223649541.40453228
2.1491303277731775	238701463.17782375
2.220768005365617	248677059.10344672
2.294793605544471	226984684.90301967
2.371286725729287	187287720.97940707
2.4503296165869304	119330874.70144089
2.532007270473161	77946668.03185658
2.6164075128222666	90862527.37770219
2.703621096583009	69673330.50066316
2.7937417998024436	75022089.45487726
2.886866526462525	77198383.64832683
2.983095410677943	76577182.66549471
3.082531924367208	82939064.0073725
3.185282988512782	82646730.31491226
3.291459088129875	81171646.42016873
3.4011743910675376	84379637.50488801
3.5145468707697893	80765127.15165083
3.6316984331287827	85590321.78666815
3.752755047566409	82665832.44391444
3.87784688248529	79509643.91514781
4.0071084452348	69559567.68886004
4.140678726742627	49479399.73607672
4.278701350967381	46767447.43279202
4.421324729332961	32454561.52252872
4.568702220310727	28830405.768057294
4.720992294321085	23896422.704740573
4.878358704131789	25723744.02468149
5.040970660936182	22401709.94306339
5.209003016300723	20138417.768345024
5.382636450177413	19584150.067733847
5.562057665183327	17186945.12297154
5.747459587356106	15156700.34157568
5.93904157360131	13303649.556824867
6.137009626054687	13036155.520064026
6.341576613589844	12877550.992924739
6.552962500709507	10106329.279647792
6.771394584066491	8622616.106625987
6.997107736868708	7923085.565007159
7.2303446614309985	6204632.129631788
7.4713561501453665	6912635.146798312
7.720401355150212	5719465.562460022
7.977748066988553	4584316.619023036
8.243673002554841	4826253.551249073
8.518462102640003	4249926.81650659
8.80241083939467	3947932.263933615
9.09582453404116	3843273.0912875906
9.399018685175866	3437680.7648623413
9.712319308015061	3246557.684897716
10.036063284948897	2872132.631865275
10.370598727780528	2379215.5298588215
10.716285352039883	2305307.4505888447
11.073494863774545	1906573.2328938735
11.442611359233698	1740231.6323261117
11.824031737874822	1509997.9287418043
12.218166129137318	1306340.3946377637
12.625438333441897	1133260.475204423
13.04628627788996	995749.6740787223
13.481162487152961	839667.7406561548
13.930534570058061	746308.1292483783
14.39488572239333	658971.5154727487
14.87471524647311	597338.5988571678
15.370539088022214	525544.9638992342
15.882890390956291	450619.6908253209
16.412320070654836	388835.5986605693
16.95939740634333	363627.04044770874
17.524710653221447	302052.7165653244
18.108867674995494	285965.2133204861
18.712496597495345	238064.01648442246
19.336246484078526	225089.05332250745
19.98078803354781	181384.30343241198
20.646814301332743	175137.74121263882
21.335041444710505	143455.86256693632
22.046209492867522	132642.39541401682
22.781083142629775	116872.49846238244
23.540452580717435	104499.80596454213
24.32513433340802	94246.81844501011
25.135972144521624	74349.6896942897
25.973837882672346	69466.01986633481
26.839632478761427	59946.42202345528
27.734286894720142	56301.8818401066
28.65876312454415	47560.09224633085
29.614055228695626	39410.55524964072
30.60119040298548	36509.04973055749
31.621230083085003	34287.85523338319
32.675271085854504	29451.229858775117
33.76444678871633	26341.037641018924
34.889928348340206	22350.77276392753
36.05292595995155	19913.016407914245
37.254690158616604	16685.418743101724
38.49651316390383	15064.457248069797
39.7797302693673	13187.391433846708
41.10572127834621	10899.905622860062
42.47591198762442	10282.744584824706
43.89177572054524	8788.894693053777
45.354834911230085	7809.720050994683
46.86666274160443	7068.551977843612
48.428884832991244	6147.736367056485
50.04318099409096	5290.012736632381
51.71128702722733	4594.4338049513835
53.434996594801575	4297.591465353694
55.21616314796164	3696.638799283326
57.05670191956037	3203.888383582007
58.958591983545716	2951.2228062684626
60.923878382997245	2656.686647095554
62.95467432909716	2156.2971540573453
65.0531634734004	1985.0784460169698
67.22160225584709	1741.4078041401513
69.462322331042	1631.5747629943664
71.77773307541007	1372.878141485514
74.17032417792375	1168.697307554917
76.64266831718788	1066.4894993271598
79.19742392776081	910.2021938025117
81.83733805868619	774.5283791202331
84.56524932730906	725.8376609401171
87.38409097155271	653.7772591424239
90.29689400393782	563.2738023183673
93.30679047073575	500.7607037656795
96.41701681976029	447.2698833391783
99.63091738041898	360.1779241229882
102.95194795976629	338.0196901911711
106.38367955842517	313.60180322275636
109.92980221037269	283.0055693360883
113.59412895071846	228.9190261128709
117.38059991574241	209.48476675215306
121.2932865796005	182.19841088355284
125.33639613225387	161.38077835566153
129.514276003329	141.81113751639148
133.83141853677333	119.31406380918686
138.29246582133246	115.80576202792116
142.90221468204354	102.38316118389916
147.66562183811166	88.88502722688074
152.58780923271541	81.62117426322753
157.67406954047263	70.59476301371353
162.92987185848838	59.53073991070977
168.36086758710468	52.309537015824965
173.97289650667486	46.32214735182611
179.77199305689737	40.22722897488195
185.76439282546062	36.76181051529137
191.95653925297603	33.61674864882367
198.35509056140856	32.784555034059736
204.96692691345555	29.802630802864357
211.79915781057073	20.481898504280863
218.85912973758977	21.00408650003979
226.15443406217614	18.15182777555611
233.692915197582	15.916570281257878
241.48267903750147	15.593577748533578
249.53210167208485	11.640859860970064
257.84983839448773	9.522100334150798
266.4448330076374	9.767341640417294
275.32632744122526	8.028508981184844
284.50387168926613	8.074869621985602
293.98733407890836	7.1115448170697535
303.7869118815387	5.7885938206578205
313.91314227759	5.67721746314439
324.376913686843	4.780496817964606
335.18947747640453	4.235574205251797
346.36246005895134	3.657069864233905
357.90787539424974	3.3755125682581584
369.83813790739146	2.958254172476503
382.1660758376379	2.5431427822015724
394.9049450322259	2.149785258941034
408.06844319996674	1.9422249874619588
421.67072463996567	1.756839150416363
435.7264154612979	1.4805672016348728
450.2506293100079	1.3173204945303774
465.25898362034155	1.1639418139172004
480.7676164076863	1.0463583017624443
496.7932036212759	0.9186490695522821
513.3529770753184	0.8041296734910993
530.4647429778292	0.7038763536600903
548.1469010770902	0.616118643640386
566.4184644463267	0.5392951960019364
585.2990799278709	0.47205168780044204
604.8090492588	0.4131908659596308
624.9693509007601	0.3616698367214575
645.801662597452	0.3165708318618174
667.3283846840338	0.27709262708346066
689.5726641735018	0.2425352893834558
712.5584196459519	0.2122864827675437
736.3103669674837	0.18581326349224253
760.8540458663999	0.1626408231538098
786.21584739528	0.14235709610078437
812.423042308456	0.1246022205590821
839.5038103854047	0.10906102149988327
867.4872707315849	0.09545764328781266
896.4035130893045	0.08355227143637005
926.2836301922813	0.07313198788377298
957.1597511986909	0.06401089588147459
