#wavelength	surface flux
0.6450077295303345	371365553.7259578
0.6472567915916443	360296874.0618812
0.6494921445846558	378492776.8838764
0.6517150402069092	323864756.4660698
0.6539263725280762	375108480.1347827
0.6561272740364075	477389080.3815802
0.6583186388015747	375193209.95661
0.6605015397071838	478749117.3766681
0.6626768708229065	362749417.88139707
0.6648455858230591	356652210.1019124
0.6670085787773132	251852441.86445528
0.6691668033599854	291277426.10196877
0.6713210344314575	215605978.4250399
0.6734722256660461	130565723.53595012
0.6756211519241333	213134268.30496097
0.6777685880661011	259496681.15085936
0.6799154281616211	231811154.79572085
0.6820623278617859	217522115.7367286
0.6842101216316223	280745849.0719262
0.6863595843315125	221212811.25106803
0.688511312007904	229787878.0713505
0.6906660795211792	358568517.9454245
0.6928245425224304	343889110.99524057
0.6949873566627502	630826579.363085
0.6971551775932312	682419637.0069473
0.6993286609649658	473074890.7720508
0.7015084028244019	752485946.5461435
0.7036949396133423	786501629.336324
0.7058889269828796	625966235.0063056
0.7080909013748169	534034800.5169689
0.710301399230957	318944087.0375965
0.712520956993103	265874646.5451893
0.7147500514984131	283929609.184758
0.7169892191886902	360028588.03835076
0.7192389369010925	346549888.4732932
0.7214996814727783	584119364.9569373
0.723771870136261	635497473.7333313
0.7260559797286987	811440718.1604297
0.7283523678779602	630591110.0353101
0.7306615710258484	1295948862.4935784
0.7329838871955872	1498042651.606319
0.7353196740150452	1078660115.0891697
0.7376693487167358	1275905892.2415152
0.7400332689285278	1340583177.5462403
0.7424117922782898	1198456484.663454
0.7448052167892456	1075643806.8377986
0.7472138404846191	1180994580.4813757
0.7496379613876343	1266297139.103881
0.7520779371261597	1251268040.0142145
0.7545340061187744	1476931151.85283
0.7570064663887024	1677286106.273927
0.7594954967498779	1341358935.5668347
0.7620013952255249	1454133046.384149
0.7645244002342224	1248304523.827087
0.7670646905899048	359151665.57938963
0.7696225643157959	409226194.98468626
0.7721980810165405	857457839.3433698
0.7747915983200073	749826468.775321
0.7774031162261963	1389411470.6573124
0.7800329327583313	1113607384.429606
0.7826811671257019	1290330202.1420162
0.7853479981422424	1515876469.2000496
0.7880334854125977	1487403002.436537
0.7907378077507019	1626435349.573393
0.7934610247612	1404502124.6196249
0.7962033748626709	1710881787.8277419
0.7989648580551147	1825749241.2503386
0.801745593547821	1867402464.1317792
0.8045456409454346	1965963725.881308
0.8073651194572449	2134800109.3722615
0.8102040886878967	2288477333.843969
0.8130625486373901	2775737220.0447826
0.8159406185150146	2903371772.863833
0.8188382983207703	1958807618.6502895
0.8217556476593018	2630681028.1919293
0.8246926665306091	3013675298.450416
0.8276493549346924	2775391504.7073193
0.8306257724761963	2614945275.0284867
0.8336219191551208	2492842550.2975245
0.8366377949714661	2615437334.611089
0.8396733403205872	2796556590.6174207
0.8427285552024841	2490162943.964085
0.8458034992218018	1600009994.448591
0.8488980531692505	1825889414.7597172
0.8520121574401855	2052320815.44038
0.8551458716392517	2063949150.3578644
0.8582990765571594	1802172008.1884856
0.8614717125892639	1979280319.411778
0.8646637797355652	1850246396.899606
0.8678751587867737	1647639495.7539358
0.8711057901382446	1997542622.8928018
0.8743556141853333	2026901753.2748148
0.87762451171875	2247584398.5919256
0.8809124231338501	2566589309.71608
0.8842192888259888	2833087745.7689967
0.8875449895858765	1772781732.5787334
0.8908893465995789	2446526023.427313
0.894252359867096	2654584981.15138
0.8976338505744934	2798153674.023397
0.9010337591171265	2871559094.1289163
0.9044519662857056	3119739029.2234616
0.9078882932662964	3126706191.524949
0.9113426208496094	3034960683.2663016
0.914814829826355	3434368917.254554
0.9183048605918884	3698282633.885775
0.9218124747276306	3285313512.1337395
0.925337553024292	3339289993.669543
0.9288799166679382	2925777026.9135494
0.9324395060539246	2945561736.4200363
0.9360161423683167	2852980392.1624727
0.9396095871925354	2989589092.5762253
0.943219780921936	3241963379.653121
0.9468464851379395	3380070168.5858707
0.9504896402359009	3378274018.2935376
0.9541489481925964	3547957501.6110744
0.9578243494033813	3577064374.2178526
0.9615156054496765	3665148259.6018534
0.9652225375175476	3523217307.4746456
0.9689450263977051	3502154930.050486
0.9726828336715698	3424398247.115523
0.9764357805252075	3420773322.583395
0.9802037477493286	3593475523.321773
0.983986496925354	3458059001.53365
0.9877838492393494	3514712491.1725845
0.9915955662727356	3200737493.8392777
0.9954215884208679	3582084703.704191
0.9992615580558777	2890090142.3871527
1.0031154155731201	3628424878.7757616
1.0069829225540161	3280384102.891024
1.0108637809753418	3414040350.6266418
1.0147579908370972	3070429622.9567327
1.018665075302124	3152827637.408187
1.022585153579712	3560442159.1855597
1.0265177488327026	2840611891.7188835
1.0304628610610962	3257774233.8870263
1.0344202518463135	3092830607.829271
1.0383895635604858	3415821819.337954
1.0423706769943237	3395292358.9270287
1.0463634729385376	3502294406.7994857
1.0503677129745483	3584877486.4921927
1.0543830394744873	3429148204.0642033
1.058409333229065	3543547342.41013
1.0624464750289917	3687394765.5641513
1.0664942264556885	3694121679.767468
1.0705522298812866	3899558244.093397
1.0746204853057861	3704169468.024179
1.0786986351013184	3600601070.4030437
1.0827864408493042	3626454193.449387
1.086883783340454	3709863030.643383
1.0909905433654785	3653966969.0205083
1.0951062440872192	3725221340.1096907
1.0992310047149658	3215033457.124883
1.10336434841156	3459603376.278665
1.1075061559677124	3392709253.90563
1.1116561889648438	3556456933.793278
1.115814208984375	3361294691.494623
1.1199802160263062	3426770404.372232
1.124153733253479	3558336056.5132957
1.1283347606658936	3392774685.0841756
1.1325229406356812	3521823706.374393
1.1367181539535522	3071569574.581523
1.1409201622009277	2815370473.6093917
1.145128846168518	3443255283.850855
1.1493438482284546	3543737022.7498045
1.1535650491714478	3485092146.4979286
1.1577922105789185	3621674542.1158195
1.1620250940322876	3412019300.425824
1.1662636995315552	3531140297.835695
1.170507550239563	3314302904.9421186
1.174756646156311	3336389764.424595
1.1790107488632202	3139866754.1450324
1.1832695007324219	3408311087.189285
1.1875330209732056	3422344130.993121
1.191800832748413	3333885798.673323
1.1960728168487549	3360278741.8957405
1.2003488540649414	3412542532.9963565
1.2046287059783936	3312926035.6971045
1.2089121341705322	3411251551.8745522
1.2131990194320679	3469658722.43904
1.2174891233444214	3458735537.8725696
1.2217823266983032	3447125581.267805
1.2260783910751343	3469699477.777811
1.230377197265625	3438301290.4869742
1.2346785068511963	3428697679.712521
1.238982081413269	3370647014.0970435
1.2432878017425537	3175615908.8098702
1.2475954294204712	3295009351.069613
1.2519049644470215	3131124207.672289
1.256216049194336	3158101529.688
1.2605286836624146	3314237725.9760833
1.2648425102233887	3298040882.427693
1.2691574096679688	3198598736.3858914
1.2734732627868652	3342792629.090805
1.2777899503707886	3329617313.0749254
1.2821072340011597	3160667482.6488643
1.2864248752593994	3136544222.4696875
1.2907428741455078	2989498634.411184
1.2950609922409058	3265830993.055222
1.2993791103363037	3276331781.638649
1.303696870803833	3221923284.20916
1.3080145120620728	3199146078.0511255
1.3123314380645752	3036955565.754873
1.3166478872299194	3078336885.796729
1.3209635019302368	3235904969.0660086
1.3252781629562378	3056697468.4747143
1.3295916318893433	3059583671.3920074
1.3339040279388428	2624634925.7827554
1.3382149934768677	2392227064.922939
1.3425244092941284	2123532029.446343
1.3468321561813354	2545655463.511906
1.3511382341384888	2837110875.2391233
1.3554422855377197	2616720147.007169
1.3597444295883179	2506861889.2318377
1.3640443086624146	2398088352.175992
1.3683418035507202	2448230199.30317
1.3726370334625244	2640892881.33661
1.3769296407699585	2521837510.924639
1.381219506263733	2430436238.13014
1.3855066299438477	1887493790.0988085
1.3897908926010132	2430183390.6724844
1.3940720558166504	2291898383.46006
1.3983501195907593	2495314489.7394967
1.4026249647140503	2392676166.040372
1.4068963527679443	2223023485.997796
1.4111642837524414	1900397566.7496257
1.4154287576675415	2275294505.5305886
1.419689416885376	1954224710.4282398
1.4239463806152344	2092893735.2832396
1.4281994104385376	2045571108.4128358
1.4324485063552856	2175335547.0468035
1.436693549156189	2058379142.8803382
1.440934419631958	2300091412.7123675
1.4451709985733032	2132084906.0731523
1.449403166770935	2213518983.057951
1.453631043434143	2074067373.741514
1.4578542709350586	2199360494.2366047
1.4620729684829712	1990769575.0656679
1.4662868976593018	1844310625.0988753
1.4704961776733398	1844884236.492033
1.4747005701065063	1977714855.1715343
1.4788999557495117	1952475624.9780476
1.4830944538116455	2029852991.9611907
1.4872838258743286	1947104343.6496317
1.491468071937561	1911919222.238058
1.4956470727920532	1959178316.4139702
1.4998208284378052	1947140035.9018664
1.5039892196655273	1977494983.2926717
1.5081522464752197	2088125839.4915583
1.5123097896575928	2077633833.6645358
1.5164618492126465	2019180270.747857
1.5206083059310913	2123391243.6867776
1.5247491598129272	2103340456.1672647
1.5288842916488647	1906395770.8224475
1.5330137014389038	2065500655.746822
1.5371372699737549	2022052601.7429228
1.541254997253418	1765258172.1322145
1.545366883277893	2068872299.2604187
1.5494728088378906	1905666117.1420736
1.5535727739334106	2062621049.4867184
1.5576666593551636	2088281483.3597004
1.561754584312439	2025116122.6654863
1.5658363103866577	2006409468.1022243
1.5699119567871094	2105671149.0016186
1.5739814043045044	2009012924.7407613
1.5780447721481323	2096752721.6694274
1.582101821899414	2060718542.647709
1.5861525535583496	2070789999.5439043
1.5901970863342285	2101253735.3712518
1.5942351818084717	2101526574.7472916
1.5982669591903687	2159615206.942651
1.6022924184799194	2220275764.2056046
1.606311559677124	2143099656.7312634
1.6103241443634033	2100964557.898851
1.6143304109573364	2154850274.2224636
1.6183301210403442	2141771916.3618374
1.6223233938217163	2146888727.755862
1.6263102293014526	2137426722.915478
1.6302905082702637	2156916013.76925
1.634264349937439	2185746078.8606815
1.638231635093689	2148250740.322249
1.6421923637390137	2147272463.698406
1.646146535873413	2070832128.8294291
1.6500942707061768	2151061449.4294486
1.6540353298187256	2206818368.928799
1.6579699516296387	2204227945.003642
1.661897897720337	2243977274.2330313
1.6658192873001099	2227637125.5510397
1.6697341203689575	2184632100.5522194
1.6736423969268799	2134318959.9667788
1.677544116973877	2139489870.615419
1.6814392805099487	2221299546.433709
1.6853278875350952	2136058777.7050054
1.6892099380493164	2139096796.41286
1.6930854320526123	2100633108.89908
1.696954369544983	2042342350.992006
1.7008168697357178	1997100428.7127454
1.7046726942062378	2081016066.8262684
1.708522081375122	2047811464.0011804
1.712364912033081	1914237584.3217037
1.7162011861801147	1955937017.7327816
1.7200311422348022	1896717416.2721882
1.723854422569275	1885982735.755608
1.7276713848114014	1886828675.1201055
1.731481909751892	1846079629.3078098
1.7352858781814575	1857855091.244553
1.7390835285186768	1816717726.669753
1.7428747415542603	1705471187.168927
1.7466596364974976	1758182452.0950866
1.7504380941390991	1821957170.5618937
1.7542102336883545	1547763672.436269
1.7579760551452637	1406704460.2428207
1.7617355585098267	1452247286.995234
1.7654887437820435	1413057130.53626
1.7692357301712036	1537346648.84933
1.7729763984680176	1515265298.854259
1.776710867881775	1241177315.193387
1.7804391384124756	1285958078.7761426
1.7841613292694092	1206106504.329352
1.7878772020339966	1291354520.141863
1.7915871143341064	1405883727.180859
1.7952908277511597	1328175675.8642757
1.7989884614944458	1245085451.1421044
1.8026801347732544	1221125771.8539314
1.806365728378296	1301036861.0290828
1.8100452423095703	1319671052.3061225
1.8137187957763672	1341689593.013557
1.817386507987976	1163300554.5152998
1.8210482597351074	1107961040.6734848
1.8247040510177612	1269984342.3353786
1.828354001045227	1162104645.6660554
1.8319982290267944	1110003103.9962118
1.8356364965438843	910832941.7262986
1.8392690420150757	1166318033.3062446
1.8428958654403687	1224016763.668297
1.8465168476104736	1114591904.2460759
1.8501322269439697	1175106098.997665
1.8537418842315674	1175801986.9797573
1.8573459386825562	1023380059.62579
1.860944390296936	985122726.6344066
1.864537239074707	990899039.8030812
1.8681244850158691	976992931.8670677
1.871706247329712	1079833484.1259942
1.8752825260162354	1081659450.4248781
1.8788533210754395	1159860222.8121521
1.8824186325073242	1245497161.773478
1.8859784603118896	1225959612.4017682
1.8895330429077148	1190516802.6842005
1.8930821418762207	1063302741.0707359
1.8966259956359863	1054558623.1221217
1.9001644849777222	1052100954.1553348
1.9036977291107178	1105824358.1131191
1.9072256088256836	1124438463.367748
1.9107483625411987	1202799248.4550712
1.9142658710479736	1235800537.1153004
1.9177782535552979	1218412360.0762937
1.9212853908538818	1229076918.280601
1.9247875213623047	1143240404.9984698
1.9282845258712769	1091277112.355338
1.9317764043807983	1108529673.360191
1.9352631568908691	990863740.6943492
1.9387450218200684	989809334.9806128
1.942221760749817	1079142425.4013956
1.9456936120986938	979547578.6746327
1.9491604566574097	1094954470.8484128
1.952622413635254	1108423695.5922592
1.956079363822937	1041783851.8763151
1.959531545639038	1089368629.042784
1.962978720664978	1076016890.4383168
1.966421127319336	989864207.169062
1.9698586463928223	991315568.484605
1.9732913970947266	1025151081.4950234
1.9767193794250488	941644312.260925
1.9801424741744995	945553243.875011
1.9835609197616577	941876363.5959342
1.9869745969772339	977936401.5851315
1.990383505821228	1101233705.6902864
1.9937876462936401	1143744022.159116
1.9971871376037598	1168456762.8991601
2.000581979751587	1042939187.7838156
2.003972291946411	1004261924.8687613
2.007357597351074	977429981.5315998
2.0107386112213135	976951571.322775
2.0141148567199707	1091078168.3615365
2.017486572265625	972354668.491533
2.0208535194396973	963093063.848719
2.0242159366607666	1031581639.602636
2.027573823928833	943665536.227356
2.0309269428253174	1056858486.9201169
2.034275770187378	963916404.2965933
2.0376198291778564	817321597.0045812
2.040959596633911	934077879.7721312
2.044294595718384	1016684135.9587597
2.0476250648498535	930738628.3332608
2.0509510040283203	946612900.1884241
2.054272413253784	1048226206.6780422
2.057589530944824	1107044047.78933
2.0609018802642822	1064907532.6436542
2.0642096996307373	981522575.1212223
2.0675129890441895	968595049.5949582
2.0708119869232178	930213835.858523
2.074106216430664	1000620831.5288558
2.0773961544036865	997198553.2904533
2.080681324005127	974518610.8360344
2.0839622020721436	970984564.7407038
2.087238311767578	946196645.4920036
2.090510129928589	921770069.0052154
2.0937774181365967	895011123.9941435
2.0970399379730225	896633729.4171227
2.1002981662750244	958689719.6898979
2.1035518646240234	961996476.6037842
2.1068007946014404	977424598.99812
2.1100454330444336	987561461.8496832
2.1132853031158447	951964751.8633213
2.116520881652832	913862493.8903974
2.1197516918182373	877833119.1174264
2.1229779720306396	928306692.1170022
2.12619948387146	987133724.5078646
2.1294167041778564	935165722.8639895
2.132629156112671	959859740.5001723
2.1358368396759033	972422553.743268
2.139039993286133	973614967.0975548
2.1422386169433594	1014197079.022371
2.145432472229004	1000106592.0467232
2.1486217975616455	990427997.6857597
2.151806354522705	971073833.5951862
2.1549863815307617	959893617.4101533
2.1581614017486572	952190330.4725819
2.16133189201355	939443717.2767286
2.1644976139068604	947843570.9246364
2.167658567428589	962731970.0257843
2.1708147525787354	980434849.8478941
2.173966407775879	968859183.2389864
2.1771130561828613	950632393.1356826
2.1802549362182617	984118592.6857889
2.183391809463501	1006066140.5310473
2.1865241527557373	1003492037.075826
2.1896514892578125	989477215.3834225
2.1927738189697266	979156647.1749747
2.1958916187286377	967016530.9083135
2.1990041732788086	974713215.282366
2.2021119594573975	956354020.2197348
2.2052149772644043	900659595.5320427
2.208312749862671	868306068.310801
2.2114057540893555	945094737.7737191
2.214493751525879	986740731.5186675
2.217576742172241	968271914.6840901
2.2206547260284424	961411809.863711
2.2237277030944824	961059003.5908812
2.2267956733703613	947349179.5713356
2.2298583984375	948906850.9532865
2.2329163551330566	966705702.2433182
2.235969066619873	971798866.1338507
2.2390167713165283	957289592.0228599
2.2420592308044434	943001883.2030094
2.2450966835021973	937772054.6123263
2.248128890991211	936567864.986954
2.2511560916900635	949735638.0524019
2.254178285598755	963889234.9692705
2.257194995880127	969436301.4781748
2.260206699371338	968874912.0237372
2.2632133960723877	952737378.7952199
2.266214609146118	953601591.3495014
2.2692108154296875	965904799.5143195
2.2722020149230957	957990250.7323474
2.2751877307891846	940684190.3455961
2.278168201446533	940264811.8034115
2.2811436653137207	944792449.090219
2.284113883972168	910207962.2725449
2.287078857421875	901721304.427002
2.290038824081421	877662073.2490134
2.2929933071136475	864146319.1593608
2.295942783355713	880846589.7413542
2.298887014389038	880635244.845729
2.301826238632202	895796862.1615455
2.304760217666626	924912038.4146748
2.3076889514923096	916127616.5005834
2.310612440109253	855615206.9653416
2.3135311603546143	822206402.1235366
2.3164443969726562	860442844.2807178
2.319352865219116	846182621.6571962
2.322256088256836	730987366.3180288
2.3251543045043945	666508838.6327428
2.328047275543213	672269780.4738206
2.330935478210449	728230996.6967785
2.3338186740875244	770093652.8594251
2.3366971015930176	762473742.9046507
2.3395702838897705	762556965.9076892
2.3424389362335205	786479140.0886021
2.3453025817871094	772648051.7567048
2.348161458969116	750781686.5525883
2.351015567779541	701816915.9930818
2.353865146636963	685796129.2955521
2.3567099571228027	724657491.4252764
2.3595502376556396	752167428.135749
2.3623859882354736	770536935.7357286
2.3652172088623047	752190676.4230188
2.368043899536133	685408699.9617524
2.370866537094116	718893796.2742618
2.3736846446990967	777912958.8938603
2.3764986991882324	739799659.3951765
2.3793084621429443	680395892.1287832
2.3821144104003906	687755475.893902
2.384916305541992	703734577.0597615
2.387714147567749	727401556.8735149
2.3905084133148193	715789204.4883901
2.393299102783203	697278894.1514405
2.3960859775543213	721570567.641751
2.398869514465332	694691757.0976582
2.4016497135162354	651667363.654258
2.4044265747070312	643625215.0974398
2.407200336456299	601645808.5707017
2.409970998764038	542930754.7414806
2.4127390384674072	554660971.7210531
2.415503978729248	620553967.259644
2.418266534805298	659616981.4886378
2.4210267066955566	624823946.6758516
2.4237842559814453	552226978.9136022
2.426539897918701	514395370.1387039
2.429293394088745	510262852.04071903
2.4320452213287354	539482564.4346182
2.4347951412200928	575406605.6998205
2.4375438690185547	564182637.3585312
2.440291166305542	499653637.68649626
2.443037271499634	467687784.2322935
2.445782423019409	491267658.2538528
2.4485268592834473	544723110.6252303
2.451270818710327	547454291.553006
2.454014539718628	503548595.04860425
2.4567582607269287	501792714.3768396
2.4595019817352295	494011062.1380196
2.4622461795806885	511532527.9898911
2.4649908542633057	568202921.729897
2.4677364826202393	570431583.1384689
2.4704833030700684	533684920.66894674
2.473231554031372	518919223.8967558
2.4759814739227295	528297039.272142
2.4787333011627197	498632599.06561375
2.481487512588501	454809614.9808457
2.4842441082000732	480490006.2145453
2.4870035648345947	487621068.8921887
2.4897661209106445	461500466.7091664
2.492532253265381	450097766.6396411
2.495302200317383	454451772.45891637
2.4980762004852295	454535717.08849394
2.500854969024658	438579403.8221104
2.50363826751709	441459227.0919609
2.506427049636841	439748731.40361416
2.509221315383911	447671350.9323344
2.512021541595459	454860473.2684141
2.5148282051086426	410118376.33043236
2.517641544342041	374674193.7447409
2.5204622745513916	394473279.3720674
2.5232906341552734	406421025.32389206
2.5261268615722656	388400680.2757263
2.5289716720581055	383645174.47355247
2.531825542449951	406390188.01591575
2.534688949584961	382154090.8707506
2.537562131881714	317440457.66343665
2.540445566177368	325687839.6878621
2.5433402061462402	398062315.3042534
2.546246290206909	444586724.0136576
2.549164056777954	439013136.69756675
2.5520944595336914	442553636.92127985
2.5550382137298584	433313334.5180301
