0.7011666666666666	16448.221319372973
0.7023352777777778	17615.237454016362
0.7035058365740741	18226.221765581555
0.7046783463016977	18877.16005384391
0.7058528102122005	19511.98245805681
0.7070292315625542	20136.998483284002
0.7082076136151585	20754.709008205464
0.7093879596378504	21365.09065355175
0.7105702729039134	21975.72595970602
0.7117545566920868	22586.55364880103
0.7129408142865735	23045.097082272267
0.7141290489770512	22852.133968055765
0.7153192640586796	22196.413745690217
0.7165114628321108	21849.759314781615
0.7177056486034976	22039.349568803496
0.7189018246845036	22539.51549224222
0.7200999943923111	23547.557096479693
0.7213001610496316	24756.12556347635
0.7225023279847144	25523.193659638142
0.7237064985313556	25826.805727671024
0.7249126760289079	26321.216877018414
0.7261208638222895	27360.100768930955
0.7273310652619932	28425.111023283207
0.7285432837040966	28755.931405522915
0.72975752251027	28619.01012613979
0.7309737850477873	29237.775894147842
0.7321920746895336	31012.707933737118
0.7334123948140163	32788.883851583865
0.7346347488053729	33739.20679545878
0.7358591400533818	34299.7684306722
0.7370855719534709	35110.46390155587
0.7383140479067267	36202.471660791314
0.7395445713199046	37357.11535991204
0.7407771456054377	38547.0231798902
0.7420117741814469	39728.08194374369
0.7432484604717493	40818.44693040898
0.744487207905869	41848.15248021925
0.7457280199190454	42922.55016849422
0.7469708999522439	44064.59922188393
0.7482158514521644	45132.89799939674
0.7494628778712513	45946.87682756688
0.7507119826677034	46619.810583893035
0.7519631693054829	47223.41823463558
0.7532164412543255	47755.99702820989
0.7544718019897494	48166.23428974683
0.7557292549930656	48354.34256539661
0.7569888037513873	48311.609144432114
0.7582504517576398	47665.747022087206
0.7595142025105692	46417.476139339575
0.7607800595147535	43595.22693135765
0.7620480262806114	38612.81915598722
0.7633181063244125	31975.596020716985
0.7645903031682866	22216.928005307513
0.7658646203402337	11822.636131479967
0.7671410613741342	6672.210169844305
0.7684196298097576	6907.69305342507
0.7697003291927741	10220.208374965929
0.770983163074762	17910.805192441483
0.77226813501322	27023.583683585934
0.7735552485715754	35807.8064166203
0.7748445073191947	44272.97233341683
0.7761359148313933	52073.612977920275
0.7774294746894457	58993.60470943293
0.7787251904805949	65120.89400443476
0.7800230657980626	119963.82055365635
0.7813231042410594	70912.22332282437
0.7826253094147945	81528.2847747709
0.7839296849304858	86211.32002725746
0.7852362344053699	90891.8140965562
0.7865449614627122	95611.88600082922
0.7878558697318168	100507.28913570421
0.7891689628480365	105999.62989062328
0.7904842444527834	111923.48645051385
0.791801718193538	118073.86933918968
0.7931213877238606	124455.83886188395
0.7944432567034004	130426.00216701186
0.795767328797906	135181.36215749802
0.7970936076792359	139525.22810282646
0.7984220970253681	144736.34810276836
0.7997528005204104	150781.505455186
0.801085721854611	156909.7239601481
0.8024208647243688	162964.4928660783
0.8037582328322427	168507.0992689804
0.8050978298869632	172247.15424657823
0.8064396596034414	174461.6437733802
0.8077837257027807	173926.8640433722
0.8091300319122853	169993.45090209274
0.8104785819654725	165707.54070260254
0.8118293796020817	162390.98130743307
0.8131824285680851	160822.84037261826
0.8145377326156986	166089.61381979362
0.8158952955033916	177494.76949126428
0.8172551209958971	188255.1870833239
0.8186172128642236	196395.74688152978
0.819981574885664	203323.85289863625
0.8213482108438068	208864.46406091942
0.8227171245285466	214562.23892451864
0.8240883197360943	228417.45151395362
0.8254618002689877	252362.00323579492
0.8268375699361028	273133.7307970613
0.828215632552663	280802.7875211919
0.8295959919402508	282744.34566801833
0.830978651926818	285553.67378592567
0.832363616346696	288955.7636689707
0.8337508890406071	287752.0625845978
0.8351404738556749	278463.17405446514
0.8365323746454344	270219.0400735028
0.8379265952698435	274320.81642001064
0.8393231395952933	286295.59794383694
0.8407220114946187	299026.2331859852
0.8421232148471098	312023.04685511655
0.8435267535385217	325803.40268267324
0.8449326314610859	341328.25222165824
0.8463408525135211	357369.8407423816
0.8477514206010437	372123.4396029767
0.8491643396353787	385894.98986764293
0.8505796135347711	401539.52392873727
0.8519972462239958	420577.9859146227
0.8534172416343692	440926.42185579403
0.8548396037037598	462222.5756107125
0.8562643363765994	483856.23745190457
0.8576914436038937	503674.0509403441
0.8591209293432337	521215.4796075175
0.8605527975588058	537500.2234261679
0.8619870522214037	551830.3943661442
0.8634236973084395	564379.9245544936
0.8648627368039535	572312.7348930329
0.8663041746986269	576128.0006166564
0.8677480149897913	577230.6280996014
0.8691942616814409	574690.4094747461
0.8706429187842434	573503.9935441198
0.8720939903155505	580334.7741391028
0.8735474802994098	591878.7060320001
0.8750033927665755	602740.1403417675
0.8764617317545198	612018.4375490438
0.8779225013074441	613306.375849413
0.8793857054762898	596808.4247695858
0.8808513483187503	569949.9802788693
0.8823194338992816	529283.7234582489
0.8837899662891138	475239.0990967191
0.8852629495662623	397117.7694835707
0.8867383878155394	282752.29300871777
0.8882162851285654	172269.46537197675
0.8896966456037797	107851.15335098706
0.8911794733464526	75299.73468863359
0.8926647724686968	76941.98814862114
0.894152547089478	114823.49934942622
0.8956428013346271	140406.2158306466
0.8971355393368516	123385.1843251221
0.8986307652357465	96064.66834498511
0.9001284831778059	101208.70998771225
0.9016286973164357	133887.7244873208
0.9031314118119631	176393.01967924295
0.9046366308316498	229478.30362789758
0.9061443585497025	278572.42449534504
0.9076545991472854	305750.3922097034
0.9091673568125309	321645.4416757143
0.9106826357405519	345758.4883872482
0.9122004401334528	379856.6085114555
0.9137207742003418	414428.628384825
0.9152436421573426	446233.72847841
0.9167690482276047	487221.32293671306
0.9182969966413176	574219.4879244241
0.9198274916357196	693993.8905571481
0.9213605374551126	775986.3551507439
0.9228961383508711	792546.6830587268
0.924434298581456	750528.9167186294
0.9259750224124251	582206.8673809123
0.9275183141164459	358286.72945728025
0.9290641779733066	231035.56097874086
0.9306126182699289	214224.3515416808
0.9321636393003788	216922.422228866
0.9337172453658794	221057.60293730596
0.9352734407748227	230646.0983078801
0.9368322298427807	261625.59284258913
0.9383936168925188	307752.61514606787
0.9399576062540064	340179.71866063785
0.9415242022644297	349477.80059387756
0.9430934092682037	353686.11217141047
0.9446652316169841	360698.16646151594
0.9462396736696792	367159.7520879316
0.947816739792462	360311.6548593758
0.9493964343587827	339892.18421366264
0.9509787617493808	329920.6831379978
0.9525637263522965	346469.35565237666
0.9541513325628838	364070.96526387916
0.9557415847838219	343542.97937011067
0.9573344874251283	296902.72793074424
0.9589300449041701	277716.89544564014
0.9605282616456772	302985.30160444794
0.9621291420817533	337339.2770541845
0.9637326906518895	365281.1126021764
0.9653389118029762	390631.8723488591
0.9669478099893144	421035.94579933607
0.96855938967263	456293.5785029113
0.9701736553220844	482535.2568460002
0.971790611414288	488672.51560538664
0.9734102624333119	487092.25145807816
0.9750326128707006	484096.76354201813
0.9766576672254852	480711.9025920468
0.9782854300041944	482467.6534044266
0.9799159057208682	491788.51121174067
0.9815490988970695	504662.51579322724
0.9831850140618982	522360.2654478651
0.9848236557520013	544051.8136017679
0.986465028511588	574700.3114421662
0.9881091368924407	613329.2291741048
0.9897559854539281	637098.998937232
0.991405578763018	628631.6250568877
0.9930579213942898	608517.9281095426
0.994713017929947	587951.593775237
0.9963708729598303	570294.9971530576
0.9980314910814301	581091.934540132
0.9996948768998991	631222.1325489337
1.0013610350280657	674860.7809347919
1.0030299700864458	674101.4109496338
1.0047016867032565	659136.5723823786
1.0063761895144285	692278.6038992438
1.0080534831636194	774709.4113126977
1.0097335723022256	866669.2958093556
1.011416461589396	962699.6453879331
1.013102155692045	1053736.5524825172
1.014790659284865	1119216.1565778838
1.01648197705034	1170463.8580343884
1.018176113678757	1254791.8586734855
1.0198730738682218	1385937.3995311465
1.021572862324669	1511577.1803096475
1.0232754837618767	1592462.7001626948
1.0249809429014798	1657674.709300136
1.0266892444729823	1758965.2304729715
1.0284003932137706	1896622.3906285053
1.030114393869127	2041922.1399488188
1.0318312511922423	2192303.7672374365
1.0335509699442293	2377618.3443575557
1.0352735548941365	2690342.0510256896
1.0369990108189602	3088768.612109305
1.0387273425036585	3472377.280706762
1.0404585547411644	3825760.731481435
1.0421926523323999	4163106.6587454947
1.0439296400862872	4475245.024531485
1.0456695228197646	4774669.663256502
1.0474123053577973	5069804.658559106
1.0491579925333938	5362623.165286617
1.0509065891876161	5672905.17619121
1.0526581001695956	6015615.114054171
1.0544125303365448	6347872.078556203
1.0561698845537726	6599856.213739844
1.0579301676946955	6795142.42876627
1.0596933846408534	6965669.573254786
1.0614595402819214	7108603.547414171
1.0632286395157247	7227842.516740808
1.065000687248251	7300941.237892559
1.0667756883936648	7349362.560833953
1.068553647874321	7381161.185123453
1.070334570620778	7396163.513998878
1.072118461571813	7381151.912664332
1.0739053256744326	7315362.925133726
1.07569516788389	7223573.545014846
1.0774879931636965	7096571.143625371
1.079283806485636	6934494.706244043
1.0810826128297788	6673820.237585292
1.0828844171844951	6286797.089332075
1.0846892245464692	5816521.046518622
1.0864970399207134	5203534.254900455
1.0883078683205814	4512231.762253699
1.0901217147677824	3754375.5023560952
1.0919385842923954	2948979.317983495
1.0937584819328827	2278136.8085379475
1.0955814127361043	1858535.5484613369
1.0974073817573313	1528895.6073748504
1.09923639406026	1240712.4373149085
1.1010684547170273	983702.3509821598
1.1029035688082225	769192.912587623
1.1047417414229028	606067.8832252185
1.1065829776586076	464712.4755258839
1.108427282621372	351482.6501259694
1.110274661425741	254821.00580750624
1.112125119194784	179059.79631809695
1.1139786610601086	122567.28984244242
1.1158352921618757	81590.91298419685
1.117695017648812	63503.39016274036
1.1195578426782267	54216.169993238254
1.1214237724160239	51341.894357519624
1.1232928120367172	53238.91930293599
1.1251649667234453	61389.454648171515
1.1270402416679843	76531.53187447342
1.1289186420707642	86600.30029745559
1.1308001731408823	81058.304432158
1.1326848400961171	68775.02348570662
1.1345726481629441	56742.75976035476
1.136463602576549	45796.3095854648
1.1383577085808434	43094.42213183674
1.1402549714284782	54098.53077327462
1.1421553963808588	66146.80906068452
1.1440589887081603	67934.11919479823
1.1459657536893408	62682.84022281685
1.1478756966121564	51694.95907090473
1.1497888227731765	34510.1691003098
1.1517051374777987	19167.04754194782
1.1536246460402617	10993.829347631252
1.155547353783662	6485.474057955116
1.1574732660399685	5033.976507015876
1.1594023881500348	6272.88566983631
1.1613347254636184	9821.013758965792
1.163270283339391	16646.00943457873
1.1652090671449569	23046.25575475147
1.1671510822568651	24900.030328088767
1.1690963340606266	23589.294579666985
1.1710448279507277	18970.089027511996
1.1729965693306457	10887.966996361214
1.1749515636128636	5951.290873583931
1.176909816218885	9743.84589553474
1.17887133257925	17499.485675291522
1.1808361181335487	26924.837987785802
1.182804178330438	37579.16797403922
1.1847755186276552	47548.98473303399
1.1867501444920348	56174.81218040957
1.1887280613995215	64215.42738363291
1.1907092748351875	71559.76739189192
1.1926937902932462	80056.96240226224
1.1946816132770681	99350.41690527627
1.1966727492991969	131495.24733785275
1.1986672038813622	175296.69063841115
1.2006649825544977	240141.99329476152
1.2026660908587554	321564.0998321594
1.20467053434352	440084.4743804852
1.206678318567426	591747.5568216351
1.2086894490983717	781976.5802904994
1.2107039315135357	1027918.5006519952
1.2127217713993916	1302330.5564053878
1.214742974351724	1618108.1774402664
1.2167675459756435	1970344.5754132546
1.218795491885603	2410044.797212715
1.2208268177054122	2951563.266531395
1.2228615290682547	3615097.2385684336
1.2248996316167018	4506463.530936071
1.2269411310027298	5455684.583104861
1.2289860328877344	6260724.499197116
1.2310343429425474	6948272.1612436315
1.2330860668474517	7605349.6101997215
1.2351412102921975	8234006.999698143
1.2371997789760178	8871174.009281442
1.2392617786076445	9556158.952318275
1.241327214905324	10357017.649450839
1.243396093596833	11742423.529039705
1.2454684204194943	13717055.165298484
1.2475442011201936	14998153.89175325
1.249623441455394	14585631.993501034
1.251706147191153	13992394.313866591
1.2537923241031383	15441704.084500922
1.2558819779766437	18395404.927028213
1.2579751146066047	20612558.41934964
1.2600717397976158	21484226.31724973
1.262171859363945	21814752.869169436
1.2642754791295518	21557448.818281453
1.266382604928101	20919398.291680727
1.2684932426029811	19870445.595497712
1.2706073980073196	18412408.583959714
1.2727250770039986	17068029.81063049
1.274846285465672	16100026.598829292
1.2769710292747813	15156788.75993123
1.2790993143235727	13724288.598983813
1.2812311465141122	11933883.492390018
1.2833665317583023	10249513.87636986
1.2855054759778997	8776250.201922396
1.2876479851045295	7455447.435419926
1.2897940650797037	6429627.012616746
1.2919437218548366	5576085.474297803
1.2940969613912614	4832803.598107309
1.2962537896602468	4197254.526437813
1.298414212643014	3592550.2493222523
1.3005782363307525	3017696.304857938
1.302745866724637	2482410.0066945823
1.304917109835845	2068096.425815025
1.3070919716855713	1746284.2629524833
1.3092704583050472	1466668.3413218122
1.3114525757355557	1236554.2642914976
1.3136383300284484	1035548.9334420937
1.3158277272451624	883885.5972227436
1.3180207734572378	760606.7020494664
1.3202174747463333	656394.9803401481
1.3224178372042439	569277.6382856601
1.3246218669329177	467768.48407043505
1.3268295700444726	332727.0552862929
1.3290409526612135	198948.722893454
1.3312560209156488	118644.49840993757
1.3334747809505083	78169.01557936255
1.3356972389187591	52149.04863322768
1.3379234009836238	41612.58201998628
1.3401532733185966	34489.72504981799
1.342386862107461	26760.630323976897
1.344624173544307	19072.935448162825
1.3468652138335475	13434.726873191366
1.3491099891899365	9873.113434253512
1.3513585058385866	6993.128722202635
1.3536107700149842	4860.238153847532
1.3558667879650093	3158.037619894041
1.358126565944951	2147.332427357034
1.360390110221526	1704.5051108244238
1.3626574270718954	2065.125155826733
1.3649285227836818	3445.6961338994383
1.367203403654988	4507.15461998833
1.369482075994413	4065.939469301503
1.3717645461210706	2992.9338699053396
1.3740508203646056	2500.0594285223965
1.3763409050652133	2585.5937413014885
1.3786348065736556	2537.4099718897573
1.3809325312512784	2082.8698441492065
1.3832340854700305	1619.6169729251133
1.3855394756124806	1648.1913133183798
1.3878487080718347	1984.7806260780299
1.3901617892519544	2078.180769578503
1.3924787255673745	1814.5940830790514
1.3947995234433201	1563.9312735243223
1.3971241893157258	1557.5044293310987
1.399452729631252	1701.5292610145036
1.401785150847304	2035.183052543202
1.40412145943205	2545.6466497575407
1.4064616618644366	3096.4886443563205
1.4088057646342107	3677.191962862419
1.4111537742419344	4253.5749747882655
1.4135056971990045	4775.708222781161
1.4158615400276693	5266.3726442360385
1.418221309261049	5794.632921926509
1.4205850114431506	6396.89593051555
1.4229526531288894	7527.620539375209
1.425324240884104	9985.164535613196
1.4276997812855778	12920.76569547397
1.4300792809210539	15104.527207154933
1.4324627463892556	16600.332385866008
1.4348501842999046	18412.65767419978
1.4372416012737377	20972.405781429494
1.4396370039425272	24339.60520036167
1.442036398949098	29788.14331376265
1.4444397929473467	36882.75027179391
1.4468471926022592	46394.1890532443
1.4492586045899296	58888.58023248357
1.4516740355975797	72793.07713041811
1.4540934923235755	88671.3797702741
1.4565169814774481	103604.21173172056
1.4589445097799105	108824.52030056248
1.4613760839628773	105250.12261597389
1.4638117107694821	100980.81810384737
1.466251396954098	97450.51308506333
1.4686951492823548	94755.02741863129
1.471142974531159	94231.51752751497
1.4735948794887108	96275.46208269217
1.4760508709545253	107769.3691968383
1.4785109557394496	130727.24353774803
1.4809751406656821	152099.68424043138
1.4834434325667916	163848.77578818245
1.4859158382877364	173545.86493185197
1.4883923646848827	194429.37597149683
1.490873018626024	225471.1857220586
1.493357806990401	259427.2832077337
1.4958467366687183	296191.8055253727
1.4983398145631663	330062.4263152038
1.5008370475874384	350833.97334977885
1.5033384426667507	363964.93931922026
1.505844006737862	380559.4526041254
1.5083537467490917	402341.2795449147
1.5108676696603405	431700.71778917254
1.5133857824431078	476883.519847488
1.5159080920805128	534292.2742804369
1.518434605567314	618510.8997651711
1.5209653299099262	725944.5297899934
1.5235002721264426	838574.5681782303
1.5260394392466536	955329.6586910664
1.5285828383120648	1073310.1020304826
1.5311304763759181	1191079.8257791318
1.5336823605032115	1312139.5591504502
1.5362384977707166	1458180.9042570898
1.5387988952670015	1634360.2308610163
1.5413635600924465	1825633.4207581226
1.5439324993592671	2038689.0424086577
1.5465057201915329	2250066.8444089144
1.5490832297251855	2408379.161748091
1.5516650351080608	2522982.8871617666
1.5542511434999076	2647864.9660215555
1.5568415620724074	2797790.3124490227
1.559436298009195	2956887.413650682
1.5620353585058768	3122401.565876569
1.5646387507700532	3291974.7479846748
1.567246482021337	3463179.0955034443
1.5698585594913725	3633584.1020166427
1.5724749904238582	3758067.0578091135
1.5750957820745648	3777295.5942924167
1.5777209417113556	3749236.4302988364
1.5803504766142082	3701345.970540719
1.5829843940752317	3626985.9278533636
1.5856227013986908	3425667.337168003
1.5882654059010217	3024655.245976073
1.5909125149108567	2581416.841060426
1.5935640357690417	2181138.2569945375
1.5962199758286568	1805331.540900357
1.598880342455038	1428003.1390871305
1.6015451430257963	1050256.3810429492
1.6042143849308395	725729.8481585796
1.6068880755723909	521075.32606116706
1.6095662223650118	373507.8994342709
1.6122488327356201	268865.9473163111
1.614935914123513	198927.28066832756
1.6176274739803853	144484.1666455133
1.6203235197703527	108869.39614063356
1.62302405896997	81135.54179123753
1.6257290990682536	62299.948884134144
1.6284386475667005	49398.973315877374
1.6311527119793119	42936.57233328237
1.6338712998326108	43331.563752148984
1.6365944186656651	45333.0933777084
1.6393220760301082	48273.83839665693
1.642054279490158	50893.20909580856
1.644791036622642	50434.52974514863
1.6475323550170131	47649.95930595103
1.6502782422753748	45717.0508550973
1.6530287060125004	45491.779601429516
1.6557837538558546	46839.87044305395
1.6585433934456146	51636.11134788191
1.6613076324346907	56429.61551471624
1.6640764784887485	48856.00088984416
1.66684993928623	28184.44374479788
1.6696280225183737	12465.12813848771
1.6724107358892377	11948.320904205766
1.6751980871157197	17553.801824663045
1.6779900839275794	24698.407486205968
1.6807867340674587	32476.91924164385
1.6835880452909044	35726.717427165015
1.6863940253663894	32069.523074309793
1.6892046820753335	26523.42541560009
1.6920200232121256	20597.492393937726
1.694840056584146	14826.94932317234
1.6976647900117863	11331.59711576732
1.700494231328473	10343.234090765389
1.703328388380687	11148.191032470366
1.706167269027988	14839.679340572873
1.709010881143035	18864.17053829217
1.7118592326116067	19768.23694066872
1.714712331332626	18733.8792278855
1.7175701852181804	21614.679695739032
1.7204328021935444	30375.150342429362
1.7233001901972003	36716.83738624707
1.726172357180862	31772.72210778087
1.7290493111094971	21774.016836208182
1.7319310599613464	16973.88173746867
1.7348176117279486	17952.241601721464
1.737708974414162	21376.83468478972
1.7406051560381857	27947.92587201743
1.7435061646315826	35426.758033045626
1.746412008239302	41952.23667234191
1.749322694919701	47433.81107092953
1.7522382327445671	49709.90846336617
1.7551586297991415	47515.734813424686
1.7580838941821402	44103.94535634851
1.761014034005777	40292.93060878283
1.7639490573957866	36265.19784565508
1.7668889724914467	32168.456644200956
1.769833787445599	28285.59906296288
1.7727835104246752	28572.3941986117
1.7757381496087163	37025.31960772618
1.7786977131913975	46045.938390499876
1.7816622093800498	45805.08158480223
1.7846316463956833	38896.07717791507
1.7876060324730094	31427.540187959043
1.7905853758604646	24091.36095272725
1.793569684820232	19519.64652507736
1.7965589676282658	22520.7017371152
1.7995532325743133	28903.274701336028
1.802552487961937	33030.39979959596
1.8055567421085403	34799.38556858205
1.8085660033453879	36739.55114866218
1.8115802800176304	39666.58805103643
1.8145995804843267	42832.0680048198
1.8176239131184673	45601.13116696673
1.820653286306998	47681.00436995516
1.823687708450843	46116.22697218456
1.8267271879649278	39668.88051731625
1.8297717332782029	32828.363690821185
1.8328213528336663	27930.361915354595
1.8358760550883895	25262.23128751218
1.8389358485135368	29843.07652306157
1.8420007415943929	41152.11639295459
1.8450707428303834	50103.1012966962
1.848145860735101	52807.25824775429
1.851226103836326	53131.88580678643
1.8543114806760534	52323.51629002748
1.8574019998105136	50549.08512865016
1.8604976698101978	46903.36172944552
1.8635984992598815	40950.08328687997
1.8667044967586481	36662.79785843254
1.8698156709199125	38117.98649338283
1.8729320303714458	46062.08364001307
1.8760535837553982	74589.21737836
1.879180339728324	121315.59675908078
1.8823123069612047	155305.28951065135
1.8854494941394733	161295.09297416877
1.8885919099630393	161370.5005381096
1.8917395631463112	173249.51950340596
1.8948924624182215	190622.92276294474
1.8980506165222522	188220.9095148739
1.9012140342164559	159737.15759215644
1.9043827242734832	132941.12652378943
1.907556695480606	124834.59233545164
1.9107359566397404	125408.09787792219
1.9139205165674735	126203.3948385517
1.9171103840950858	126485.27661290887
1.9203055680685779	121229.65966211278
1.923506077348692	106148.15997776983
1.92671192081094	89135.69680076772
1.9299231073456249	76422.8501889644
1.9331396458578678	67142.91682774614
1.9363615452676308	62969.9329615636
1.9395888145097437	65085.57738419276
1.9428214625339266	70419.17990098933
1.9460594983048167	80534.93658653315
1.9493029308019916	91863.44693486435
1.952551769019995	98270.45683642016
1.9558060219683617	100813.35651668992
1.9590656986716424	110872.34471650598
1.9623308081694284	134917.8643827486
1.9656013595163775	159733.67900476334
1.9688773617822382	172016.38367847874
1.9721588240518755	177252.98731175266
1.975445755425295	189300.89190966124
1.9787381650176707	210694.35147752176
1.9820360619593669	238737.61637160674
1.985339455395966	278424.17920557887
1.9886483544882927	327444.7514888836
1.99196276841244	397490.1921858902
1.9952827063597942	483564.4752435652
1.9986081775370603	543319.9883122987
2.001939191166289	554665.3345938037
2.0052757564848993	559790.7959201129
2.0086178827457077	593418.9768049018
2.011965579216951	645435.1460141132
2.0153188551823122	702997.7775733673
2.01867771994095	765612.4750415273
2.022042182807518	825666.2765103088
2.0254122531121976	877229.3826157717
2.0287879402007176	932748.3325293473
2.0321692534343856	1025304.5516769266
2.0355562021901097	1149436.9525008001
2.038948795860427	1272720.4344013042
2.0423470438535274	1388158.7630307542
2.0457509555932836	1497213.0079341151
2.049160540519272	1592314.5613502306
2.0525758080868046	1680069.097663137
2.0559967677669495	1775011.2747217512
2.059423429046561	1878280.2646375927
2.0628558014283054	1968083.4667242111
2.066293894430686	2022664.222276018
2.0697377175880702	2051777.2918548577
2.073187280450717	2029730.6396982328
2.0766425925848018	1967351.9485304398
2.0801036635724435	1926284.2711468493
2.083570503011731	1927025.5632061122
2.0870431205167503	1917448.5588354736
2.090521525717612	1835435.8866857258
2.0940057282604747	1713369.0560630695
2.0974957378075754	1609322.3910083068
2.1009915640372547	1528689.5135909892
2.1044932166439834	1443388.9136122952
2.10800070533839	1337890.741091226
2.1115140398472874	1225056.235576951
2.1150332299137	1116764.9883800647
2.1185582852968894	1012500.0399896809
2.1220892157723843	910085.6525048992
2.125626031132005	810264.4968627803
2.1291687411838915	719825.0364461673
2.1327173557525314	657149.4825094684
2.136271884678786	608367.1935130892
2.1398323378199176	546010.8911514445
2.143398725049617	467980.8441773949
2.1469710562580335	399519.31893366243
2.150549341351797	358480.75615471706
2.15413359025405	325208.2878605522
2.1577238129044733	277794.7030268776
2.1613200192593145	220552.4718334342
2.1649222192914133	180608.3533991697
2.1685304229902322	169281.10174352635
2.172144640361883	163197.0583395748
2.175764881429153	149510.83131476637
2.1793911562315347	131241.6567342246
2.183023474825254	110992.00683449476
2.1866618472832964	88837.30648560364
2.1903062836954352	66442.22801111056
2.193956794168261	44290.29740183571
2.197613388825208	24342.74808382115
2.201276077806584	13729.757113362302
2.2049448712695945	10695.940851290055
2.2086197793883775	11166.960795385823
2.212300812354025	15768.795506508852
2.215987980374615	19947.83526492578
2.2196812936752393	19571.496068765602
2.2233807624980315	16766.9582308169
2.227086397102195	14371.394571509616
2.230798207764032	12557.447634360906
2.2345162047769724	10750.262446346183
2.2382403984516004	8757.796147669671
2.2419707991156868	6839.528443995154
2.245707417114213	5544.487106041255
2.249450262809403	4740.625580805698
2.2531993465807525	4115.37257445226
2.256954678825054	3689.690922745438
2.260716269956429	3436.6196704575646
2.2644841304063563	3543.389552781846
2.2682582706237007	3805.3493139074035
2.2720387010747403	3838.831577411173
2.275825432243198	3618.435319893757
2.27961847463027	3312.0603169887727
2.283417838754654	2913.5732483574307
2.2872235351525787	2528.019178597831
2.291035574377833	2339.334001723345
2.294853967001796	2358.54998198299
2.298678723613466	2967.5106930272573
2.302509854819488	4404.304543990744
2.3063473712441875	5961.0571437545705
2.3101912835295946	7270.650582171051
2.314041602335477	8165.587837125448
2.31789833833937	7332.379453743179
2.321761502236602	4780.999013451022
2.3256311047403297	2769.141598767203
2.3295071565815637	2382.0830866695887
2.3333896685092	2552.8456939945627
2.3372786512900485	2615.562650979613
2.3411741157088657	2606.5765515430126
2.3450760725683804	2731.278926090679
2.348984532689328	3063.5837335096026
2.3528995069104766	3656.4091388098486
2.356821006088661	4838.525792946291
2.360749041098809	6095.254337580929
2.3646836228339736	6030.2820528035045
2.3686247622053638	4665.107814737878
2.3725724701423725	3729.8036586029484
2.37652675759261	4026.1632628193147
2.380487635521931	4885.16991505017
2.3844551149144677	6260.5668437907025
2.388429206772659	7999.32403874623
2.39240992211728	9770.264730161987
2.3963972719874755	11555.135456113429
2.400391267440788	13696.328256776256
2.4043919195531895	16798.726657190153
2.408399239419112	20029.55364701953
2.412413238151477	21266.78655598265
2.4164339268817296	20549.993565047324
2.420461316759866	19910.18933180786
2.4244954189544656	19970.942046922166
2.428536244652723	20695.01115790721
2.432583805060478	23053.33689778362
2.4366381114022455	26626.013420054005
2.440699174921249	30966.906463819945
2.4447670068794514	36223.0904887552
2.4488416185575836	41951.91914184835
2.4529230212551796	48377.3046513531
2.457011226290605	54854.559232917294
2.4611062450010897	59732.975926900595
2.465208088742758	62984.848236690596
2.4693167688906628	64952.713043246265
2.4734322968388143	64949.419020763926
2.4775546840002125	64737.7861699443
2.4816839418068795	66209.0211557094
2.4858200817098908	69060.70752837084
2.4899631151794077	71849.08890686583
2.4941130537047065	48304.42954892529
