0.7011666666666666	7072.7599716850555
0.7023352777777778	7670.327664769094
0.7035058365740741	8048.087200900776
0.7046783463016977	8450.108618223936
0.7058528102122005	8854.822556491312
0.7070292315625542	9261.713192138743
0.7082076136151585	9672.245006263553
0.7093879596378504	10086.902805036778
0.7105702729039134	10508.004312811529
0.7117545566920868	10939.567969701011
0.7129408142865735	11296.333917863709
0.7141290489770512	11315.900395032013
0.7153192640586796	11095.242903955595
0.7165114628321108	11027.943995629228
0.7177056486034976	11228.598630039996
0.7189018246845036	11593.893847258
0.7200999943923111	12240.520339812565
0.7213001610496316	12997.795694951128
0.7225023279847144	13507.450970992397
0.7237064985313556	13757.180953914234
0.7249126760289079	14112.558456154356
0.7261208638222895	14770.317279437719
0.7273310652619932	15435.984501829082
0.7285432837040966	15666.246055723404
0.72975752251027	15618.479795853842
0.7309737850477873	16011.52953746695
0.7321920746895336	17079.58722017954
0.7334123948140163	18144.971743469836
0.7346347488053729	18718.387039274552
0.7358591400533818	19057.748973574475
0.7370855719534709	19534.81412813777
0.7383140479067267	20167.547919820365
0.7395445713199046	20831.483216028973
0.7407771456054377	21507.926045661632
0.7420117741814469	22175.42433119955
0.7432484604717493	22786.553209749694
0.744487207905869	23357.680497715173
0.7457280199190454	23935.15179175407
0.7469708999522439	24524.032871689982
0.7482158514521644	25047.442358886085
0.7494628778712513	25378.822846243234
0.7507119826677034	25605.995457375655
0.7519631693054829	25795.017326931356
0.7532164412543255	25943.73029435025
0.7544718019897494	25987.881155572355
0.7557292549930656	25836.61614639987
0.7569888037513873	25495.816117047718
0.7582504517576398	24678.70985701641
0.7595142025105692	23414.236935669996
0.7607800595147535	21159.27344319927
0.7620480262806114	17575.29653594982
0.7633181063244125	13503.668958339167
0.7645903031682866	8960.595136555556
0.7658646203402337	4570.382858827343
0.7671410613741342	2396.524788768924
0.7684196298097576	2472.526610938677
0.7697003291927741	3740.621817383066
0.770983163074762	6663.133714386405
0.77226813501322	10346.607135418564
0.7735552485715754	14670.7996066821
0.7748445073191947	32891.85080174558
0.7761359148313933	23532.27165014649
0.7774294746894457	29961.91735702763
0.7787251904805949	34991.20538843737
0.7800230657980626	39547.169422110965
0.7813231042410594	43824.99531331084
0.7826253094147945	47830.995863470744
0.7839296849304858	51585.90789387666
0.7852362344053699	55309.13354311498
0.7865449614627122	59038.32274411672
0.7878558697318168	62891.51094722703
0.7891689628480365	67193.58184221457
0.7904842444527834	71822.05697612905
0.791801718193538	76635.65398961272
0.7931213877238606	81643.59789346563
0.7944432567034004	86365.89084941697
0.795767328797906	90225.19901505306
0.7970936076792359	93801.62542870994
0.7984220970253681	98043.57446779728
0.7997528005204104	102925.06797080915
0.801085721854611	107880.50387524073
0.8024208647243688	112797.8644166845
0.8037582328322427	117316.75267898027
0.8050978298869632	120410.00725659521
0.8064396596034414	122289.79143225719
0.8077837257027807	121939.43845136538
0.8091300319122853	118830.36335579076
0.8104785819654725	115449.27994970692
0.8118293796020817	112891.12384081325
0.8131824285680851	111838.60231869447
0.8145377326156986	116699.68283602504
0.8158952955033916	126813.81874022413
0.8172551209958971	135619.9150773437
0.8186172128642236	140843.79191837154
0.819981574885664	145079.9989583961
0.8213482108438068	149827.9029777646
0.8227171245285466	155771.74579074472
0.8240883197360943	168422.86728685565
0.8254618002689877	189255.1271566331
0.8268375699361028	207191.10576439856
0.828215632552663	213703.7105741371
0.8295959919402508	216082.53122500947
0.830978651926818	223611.3830513758
0.832363616346696	235703.14825848734
0.8337508890406071	245638.00045908583
0.8351404738556749	250832.811081024
0.8365323746454344	256589.6232384382
0.8379265952698435	269383.46852971276
0.8393231395952933	286679.315761005
0.8407220114946187	304481.5551692421
0.8421232148471098	322535.92732751823
0.8435267535385217	341288.7906408768
0.8449326314610859	361581.664559855
0.8463408525135211	382627.94591949834
0.8477514206010437	403996.9237140447
0.8491643396353787	425821.6241747111
0.8505796135347711	449984.42816214275
0.8519972462239958	478014.80696474
0.8534172416343692	507065.2734808603
0.8548396037037598	535574.5283352218
0.8562643363765994	563742.1308490632
0.8576914436038937	591801.9888530493
0.8591209293432337	619750.5014763315
0.8605527975588058	647650.1217452013
0.8619870522214037	675442.5469672744
0.8634236973084395	703094.6666455782
0.8648627368039535	730206.8933159385
0.8663041746986269	756739.9828817006
0.8677480149897913	781794.3544264578
0.8691942616814409	804503.3773406114
0.8706429187842434	827429.6913960711
0.8720939903155505	853294.3019106805
0.8735474802994098	880884.1651934839
0.8750033927665755	908124.0768209359
0.8764617317545198	934766.2012148963
0.8779225013074441	960497.2939758227
0.8793857054762898	984335.1796288845
0.8808513483187503	1006014.0243629413
0.8823194338992816	1021157.8546556424
0.8837899662891138	1028490.7110449286
0.8852629495662623	1008475.3099501536
0.8867383878155394	945063.9700418308
0.8882162851285654	857115.8834289219
0.8896966456037797	729785.1550746799
0.8911794733464526	591261.1166634941
0.8926647724686968	534836.8372592621
0.894152547089478	572954.047308531
0.8956428013346271	603784.800632419
0.8971355393368516	579419.2930588445
0.8986307652357465	550949.695929512
0.9001284831778059	607065.3809920084
0.9016286973164357	731254.0107367048
0.9031314118119631	846674.7855712738
0.9046366308316498	935698.8082052916
0.9061443585497025	1001424.8358970142
0.9076545991472854	1016452.0832789646
0.9091673568125309	1002058.346080693
0.9106826357405519	984097.9366276937
0.9122004401334528	963512.6772615323
0.9137207742003418	932118.8892929915
0.9152436421573426	878241.7916827695
0.9167690482276047	836231.992395723
0.9182969966413176	887599.6246025114
0.9198274916357196	1006870.3075693311
0.9213605374551126	1062852.784091153
0.9228961383508711	1008069.9127377343
0.924434298581456	884226.6986390816
0.9259750224124251	639393.9473771413
0.9275183141164459	346325.35347890784
0.9290641779733066	178741.74990317292
0.9306126182699289	153040.88097811159
0.9321636393003788	152946.1065366984
0.9337172453658794	155854.80646524753
0.9352734407748227	165180.86950176305
0.9368322298427807	197466.76929676684
0.9383936168925188	245943.27381201542
0.9399576062540064	279134.8856217593
0.9415242022644297	286663.3824310447
0.9430934092682037	289473.4088005015
0.9446652316169841	298189.37105536694
0.9462396736696792	308279.67888474563
0.947816739792462	306562.493594783
0.9493964343587827	292715.1375087522
0.9509787617493808	288437.28751727624
0.9525637263522965	308320.2928932254
0.9541513325628838	327735.0445917818
0.9557415847838219	306317.9094517122
0.9573344874251283	257449.1469702715
0.9589300449041701	242750.52123643726
0.9605282616456772	282645.4087812346
0.9621291420817533	333748.4416975559
0.9637326906518895	377106.7332091316
0.9653389118029762	417950.4786565249
0.9669478099893144	468671.53858223744
0.96855938967263	528860.0413261252
0.9701736553220844	573300.3295622681
0.971790611414288	582343.5396780086
0.9734102624333119	580537.9932845772
0.9750326128707006	587620.1040979995
0.9766576672254852	602796.4888047957
0.9782854300041944	630881.8829421132
0.9799159057208682	676552.6568884674
0.9815490988970695	726266.8328369211
0.9831850140618982	775092.6698142762
0.9848236557520013	827449.0572296695
0.986465028511588	903671.9893434836
0.9881091368924407	1003720.1797651834
0.9897559854539281	1098171.9785863643
0.991405578763018	1174057.8724152974
0.9930579213942898	1249368.0191276341
0.994713017929947	1349025.6378482138
0.9963708729598303	1465321.4010274354
0.9980314910814301	1572574.3673854743
0.9996948768998991	1665808.2453209264
1.0013610350280657	1781610.483784485
1.0030299700864458	1969546.9513898308
1.0047016867032565	2188426.6579678864
1.0063761895144285	2374598.563720786
1.0080534831636194	2527842.614630369
1.0097335723022256	2698064.217246837
1.011416461589396	2910772.4030769984
1.013102155692045	3132709.8629752127
1.014790659284865	3332100.9769431874
1.01648197705034	3516840.201842347
1.018176113678757	3713114.232290142
1.0198730738682218	3927164.2532703653
1.021572862324669	4149085.955713731
1.0232754837618767	4380862.179684827
1.0249809429014798	4626837.692056965
1.0266892444729823	4925237.1343752425
1.0284003932137706	5269182.152498831
1.030114393869127	5542072.294436742
1.0318312511922423	5667580.971890894
1.0335509699442293	5801256.730811221
1.0352735548941365	6158445.5887736445
1.0369990108189602	6661132.321978793
1.0387273425036585	7091403.896384248
1.0404585547411644	7407292.606103568
1.0421926523323999	7700433.676433977
1.0439296400862872	8000847.151721457
1.0456695228197646	8300786.502735663
1.0474123053577973	8577751.540550157
1.0491579925333938	8835596.644848892
1.0509065891876161	9131358.042803807
1.0526581001695956	9501616.878476415
1.0544125303365448	9853416.026623635
1.0561698845537726	10042675.76311705
1.0579301676946955	10129127.498903682
1.0596933846408534	10267160.024239466
1.0614595402819214	10481231.49199598
1.0632286395157247	10643688.853906492
1.065000687248251	10628918.493588783
1.0667756883936648	10540469.890801007
1.068553647874321	10502873.936033402
1.070334570620778	10514256.903884755
1.072118461571813	10512134.22595634
1.0739053256744326	10473605.899675908
1.07569516788389	10429570.01052245
1.0774879931636965	10408355.224730605
1.079283806485636	10376085.169402618
1.0810826128297788	10132290.60457252
1.0828844171844951	9608876.54731096
1.0846892245464692	8857341.316331053
1.0864970399207134	7678412.928716245
1.0883078683205814	6299988.411753305
1.0901217147677824	4904061.350228642
1.0919385842923954	3523075.3455061754
1.0937584819328827	2457030.1892787707
1.0955814127361043	1949273.7144322006
1.0974073817573313	1627957.7156530372
1.09923639406026	1349708.6313859415
1.1010684547170273	1103277.155246762
1.1029035688082225	901820.0637513421
1.1047417414229028	754601.5689535377
1.1065829776586076	625306.605441422
1.108427282621372	513155.83486086025
1.110274661425741	412087.1174001466
1.112125119194784	328909.28719248396
1.1139786610601086	263272.24648963654
1.1158352921618757	222874.73481126258
1.117695017648812	222641.35576648233
1.1195578426782267	236460.37168244366
1.1214237724160239	256621.13512059712
1.1232928120367172	281430.80796212156
1.1251649667234453	312078.3082993074
1.1270402416679843	348083.6656210498
1.1289186420707642	355360.51156649104
1.1308001731408823	290771.2711373941
1.1326848400961171	208644.06126998318
1.1345726481629441	194951.1661729738
1.136463602576549	241304.50511675124
1.1383577085808434	290434.03251536365
1.1402549714284782	331909.9252034989
1.1421553963808588	366601.67772647506
1.1440589887081603	385875.3232699341
1.1459657536893408	392186.59663368994
1.1478756966121564	371857.67716238584
1.1497888227731765	320578.94908412686
1.1517051374777987	265844.67421950185
1.1536246460402617	217069.6189683416
1.155547353783662	176480.5344291887
1.1574732660399685	163481.75560789125
1.1594023881500348	174755.45340141386
1.1613347254636184	199230.1942364866
1.163270283339391	240796.23273680557
1.1652090671449569	281848.1269081805
1.1671510822568651	304811.1367974645
1.1690963340606266	312437.374963125
1.1710448279507277	287194.1615261401
1.1729965693306457	226664.19794039044
1.1749515636128636	203492.15965742254
1.176909816218885	281411.0562960541
1.17887133257925	400816.0808921987
1.1808361181335487	518629.65154398064
1.182804178330438	633552.1012398882
1.1847755186276552	741409.7314166245
1.1867501444920348	838478.5637794442
1.1887280613995215	940515.0019088405
1.1907092748351875	1068135.688263339
1.1926937902932462	1214352.9968168386
1.1946816132770681	1386294.5346940546
1.1966727492991969	1587192.960113835
1.1986672038813622	1805699.4362029298
1.2006649825544977	2051998.7244660733
1.2026660908587554	2328218.745673077
1.20467053434352	2689899.9514566706
1.206678318567426	3112331.1789198597
1.2086894490983717	3450343.3132438413
1.2107039315135357	3645571.6722665527
1.2127217713993916	3849695.8070711917
1.214742974351724	4203933.704657039
1.2167675459756435	4636168.392287413
1.218795491885603	5019708.732995072
1.2208268177054122	5349490.938523738
1.2228615290682547	5779350.360131711
1.2248996316167018	6448420.136032846
1.2269411310027298	7185266.066814571
1.2289860328877344	7803082.38897938
1.2310343429425474	8331987.516695317
1.2330860668474517	8925752.281148294
1.2351412102921975	9630080.209104735
1.2371997789760178	10250287.648725223
1.2392617786076445	10520357.642635051
1.241327214905324	10687392.987566628
1.243396093596833	11446132.688207034
1.2454684204194943	12830146.394594347
1.2475442011201936	13782611.566384783
1.249623441455394	13588136.94903526
1.251706147191153	13235606.02011668
1.2537923241031383	14110053.490127064
1.2558819779766437	15868965.716122707
1.2579751146066047	16979063.068783764
1.2600717397976158	16974712.309257057
1.262171859363945	16649982.08599621
1.2642754791295518	16223286.58946651
1.266382604928101	15700701.602942718
1.2684932426029811	14915523.707599463
1.2706073980073196	13868649.399164082
1.2727250770039986	13025982.710860584
1.274846285465672	12698683.87835494
1.2769710292747813	12446169.962493373
1.2790993143235727	11695097.599056713
1.2812311465141122	10572101.303792141
1.2833665317583023	9491231.042821556
1.2855054759778997	8529453.13267339
1.2876479851045295	7719814.415228454
1.2897940650797037	7270408.450725024
1.2919437218548366	6998010.648788856
1.2940969613912614	6650732.348138572
1.2962537896602468	6216870.60791428
1.298414212643014	5787400.839849665
1.3005782363307525	5395428.955618154
1.302745866724637	5043689.60392659
1.304917109835845	4803660.805699748
1.3070919716855713	4637004.480052598
1.3092704583050472	4393625.015461235
1.3114525757355557	4031297.11344504
1.3136383300284484	3675736.27285635
1.3158277272451624	3422476.9358379473
1.3180207734572378	3206993.159583702
1.3202174747463333	2903761.2703513587
1.3224178372042439	2507522.1831367505
1.3246218669329177	2077948.6074226033
1.3268295700444726	1610599.0151354067
1.3290409526612135	1149249.3713324377
1.3312560209156488	767530.9491796076
1.3334747809505083	452996.7680049171
1.3356972389187591	234461.04278690557
1.3379234009836238	143417.89375377915
1.3401532733185966	90313.83110709659
1.342386862107461	59625.87286405753
1.344624173544307	41162.10625038975
1.3468652138335475	28753.864204157795
1.3491099891899365	21898.814160262464
1.3513585058385866	16263.089806115555
1.3536107700149842	11448.499536285412
1.3558667879650093	7490.9779108033235
1.358126565944951	5815.483974613889
1.360390110221526	5877.860879475289
1.3626574270718954	7304.8228846015545
1.3649285227836818	10372.978716763946
1.367203403654988	12838.974390519097
1.369482075994413	12644.785684102748
1.3717645461210706	11738.880072250795
1.3740508203646056	14174.640996509403
1.3763409050652133	19686.66620195668
1.3786348065736556	22434.15111829558
1.3809325312512784	19113.485657705463
1.3832340854700305	14728.473442501583
1.3855394756124806	14080.766187606681
1.3878487080718347	15855.525258664467
1.3901617892519544	16415.057951844185
1.3924787255673745	15101.264308252457
1.3947995234433201	13979.110487983435
1.3971241893157258	14466.889592216825
1.399452729631252	15754.653275285038
1.401785150847304	17227.722294149826
1.40412145943205	18816.398205994275
1.4064616618644366	19982.148204948808
1.4088057646342107	20329.47406859856
1.4111537742419344	20316.187214817855
1.4135056971990045	19949.78128839634
1.4158615400276693	19439.90672434638
1.418221309261049	19680.9267937881
1.4205850114431506	20999.993498479565
1.4229526531288894	24350.169676555935
1.425324240884104	32359.474594528125
1.4276997812855778	41364.22757153228
1.4300792809210539	44044.03999891767
1.4324627463892556	40969.615933234934
1.4348501842999046	39625.331474589126
1.4372416012737377	42804.609653658954
1.4396370039425272	48429.908706144095
1.442036398949098	57746.71415343762
1.4444397929473467	70160.22193685049
1.4468471926022592	88368.85248613759
1.4492586045899296	113707.46105510688
1.4516740355975797	140040.49403360425
1.4540934923235755	165091.57874314868
1.4565169814774481	185723.12607816065
1.4589445097799105	186102.5773838111
1.4613760839628773	168206.8708657987
1.4638117107694821	148700.9402890179
1.466251396954098	130477.63796759835
1.4686951492823548	115350.58646185517
1.471142974531159	109906.77773940201
1.4735948794887108	111551.94713451555
1.4760508709545253	120815.58092080928
1.4785109557394496	138812.62382393607
1.4809751406656821	153964.21393106878
1.4834434325667916	157744.96105232547
1.4859158382877364	159093.74765802646
1.4883923646848827	173657.506172443
1.490873018626024	200040.3931186584
1.493357806990401	227583.6905748917
1.4958467366687183	254569.79825740118
1.4983398145631663	278265.50086281827
1.5008370475874384	291024.824483798
1.5033384426667507	297116.8737874263
1.505844006737862	303873.63422571577
1.5083537467490917	312230.1688032017
1.5108676696603405	325892.4270853144
1.5133857824431078	351599.42940674257
1.5159080920805128	386711.0802105212
1.518434605567314	442747.878331724
1.5209653299099262	517038.0859232357
1.5235002721264426	596991.7756613977
1.5260394392466536	682932.8281805798
1.5285828383120648	773344.6697582961
1.5311304763759181	872780.9713226112
1.5336823605032115	980018.388552125
1.5362384977707166	1104434.420620922
1.5387988952670015	1249545.0554010638
1.5413635600924465	1413107.2785350701
1.5439324993592671	1610617.474898024
1.5465057201915329	1817785.1613620976
1.5490832297251855	2002100.9838299674
1.5516650351080608	2170851.1496443013
1.5542511434999076	2385012.7247175938
1.5568415620724074	2676988.967332774
1.559436298009195	2993957.994299195
1.5620353585058768	3319683.645264224
1.5646387507700532	3652523.35336456
1.567246482021337	3998877.5311580244
1.5698585594913725	4359600.335329952
1.5724749904238582	4706092.093160819
1.5750957820745648	5013580.0557161635
1.5777209417113556	5324879.090920719
1.5803504766142082	5728441.036854527
1.5829843940752317	6191852.012412029
1.5856227013986908	6474344.235506221
1.5882654059010217	6454188.6027512355
1.5909125149108567	6347605.762215599
1.5935640357690417	6232637.226995523
1.5962199758286568	6084815.483871205
1.598880342455038	5740978.584060008
1.6015451430257963	5175122.307691546
1.6042143849308395	4572623.701002606
1.6068880755723909	3976884.288200533
1.6095662223650118	3402021.735789142
1.6122488327356201	2912383.8388992655
1.614935914123513	2494331.989999884
1.6176274739803853	2116864.643649302
1.6203235197703527	1792569.0774775222
1.62302405896997	1507267.0719779783
1.6257290990682536	1300102.9667056403
1.6284386475667005	1150366.7883261195
1.6311527119793119	1092613.956315811
1.6338712998326108	1134447.108100091
1.6365944186656651	1197991.717151081
1.6393220760301082	1271593.0485416062
1.642054279490158	1339292.2091961415
1.644791036622642	1362912.539812349
1.6475323550170131	1350828.7122382952
1.6502782422753748	1325338.5515785238
1.6530287060125004	1285332.083215364
1.6557837538558546	1259706.7490677487
1.6585433934456146	1289840.017027723
1.6613076324346907	1319182.2901497749
1.6640764784887485	1143697.0503772672
1.66684993928623	752479.162121293
1.6696280225183737	463007.0698278302
1.6724107358892377	466991.1401562055
1.6751980871157197	587561.5156118453
1.6779900839275794	730866.833165737
1.6807867340674587	881324.1124483035
1.6835880452909044	946666.3230741079
1.6863940253663894	882957.3397924922
1.6892046820753335	786094.9545625238
1.6920200232121256	688508.2028763632
1.694840056584146	595792.1563272838
1.6976647900117863	536404.8712259183
1.700494231328473	514313.5167682861
1.703328388380687	530205.2394562317
1.706167269027988	612464.9517547841
1.709010881143035	701509.0037065606
1.7118592326116067	715125.275305173
1.714712331332626	676716.8641081046
1.7175701852181804	681999.5163651997
1.7204328021935444	757146.5933426764
1.7233001901972003	808238.456482248
1.726172357180862	738912.7848565807
1.7290493111094971	615635.5321949513
1.7319310599613464	547766.1963686992
1.7348176117279486	540966.2659777036
1.737708974414162	551918.1216863303
1.7406051560381857	579697.4838465677
1.7435061646315826	611134.6033915577
1.746412008239302	632556.0189585022
1.749322694919701	644057.6068501502
1.7522382327445671	631201.8426252081
1.7551586297991415	584698.8583424146
1.7580838941821402	530337.459584589
1.761014034005777	476734.131980473
1.7639490573957866	424054.1232888796
1.7668889724914467	374721.2307178123
1.769833787445599	329657.479622463
1.7727835104246752	298797.6813335971
1.7757381496087163	294792.4445586724
1.7786977131913975	295330.3001886073
1.7816622093800498	276238.6004339371
1.7846316463956833	242403.51042998777
1.7876060324730094	202213.32100723818
1.7905853758604646	155466.38751320823
1.793569684820232	121394.56560998439
1.7965589676282658	126695.05965556276
1.7995532325743133	147622.35356219014
1.802552487961937	145541.87640737952
1.8055567421085403	120683.34787312652
1.8085660033453879	104395.74734495435
1.8115802800176304	111066.9632844916
1.8145995804843267	124445.20871014165
1.8176239131184673	133296.26761608274
1.820653286306998	137281.8863562389
1.823687708450843	126697.27204605598
1.8267271879649278	96946.12227146221
1.8297717332782029	68459.06582120714
1.8328213528336663	55171.43253449881
1.8358760550883895	51548.35667758482
1.8389358485135368	60795.52833713799
1.8420007415943929	81660.63861405874
1.8450707428303834	96920.89998964484
1.848145860735101	98482.55988562544
1.851226103836326	94211.1725146852
1.8543114806760534	85123.88725332494
1.8574019998105136	72772.32493761776
1.8604976698101978	60038.61344679832
1.8635984992598815	47283.961836579496
1.8667044967586481	37767.50830903575
1.8698156709199125	36818.774112767205
1.8729320303714458	44489.35362072487
1.8760535837553982	77073.33196560151
1.879180339728324	131516.72123169297
1.8823123069612047	168631.08635269085
1.8854494941394733	168380.16835430896
1.8885919099630393	160268.077880551
1.8917395631463112	168044.72382619674
1.8948924624182215	183844.3029787606
1.8980506165222522	178242.52454572413
1.9012140342164559	144209.19983616174
1.9043827242734832	112000.6715434245
1.907556695480606	100132.95601972922
1.9107359566397404	97923.86922711482
1.9139205165674735	97090.4082987343
1.9171103840950858	96828.35442641193
1.9203055680685779	91782.60129149912
1.923506077348692	78020.1103506889
1.92671192081094	62933.75712334
1.9299231073456249	53069.6540164039
1.9331396458578678	46981.02363413248
1.9363615452676308	43986.05876519288
1.9395888145097437	44661.6594415488
1.9428214625339266	47705.72158910081
1.9460594983048167	54768.38230316754
1.9493029308019916	62949.122324890894
1.952551769019995	67510.89550518537
1.9558060219683617	69086.68195797614
1.9590656986716424	74449.25902050799
1.9623308081694284	87083.31171223616
1.9656013595163775	99965.26140703523
1.9688773617822382	105793.3171845314
1.9721588240518755	107833.03018916448
1.975445755425295	115072.9894814124
1.9787381650176707	129258.6440607875
1.9820360619593669	147441.5496878217
1.985339455395966	171967.7229337512
1.9886483544882927	201658.67288257435
1.99196276841244	243194.177742624
1.9952827063597942	293855.3175243958
1.9986081775370603	330821.2905452181
2.001939191166289	342396.37946476304
2.0052757564848993	349427.85665358533
2.0086178827457077	366997.3419571591
2.011965579216951	390678.2210278243
2.0153188551823122	411153.59497343434
2.01867771994095	427421.3448127377
2.022042182807518	447123.84962036135
2.0254122531121976	476975.33957806457
2.0287879402007176	515537.1970739026
2.0321692534343856	575297.5679456935
2.0355562021901097	653437.3925067016
2.038948795860427	736710.890583393
2.0423470438535274	824784.0865080648
2.0457509555932836	909304.1140595801
2.049160540519272	977041.8628137026
2.0525758080868046	1037525.8125020823
2.0559967677669495	1118430.289593331
2.059423429046561	1223893.8765466246
2.0628558014283054	1327961.0286503271
2.066293894430686	1417777.529459136
2.0697377175880702	1495593.2051984624
2.073187280450717	1544419.5945098936
2.0766425925848018	1570654.4505442488
2.0801036635724435	1612506.766670038
2.083570503011731	1683787.4313714942
2.0870431205167503	1752010.434102726
2.090521525717612	1782806.4773695243
2.0940057282604747	1791828.7258170154
2.0974957378075754	1802416.2802965855
2.1009915640372547	1816081.3072082174
2.1044932166439834	1824483.443413631
2.10800070533839	1819585.7519652802
2.1115140398472874	1803503.9995902125
2.1150332299137	1760788.138209702
2.1185582852968894	1697837.778056001
2.1220892157723843	1649153.659877317
2.125626031132005	1626793.6503734381
2.1291687411838915	1608926.7524114142
2.1327173557525314	1582234.2285390971
2.136271884678786	1546172.1980735774
2.1398323378199176	1481011.6330147062
2.143398725049617	1383448.5394324015
2.1469710562580335	1281216.609916692
2.150549341351797	1181475.1438025625
2.15413359025405	1080208.0809322803
2.1577238129044733	967880.834275205
2.1613200192593145	850066.3275867531
2.1649222192914133	767623.8737866704
2.1685304229902322	741185.5120245606
2.172144640361883	721240.3314261702
2.175764881429153	674747.5846624678
2.1793911562315347	612334.8945798981
2.183023474825254	543346.1164344857
2.1866618472832964	467539.0348095303
2.1903062836954352	381687.6644926867
2.193956794168261	276887.09990613983
2.197613388825208	175601.50096500144
2.201276077806584	122413.33717575617
2.2049448712695945	108727.59674495936
2.2086197793883775	116214.31992934202
2.212300812354025	149573.50561926182
2.215987980374615	179090.27780066078
2.2196812936752393	176455.86037079376
2.2233807624980315	156547.06549393834
2.227086397102195	138637.88452265773
2.230798207764032	123876.987729812
2.2345162047769724	108982.70323071428
2.2382403984516004	92735.42011767271
2.2419707991156868	76923.79303523003
2.245707417114213	65213.97843553435
2.249450262809403	56794.186382987726
2.2531993465807525	50116.00603596341
2.256954678825054	45608.98163140889
2.260716269956429	43025.941028
2.2644841304063563	44493.24232501652
2.2682582706237007	47702.06105429644
2.2720387010747403	48305.31655219863
2.275825432243198	46020.00752380082
2.27961847463027	42836.447617864294
2.283417838754654	38768.196427795665
2.2872235351525787	34828.9558045136
2.291035574377833	32801.34073545509
2.294853967001796	32875.026376414804
2.298678723613466	39465.34418409993
2.302509854819488	55151.1304313802
2.3063473712441875	69974.98049243746
2.3101912835295946	75820.18189802361
2.314041602335477	75487.75931323656
2.31789833833937	66091.01708462508
2.321761502236602	47963.74255819543
2.3256311047403297	33888.91813969619
2.3295071565815637	30715.65760686343
2.3333896685092	31477.722271853345
2.3372786512900485	32298.175551514978
2.3411741157088657	33322.638498683205
2.3450760725683804	36340.03150750085
2.348984532689328	42180.32946635191
2.3528995069104766	49022.27598855442
2.356821006088661	56755.57439955766
2.360749041098809	63610.714569535994
2.3646836228339736	62643.069331462786
2.3686247622053638	54048.256527214246
2.3725724701423725	48095.83276900658
2.37652675759261	49618.822356250734
2.380487635521931	55233.03549216033
2.3844551149144677	66658.00323117615
2.388429206772659	81879.9268601349
2.39240992211728	94620.087581087
2.3963972719874755	103482.63437444202
2.400391267440788	112505.79916679946
2.4043919195531895	124424.79094020442
2.408399239419112	136353.61932980674
2.412413238151477	140118.63569080015
2.4164339268817296	136124.77078669547
2.420461316759866	135583.69449837186
2.4244954189544656	143818.3219087063
2.428536244652723	154559.44342394266
2.432583805060478	163381.09645279762
2.4366381114022455	170460.46440047162
2.440699174921249	174189.15260127423
2.4447670068794514	173785.62214055742
2.4488416185575836	177892.80145491575
2.4529230212551796	196525.7667785683
2.457011226290605	220082.1881723731
2.4611062450010897	231906.81429977927
2.465208088742758	231845.52986389998
2.4693167688906628	225548.34494544935
2.4734322968388143	210770.96570924018
2.4775546840002125	196769.81270132223
2.4816839418068795	196329.1530154202
2.4858200817098908	204501.07932288444
2.4899631151794077	203084.7566975128
2.4941130537047065	127471.53740607317
