0.7011666666666666	26677.887750024453
0.7023352777777778	29148.837586888272
0.7035058365740741	30587.58465243636
0.7046783463016977	32081.887179765232
0.7058528102122005	33656.00062322425
0.7070292315625542	35282.35819365142
0.7082076136151585	36958.39501423744
0.7093879596378504	38687.130810859104
0.7105702729039134	40458.94655051174
0.7117545566920868	42300.36667163725
0.7129408142865735	44150.598128048376
0.7141290489770512	45920.32697673881
0.7153192640586796	47635.0671860714
0.7165114628321108	49409.93960587619
0.7177056486034976	51283.70972788017
0.7189018246845036	53243.076780654206
0.7200999943923111	55375.66301043918
0.7213001610496316	57564.98432839084
0.7225023279847144	59525.650366039015
0.7237064985313556	61242.6679071624
0.7249126760289079	62961.21567959785
0.7261208638222895	64761.25075523533
0.7273310652619932	66518.00785612628
0.7285432837040966	67964.28362904322
0.72975752251027	69195.56194132807
0.7309737850477873	70571.03730041305
0.7321920746895336	72182.69156848571
0.7334123948140163	73760.88390736886
0.7346347488053729	75071.29070589562
0.7358591400533818	76238.59516856706
0.7370855719534709	77382.85980741963
0.7383140479067267	78505.37756458437
0.7395445713199046	79543.89333001277
0.7407771456054377	80418.81764758202
0.7420117741814469	81209.049790653
0.7432484604717493	81893.48261339674
0.744487207905869	82491.39489561194
0.7457280199190454	82987.96283460064
0.7469708999522439	83346.16736562035
0.7482158514521644	83534.64920132965
0.7494628778712513	83341.2373952651
0.7507119826677034	82938.69287082709
0.7519631693054829	82451.50899556236
0.7532164412543255	81879.82536186517
0.7544718019897494	81164.48717954755
0.7557292549930656	80188.50870204411
0.7569888037513873	78857.89493772994
0.7582504517576398	76491.90050654726
0.7595142025105692	73037.78205980653
0.7607800595147535	66409.70399522308
0.7620480262806114	55480.21633967493
0.7633181063244125	42987.23112975497
0.7645903031682866	29007.44126005128
0.7658646203402337	15480.634738833849
0.7671410613741342	8776.576270699306
0.7684196298097576	8977.570375825593
0.7697003291927741	12537.958533705478
0.770983163074762	20601.20110899335
0.77226813501322	30726.349090131247
0.7735552485715754	42820.991798734605
0.7748445073191947	56330.16647360939
0.7761359148313933	70433.95939986473
0.7774294746894457	85153.92301435252
0.7787251904805949	99486.81450877941
0.7800230657980626	111573.04427080869
0.7813231042410594	225015.97256490812
0.7826253094147945	128426.26616955576
0.7839296849304858	146623.3294060561
0.7852362344053699	157448.75611842785
0.7865449614627122	168621.1495496685
0.7878558697318168	180044.39086367982
0.7891689628480365	191975.17545828037
0.7904842444527834	204313.75273043377
0.791801718193538	217173.6941624329
0.7931213877238606	230687.95700847812
0.7944432567034004	244604.36702203052
0.795767328797906	259167.9262035571
0.7970936076792359	274161.7734161016
0.7984220970253681	289779.58663680626
0.7997528005204104	305992.1018439407
0.801085721854611	322557.35768610035
0.8024208647243688	339605.3397172062
0.8037582328322427	356935.5649469665
0.8050978298869632	374682.4258495543
0.8064396596034414	392680.349183438
0.8077837257027807	410448.27138817037
0.8091300319122853	427883.7106948511
0.8104785819654725	445219.29037075996
0.8118293796020817	462455.5364135343
0.8131824285680851	480045.90061817475
0.8145377326156986	499682.5425806669
0.8158952955033916	520998.68265104404
0.8172551209958971	539986.361038521
0.8186172128642236	554491.8643174935
0.819981574885664	571644.472105536
0.8213482108438068	603289.0012115494
0.8227171245285466	644338.4033932446
0.8240883197360943	685855.9221698773
0.8254618002689877	726949.459374951
0.8268375699361028	765689.7568554485
0.828215632552663	798751.868621953
0.8295959919402508	829796.914763847
0.830978651926818	863503.264688976
0.832363616346696	899706.6310687254
0.8337508890406071	936540.3492403777
0.8351404738556749	973919.9619018978
0.8365323746454344	1012872.5980005071
0.8379265952698435	1056630.4744541706
0.8393231395952933	1103642.4797969775
0.8407220114946187	1152323.5145779785
0.8421232148471098	1202819.3010768364
0.8435267535385217	1254708.2782261246
0.8449326314610859	1309007.472932024
0.8463408525135211	1364605.5757875778
0.8477514206010437	1421237.5591277573
0.8491643396353787	1478893.6839395817
0.8505796135347711	1538403.2076754011
0.8519972462239958	1600825.180381539
0.8534172416343692	1664790.7708203923
0.8548396037037598	1730888.2750893363
0.8562643363765994	1798586.435221423
0.8576914436038937	1868280.4499745981
0.8591209293432337	1940284.8858658802
0.8605527975588058	2013604.738330164
0.8619870522214037	2088862.1304684503
0.8634236973084395	2165306.674031584
0.8648627368039535	2243261.1537016244
0.8663041746986269	2322580.5919213207
0.8677480149897913	2403052.364820264
0.8691942616814409	2485142.1834634324
0.8706429187842434	2568916.2561997375
0.8720939903155505	2656522.5744348117
0.8735474802994098	2746779.4393354165
0.8750033927665755	2839325.8386555146
0.8764617317545198	2934380.126001905
0.8779225013074441	3030376.355357715
0.8793857054762898	3127312.350951909
0.8808513483187503	3224440.423485665
0.8823194338992816	3320337.923036245
0.8837899662891138	3413869.142885413
0.8852629495662623	3492149.6971976045
0.8867383878155394	3545689.8592085047
0.8882162851285654	3581769.968014516
0.8896966456037797	3583975.1505289273
0.8911794733464526	3574226.993780472
0.8926647724686968	3618713.520794087
0.894152547089478	3725898.2863408863
0.8956428013346271	3827042.7873151447
0.8971355393368516	3888880.2563124276
0.8986307652357465	3959677.852150114
0.9001284831778059	4145167.0985105075
0.9016286973164357	4422331.445586172
0.9031314118119631	4684173.946530677
0.9046366308316498	4905003.6363355145
0.9061443585497025	5099718.840999672
0.9076545991472854	5247291.660580048
0.9091673568125309	5369899.598329291
0.9106826357405519	5504774.452003092
0.9122004401334528	5654363.836385893
0.9137207742003418	5791881.122237995
0.9152436421573426	5897177.263778924
0.9167690482276047	6011857.445439069
0.9182969966413176	6225653.43323238
0.9198274916357196	6512477.9820191
0.9213605374551126	6741081.857834317
0.9228961383508711	6860408.353841151
0.924434298581456	6737707.714809111
0.9259750224124251	5960054.8754335055
0.9275183141164459	4884033.201514058
0.9290641779733066	4244347.7442762405
0.9306126182699289	4112512.82126412
0.9321636393003788	4178372.2071152874
0.9337172453658794	4483208.044127126
0.9352734407748227	4930686.766281627
0.9368322298427807	5596837.231720318
0.9383936168925188	6403582.095645399
0.9399576062540064	6940931.777063702
0.9415242022644297	7047050.565483904
0.9430934092682037	7035783.606932874
0.9446652316169841	7009373.569408948
0.9462396736696792	6982650.034109022
0.947816739792462	7004597.813020239
0.9493964343587827	7082017.603486427
0.9509787617493808	7215752.033172456
0.9525637263522965	7447588.045502522
0.9541513325628838	7666455.0273409635
0.9557415847838219	7671963.688926225
0.9573344874251283	7533494.453219114
0.9589300449041701	7566209.175841157
0.9605282616456772	7875213.903388979
0.9621291420817533	8296879.259963931
0.9637326906518895	8843043.514285719
0.9653389118029762	9464580.51261324
0.9669478099893144	10142912.122405248
0.96855938967263	10868624.601629056
0.9701736553220844	11468979.924991146
0.971790611414288	11796777.624143323
0.9734102624333119	12064988.50114671
0.9750326128707006	12500383.841312936
0.9766576672254852	13060773.968484096
0.9782854300041944	13624309.44333785
0.9799159057208682	14175491.631441863
0.9815490988970695	14735581.040179607
0.9831850140618982	15328771.875557274
0.9848236557520013	15951731.158705484
0.986465028511588	16648716.36188483
0.9881091368924407	17415962.36941887
0.9897559854539281	18124688.58016177
0.991405578763018	18692141.04626552
0.9930579213942898	19109866.9326936
0.994713017929947	19124492.477665726
0.9963708729598303	18848535.40065014
0.9980314910814301	18557615.686280634
0.9996948768998991	18289863.44517144
1.0013610350280657	18215742.62448142
1.0030299700864458	18667029.60485684
1.0047016867032565	19382152.118224762
1.0063761895144285	20086913.527164053
1.0080534831636194	20771744.91180413
1.0097335723022256	21495999.806968477
1.011416461589396	22302067.5038301
1.013102155692045	23122315.24456717
1.014790659284865	23883936.64896845
1.01648197705034	24602527.953539457
1.018176113678757	25305246.551143587
1.0198730738682218	25993215.43374811
1.021572862324669	26739132.350660942
1.0232754837618767	27650911.749137226
1.0249809429014798	28639554.604246493
1.0266892444729823	29597612.430621434
1.0284003932137706	30516445.954028152
1.030114393869127	31347238.207909822
1.0318312511922423	32020405.706285093
1.0335509699442293	32673376.11032898
1.0352735548941365	33452667.226131566
1.0369990108189602	34313814.932930805
1.0387273425036585	35126726.77160858
1.0404585547411644	35865473.61171287
1.0421926523323999	36603467.39829178
1.0439296400862872	37382446.95480168
1.0456695228197646	38182028.07398289
1.0474123053577973	38984103.9317811
1.0491579925333938	39785761.57423444
1.0509065891876161	40559614.42493671
1.0526581001695956	41280427.86766099
1.0544125303365448	41959129.137093104
1.0561698845537726	42543722.6646365
1.0579301676946955	43073522.60538518
1.0596933846408534	43668830.454957426
1.0614595402819214	44354341.5460358
1.0632286395157247	45014575.90179083
1.065000687248251	45557052.259709075
1.0667756883936648	46040615.51838115
1.068553647874321	46502606.66099206
1.070334570620778	46943979.192730084
1.072118461571813	47348759.0084891
1.0739053256744326	47691800.912580386
1.07569516788389	48029140.13252309
1.0774879931636965	48417435.078512885
1.079283806485636	48818505.84092451
1.0810826128297788	49050412.94123808
1.0828844171844951	49049501.23201245
1.0846892245464692	48708935.96510135
1.0864970399207134	47631814.933044255
1.0883078683205814	46046639.84193596
1.0901217147677824	43566692.685363665
1.0919385842923954	40288224.341226876
1.0937584819328827	36979435.60025144
1.0955814127361043	33801351.97434978
1.0974073817573313	30588123.037687205
1.09923639406026	27111049.122763045
1.1010684547170273	23528518.627462793
1.1029035688082225	20454082.56072959
1.1047417414229028	18034285.996891174
1.1065829776586076	15799990.474019699
1.108427282621372	13697615.113606792
1.110274661425741	11726336.365005666
1.112125119194784	10130618.771276547
1.1139786610601086	8921890.49003545
1.1158352921618757	8439126.069763232
1.117695017648812	9134929.192899091
1.1195578426782267	10180672.171105852
1.1214237724160239	11193611.126785988
1.1232928120367172	12218413.370577056
1.1251649667234453	13503454.730684048
1.1270402416679843	15050266.889979327
1.1289186420707642	15447613.457395367
1.1308001731408823	12947074.164472573
1.1326848400961171	9793332.47086586
1.1345726481629441	9667368.677128844
1.136463602576549	12148928.438877365
1.1383577085808434	14198564.013355255
1.1402549714284782	14982624.1392805
1.1421553963808588	15390559.077099843
1.1440589887081603	15792821.379122011
1.1459657536893408	16098654.374495246
1.1478756966121564	15701177.896948533
1.1497888227731765	14468664.700602049
1.1517051374777987	13177559.046497535
1.1536246460402617	12128155.135725597
1.155547353783662	11272931.803610342
1.1574732660399685	10865677.366328675
1.1594023881500348	10868399.639183905
1.1613347254636184	11290542.618577765
1.163270283339391	12322638.64698484
1.1652090671449569	13264750.630494611
1.1671510822568651	13324791.724009395
1.1690963340606266	12857362.28140993
1.1710448279507277	12368917.406495165
1.1729965693306457	11919780.883609679
1.1749515636128636	11948215.354212897
1.176909816218885	13060965.012267843
1.17887133257925	14810559.22328435
1.1808361181335487	17448346.494473614
1.182804178330438	20791803.10212965
1.1847755186276552	23973253.44566012
1.1867501444920348	26760171.048212893
1.1887280613995215	29345021.715969797
1.1907092748351875	31627946.163394187
1.1926937902932462	33772886.923113115
1.1946816132770681	36165270.91690526
1.1966727492991969	38846670.030400656
1.1986672038813622	41487781.07212965
1.2006649825544977	43918428.84598056
1.2026660908587554	46289985.69668228
1.20467053434352	48772539.37662547
1.206678318567426	51321831.000260495
1.2086894490983717	53600561.136746526
1.2107039315135357	55441615.3399063
1.2127217713993916	57288164.10627473
1.214742974351724	59523611.60463466
1.2167675459756435	61932039.46097225
1.218795491885603	64013238.80092427
1.2208268177054122	65720586.708608195
1.2228615290682547	67467325.52899088
1.2248996316167018	69439806.29423311
1.2269411310027298	71459390.45113997
1.2289860328877344	73287222.32148041
1.2310343429425474	74951863.34349017
1.2330860668474517	76494442.87825844
1.2351412102921975	77861602.47027777
1.2371997789760178	78810494.68599565
1.2392617786076445	78613024.43078533
1.241327214905324	77976335.62847774
1.243396093596833	78610074.5568179
1.2454684204194943	80613470.98214921
1.2475442011201936	81933204.38225177
1.249623441455394	81304229.85490061
1.251706147191153	80698853.85558578
1.2537923241031383	83456310.26093046
1.2558819779766437	88697418.38471115
1.2579751146066047	92852539.87167597
1.2600717397976158	94984637.91508287
1.262171859363945	96339346.047627
1.2642754791295518	96917280.98599981
1.266382604928101	96971488.64686558
1.2684932426029811	96347822.35485841
1.2706073980073196	95039851.15888846
1.2727250770039986	93860338.32878429
1.274846285465672	93179192.04460356
1.2769710292747813	92430586.69996853
1.2790993143235727	90605195.84105282
1.2812311465141122	87968145.65230463
1.2833665317583023	85303802.7812861
1.2855054759778997	82720898.72210611
1.2876479851045295	80349605.57970306
1.2897940650797037	78543347.61414929
1.2919437218548366	76991761.53290989
1.2940969613912614	75183866.9930301
1.2962537896602468	73108722.17283873
1.298414212643014	71227137.98669502
1.3005782363307525	69828055.20894623
1.302745866724637	68563989.98114817
1.304917109835845	67137376.43907152
1.3070919716855713	65549368.549373895
1.3092704583050472	63579006.0039905
1.3114525757355557	61088759.529055566
1.3136383300284484	58741640.14238024
1.3158277272451624	57167731.43851781
1.3180207734572378	55667338.6303152
1.3202174747463333	52226856.72085433
1.3224178372042439	46760807.77194455
1.3246218669329177	40478135.02398474
1.3268295700444726	33182833.536297888
1.3290409526612135	25611923.013709325
1.3312560209156488	18393625.887470838
1.3334747809505083	11618299.472642092
1.3356972389187591	6602341.173018575
1.3379234009836238	4026784.1015548226
1.3401532733185966	2339834.463673417
1.342386862107461	1536145.2455913976
1.344624173544307	1193067.3866742656
1.3468652138335475	962931.391985195
1.3491099891899365	825045.2932679072
1.3513585058385866	692681.4111572682
1.3536107700149842	545569.3106119654
1.3558667879650093	419589.1886984406
1.358126565944951	397497.9325880512
1.360390110221526	452538.4203328168
1.3626574270718954	549904.5489486542
1.3649285227836818	695428.5521007385
1.367203403654988	820534.8262392819
1.369482075994413	860021.2268805521
1.3717645461210706	888042.7945178043
1.3740508203646056	1088638.491054192
1.3763409050652133	1443115.77241174
1.3786348065736556	1597270.1613198959
1.3809325312512784	1329987.0189259276
1.3832340854700305	981937.380506136
1.3855394756124806	867167.7524864518
1.3878487080718347	907841.8945314293
1.3901617892519544	908593.5723763735
1.3924787255673745	840104.7435390241
1.3947995234433201	788139.2884114273
1.3971241893157258	820772.8764072768
1.399452729631252	894049.1490061503
1.401785150847304	969297.1891566344
1.40412145943205	1041137.6153298587
1.4064616618644366	1060148.602574788
1.4088057646342107	982172.0038556067
1.4111537742419344	893256.8234978641
1.4135056971990045	882199.4918427137
1.4158615400276693	923756.6368606453
1.418221309261049	970670.367375632
1.4205850114431506	1021662.4752370561
1.4229526531288894	1129606.7908301791
1.425324240884104	1382659.987178706
1.4276997812855778	1665128.6097502979
1.4300792809210539	1742044.055137745
1.4324627463892556	1631294.5029392962
1.4348501842999046	1566498.605486964
1.4372416012737377	1630510.5976050962
1.4396370039425272	1781614.1665890622
1.442036398949098	2101778.0209746184
1.4444397929473467	2539622.8443227895
1.4468471926022592	3044506.865500516
1.4492586045899296	3623401.2044366
1.4516740355975797	4197423.067966749
1.4540934923235755	4719117.447278842
1.4565169814774481	5161994.037799103
1.4589445097799105	5313568.823137565
1.4613760839628773	5201851.315733447
1.4638117107694821	5054991.293912393
1.466251396954098	4906726.069791769
1.4686951492823548	4861482.139785259
1.471142974531159	5186010.687703217
1.4735948794887108	5734611.316463847
1.4760508709545253	6202539.942176659
1.4785109557394496	6548237.066638624
1.4809751406656821	6847362.671118635
1.4834434325667916	7091720.338774316
1.4859158382877364	7351171.434858305
1.4883923646848827	7810847.127206586
1.490873018626024	8448819.485984916
1.493357806990401	9112912.366249004
1.4958467366687183	9783753.344934138
1.4983398145631663	10428662.876291474
1.5008370475874384	10974652.390295522
1.5033384426667507	11459362.219115026
1.505844006737862	11941364.380145917
1.5083537467490917	12430160.123562763
1.5108676696603405	13029947.325133294
1.5133857824431078	13893371.877128502
1.5159080920805128	14904337.517369166
1.518434605567314	16082193.719826963
1.5209653299099262	17391566.397453938
1.5235002721264426	18596430.755844377
1.5260394392466536	19598589.922345906
1.5285828383120648	20582423.370437667
1.5311304763759181	21702781.270525854
1.5336823605032115	22906703.168165457
1.5362384977707166	24113679.00527198
1.5387988952670015	25325131.70953784
1.5413635600924465	26689237.153359037
1.5439324993592671	28407310.182144865
1.5465057201915329	30140173.41115419
1.5490832297251855	31219912.314300444
1.5516650351080608	31738124.679578062
1.5542511434999076	32117453.645928364
1.5568415620724074	32374746.72856894
1.559436298009195	32731141.36604528
1.5620353585058768	33529203.6536189
1.5646387507700532	34593442.47655283
1.567246482021337	35696385.37444689
1.5698585594913725	36814252.09989709
1.5724749904238582	37722077.456505924
1.5750957820745648	38140561.258590125
1.5777209417113556	38380464.24666611
1.5803504766142082	38721646.56752609
1.5829843940752317	39121721.597143054
1.5856227013986908	39200906.81094098
1.5882654059010217	38750350.01323646
1.5909125149108567	38094029.787196815
1.5935640357690417	37248473.59415409
1.5962199758286568	36232211.532050475
1.598880342455038	34786324.796394095
1.6015451430257963	32855195.90820812
1.6042143849308395	30744765.75983911
1.6068880755723909	28427965.79289861
1.6095662223650118	26055951.15132483
1.6122488327356201	23815611.79533799
1.614935914123513	21699036.2527943
1.6176274739803853	19773384.855638698
1.6203235197703527	18133593.404497586
1.62302405896997	16705679.098519815
1.6257290990682536	15704653.123571513
1.6284386475667005	15008638.498389926
1.6311527119793119	14755926.265882546
1.6338712998326108	14983974.045331286
1.6365944186656651	15362622.160653297
1.6393220760301082	15890302.450284045
1.642054279490158	16476935.27002796
1.644791036622642	17066022.148647353
1.6475323550170131	17628978.491910864
1.6502782422753748	17905872.934361987
1.6530287060125004	17747832.77173561
1.6557837538558546	17523193.29351885
1.6585433934456146	17443999.519603655
1.6613076324346907	17185403.56752692
1.6640764784887485	15234714.940325836
1.66684993928623	11531198.812847631
1.6696280225183737	8999648.22272784
1.6724107358892377	9587380.18523131
1.6751980871157197	11279729.337425211
1.6779900839275794	12626881.453626398
1.6807867340674587	13631855.96046841
1.6835880452909044	14025056.244590286
1.6863940253663894	13548431.460837724
1.6892046820753335	12857466.02634152
1.6920200232121256	12188899.748432647
1.694840056584146	11567448.916054113
1.6976647900117863	11168655.855104825
1.700494231328473	11019384.140136728
1.703328388380687	11142719.564147588
1.706167269027988	11748411.724145807
1.709010881143035	12404937.398346402
1.7118592326116067	12519690.271882651
1.714712331332626	12244156.544087939
1.7175701852181804	12119494.526867336
1.7204328021935444	12262995.035848387
1.7233001901972003	12270261.017330257
1.726172357180862	11687918.073891234
1.7290493111094971	10830042.897730822
1.7319310599613464	10174372.084825462
1.7348176117279486	9745081.764517313
1.737708974414162	9373543.034294931
1.7406051560381857	9048896.427945409
1.7435061646315826	8756714.085576953
1.746412008239302	8529495.929892793
1.749322694919701	8330766.8117535245
1.7522382327445671	7957292.946984327
1.7551586297991415	7330452.14448602
1.7580838941821402	6664316.427883478
1.761014034005777	6060808.650533987
1.7639490573957866	5506662.903567856
1.7668889724914467	5058102.539830932
1.769833787445599	4714434.795989312
1.7727835104246752	4379611.345663686
1.7757381496087163	4031738.532620581
1.7786977131913975	3686258.6324699675
1.7816622093800498	3369710.5703935805
1.7846316463956833	3067821.0870282077
1.7876060324730094	2712512.788180093
1.7905853758604646	2284990.30912923
1.793569684820232	1951981.4323932244
1.7965589676282658	1927778.1904889902
1.7995532325743133	2027839.3960637115
1.802552487961937	1957490.2195067115
1.8055567421085403	1719758.279560799
1.8085660033453879	1570353.3300018697
1.8115802800176304	1638837.4821899985
1.8145995804843267	1778059.2542791055
1.8176239131184673	1902002.769464628
1.820653286306998	1993489.8585155727
1.823687708450843	1898148.449696694
1.8267271879649278	1553982.7585027623
1.8297717332782029	1234570.841946569
1.8328213528336663	1134876.1876980574
1.8358760550883895	1157446.698640292
1.8389358485135368	1267684.9446354005
1.8420007415943929	1452773.214644673
1.8450707428303834	1570853.8448527884
1.848145860735101	1542173.1768924799
1.851226103836326	1451766.7671344352
1.8543114806760534	1312801.2868090118
1.8574019998105136	1142903.0447935231
1.8604976698101978	986007.2566464074
1.8635984992598815	852038.0208656508
1.8667044967586481	774644.0834835215
1.8698156709199125	833183.5097654135
1.8729320303714458	1004119.5544131866
1.8760535837553982	1436971.4638071982
1.879180339728324	2097001.9637615972
1.8823123069612047	2549906.690307037
1.8854494941394733	2564956.6821500277
1.8885919099630393	2502323.101888375
1.8917395631463112	2679396.3314748146
1.8948924624182215	2981309.109594729
1.8980506165222522	2994461.349731989
1.9012140342164559	2622493.038593015
1.9043827242734832	2279299.2861104985
1.907556695480606	2221831.305362919
1.9107359566397404	2285388.5183364097
1.9139205165674735	2290080.4700600677
1.9171103840950858	2231463.3818160403
1.9203055680685779	2106343.135204036
1.923506077348692	1876917.9538260903
1.92671192081094	1638964.445210027
1.9299231073456249	1490093.6761679796
1.9331396458578678	1402719.2416199234
1.9363615452676308	1345638.8817967179
1.9395888145097437	1323776.919831177
1.9428214625339266	1359358.199506836
1.9460594983048167	1520366.1559117627
1.9493029308019916	1713288.543452796
1.952551769019995	1778071.0687490744
1.9558060219683617	1735126.9818606374
1.9590656986716424	1798013.4432749732
1.9623308081694284	2069711.990575649
1.9656013595163775	2356051.3133905544
1.9688773617822382	2466545.3615366193
1.9721588240518755	2480212.5384880467
1.975445755425295	2605568.4981190986
1.9787381650176707	2877248.533633789
1.9820360619593669	3145689.4902889365
1.985339455395966	3334016.004351253
1.9886483544882927	3506079.6965171397
1.99196276841244	3773074.8966400656
1.9952827063597942	4120575.5455314624
1.9986081775370603	4427978.64247681
2.001939191166289	4649606.344533244
2.0052757564848993	4852947.812322845
2.0086178827457077	5081381.856087699
2.011965579216951	5326591.407624729
2.0153188551823122	5579917.130724787
2.01867771994095	5839202.317771079
2.022042182807518	6049885.138084004
2.0254122531121976	6141756.900975294
2.0287879402007176	6207768.92710698
2.0321692534343856	6396660.824557452
2.0355562021901097	6691533.990313864
2.038948795860427	6985946.515081253
2.0423470438535274	7257779.418455768
2.0457509555932836	7495930.684040414
2.049160540519272	7642844.589184523
2.0525758080868046	7737759.234400369
2.0559967677669495	7852771.863904633
2.059423429046561	7994743.726008322
2.0628558014283054	8123000.977863609
2.066293894430686	8207204.212040662
2.0697377175880702	8261429.603660428
2.073187280450717	8260539.730503259
2.0766425925848018	8216813.737948807
2.0801036635724435	8202280.447254052
2.083570503011731	8242998.155710671
2.0870431205167503	8280085.977352103
2.090521525717612	8253997.785812626
2.0940057282604747	8190066.66175224
2.0974957378075754	8121417.284301576
2.1009915640372547	8049469.532070013
2.1044932166439834	8175005.767652377
2.10800070533839	-715459.9440603905
2.1115140398472874	7983114.319914027
2.1150332299137	7734108.545734106
2.1185582852968894	7615032.109656701
2.1220892157723843	7501208.01923681
2.125626031132005	7399928.18173289
2.1291687411838915	7299128.079531045
2.1327173557525314	7189035.316774224
2.136271884678786	7071758.491151002
2.1398323378199176	6942269.570751108
2.143398725049617	6799274.708692904
2.1469710562580335	6651742.738458752
2.150549341351797	6499534.060292988
2.15413359025405	6333994.469210987
2.1577238129044733	6117153.029782556
2.1613200192593145	5865574.593383091
2.1649222192914133	5677629.539859462
2.1685304229902322	5593941.2478509685
2.172144640361883	5503422.632556012
2.175764881429153	5304913.022799398
2.1793911562315347	5044273.239253646
2.183023474825254	4773683.261295014
2.1866618472832964	4489102.601156256
2.1903062836954352	4084737.823105369
2.193956794168261	3427834.3357696547
2.197613388825208	2742536.1279040948
2.201276077806584	2365501.3410019334
2.2049448712695945	2245046.916323278
2.2086197793883775	2285538.1387481396
2.212300812354025	2529633.2569833607
2.215987980374615	2751067.1454252335
2.2196812936752393	2742418.355837288
2.2233807624980315	2604616.918999524
2.227086397102195	2445718.9374616444
2.230798207764032	2271744.820855865
2.2345162047769724	2099249.215179842
2.2382403984516004	1935523.9881720513
2.2419707991156868	1785354.6322214121
2.245707417114213	1679441.3266096856
2.249450262809403	1606466.4631182267
2.2531993465807525	1528408.6967013776
2.256954678825054	1439153.0963361512
2.260716269956429	1379962.2737358848
2.2644841304063563	1417961.8282635242
2.2682582706237007	1491513.859637913
2.2720387010747403	2718698.4154502987
2.275825432243198	386521.59772175446
2.27961847463027	1365299.024952332
2.283417838754654	1287708.6290055702
2.2872235351525787	1220155.1551536487
2.291035574377833	1170617.7952383053
2.294853967001796	1142328.3093756246
2.298678723613466	1189911.2201391424
2.302509854819488	1343557.3022742227
2.3063473712441875	1479098.5250573824
2.3101912835295946	1486855.340244884
2.314041602335477	1416448.2925230863
2.31789833833937	1276107.2408351738
2.321761502236602	1070994.7997351703
2.3256311047403297	913223.5133469665
2.3295071565815637	871116.2527138137
2.3333896685092	867793.6604665387
2.3372786512900485	853051.4231087407
2.3411741157088657	832947.7730490993
2.3450760725683804	844940.3448139804
2.348984532689328	903863.1584450227
2.3528995069104766	988014.1646666109
2.356821006088661	1111087.4793376175
2.360749041098809	1227339.9417741229
2.3646836228339736	1187336.1690610314
2.3686247622053638	994363.9657638385
2.3725724701423725	852413.8852809581
2.37652675759261	856245.5443592132
2.380487635521931	924340.1446822091
2.3844551149144677	1044406.0396873694
2.388429206772659	1197777.6770674973
2.39240992211728	1326128.609560507
2.3963972719874755	1415669.5460956823
2.400391267440788	1498873.8472246542
2.4043919195531895	1589353.0487871433
2.408399239419112	1674837.188913721
2.412413238151477	1711021.6134933992
2.4164339268817296	1701279.0830645952
2.420461316759866	1722465.940776416
2.4244954189544656	1815432.6870807672
2.428536244652723	1916081.630297949
2.432583805060478	1951541.5733568368
2.4366381114022455	1940482.6841105912
2.440699174921249	1918280.0420342693
2.4447670068794514	1887646.1620228293
2.4488416185575836	1889036.8718896033
2.4529230212551796	1980951.1961122628
2.457011226290605	2100943.5331506054
2.4611062450010897	2133490.7796044145
2.465208088742758	2078367.281892374
2.4693167688906628	1984683.2112598128
2.4734322968388143	1842399.3458256344
2.4775546840002125	1709070.5186170677
2.4816839418068795	1670531.7619446982
2.4858200817098908	1691844.5649174931
2.4899631151794077	1639495.124263218
2.4941130537047065	1013604.414272284
