0.7011666666666666	33492.420716052664
0.7023352777777778	36450.81706839379
0.7035058365740741	38107.83494378951
0.7046783463016977	39830.96432980329
0.7058528102122005	41641.4964831319
0.7070292315625542	43506.55453412456
0.7082076136151585	45408.74063605399
0.7093879596378504	47349.2172128045
0.7105702729039134	49320.591436713585
0.7117545566920868	51340.69334978364
0.7129408142865735	53357.37058476377
0.7141290489770512	55274.77469890022
0.7153192640586796	57117.70338089856
0.7165114628321108	58967.43664084718
0.7177056486034976	60837.820473539796
0.7189018246845036	62728.15924697999
0.7200999943923111	64657.8356602603
0.7213001610496316	66563.79509652348
0.7225023279847144	68186.85154111379
0.7237064985313556	69509.96704731185
0.7249126760289079	70773.97163392133
0.7261208638222895	72013.98720482207
0.7273310652619932	73166.22002892464
0.7285432837040966	73987.18810035539
0.72975752251027	74568.26485808578
0.7309737850477873	75198.77693992796
0.7321920746895336	75931.78141031426
0.7334123948140163	76611.65332902252
0.7346347488053729	77064.53964002806
0.7358591400533818	77389.45660241299
0.7370855719534709	77656.48472158246
0.7383140479067267	77863.61605925906
0.7395445713199046	77961.89646630986
0.7407771456054377	77859.83676066334
0.7420117741814469	77661.88309866138
0.7432484604717493	77369.17224084848
0.744487207905869	76996.93333353155
0.7457280199190454	76514.93612518827
0.7469708999522439	75882.03842486083
0.7482158514521644	75072.34770517511
0.7494628778712513	73871.33333785033
0.7507119826677034	72461.80321362054
0.7519631693054829	71002.47689016059
0.7532164412543255	69495.63622326204
0.7544718019897494	67874.90846635123
0.7557292549930656	66042.31424095678
0.7569888037513873	63892.465299341755
0.7582504517576398	60789.16697294748
0.7595142025105692	56740.67982054068
0.7607800595147535	50278.963270809945
0.7620480262806114	40578.018684766685
0.7633181063244125	30097.619444441498
0.7645903031682866	19586.80898253955
0.7658646203402337	9910.801536244551
0.7671410613741342	5099.679853898671
0.7684196298097576	5184.211085470517
0.7697003291927741	7594.424816008674
0.770983163074762	13090.472259481476
0.77226813501322	20134.17951568934
0.7735552485715754	14645.265797998154
0.7748445073191947	43847.05911160908
0.7761359148313933	49557.29614157253
0.7774294746894457	62180.127108235334
0.7787251904805949	74848.05576617827
0.7800230657980626	86740.87288156559
0.7813231042410594	98166.15536042817
0.7826253094147945	109050.10978848752
0.7839296849304858	119445.68523122877
0.7852362344053699	129987.79871521135
0.7865449614627122	140926.24965315431
0.7878558697318168	152150.1821179268
0.7891689628480365	163921.394180768
0.7904842444527834	176133.06306757827
0.791801718193538	188917.69108400936
0.7931213877238606	202424.13467820833
0.7944432567034004	216404.23306840728
0.795767328797906	231178.7300973566
0.7970936076792359	246461.2770228063
0.7984220970253681	262410.65078229504
0.7997528005204104	278995.74988646066
0.801085721854611	295985.34719936555
0.8024208647243688	313543.257638786
0.8037582328322427	331485.64243706886
0.8050978298869632	350115.7309120368
0.8064396596034414	369233.21232767514
0.8077837257027807	388587.58458769886
0.8091300319122853	408198.3948978311
0.8104785819654725	427994.454513813
0.8118293796020817	448090.69211320585
0.8131824285680851	468692.43935016205
0.8145377326156986	491158.47846391896
0.8158952955033916	515201.4425181398
0.8172551209958971	537805.6182450952
0.8186172128642236	557517.0761018912
0.819981574885664	579454.0421912791
0.8213482108438068	612565.8523906306
0.8227171245285466	653021.3387159195
0.8240883197360943	694540.128437348
0.8254618002689877	736626.1326677883
0.8268375699361028	777395.6163671647
0.828215632552663	814543.6090157037
0.8295959919402508	850437.7611244234
0.830978651926818	888147.7923534677
0.832363616346696	927593.7467594814
0.8337508890406071	967901.7986897406
0.8351404738556749	1009330.2067385026
0.8365323746454344	1052663.937060565
0.8379265952698435	1101333.795286091
0.8393231395952933	1153667.1409883637
0.8407220114946187	1208241.1153303003
0.8421232148471098	1265316.756202203
0.8435267535385217	1324256.5261366821
0.8449326314610859	1386402.0708463534
0.8463408525135211	1450316.093193735
0.8477514206010437	1515838.5903051249
0.8491643396353787	1582917.9280042239
0.8505796135347711	1652384.2936801633
0.8519972462239958	1725565.2689636368
0.8534172416343692	1801010.1181088476
0.8548396037037598	1880191.4858001857
0.8562643363765994	1962081.7542011456
0.8576914436038937	2046853.9583442453
0.8591209293432337	2134928.619797119
0.8605527975588058	2224798.224625532
0.8619870522214037	2317257.940580008
0.8634236973084395	2411305.997862182
0.8648627368039535	2507403.2006474226
0.8663041746986269	2605359.94341174
0.8677480149897913	2704973.5287262597
0.8691942616814409	2806954.1563836103
0.8706429187842434	2911637.3056408796
0.8720939903155505	3022758.3105300874
0.8735474802994098	3138184.169714469
0.8750033927665755	3256508.411406815
0.8764617317545198	3377871.704913241
0.8779225013074441	3499233.1060152003
0.8793857054762898	3619074.525073613
0.8808513483187503	3736769.0897198287
0.8823194338992816	3846969.0780869727
0.8837899662891138	3947838.728216237
0.8852629495662623	4013059.2073183344
0.8867383878155394	4021840.518473684
0.8882162851285654	4011254.855730458
0.8896966456037797	3989810.1162629435
0.8911794733464526	3977793.732424093
0.8926647724686968	4074846.385770611
0.894152547089478	4293794.469699954
0.8956428013346271	4467621.2443005
0.8971355393368516	4489798.037124722
0.8986307652357465	4496272.8355910545
0.9001284831778059	4714520.661379227
0.9016286973164357	5104110.542667307
0.9031314118119631	5480140.2400077535
0.9046366308316498	5803878.327281053
0.9061443585497025	6095695.614784049
0.9076545991472854	6331655.040957803
0.9091673568125309	6537886.080050154
0.9106826357405519	6757433.847155251
0.9122004401334528	6993178.011719548
0.9137207742003418	7216876.0880636275
0.9152436421573426	7407717.780663297
0.9167690482276047	7607784.996286067
0.9182969966413176	7907143.977077369
0.9198274916357196	8279374.020024875
0.9213605374551126	8590016.66143847
0.9228961383508711	8785419.251956107
0.924434298581456	8714797.424973553
0.9259750224124251	7920129.84426093
0.9275183141164459	6792168.572402015
0.9290641779733066	6123823.002687216
0.9306126182699289	5992884.432841941
0.9321636393003788	6092084.884797634
0.9337172453658794	6489104.223580739
0.9352734407748227	7052039.640894266
0.9368322298427807	7835655.694497774
0.9383936168925188	8757411.212124344
0.9399576062540064	9373077.793811135
0.9415242022644297	9502167.696082916
0.9430934092682037	9500552.200215641
0.9446652316169841	9487074.706804438
0.9462396736696792	9475278.862761924
0.947816739792462	9513233.595501048
0.9493964343587827	9607990.08199719
0.9509787617493808	9763915.876866514
0.9525637263522965	10027614.961125603
0.9541513325628838	10279948.973173339
0.9557415847838219	10310144.697083715
0.9573344874251283	10189724.49150058
0.9589300449041701	10240797.695368573
0.9605282616456772	10569363.978691975
0.9621291420817533	11004850.237721372
0.9637326906518895	11547082.978607181
0.9653389118029762	12153907.215215916
0.9669478099893144	12809106.073389294
0.96855938967263	13503772.615259068
0.9701736553220844	14077913.632811977
0.971790611414288	14391863.376289641
0.9734102624333119	14640396.492451968
0.9750326128707006	15013090.73352865
0.9766576672254852	15477899.623128312
0.9782854300041944	15934980.58206373
0.9799159057208682	16368332.8655567
0.9815490988970695	16803592.130966756
0.9831850140618982	17260157.90714076
0.9848236557520013	17734728.395417158
0.986465028511588	18249724.852026716
0.9881091368924407	18800792.35354814
0.9897559854539281	19285922.39748023
0.991405578763018	19626819.42591513
0.9930579213942898	19882930.876070637
0.994713017929947	20003722.98590852
0.9963708729598303	20030463.552702967
0.9980314910814301	20079719.722041707
0.9996948768998991	20174827.624832712
1.0013610350280657	20333040.002757747
1.0030299700864458	20636640.871981688
1.0047016867032565	21022632.906680126
1.0063761895144285	21460106.83021433
1.0080534831636194	21945206.209396996
1.0097335723022256	22431732.724872727
1.011416461589396	22906258.935524624
1.013102155692045	23354671.365150534
1.014790659284865	23715270.78531784
1.01648197705034	24020102.234051034
1.018176113678757	24375829.44216962
1.0198730738682218	24809319.9115588
1.021572862324669	25281073.82752051
1.0232754837618767	25807203.051299423
1.0249809429014798	26364748.659569327
1.0266892444729823	26946991.424869373
1.0284003932137706	27543596.068570618
1.030114393869127	28019929.694339212
1.0318312511922423	28263146.878227547
1.0335509699442293	28480511.717749167
1.0352735548941365	28902090.609688852
1.0369990108189602	29460695.49885628
1.0387273425036585	29985093.434830498
1.0404585547411644	30447050.70137834
1.0421926523323999	30881910.676143847
1.0439296400862872	31281202.694597162
1.0456695228197646	31659864.388288945
1.0474123053577973	32017694.315390013
1.0491579925333938	32356475.11530438
1.0509065891876161	32694706.465541508
1.0526581001695956	33036179.2425782
1.0544125303365448	33363119.36461242
1.0561698845537726	33630652.01846626
1.0579301676946955	33857098.91114639
1.0596933846408534	34071753.571217805
1.0614595402819214	34274260.328207426
1.0632286395157247	34455579.876187004
1.065000687248251	34588435.55174161
1.0667756883936648	34696005.640374966
1.068553647874321	34789365.4381039
1.070334570620778	34869063.08666409
1.072118461571813	34930355.34732066
1.0739053256744326	34961443.41205162
1.07569516788389	34985544.87415127
1.0774879931636965	35019554.28452231
1.079283806485636	35051938.6899073
1.0810826128297788	35017807.08836589
1.0828844171844951	34893597.5295816
1.0846892245464692	34653355.798761904
1.0864970399207134	34167262.35534664
1.0883078683205814	33494593.467786714
1.0901217147677824	32434495.016672783
1.0919385842923954	31020421.138350695
1.0937584819328827	29501048.04188186
1.0955814127361043	27874949.045890268
1.0974073817573313	26126348.557775717
1.09923639406026	24063681.341261484
1.1010684547170273	21817242.821740173
1.1029035688082225	19706369.813007325
1.1047417414229028	17785361.69922297
1.1065829776586076	15926279.20616446
1.108427282621372	14127657.891581057
1.110274661425741	12401881.472134052
1.112125119194784	10916010.761010267
1.1139786610601086	9688575.872724675
1.1158352921618757	9062177.533204569
1.117695017648812	9425010.67925664
1.1195578426782267	10076888.143784257
1.1214237724160239	10685451.782955347
1.1232928120367172	11303800.574902005
1.1251649667234453	12214983.48057254
1.1270402416679843	13443008.953016236
1.1289186420707642	13834649.494899089
1.1308001731408823	12057030.634638848
1.1326848400961171	9762235.808081696
1.1345726481629441	9593252.781509584
1.136463602576549	11261193.020679574
1.1383577085808434	12680859.089780506
1.1402549714284782	13302177.193964005
1.1421553963808588	13610303.896474868
1.1440589887081603	13656888.204550186
1.1459657536893408	13464425.356736815
1.1478756966121564	12671528.532404564
1.1497888227731765	11182314.381202973
1.1517051374777987	9723595.800679939
1.1536246460402617	8654277.274071522
1.155547353783662	7846637.563036008
1.1574732660399685	7510660.50301253
1.1594023881500348	7608092.97806866
1.1613347254636184	8184754.137427101
1.163270283339391	9465932.20223424
1.1652090671449569	10682635.954707744
1.1671510822568651	11011126.531740082
1.1690963340606266	10730419.135497456
1.1710448279507277	9868807.436218718
1.1729965693306457	8412506.978960503
1.1749515636128636	7689792.436932341
1.176909816218885	8910879.032297585
1.17887133257925	10954861.074172013
1.1808361181335487	13088011.282771215
1.182804178330438	15257181.990742218
1.1847755186276552	17213307.363345906
1.1867501444920348	18813614.80763088
1.1887280613995215	20222769.797607332
1.1907092748351875	21332821.313367724
1.1926937902932462	22303815.348866303
1.1946816132770681	23507453.95058572
1.1966727492991969	24987800.792235516
1.1986672038813622	26507164.539518498
1.2006649825544977	28000616.953074053
1.2026660908587554	29483989.75020603
1.20467053434352	30964574.060586058
1.206678318567426	32435913.856770046
1.2086894490983717	33824829.357329376
1.2107039315135357	35083731.713097885
1.2127217713993916	36305095.81013293
1.214742974351724	37517009.97521542
1.2167675459756435	38716034.12831107
1.218795491885603	39859484.3932673
1.2208268177054122	40944735.08852152
1.2228615290682547	42085527.546346955
1.2248996316167018	43368244.73846877
1.2269411310027298	44657531.45626325
1.2289860328877344	45722733.647524565
1.2310343429425474	46605845.880699314
1.2330860668474517	47430436.80102637
1.2351412102921975	48191913.17985327
1.2371997789760178	48905708.12260329
1.2392617786076445	49522574.669468336
1.241327214905324	50131228.483331166
1.243396093596833	51034781.67842564
1.2454684204194943	52244156.41436461
1.2475442011201936	53183650.125290945
1.249623441455394	53436312.79724614
1.251706147191153	53628527.15878041
1.2537923241031383	54704011.11856865
1.2558819779766437	56430647.75078749
1.2579751146066047	57846949.865513235
1.2600717397976158	58693627.43906153
1.262171859363945	59316793.75733377
1.2642754791295518	59706893.09758373
1.266382604928101	59928141.69096628
1.2684932426029811	59870791.194331124
1.2706073980073196	59523724.76337811
1.2727250770039986	59131105.158892624
1.274846285465672	58740259.652321465
1.2769710292747813	58248064.39470484
1.2790993143235727	57322218.34785603
1.2812311465141122	56072311.514266595
1.2833665317583023	54828372.40891526
1.2855054759778997	53641460.883327805
1.2876479851045295	52530361.9411677
1.2897940650797037	51601875.48524272
1.2919437218548366	50757719.658917084
1.2940969613912614	49844430.43098865
1.2962537896602468	48853738.57695705
1.298414212643014	47841894.91318292
1.3005782363307525	46812661.78118395
1.302745866724637	45772111.36743951
1.304917109835845	44713581.66119167
1.3070919716855713	43624760.0643546
1.3092704583050472	42373105.6118407
1.3114525757355557	40895687.382685095
1.3136383300284484	39491032.94975935
1.3158277272451624	38453217.11809954
1.3180207734572378	37491219.10515791
1.3202174747463333	35856175.90246737
1.3224178372042439	33481600.849675238
1.3246218669329177	30287466.409757618
1.3268295700444726	25683711.726791088
1.3290409526612135	20593207.63839174
1.3312560209156488	15561006.899936004
1.3334747809505083	10686230.821548266
1.3356972389187591	6845527.190356138
1.3379234009836238	4457057.774312299
1.3401532733185966	2723117.217999317
1.342386862107461	1866843.17605541
1.344624173544307	1470310.5731499204
1.3468652138335475	1197768.568960635
1.3491099891899365	1028669.8423281796
1.3513585058385866	868023.3585132835
1.3536107700149842	695245.014685232
1.3558667879650093	546918.8837495683
1.358126565944951	512106.6870591094
1.360390110221526	563490.517707834
1.3626574270718954	678555.6357877722
1.3649285227836818	869677.6206498558
1.367203403654988	1034592.7050954241
1.369482075994413	1080759.3146927718
1.3717645461210706	1096374.7019826036
1.3740508203646056	1267926.2985163499
1.3763409050652133	1578469.5157683122
1.3786348065736556	1695404.36290714
1.3809325312512784	1407747.563483284
1.3832340854700305	1047902.552688098
1.3855394756124806	932694.7904755477
1.3878487080718347	980009.8499954041
1.3901617892519544	982234.0757863595
1.3924787255673745	907598.0194303613
1.3947995234433201	850356.2249075846
1.3971241893157258	884508.8308512598
1.399452729631252	964078.6248553621
1.401785150847304	1054151.6913596962
1.40412145943205	1148474.6187039602
1.4064616618644366	1186580.2740919497
1.4088057646342107	1119493.8328361188
1.4111537742419344	1040635.3627168626
1.4135056971990045	1046522.8660077916
1.4158615400276693	1109037.5046633868
1.418221309261049	1171917.6806897759
1.4205850114431506	1232041.7817899964
1.4229526531288894	1351057.4808294375
1.425324240884104	1623983.9100063734
1.4276997812855778	1930715.2410359143
1.4300792809210539	2033470.8921942012
1.4324627463892556	1949980.2097409936
1.4348501842999046	1913906.0845938134
1.4372416012737377	2009034.4985015977
1.4396370039425272	2196869.414337692
1.442036398949098	2571466.0158262495
1.4444397929473467	3074244.604921608
1.4468471926022592	3635932.206011811
1.4492586045899296	4259588.225557555
1.4516740355975797	4862689.024655357
1.4540934923235755	5380027.226273457
1.4565169814774481	5800547.717235033
1.4589445097799105	5914739.4630164765
1.4613760839628773	5751786.969604594
1.4638117107694821	5542702.120181006
1.466251396954098	5315263.454051177
1.4686951492823548	5158924.510093643
1.471142974531159	5277226.448600988
1.4735948794887108	5570467.921452765
1.4760508709545253	5871326.488068319
1.4785109557394496	6166029.511594522
1.4809751406656821	6454593.3341631545
1.4834434325667916	6730658.046647563
1.4859158382877364	7019494.3932997575
1.4883923646848827	7401052.6359997485
1.490873018626024	7871473.603603037
1.493357806990401	8435504.013901725
1.4958467366687183	9141225.350585748
1.4983398145631663	9828955.460390998
1.5008370475874384	10304277.798108134
1.5033384426667507	10622796.409596443
1.505844006737862	10746034.811858743
1.5083537467490917	10648944.945076177
1.5108676696603405	10645930.67638516
1.5133857824431078	10973315.22521436
1.5159080920805128	11509310.801347276
1.518434605567314	12374930.054120138
1.5209653299099262	13508377.446292777
1.5235002721264426	14509962.553920228
1.5260394392466536	15235520.626600303
1.5285828383120648	15906155.89668394
1.5311304763759181	16662554.465676554
1.5336823605032115	17468229.539080612
1.5362384977707166	18250424.10209798
1.5387988952670015	19002830.30281449
1.5413635600924465	19797200.34854755
1.5439324993592671	20701827.282418944
1.5465057201915329	21596001.101305187
1.5490832297251855	22212727.06502602
1.5516650351080608	22601734.50106801
1.5542511434999076	23053911.6456645
1.5568415620724074	23652284.728082735
1.559436298009195	24290409.279245827
1.5620353585058768	24921072.535476536
1.5646387507700532	25534656.318952378
1.567246482021337	26056266.66990027
1.5698585594913725	26466057.083655268
1.5724749904238582	26756422.92437484
1.5750957820745648	26819081.913935434
1.5777209417113556	26783158.34750744
1.5803504766142082	26721864.477837093
1.5829843940752317	26622072.297449313
1.5856227013986908	26297857.679927092
1.5882654059010217	25616452.3198565
1.5909125149108567	24762077.182078518
1.5935640357690417	23670683.191965036
1.5962199758286568	22401437.780818205
1.598880342455038	20845692.702544633
1.6015451430257963	18972741.397959072
1.6042143849308395	17017720.58786147
1.6068880755723909	15007675.338685803
1.6095662223650118	13032700.839977184
1.6122488327356201	11325367.29145892
1.614935914123513	9848341.044806482
1.6176274739803853	8552602.719418576
1.6203235197703527	7508200.753810728
1.62302405896997	6620718.149182156
1.6257290990682536	6015547.196818356
1.6284386475667005	5608529.564217419
1.6311527119793119	5470801.563312019
1.6338712998326108	5623276.317172314
1.6365944186656651	5848624.514180095
1.6393220760301082	6124526.294330658
1.642054279490158	6419826.829720705
1.644791036622642	6712952.2139526205
1.6475323550170131	6989408.090106485
1.6502782422753748	7111011.681291599
1.6530287060125004	6998747.518978111
1.6557837538558546	6888072.125074291
1.6585433934456146	6970113.6404756615
1.6613076324346907	7011357.4478032505
1.6640764784887485	6095820.463182872
1.66684993928623	4180588.373361634
1.6696280225183737	2841403.2951848125
1.6724107358892377	3084345.766983022
1.6751980871157197	3897092.313292193
1.6779900839275794	4576375.426915512
1.6807867340674587	5114827.862870147
1.6835880452909044	5353428.839169705
1.6863940253663894	5161157.713496543
1.6892046820753335	4844669.75111151
1.6920200232121256	4485365.999688487
1.694840056584146	4122892.1463844986
1.6976647900117863	3885688.3392536794
1.700494231328473	3791735.5912777344
1.703328388380687	3872128.6185472687
1.706167269027988	4266681.586364006
1.709010881143035	4712744.098455742
1.7118592326116067	4883832.19384597
1.714712331332626	4860217.082383379
1.7175701852181804	4949896.977034755
1.7204328021935444	5227406.950604413
1.7233001901972003	5401029.739657277
1.726172357180862	5136705.196426606
1.7290493111094971	4672160.73173739
1.7319310599613464	4384504.659077181
1.7348176117279486	4294732.016263479
1.737708974414162	4285704.932702653
1.7406051560381857	4378414.412775799
1.7435061646315826	4498608.159263516
1.746412008239302	4580610.724491148
1.749322694919701	4621574.109443036
1.7522382327445671	4540897.248210851
1.7551586297991415	4291164.976807154
1.7580838941821402	4003750.241398421
1.761014034005777	3725286.792556232
1.7639490573957866	3460547.233347828
1.7668889724914467	3251169.454810161
1.769833787445599	3098885.2278631898
1.7727835104246752	2974614.2997671086
1.7757381496087163	2888842.7415483957
1.7786977131913975	2800374.203697584
1.7816622093800498	2647004.3444590126
1.7846316463956833	2441664.2258808995
1.7876060324730094	2184074.3947478905
1.7905853758604646	1863092.5361107434
1.793569684820232	1616529.6821169772
1.7965589676282658	1617312.9008701062
1.7995532325743133	1721325.389411312
1.802552487961937	1710172.9026192655
1.8055567421085403	1584288.556702668
1.8085660033453879	1506581.630266005
1.8115802800176304	1554293.4216433072
1.8145995804843267	1644134.1894922503
1.8176239131184673	1730679.172368345
1.820653286306998	1799637.6460289075
1.823687708450843	1736973.6074656323
1.8267271879649278	1498348.4837660824
1.8297717332782029	1275548.9743669562
1.8328213528336663	1203593.3005009773
1.8358760550883895	1218092.260510548
1.8389358485135368	1306933.914599278
1.8420007415943929	1459981.2182588105
1.8450707428303834	1556854.4574554705
1.848145860735101	1530334.8980315393
1.851226103836326	1453120.5011407475
1.8543114806760534	1339665.09308434
1.8574019998105136	1202828.4190651022
1.8604976698101978	1072820.4255305282
1.8635984992598815	956384.1515736958
1.8667044967586481	887858.6288347004
1.8698156709199125	937822.044898298
1.8729320303714458	1078815.2477083723
1.8760535837553982	1410171.1397660333
1.879180339728324	1906015.9616729368
1.8823123069612047	2247468.545158167
1.8854494941394733	2263418.869358691
1.8885919099630393	2206064.984362926
1.8917395631463112	2269180.385719464
1.8948924624182215	2392675.500105334
1.8980506165222522	2349206.8692107517
1.9012140342164559	2084374.4091321342
1.9043827242734832	1839002.8695062976
1.907556695480606	1765438.314107115
1.9107359566397404	1762628.589188508
1.9139205165674735	1713817.5725006664
1.9171103840950858	1618773.0655062664
1.9203055680685779	1503699.6417737922
1.923506077348692	1363750.0646513412
1.92671192081094	1227222.7325232935
1.9299231073456249	1131873.105643933
1.9331396458578678	1065274.4641575622
1.9363615452676308	1015797.4821679492
1.9395888145097437	986909.6535582775
1.9428214625339266	993100.7756740892
1.9460594983048167	1076405.5179445574
1.9493029308019916	1182680.2397080087
1.952551769019995	1227527.4923091866
1.9558060219683617	1220195.9511669176
1.9590656986716424	1259833.8609070063
1.9623308081694284	1393007.5787369844
1.9656013595163775	1528961.3657083705
1.9688773617822382	1572808.9284820643
1.9721588240518755	1564568.9780256345
1.975445755425295	1604024.3886293294
1.9787381650176707	1707725.8550694122
1.9820360619593669	1827336.0339817016
1.985339455395966	1954098.5058379713
1.9886483544882927	2087909.8076593874
1.99196276841244	2240901.1553855715
1.9952827063597942	2407270.961386775
1.9986081775370603	2533793.811037982
2.001939191166289	2589124.4894052073
2.0052757564848993	2630149.3188905646
2.0086178827457077	2695291.574851307
2.011965579216951	2771126.866040894
2.0153188551823122	2814714.02416014
2.01867771994095	2819020.425073421
2.022042182807518	2834544.63775716
2.0254122531121976	2895077.2742282264
2.0287879402007176	2978225.4373823684
2.0321692534343856	3077276.6494365307
2.0355562021901097	3189473.6186842993
2.038948795860427	3302905.575401132
2.0423470438535274	3415650.712718701
2.0457509555932836	3525213.0891644
2.049160540519272	3622677.4981135116
2.0525758080868046	4231877.188276931
2.0559967677669495	1956541.791351488
2.059423429046561	3886702.175429182
2.0628558014283054	3944220.0052363025
2.066293894430686	3994788.6999543966
2.0697377175880702	4034225.705590096
2.073187280450717	4053666.4108140767
2.0766425925848018	4056820.077093414
2.0801036635724435	4061988.207764515
2.083570503011731	4073250.8645938765
2.0870431205167503	4078417.0955687948
2.090521525717612	4058020.289680622
2.0940057282604747	4022743.010634573
2.0974957378075754	3988494.2400064403
2.1009915640372547	3956312.93697564
2.1044932166439834	3920583.235198911
2.10800070533839	3875966.5455883737
2.1115140398472874	3825634.6288024993
2.1150332299137	3765773.4744772445
2.1185582852968894	3698037.884450953
2.1220892157723843	3628113.0651325835
2.125626031132005	3556161.454484369
2.1291687411838915	3485379.2739760294
2.1327173557525314	3420254.1948504723
2.136271884678786	3355624.84858151
2.1398323378199176	3272477.6413826034
2.143398725049617	3168379.68942986
2.1469710562580335	3062980.716752514
2.150549341351797	2962974.21066285
2.15413359025405	2856413.9604342957
2.1577238129044733	2710880.7584273345
2.1613200192593145	2538407.686984616
2.1649222192914133	2409166.143305256
2.1685304229902322	2351480.7128902157
2.172144640361883	2294958.810981817
2.175764881429153	2182456.452090026
2.1793911562315347	2038709.8465936482
2.183023474825254	1896277.5286453865
2.1866618472832964	1754358.321328776
2.1903062836954352	1562425.787700089
2.193956794168261	1262750.9480752742
2.197613388825208	952493.9255419113
2.201276077806584	780538.0689726013
2.2049448712695945	723316.6978599305
2.2086197793883775	734843.4345234615
2.212300812354025	832611.9947927584
2.215987980374615	922457.1348059506
2.2196812936752393	919920.5399424487
2.2233807624980315	866602.2856385818
2.227086397102195	811712.3940636078
2.230798207764032	757930.0504724449
2.2345162047769724	701509.5699710067
2.2382403984516004	639254.2230666968
2.2419707991156868	578537.7756957264
2.245707417114213	534039.0522451169
2.249450262809403	501995.2400320115
2.2531993465807525	471334.14958061645
2.256954678825054	441773.3166544281
2.260716269956429	251743.11588912446
2.2644841304063563	3992207.56663822
2.2682582706237007	412903.89314217895
2.2720387010747403	451026.7957528594
2.275825432243198	432695.80105259863
2.27961847463027	413378.86874685774
2.283417838754654	398507.6326984892
2.2872235351525787	386243.20564112917
2.291035574377833	378048.7964361492
2.294853967001796	376880.66363561986
2.298678723613466	414327.845606298
2.302509854819488	506303.2353958984
2.3063473712441875	590195.1990756696
2.3101912835295946	611884.9063327968
2.314041602335477	594466.9760901172
2.31789833833937	536562.4706793258
2.321761502236602	440291.9803964229
2.3256311047403297	362877.44340282114
2.3295071565815637	335506.7128805959
2.3333896685092	326808.9721447001
2.3372786512900485	320881.2183554355
2.3411741157088657	318331.1398637738
2.3450760725683804	330795.3888980259
2.348984532689328	364403.9945347653
2.3528995069104766	408391.07488457294
2.356821006088661	467131.1043662
2.360749041098809	521176.09130527155
2.3646836228339736	503596.3653181847
2.3686247622053638	416386.3176806861
2.3725724701423725	358678.8782750196
2.37652675759261	379618.0055234791
2.380487635521931	431878.01816635905
2.3844551149144677	498878.7123060257
2.388429206772659	574573.5775537918
2.39240992211728	637810.0507035198
2.3963972719874755	682789.1607156835
2.400391267440788	727639.3338914454
2.4043919195531895	783700.4894121555
2.408399239419112	839626.845604183
2.412413238151477	862929.9465914571
2.4164339268817296	854940.6317172725
2.420461316759866	856554.5002080194
2.4244954189544656	885301.7074495787
2.428536244652723	923251.5087170613
2.432583805060478	960859.7613760742
2.4366381114022455	997730.8450705286
2.440699174921249	1031051.6524185636
2.4447670068794514	1059982.5118492134
2.4488416185575836	1096768.103667159
2.4529230212551796	1157093.6737711907
2.457011226290605	1223981.9525324237
2.4611062450010897	1263929.2656176274
2.465208088742758	1276950.5571079084
2.4693167688906628	1278091.1887529378
2.4734322968388143	1264173.955539258
2.4775546840002125	1251516.2378583876
2.4816839418068795	1262460.1484189404
2.4858200817098908	1288919.081747328
2.4899631151794077	1278966.6692251926
2.4941130537047065	816223.6918256287
