0.7011666666666666	16632285.995328186
0.7023352777777778	18704900.91275438
0.7035058365740741	20577233.374884725
0.7046783463016977	21382383.17379702
0.7058528102122005	18575258.52924207
0.7070292315625542	14003572.305280702
0.7082076136151585	10814690.198387062
0.7093879596378504	9256378.329425536
0.7105702729039134	8290496.671525663
0.7117545566920868	7996621.443283479
0.7129408142865735	7984971.96683551
0.7141290489770512	8086442.070947306
0.7153192640586796	8328181.82508827
0.7165114628321108	9150476.020271717
0.7177056486034976	10808690.81187702
0.7189018246845036	12438474.134993643
0.7200999943923111	13351561.28476028
0.7213001610496316	14065723.893248063
0.7225023279847144	15921945.625631383
0.7237064985313556	18990060.19176176
0.7249126760289079	22063093.260176957
0.7261208638222895	24737376.922724195
0.7273310652619932	27299780.906546302
0.7285432837040966	30005041.38053905
0.72975752251027	32768490.50176518
0.7309737850477873	35048918.24542743
0.7321920746895336	36606895.12585151
0.7334123948140163	37735599.50686161
0.7346347488053729	38146673.01733781
0.7358591400533818	38112475.009791605
0.7370855719534709	41462631.072152786
0.7383140479067267	26119257.613409154
0.7395445713199046	36268734.18006919
0.7407771456054377	35257335.919541605
0.7420117741814469	34219133.52187096
0.7432484604717493	33028087.565500036
0.744487207905869	31728520.19592274
0.7457280199190454	30444339.739630572
0.7469708999522439	29195422.167029258
0.7482158514521644	27911871.60128007
0.7494628778712513	26509896.286228403
0.7507119826677034	25058695.451353535
0.7519631693054829	23677036.4707532
0.7532164412543255	22364061.707166795
0.7544718019897494	20998583.45384736
0.7557292549930656	19508152.663689114
0.7569888037513873	17808599.769533154
0.7582504517576398	15460643.425943881
0.7595142025105692	12644369.234491646
0.7607800595147535	9741294.431827206
0.7620480262806114	6788299.49381605
0.7633181063244125	4113757.000846808
0.7645903031682866	2237317.4035003185
0.7658646203402337	872067.0708999161
0.7671410613741342	163127.36264687392
0.7684196298097576	94670.72228678576
0.7697003291927741	309893.3822732602
0.770983163074762	891563.1075111164
0.77226813501322	1761519.3500105087
0.7735552485715754	3256004.6404950563
0.7748445073191947	5225374.345227118
0.7761359148313933	7579355.206965806
0.7774294746894457	10399172.2395396
0.7787251904805949	13299075.686103243
0.7800230657980626	16124085.171635767
0.7813231042410594	18827916.68680798
0.7826253094147945	21053719.094908167
0.7839296849304858	22850648.180816583
0.7852362344053699	24979533.089321945
0.7865449614627122	27840203.540733486
0.7878558697318168	30868436.367967147
0.7891689628480365	33600196.28429732
0.7904842444527834	36194093.18374419
0.791801718193538	39320012.47105972
0.7931213877238606	43164343.4007707
0.7944432567034004	47110828.46914042
0.795767328797906	50903617.252114125
0.7970936076792359	54729613.20081337
0.7984220970253681	59115707.88486599
0.7997528005204104	63986208.346320145
0.801085721854611	68339090.08252232
0.8024208647243688	71619599.71082024
0.8037582328322427	74554775.21971408
0.8050978298869632	77495223.4392806
0.8064396596034414	80456386.18325157
0.8077837257027807	83521692.36651921
0.8091300319122853	86727700.33075921
0.8104785819654725	90157737.66837619
0.8118293796020817	94073213.90893689
0.8131824285680851	97928938.15527137
0.8145377326156986	100282668.46792063
0.8158952955033916	101088332.93545374
0.8172551209958971	99612364.46951382
0.8186172128642236	94478487.39316623
0.819981574885664	90479381.75404781
0.8213482108438068	94685395.48582354
0.8227171245285466	103930679.5864282
0.8240883197360943	111220732.425171
0.8254618002689877	115506173.10636616
0.8268375699361028	118335708.05445436
0.828215632552663	119100329.24089798
0.8295959919402508	119396083.01297246
0.830978651926818	122045046.5329956
0.832363616346696	126703052.98543109
0.8337508890406071	130007913.4961589
0.8351404738556749	130511334.3237371
0.8365323746454344	130583610.39023359
0.8379265952698435	132163118.81285913
0.8393231395952933	134054188.44725747
0.8407220114946187	131066653.42915662
0.8421232148471098	121935952.02119167
0.8435267535385217	110257143.53956749
0.8449326314610859	95437624.0600357
0.8463408525135211	81616826.54471076
0.8477514206010437	79675769.64860846
0.8491643396353787	88132003.46533415
0.8505796135347711	97330696.76832186
0.8519972462239958	105621054.42407815
0.8534172416343692	114101204.43766162
0.8548396037037598	124134095.43897906
0.8562643363765994	134681913.01023474
0.8576914436038937	141962992.3956179
0.8591209293432337	144993628.99664727
0.8605527975588058	142357161.9145059
0.8619870522214037	128311480.85790788
0.8634236973084395	112605520.34632018
0.8648627368039535	112581205.64942586
0.8663041746986269	125044484.64549711
0.8677480149897913	126748127.2708849
0.8691942616814409	108183777.30061589
0.8706429187842434	88270151.1644741
0.8720939903155505	83533529.97268455
0.8735474802994098	88355015.90540867
0.8750033927665755	96338840.59660152
0.8764617317545198	107200129.59687108
0.8779225013074441	116278318.66817115
0.8793857054762898	119980829.37342341
0.8808513483187503	122247130.87529117
0.8823194338992816	128321107.78490368
0.8837899662891138	136815932.50698876
0.8852629495662623	136455185.37704295
0.8867383878155394	121391425.09457171
0.8882162851285654	107817424.88879994
0.8896966456037797	112589891.11322387
0.8911794733464526	127373763.32886341
0.8926647724686968	137071843.1279477
0.894152547089478	140267908.8819939
0.8956428013346271	144408768.23120022
0.8971355393368516	153332359.81410474
0.8986307652357465	162506550.96454924
0.9001284831778059	163848465.76602307
0.9016286973164357	158855881.6096902
0.9031314118119631	154288706.5182347
0.9046366308316498	151580750.84909815
0.9061443585497025	151826978.86500233
0.9076545991472854	159779630.66341507
0.9091673568125309	171602147.3101556
0.9106826357405519	179860612.4894178
0.9122004401334528	183894807.84466627
0.9137207742003418	188450944.50469834
0.9152436421573426	195790758.93026462
0.9167690482276047	204095657.1215429
0.9182969966413176	211754340.74972284
0.9198274916357196	218651340.92052376
0.9213605374551126	223123966.34664366
0.9228961383508711	223947014.47987196
0.924434298581456	223646581.50311145
0.9259750224124251	222900194.61307615
0.9275183141164459	221803828.03962296
0.9290641779733066	220024916.45899707
0.9306126182699289	217596538.96114776
0.9321636393003788	216464831.44442955
0.9337172453658794	218359629.04389453
0.9352734407748227	221397127.67955995
0.9368322298427807	224308616.6940296
0.9383936168925188	227239989.79183254
0.9399576062540064	231583615.18251252
0.9415242022644297	238072145.9995743
0.9430934092682037	245320885.35266352
0.9446652316169841	253160370.24406803
0.9462396736696792	260961108.43330765
0.947816739792462	266457182.39408907
0.9493964343587827	269477115.60980344
0.9509787617493808	272284476.34717506
0.9525637263522965	275494829.9593385
0.9541513325628838	278460471.9837721
0.9557415847838219	279727909.85702425
0.9573344874251283	279501516.48712766
0.9589300449041701	277180436.30283195
0.9605282616456772	272002053.13046724
0.9621291420817533	267035303.49752972
0.9637326906518895	264819008.73521417
0.9653389118029762	264467345.84898305
0.9669478099893144	266621880.08059436
0.96855938967263	271172381.2566195
0.9701736553220844	273768797.0883602
0.971790611414288	271577958.1423459
0.9734102624333119	267948796.49221385
0.9750326128707006	265650907.25439626
0.9766576672254852	264834662.77977684
0.9782854300041944	268557298.20822436
0.9799159057208682	278546984.91167754
0.9815490988970695	287049174.8759014
0.9831850140618982	286871060.5189201
0.9848236557520013	280449554.1543904
0.986465028511588	263522425.83682773
0.9881091368924407	235709354.54295656
0.9897559854539281	200613046.62253737
0.991405578763018	154456276.27375188
0.9930579213942898	111627971.36771734
0.994713017929947	98410308.11348581
0.9963708729598303	106478726.37615874
0.9980314910814301	114152859.78831732
0.9996948768998991	118504227.45962815
1.0013610350280657	121010906.72435352
1.0030299700864458	120576503.66308488
1.0047016867032565	119819912.45292522
1.0063761895144285	125860019.18982643
1.0080534831636194	138500368.47398898
1.0097335723022256	148238394.14248988
1.011416461589396	150377791.15346786
1.013102155692045	150291980.69375482
1.014790659284865	151865298.00669625
1.01648197705034	154706006.85058355
1.018176113678757	158170642.58162412
1.0198730738682218	162311176.33916104
1.021572862324669	165736367.2764634
1.0232754837618767	166778756.0896304
1.0249809429014798	166339116.53840756
1.0266892444729823	164146059.63888094
1.0284003932137706	160401015.58498022
1.030114393869127	158000464.53025723
1.0318312511922423	158630461.40771538
1.0335509699442293	162142252.7564786
1.0352735548941365	172786442.3288669
1.0369990108189602	187656165.65673596
1.0387273425036585	196854450.18975815
1.0404585547411644	197994675.62809712
1.0421926523323999	199600932.76977178
1.0439296400862872	207253505.03199893
1.0456695228197646	216821443.92923033
1.0474123053577973	220874668.83056334
1.0491579925333938	219827821.8310081
1.0509065891876161	221928120.12919116
1.0526581001695956	231184885.9136231
1.0544125303365448	241298508.407576
1.0561698845537726	245734085.03685474
1.0579301676946955	246328445.95001402
1.0596933846408534	246759743.0444007
1.0614595402819214	247337876.52394634
1.0632286395157247	246975628.84163532
1.065000687248251	244091694.40169027
1.0667756883936648	240605663.65944648
1.068553647874321	240255706.2029136
1.070334570620778	243020887.94369552
1.072118461571813	248150791.0127176
1.0739053256744326	256799699.95227996
1.07569516788389	265408187.22181562
1.0774879931636965	269707038.0011887
1.079283806485636	271386393.58921987
1.0810826128297788	274731364.19364923
1.0828844171844951	280462706.92082685
1.0846892245464692	286200545.86044294
1.0864970399207134	290666967.77293015
1.0883078683205814	294060003.3255976
1.0901217147677824	294858737.73825306
1.0919385842923954	293297064.97144777
1.0937584819328827	291226657.15867347
1.0955814127361043	288811190.739432
1.0974073817573313	287023017.63850754
1.09923639406026	287864806.14334387
1.1010684547170273	290101793.01142055
1.1029035688082225	290102467.1967036
1.1047417414229028	287174147.51339006
1.1065829776586076	284140272.2993861
1.108427282621372	282332266.1179342
1.110274661425741	281249305.5295269
1.112125119194784	281083288.22372866
1.1139786610601086	281766537.6408217
1.1158352921618757	283174588.86891246
1.117695017648812	285665563.72187126
1.1195578426782267	288811134.91776395
1.1214237724160239	293081605.85187286
1.1232928120367172	297932871.86240256
1.1251649667234453	301870704.3750718
1.1270402416679843	304523937.807945
1.1289186420707642	304713675.9493649
1.1308001731408823	299570171.0819171
1.1326848400961171	292535731.961883
1.1345726481629441	287648474.3830181
1.136463602576549	284863794.5799978
1.1383577085808434	284366086.6448674
1.1402549714284782	287347434.6215735
1.1421553963808588	292257816.66103435
1.1440589887081603	300212186.27412945
1.1459657536893408	309544788.9299922
1.1478756966121564	315392647.7001532
1.1497888227731765	316892859.23776597
1.1517051374777987	316882091.24262965
1.1536246460402617	315274671.65032643
1.155547353783662	313287346.3776107
1.1574732660399685	312745686.09714645
1.1594023881500348	313471241.7527078
1.1613347254636184	314589875.3110991
1.163270283339391	316039765.65877867
1.1652090671449569	314668881.4010303
1.1671510822568651	303636859.55121887
1.1690963340606266	287921964.20784694
1.1710448279507277	279804146.492398
1.1729965693306457	280821474.82230663
1.1749515636128636	280308267.4880075
1.176909816218885	272405201.3017483
1.17887133257925	264878980.19855553
1.1808361181335487	273577624.4056906
1.182804178330438	295375059.7822929
1.1847755186276552	313658664.4588196
1.1867501444920348	323822447.15368986
1.1887280613995215	329780619.6417711
1.1907092748351875	329480579.5078472
1.1926937902932462	324715428.73931354
1.1946816132770681	314065147.6655808
1.1966727492991969	297225416.9803573
1.1986672038813622	284319719.4139184
1.2006649825544977	282777973.69282824
1.2026660908587554	286752419.0801114
1.20467053434352	295055229.35092103
1.206678318567426	306257206.0567575
1.2086894490983717	312193467.8763955
1.2107039315135357	309361742.4170151
1.2127217713993916	306332025.64850473
1.214742974351724	310207595.49749935
1.2167675459756435	317282929.04313433
1.218795491885603	319525393.81885564
1.2208268177054122	316302971.0160686
1.2228615290682547	315334548.1032388
1.2248996316167018	321378680.58859223
1.2269411310027298	328961058.94553995
1.2289860328877344	331081192.9692393
1.2310343429425474	328867163.61077255
1.2330860668474517	326675308.94347346
1.2351412102921975	325125170.96791464
1.2371997789760178	321061087.38020873
1.2392617786076445	308746557.7771952
1.241327214905324	294046215.88656116
1.243396093596833	293617023.4335161
1.2454684204194943	308577544.41612774
1.2475442011201936	318538918.0025352
1.249623441455394	312290847.88890445
1.251706147191153	302883085.95931387
1.2537923241031383	306776863.60142714
1.2558819779766437	320599954.39811456
1.2579751146066047	330645090.7812669
1.2600717397976158	333524001.71492994
1.262171859363945	335552647.2001022
1.2642754791295518	340549039.82954663
1.266382604928101	346653587.75309265
1.2684932426029811	349595576.58499354
1.2706073980073196	349103682.62401
1.2727250770039986	348471263.65338737
1.274846285465672	348708476.2329942
1.2769710292747813	349379099.87182015
1.2790993143235727	350515785.20789367
1.2812311465141122	351720106.565222
1.2833665317583023	350180505.8020392
1.2855054759778997	344617406.1442516
1.2876479851045295	339150398.3947487
1.2897940650797037	336913635.2414536
1.2919437218548366	336665167.24508005
1.2940969613912614	338213784.8582111
1.2962537896602468	341519905.44320804
1.298414212643014	344695688.5550858
1.3005782363307525	347035287.3124845
1.302745866724637	348692908.83198196
1.304917109835845	348771087.4713984
1.3070919716855713	347789765.25870734
1.3092704583050472	347674901.0160542
1.3114525757355557	348931053.20934904
1.3136383300284484	349997980.5942708
1.3158277272451624	349573827.87820697
1.3180207734572378	348094108.5267746
1.3202174747463333	344866486.3631021
1.3224178372042439	339810128.00439113
1.3246218669329177	333131701.0190487
1.3268295700444726	323724812.4738068
1.3290409526612135	310323994.39423496
1.3312560209156488	284675708.5641439
1.3334747809505083	250836932.74891394
1.3356972389187591	222053517.727473
1.3379234009836238	201493669.72035298
1.3401532733185966	184817785.49349985
1.342386862107461	173620162.84389338
1.344624173544307	165518122.88427785
1.3468652138335475	159531231.37919044
1.3491099891899365	155441062.8487001
1.3513585058385866	150359304.09388882
1.3536107700149842	142850467.11474717
1.3558667879650093	136657939.1718597
1.358126565944951	138981822.49450943
1.360390110221526	147314188.87177563
1.3626574270718954	156231707.79778832
1.3649285227836818	165192272.8094972
1.367203403654988	172458297.82390606
1.369482075994413	175072703.08489415
1.3717645461210706	176010454.68370447
1.3740508203646056	180320834.67289025
1.3763409050652133	187634671.17949295
1.3786348065736556	190127669.91780344
1.3809325312512784	182665742.45357946
1.3832340854700305	173282961.50256565
1.3855394756124806	169363426.98657596
1.3878487080718347	168932449.28843236
1.3901617892519544	166244903.88235453
1.3924787255673745	160197816.085477
1.3947995234433201	154741200.20715323
1.3971241893157258	152834003.91981852
1.399452729631252	152913150.08622378
1.401785150847304	154643828.07911256
1.40412145943205	157611473.17189616
1.4064616618644366	157036690.54881757
1.4088057646342107	149595916.7898685
1.4111537742419344	141471034.56082886
1.4135056971990045	139201964.88971612
1.4158615400276693	140791898.94412425
1.418221309261049	141970463.04335892
1.4205850114431506	142241887.8696232
1.4229526531288894	142889979.15229678
1.425324240884104	145015703.60086206
1.4276997812855778	147452201.5473055
1.4300792809210539	147858178.0056723
1.4324627463892556	146444715.65585423
1.4348501842999046	145960531.87662405
1.4372416012737377	147602092.07268417
1.4396370039425272	150296601.8618219
1.442036398949098	154372823.24386644
1.4444397929473467	159268009.12623635
1.4468471926022592	163559402.33512047
1.4492586045899296	167004068.5677621
1.4516740355975797	170462975.16781628
1.4540934923235755	174394278.35265207
1.4565169814774481	178035167.74890453
1.4589445097799105	179015300.51650488
1.4613760839628773	177595561.8840507
1.4638117107694821	176096878.48917478
1.466251396954098	175007457.09843066
1.4686951492823548	174705238.2643183
1.471142974531159	176765489.81816563
1.4735948794887108	180190176.28691477
1.4760508709545253	182574119.29497567
1.4785109557394496	183526588.1020303
1.4809751406656821	184122847.53512055
1.4834434325667916	184547918.70082054
1.4859158382877364	184954851.78373843
1.4883923646848827	185655297.94067988
1.490873018626024	186615736.0308808
1.493357806990401	187582474.62197047
1.4958467366687183	188502302.36457568
1.4983398145631663	189295863.68635613
1.5008370475874384	189696735.83064643
1.5033384426667507	189838260.64697257
1.505844006737862	189850696.1861464
1.5083537467490917	189736020.50107628
1.5108676696603405	189807184.26435757
1.5133857824431078	190385671.55097517
1.5159080920805128	191166602.932986
1.518434605567314	191866607.99475235
1.5209653299099262	192464794.8629132
1.5235002721264426	192734785.3361788
1.5260394392466536	192467370.96267304
1.5285828383120648	191963490.4754099
1.5311304763759181	191190992.77744293
1.5336823605032115	190283049.35406235
1.5362384977707166	189570434.5907885
1.5387988952670015	189107032.15440667
1.5413635600924465	188777925.30522886
1.5439324993592671	188653722.28268436
1.5465057201915329	188468292.66952413
1.5490832297251855	187570081.42570588
1.5516650351080608	186077101.0105612
1.5542511434999076	184626962.99733958
1.5568415620724074	183358831.5480248
1.559436298009195	182131751.39650732
1.5620353585058768	180872041.08963308
1.5646387507700532	179577756.56281003
1.567246482021337	178178832.60886788
1.5698585594913725	176659740.86248866
1.5724749904238582	175111813.60461417
1.5750957820745648	173550190.52686322
1.5777209417113556	171973431.7285554
1.5803504766142082	170356476.62187618
1.5829843940752317	168693967.7247668
1.5856227013986908	166889201.27701548
1.5882654059010217	164863379.51096192
1.5909125149108567	162745375.4890912
1.5935640357690417	160532120.60743076
1.5962199758286568	158234051.53889322
1.598880342455038	155733537.1863065
1.6015451430257963	153001602.4581921
1.6042143849308395	150121453.63778526
1.6068880755723909	147005152.09033483
1.6095662223650118	143808545.23275864
1.6122488327356201	140685285.0665678
1.614935914123513	137633113.05661294
1.6176274739803853	134704300.52694082
1.6203235197703527	131964438.99526103
1.62302405896997	129416026.11869211
1.6257290990682536	127314712.15313907
1.6284386475667005	125505903.56525548
1.6311527119793119	123982988.38566075
1.6338712998326108	122768482.20053302
1.6365944186656651	121723756.47404076
1.6393220760301082	120936368.83173226
1.642054279490158	120260057.83315784
1.644791036622642	119634537.8707846
1.6475323550170131	119019817.89864135
1.6502782422753748	118121987.33630781
1.6530287060125004	116787570.23350236
1.6557837538558546	115345598.27597205
1.6585433934456146	113927502.56075387
1.6613076324346907	112296533.651838
1.6640764784887485	109194451.9971769
1.66684993928623	104574624.40206432
1.6696280225183737	101019966.91293657
1.6724107358892377	100275887.87331948
1.6751980871157197	100563620.05044363
1.6779900839275794	100702610.84532094
1.6807867340674587	100662018.20445682
1.6835880452909044	100125126.44853234
1.6863940253663894	98867811.36225806
1.6892046820753335	97401455.1990117
1.6920200232121256	95861387.66112094
1.694840056584146	94327561.25955336
1.6976647900117863	93086464.18950708
1.700494231328473	92167193.97509782
1.703328388380687	91453124.13154773
1.706167269027988	91058133.1654099
1.709010881143035	90654826.58351183
1.7118592326116067	89717813.09620783
1.714712331332626	88399503.8711844
1.7175701852181804	87255376.61811152
1.7204328021935444	86414151.18819676
1.7233001901972003	85478161.10229173
1.726172357180862	84050112.76365116
1.7290493111094971	82381122.0378301
1.7319310599613464	80816502.44732782
1.7348176117279486	79373200.31442596
1.737708974414162	77950900.4511334
1.7406051560381857	76535686.93839306
1.7435061646315826	75176132.792595
1.746412008239302	74039277.14474012
1.749322694919701	73039062.99977179
1.7522382327445671	71803557.12175548
1.7551586297991415	70211782.44213569
1.7580838941821402	68485321.86692728
1.761014034005777	66623063.972430274
1.7639490573957866	64774398.42402753
1.7668889724914467	63425285.379835546
1.769833787445599	62565432.24039498
1.7727835104246752	61485278.85792852
1.7757381496087163	59825536.07903435
1.7786977131913975	58023756.74041529
1.7816622093800498	56473698.35287262
1.7846316463956833	55089928.78876726
1.7876060324730094	53574955.32701641
1.7905853758604646	51869210.13489094
1.793569684820232	50446593.92010085
1.7965589676282658	49933313.282396495
1.7995532325743133	49774364.08940426
1.802552487961937	49047946.851950616
1.8055567421085403	47771561.37262106
1.8085660033453879	46860540.479993135
1.8115802800176304	46811346.424851485
1.8145995804843267	47042806.46845074
1.8176239131184673	47218044.44493192
1.820653286306998	47278964.7887063
1.823687708450843	46700469.29064755
1.8267271879649278	45274484.57871143
1.8297717332782029	44024684.95024402
1.8328213528336663	43771322.856539816
1.8358760550883895	43977816.21779522
1.8389358485135368	44049096.76309581
1.8420007415943929	43948246.874977745
1.8450707428303834	43514559.952415064
1.848145860735101	42496516.68789364
1.851226103836326	41222970.6035975
1.8543114806760534	39721305.45940461
1.8574019998105136	38140535.11941232
1.8604976698101978	37192704.740356386
1.8635984992598815	37102621.89037096
1.8667044967586481	37252340.71113982
1.8698156709199125	37536327.74321327
1.8729320303714458	38003360.809787974
1.8760535837553982	39121782.55884975
1.879180339728324	40815972.960056946
1.8823123069612047	42093303.83312533
1.8854494941394733	42458575.658611014
1.8885919099630393	42611159.98281698
1.8917395631463112	43073468.440684676
1.8948924624182215	43656732.37578132
1.8980506165222522	43524588.331217386
1.9012140342164559	42458661.18293211
1.9043827242734832	41500217.0410864
1.907556695480606	41331308.84550828
1.9107359566397404	41424930.77439526
1.9139205165674735	40973819.24459
1.9171103840950858	40016960.24699923
1.9203055680685779	39113504.96921642
1.923506077348692	38426249.04753378
1.92671192081094	37825984.22782056
1.9299231073456249	37294477.09441721
1.9331396458578678	36780634.57059871
1.9363615452676308	36058658.63616454
1.9395888145097437	35087968.15017363
1.9428214625339266	34470651.493992835
1.9460594983048167	34867912.73012843
1.9493029308019916	35563229.30208839
1.952551769019995	35431296.48897764
1.9558060219683617	34583835.07592256
1.9590656986716424	34202827.376906514
1.9623308081694284	34796771.52699008
1.9656013595163775	35502788.56440326
1.9688773617822382	35543392.71082714
1.9721588240518755	35202589.64234224
1.975445755425295	35172323.35075595
1.9787381650176707	35557362.90993997
1.9820360619593669	35902700.486198604
1.985339455395966	35946603.226700895
1.9886483544882927	35888753.05696387
1.99196276841244	35986253.06811656
1.9952827063597942	36222806.013075896
1.9986081775370603	36456947.6809406
2.001939191166289	36656920.08028504
2.0052757564848993	36814376.16273498
2.0086178827457077	36860615.63533156
2.011965579216951	36846174.84669873
2.0153188551823122	36889656.80033533
2.01867771994095	37004961.2744536
2.022042182807518	37057786.561602585
2.0254122531121976	36928310.24511623
2.0287879402007176	36741718.72267106
2.0321692534343856	36659138.47062633
2.0355562021901097	36665745.47227495
2.038948795860427	36655200.95474307
2.0423470438535274	36598030.56819331
2.0457509555932836	36515429.334473595
2.049160540519272	36393457.983014256
2.0525758080868046	36245732.589858465
2.0559967677669495	36082848.33320972
2.059423429046561	35904209.693428025
2.0628558014283054	35727934.787526995
2.066293894430686	35564257.80971734
2.0697377175880702	35395634.509206414
2.073187280450717	35178821.67176106
2.0766425925848018	34922790.97379374
2.0801036635724435	34678538.06199015
2.083570503011731	34460853.283282965
2.0870431205167503	34243812.34694024
2.090521525717612	34004710.48748914
2.0940057282604747	33753187.03826611
2.0974957378075754	33506380.67924432
2.1009915640372547	33266049.528615832
2.1044932166439834	33027462.0781008
2.10800070533839	32790477.8391197
2.1115140398472874	32553356.77339927
2.1150332299137	32313249.71110814
2.1185582852968894	32070946.56142319
2.1220892157723843	31831805.61702243
2.125626031132005	31598290.387938585
2.1291687411838915	31366410.57645377
2.1327173557525314	31135286.8039119
2.136271884678786	30904235.621294357
2.1398323378199176	30671500.3562246
2.143398725049617	30436630.72861295
2.1469710562580335	30196803.59984158
2.150549341351797	29947114.928226735
2.15413359025405	29689693.1956196
2.1577238129044733	29415823.854276642
2.1613200192593145	29130450.833398852
2.1649222192914133	28861307.4103796
2.1685304229902322	28619194.00483793
2.172144640361883	28370664.230752278
2.175764881429153	28080200.738733895
2.1793911562315347	27760828.409892842
2.183023474825254	27406624.530926757
2.1866618472832964	27009222.269736182
2.1903062836954352	26496107.739932448
2.193956794168261	25749752.442327436
2.197613388825208	24942981.491208114
2.201276077806584	24271084.590629745
2.2049448712695945	23733784.406275775
2.2086197793883775	23487620.30265695
2.212300812354025	23662873.88798879
2.215987980374615	23868531.293526467
2.2196812936752393	23832269.94619274
2.2233807624980315	23650808.15295285
2.227086397102195	23387767.345676985
2.230798207764032	23044605.328686975
2.2345162047769724	22687286.016696032
2.2382403984516004	22328835.460088953
2.2419707991156868	21985926.082710844
2.245707417114213	21712380.6556003
2.249450262809403	21488823.97815652
2.2531993465807525	21240429.083142113
2.256954678825054	20949756.61786907
2.260716269956429	20703738.747759096
2.2644841304063563	20621612.282453172
2.2682582706237007	20608418.606344156
2.2720387010747403	20480358.856308103
2.275825432243198	20226740.904499434
2.27961847463027	19954953.784075532
2.283417838754654	19688043.63719292
2.2872235351525787	19451506.757480178
2.291035574377833	19334842.945223287
2.294853967001796	19325047.229067888
2.298678723613466	19489159.111895043
2.302509854819488	19887431.288533144
2.3063473712441875	20216158.027329262
2.3101912835295946	20177650.15946551
2.314041602335477	19920293.93109739
2.31789833833937	19496922.407613095
2.321761502236602	18916405.758294225
2.3256311047403297	18370548.652566887
2.3295071565815637	17944971.57980221
2.3333896685092	17608826.07283935
2.3372786512900485	17461237.268546432
2.3411741157088657	17462786.893652014
2.3450760725683804	17588566.022067145
2.348984532689328	17872104.714752704
2.3528995069104766	18196544.871471357
2.356821006088661	18528636.894951206
2.360749041098809	18798637.61931264
2.3646836228339736	18681096.56921552
2.3686247622053638	18182685.68346651
2.3725724701423725	17757713.387563147
2.37652675759261	17591306.07656018
2.380487635521931	17594739.341482114
2.3844551149144677	17911839.640160006
2.388429206772659	18438845.16756233
2.39240992211728	18871242.855166554
2.3963972719874755	19145395.016388435
2.400391267440788	19359054.011327554
2.4043919195531895	19507848.640669204
2.408399239419112	19614062.411800195
2.412413238151477	19660482.884438947
2.4164339268817296	19652939.492898755
2.420461316759866	19685102.629703872
2.4244954189544656	19807825.394014824
2.428536244652723	19929827.201044682
2.432583805060478	19929425.663841214
2.4366381114022455	19847338.591267746
2.440699174921249	19791984.76705011
2.4447670068794514	19783574.19050062
2.4488416185575836	19816264.096377462
2.4529230212551796	19930177.690228604
2.457011226290605	20078378.381707605
2.4611062450010897	20198358.453307815
2.465208088742758	20281540.705700837
2.4693167688906628	20249530.34411791
2.4734322968388143	20012673.594505157
2.4775546840002125	19768934.437401973
2.4816839418068795	19756155.34699141
2.4858200817098908	19904139.935560293
2.4899631151794077	19589041.552377097
2.4941130537047065	12482511.286016677
