0.7011666666666666	10126.554593465802
0.7023352777777778	10951.68834673424
0.7035058365740741	11388.495795177501
0.7046783463016977	11844.253217704954
0.7058528102122005	12315.946183147998
0.7070292315625542	12797.97578958675
0.7082076136151585	13288.979060884662
0.7093879596378504	13789.450601025374
0.7105702729039134	14298.146756941009
0.7117545566920868	14819.7115039695
0.7129408142865735	15313.665185181908
0.7141290489770512	15667.525765434335
0.7153192640586796	15918.73159932367
0.7165114628321108	16205.401564366992
0.7177056486034976	16562.706932589823
0.7189018246845036	17012.770795644443
0.7200999943923111	17681.38970753237
0.7213001610496316	18432.162161293185
0.7225023279847144	18965.954395855686
0.7237064985313556	19268.866259395498
0.7249126760289079	19601.725003742013
0.7261208638222895	20072.350820450447
0.7273310652619932	20545.884654031543
0.7285432837040966	20817.698209769555
0.72975752251027	20957.03173356718
0.7309737850477873	21265.149430664507
0.7321920746895336	21835.01357248725
0.7334123948140163	22397.242089610194
0.7346347488053729	22749.470797551963
0.7358591400533818	22993.03821503513
0.7370855719534709	23242.308500389092
0.7383140479067267	23501.513918853456
0.7395445713199046	23736.501696855765
0.7407771456054377	23919.191211708843
0.7420117741814469	24070.245063187936
0.7432484604717493	24169.251155309747
0.744487207905869	24227.04531909764
0.7457280199190454	24249.442378723965
0.7469708999522439	24224.91510421039
0.7482158514521644	24138.110390129725
0.7494628778712513	23908.8596167102
0.7507119826677034	23600.514056487424
0.7519631693054829	23254.731953550752
0.7532164412543255	22872.545730186022
0.7544718019897494	22450.741267908834
0.7557292549930656	21961.23695147968
0.7569888037513873	21376.57980155827
0.7582504517576398	20511.60448186478
0.7595142025105692	19351.79621994267
0.7607800595147535	17331.328477188064
0.7620480262806114	14148.090339286759
0.7633181063244125	10630.721318473745
0.7645903031682866	6953.494517185017
0.7658646203402337	3494.4100670046414
0.7671410613741342	1738.9512146218096
0.7684196298097576	1701.121823697453
0.7697003291927741	2287.165786294325
0.770983163074762	8804.755720494744
0.77226813501322	6602.991319927631
0.7735552485715754	9612.56151996955
0.7748445073191947	13021.611533583888
0.7761359148313933	16771.2513112534
0.7774294746894457	20924.839928824334
0.7787251904805949	25051.313225185393
0.7800230657980626	28852.582458671066
0.7813231042410594	32458.632947251815
0.7826253094147945	35846.12953512734
0.7839296849304858	39033.99282611671
0.7852362344053699	42243.65248262486
0.7865449614627122	45544.90699120974
0.7878558697318168	48929.888812289
0.7891689628480365	52506.08137876533
0.7904842444527834	56231.93359813687
0.791801718193538	60122.84472658952
0.7931213877238606	64217.301787775374
0.7944432567034004	68404.80654817367
0.795767328797906	72710.45629975552
0.7970936076792359	77116.93889775485
0.7984220970253681	81752.44443077834
0.7997528005204104	86606.75727022268
0.801085721854611	91569.0153255468
0.8024208647243688	96668.92065819682
0.8037582328322427	101807.29379387324
0.8050978298869632	106910.11012459066
0.8064396596034414	111923.09908201346
0.8077837257027807	116387.14037156625
0.8091300319122853	120134.61195862941
0.8104785819654725	123485.13222964699
0.8118293796020817	126214.00417046332
0.8131824285680851	129098.66787718893
0.8145377326156986	134298.76768099944
0.8158952955033916	141669.89910651735
0.8172551209958971	149800.66709227837
0.8186172128642236	158755.30667918955
0.819981574885664	167382.5408032587
0.8213482108438068	173885.64074355664
0.8227171245285466	179554.7205465927
0.8240883197360943	189393.00055384834
0.8254618002689877	204514.5200389449
0.8268375699361028	218903.14398067363
0.828215632552663	228729.58321776614
0.8295959919402508	236778.13923768516
0.830978651926818	246213.59569970262
0.832363616346696	256988.34234674263
0.8337508890406071	268280.01348795986
0.8351404738556749	280181.488124964
0.8365323746454344	292910.8021783848
0.8379265952698435	307840.90894202504
0.8393231395952933	324215.6230137127
0.8407220114946187	341028.6476090022
0.8421232148471098	358269.3184540138
0.8435267535385217	375969.22323549725
0.8449326314610859	394545.8805997776
0.8463408525135211	413596.7136214229
0.8477514206010437	433035.4801904729
0.8491643396353787	452870.97278584435
0.8505796135347711	473549.86174499936
0.8519972462239958	495572.5301484297
0.8534172416343692	518243.59318851127
0.8548396037037598	541697.0490877181
0.8562643363765994	565751.1240238536
0.8576914436038937	590641.1834710294
0.8591209293432337	616510.1351507878
0.8605527975588058	643013.5547225528
0.8619870522214037	670527.2235358711
0.8634236973084395	698631.0326712669
0.8648627368039535	727416.9092346624
0.8663041746986269	756815.547541495
0.8677480149897913	786718.8200375381
0.8691942616814409	817329.170089621
0.8706429187842434	848570.4289354363
0.8720939903155505	881149.8894114417
0.8735474802994098	914639.9919361537
0.8750033927665755	948818.2287527699
0.8764617317545198	983761.7713975741
0.8779225013074441	1019408.9264484165
0.8793857054762898	1056295.2468638027
0.8808513483187503	1093735.0113308285
0.8823194338992816	1131236.5302861931
0.8837899662891138	1168241.3810960907
0.8852629495662623	1199155.0422064473
0.8867383878155394	1219951.0597155832
0.8882162851285654	1228302.9645737864
0.8896966456037797	1205656.066322983
0.8911794733464526	1167449.2013788803
0.8926647724686968	1146981.8643962212
0.894152547089478	1148421.536207734
0.8956428013346271	1158110.9848172725
0.8971355393368516	1177495.2196006232
0.8986307652357465	1213318.8303909262
0.9001284831778059	1306577.0530735664
0.9016286973164357	1444953.2249367146
0.9031314118119631	1570033.7216982334
0.9046366308316498	1665598.572059438
0.9061443585497025	1739646.253962971
0.9076545991472854	1771310.4775759075
0.9091673568125309	1781140.0937003838
0.9106826357405519	1806482.1509240412
0.9122004401334528	1850094.0415676031
0.9137207742003418	1883594.32217462
0.9152436421573426	1887879.4535308946
0.9167690482276047	1896912.0142280986
0.9182969966413176	1979205.84819711
0.9198274916357196	2115054.9363892875
0.9213605374551126	2203101.3763481425
0.9228961383508711	2204911.1346032815
0.924434298581456	2084534.9045302365
0.9259750224124251	1659286.8741720743
0.9275183141164459	1094791.4724201527
0.9290641779733066	731055.7058605662
0.9306126182699289	601061.5405806634
0.9321636393003788	561080.5583599219
0.9337172453658794	629127.3467923842
0.9352734407748227	765553.2856988945
0.9368322298427807	1018061.8727680696
0.9383936168925188	1346584.5346964754
0.9399576062540064	1544986.1641544807
0.9415242022644297	1533854.170319955
0.9430934092682037	1464727.8796560233
0.9446652316169841	1385496.4119841065
0.9462396736696792	1306807.4834961887
0.947816739792462	1265894.9185558024
0.9493964343587827	1266401.2833275422
0.9509787617493808	1284172.7447838888
0.9525637263522965	1323616.0526497748
0.9541513325628838	1357890.1628505853
0.9557415847838219	1335247.3370991035
0.9573344874251283	1275348.1237852166
0.9589300449041701	1272250.3511549786
0.9605282616456772	1359662.7357240366
0.9621291420817533	1494348.4289130096
0.9637326906518895	1700222.3088468474
0.9653389118029762	1950425.1855609568
0.9669478099893144	2240847.5731900907
0.96855938967263	2566468.1758701396
0.9701736553220844	2821539.144410532
0.971790611414288	2920448.377314464
0.9734102624333119	2979581.0512303407
0.9750326128707006	3111337.8862574906
0.9766576672254852	3298867.2559599853
0.9782854300041944	3499950.3017591992
0.9799159057208682	3713317.7484145192
0.9815490988970695	3939323.2538201693
0.9831850140618982	4192421.3274606867
0.9848236557520013	4465246.647073253
0.986465028511588	4771574.684652819
0.9881091368924407	5109956.012587452
0.9897559854539281	5430594.136329843
0.991405578763018	5705273.594976184
0.9930579213942898	5952804.852236075
0.994713017929947	6156244.934903936
0.9963708729598303	6321003.782235494
0.9980314910814301	6418493.473443727
0.9996948768998991	6427666.933723316
1.0013610350280657	6471246.797749793
1.0030299700864458	6669639.111077781
1.0047016867032565	6937885.293664611
1.0063761895144285	7156630.591944024
1.0080534831636194	7321446.055774297
1.0097335723022256	7466824.5937412735
1.011416461589396	7589393.325923178
1.013102155692045	7684592.78023821
1.014790659284865	7702805.671761806
1.01648197705034	7671412.260470721
1.018176113678757	7678637.099580865
1.0198730738682218	7746571.594256164
1.021572862324669	7861843.314428076
1.0232754837618767	8067624.525944263
1.0249809429014798	8321638.86887659
1.0266892444729823	8595714.392700523
1.0284003932137706	8876699.1652556
1.030114393869127	9005576.665052302
1.0318312511922423	8843121.964608006
1.0335509699442293	8643495.321780045
1.0352735548941365	8681561.174089149
1.0369990108189602	8881435.776911343
1.0387273425036585	9062246.839663908
1.0404585547411644	9198613.706301713
1.0421926523323999	9315326.891566727
1.0439296400862872	9406088.810050894
1.0456695228197646	9481507.051825998
1.0474123053577973	9540742.224386334
1.0491579925333938	9585547.625577096
1.0509065891876161	9635505.365850307
1.0526581001695956	9698529.251871133
1.0544125303365448	9754671.00132813
1.0561698845537726	9768637.461130258
1.0579301676946955	9753111.44836474
1.0596933846408534	9727312.35068524
1.0614595402819214	9690519.385455094
1.0632286395157247	9639014.701850828
1.065000687248251	9555615.163791189
1.0667756883936648	9457045.022858486
1.068553647874321	9357575.1729041
1.070334570620778	9257717.480338685
1.072118461571813	9156538.797165487
1.0739053256744326	9053277.31305242
1.07569516788389	8955449.143776013
1.0774879931636965	8880213.437837942
1.079283806485636	8815914.81411806
1.0810826128297788	8720720.86416307
1.0828844171844951	8582435.36629969
1.0846892245464692	8387042.686259806
1.0864970399207134	8070139.055874842
1.0883078683205814	7666401.759469952
1.0901217147677824	7099643.774904138
1.0919385842923954	6387478.7658570865
1.0937584819328827	5673409.705824347
1.0955814127361043	4989831.746058562
1.0974073817573313	4308540.2568824245
1.09923639406026	3602974.2673654696
1.1010684547170273	2897632.091431031
1.1029035688082225	2318636.4255189816
1.1047417414229028	1900323.9991070747
1.1065829776586076	1536208.982334823
1.108427282621372	1225578.76754064
1.110274661425741	950162.199284257
1.112125119194784	733714.6648267892
1.1139786610601086	574088.8508241419
1.1158352921618757	484607.0977364567
1.117695017648812	505044.53450962034
1.1195578426782267	566643.6564966862
1.1214237724160239	654954.5759999729
1.1232928120367172	764034.2572946392
1.1251649667234453	905882.1176679739
1.1270402416679843	1080933.7520689026
1.1289186420707642	1150596.1769587542
1.1308001731408823	950172.721406447
1.1326848400961171	696780.279090347
1.1345726481629441	764837.8509052333
1.136463602576549	1107606.1185905684
1.1383577085808434	1384248.1311196296
1.1402549714284782	1491958.0471732675
1.1421553963808588	1528486.6269355991
1.1440589887081603	1493025.5900339133
1.1459657536893408	1411953.1746871343
1.1478756966121564	1315580.0253400088
1.1497888227731765	1204687.761882539
1.1517051374777987	1095849.3094169558
1.1536246460402617	998657.8449045374
1.155547353783662	916757.8635664814
1.1574732660399685	885348.062987365
1.1594023881500348	900712.0697710058
1.1613347254636184	967964.4207975904
1.163270283339391	1112002.208988314
1.1652090671449569	1267222.563158106
1.1671510822568651	1385906.9702750135
1.1690963340606266	1480486.4615940955
1.1710448279507277	1558109.1667030295
1.1729965693306457	1621515.6799059815
1.1749515636128636	1758658.9942851753
1.176909816218885	2071411.8345471895
1.17887133257925	2455672.6378084174
1.1808361181335487	2833990.1243785955
1.182804178330438	3204577.638289349
1.1847755186276552	3561484.1273977747
1.1867501444920348	3896748.1921035643
1.1887280613995215	4204935.894668698
1.1907092748351875	4444494.879619576
1.1926937902932462	4650816.435806922
1.1946816132770681	4901729.947961158
1.1966727492991969	5205528.760943026
1.1986672038813622	5505558.797167153
1.2006649825544977	5775401.028183416
1.2026660908587554	6034286.477447889
1.20467053434352	6297899.522847604
1.206678318567426	6561373.2629581895
1.2086894490983717	6778279.560048798
1.2107039315135357	6921987.38858472
1.2127217713993916	7068537.6254452
1.214742974351724	7286537.1231462015
1.2167675459756435	7540389.833955168
1.218795491885603	7762294.696931841
1.2208268177054122	7949169.614860195
1.2228615290682547	8188255.132868847
1.2248996316167018	8554814.706647743
1.2269411310027298	8961557.910691833
1.2289860328877344	9323080.238753762
1.2310343429425474	9648688.681727404
1.2330860668474517	9978927.81852837
1.2351412102921975	10321759.801438002
1.2371997789760178	10666214.749483174
1.2392617786076445	11004686.586227309
1.241327214905324	11346947.262432879
1.243396093596833	11734677.743084542
1.2454684204194943	12169961.57027799
1.2475442011201936	12576388.290402789
1.249623441455394	12903713.847273879
1.251706147191153	13227971.126760248
1.2537923241031383	13670129.433258913
1.2558819779766437	14200691.841278924
1.2579751146066047	14705214.109967634
1.2600717397976158	15155757.640911087
1.262171859363945	15558256.197287852
1.2642754791295518	15857362.67440397
1.266382604928101	16067901.52638769
1.2684932426029811	16067923.374174962
1.2706073980073196	15846187.76836641
1.2727250770039986	15578707.456436567
1.274846285465672	15290128.666787531
1.2769710292747813	14941407.493836163
1.2790993143235727	14370684.668717863
1.2812311465141122	13636482.239694096
1.2833665317583023	12928340.841120118
1.2855054759778997	12284095.795238286
1.2876479851045295	11717503.196711782
1.2897940650797037	11332799.926718576
1.2919437218548366	11050806.032280648
1.2940969613912614	10814087.061768379
1.2962537896602468	10617552.15551444
1.298414212643014	10394833.561063977
1.3005782363307525	10106452.274986418
1.302745866724637	9820754.4391187
1.304917109835845	9645980.294657137
1.3070919716855713	9538789.420553576
1.3092704583050472	9299549.853107078
1.3114525757355557	8864212.675167874
1.3136383300284484	8471279.841972204
1.3158277272451624	8335934.057995944
1.3180207734572378	8275054.235527728
1.3202174747463333	7867408.19294452
1.3224178372042439	7093222.760689379
1.3246218669329177	6148514.627525521
1.3268295700444726	4975108.141795652
1.3290409526612135	3746630.177018618
1.3312560209156488	2625568.421569494
1.3334747809505083	1610072.2513819789
1.3356972389187591	857488.4508951979
1.3379234009836238	464914.3624304233
1.3401532733185966	208676.46834874447
1.342386862107461	97388.45909854493
1.344624173544307	61094.109535975396
1.3468652138335475	39760.684935984515
1.3491099891899365	30119.273434875096
1.3513585058385866	22468.009868275596
1.3536107700149842	15412.676204549334
1.3558667879650093	9576.76552575927
1.358126565944951	7766.122439984385
1.360390110221526	8940.049261367854
1.3626574270718954	11760.70318584303
1.3649285227836818	16472.91387537869
1.367203403654988	20797.169519199215
1.369482075994413	22887.22737532538
1.3717645461210706	25743.02062191049
1.3740508203646056	39163.56824288878
1.3763409050652133	61871.328804134726
1.3786348065736556	71241.48067904304
1.3809325312512784	52811.68434024372
1.3832340854700305	29264.174692058157
1.3855394756124806	21915.532993677432
1.3878487080718347	25482.697378706773
1.3901617892519544	27378.748185086566
1.3924787255673745	25919.256395316897
1.3947995234433201	25533.401958674403
1.3971241893157258	29967.584778516746
1.399452729631252	36282.77926252594
1.401785150847304	40293.11025687799
1.40412145943205	41933.29269924015
1.4064616618644366	41908.83097773258
1.4088057646342107	39400.67954026574
1.4111537742419344	36930.87139384603
1.4135056971990045	37651.77866057671
1.4158615400276693	40501.51138134071
1.418221309261049	43370.28758896098
1.4205850114431506	46322.06853291916
1.4229526531288894	55799.45652061375
1.425324240884104	82122.45536818072
1.4276997812855778	112165.58730773846
1.4300792809210539	120003.17114295729
1.4324627463892556	107438.74024778548
1.4348501842999046	98343.10782695813
1.4372416012737377	100513.38754139241
1.4396370039425272	112902.06893461011
1.442036398949098	149608.869632484
1.4444397929473467	203332.23162761904
1.4468471926022592	267320.1341053383
1.4492586045899296	342812.0186583528
1.4516740355975797	419248.8582711418
1.4540934923235755	491871.86854753515
1.4565169814774481	551602.2693074355
1.4589445097799105	552437.5140617723
1.4613760839628773	499909.7525245117
1.4638117107694821	439841.61867452605
1.466251396954098	378495.18838300643
1.4686951492823548	325032.7318485822
1.471142974531159	301274.12957198685
1.4735948794887108	297329.96812900656
1.4760508709545253	301412.51047631557
1.4785109557394496	313851.577766549
1.4809751406656821	328374.81899378164
1.4834434325667916	343891.1137656979
1.4859158382877364	361936.2824946884
1.4883923646848827	390624.2596255709
1.490873018626024	429942.72875734064
1.493357806990401	485861.4170203687
1.4958467366687183	568096.7088880409
1.4983398145631663	650855.9580686252
1.5008370475874384	707739.8419674885
1.5033384426667507	743004.3497060625
1.505844006737862	735300.5970323345
1.5083537467490917	677613.0465394603
1.5108676696603405	630763.3064293778
1.5133857824431078	633611.1038163177
1.5159080920805128	671621.4561988576
1.518434605567314	778200.2275566417
1.5209653299099262	941799.3925269722
1.5235002721264426	1091407.5005585402
1.5260394392466536	1206171.8274382676
1.5285828383120648	1317983.2656565006
1.5311304763759181	1454072.4095285942
1.5336823605032115	1603312.073329226
1.5362384977707166	1740642.3667478438
1.5387988952670015	1863599.8222284159
1.5413635600924465	2003083.5487613468
1.5439324993592671	2187569.1331701577
1.5465057201915329	2388756.884861313
1.5490832297251855	2578795.107575064
1.5516650351080608	2761446.786001542
1.5542511434999076	2971881.9450907568
1.5568415620724074	3229678.2175640543
1.559436298009195	3510746.6583334818
1.5620353585058768	3823611.4699113676
1.5646387507700532	4152722.241846732
1.567246482021337	4463271.046318175
1.5698585594913725	4749179.715229063
1.5724749904238582	4998862.828407555
1.5750957820745648	5175403.344261296
1.5777209417113556	5325984.823816945
1.5803504766142082	5494838.539991411
1.5829843940752317	5674896.997151375
1.5856227013986908	5804957.542128326
1.5882654059010217	5852071.149523678
1.5909125149108567	5868311.379343011
1.5935640357690417	5858988.517421777
1.5962199758286568	5827961.396262205
1.598880342455038	5747910.952938787
1.6015451430257963	5611464.55263808
1.6042143849308395	5433005.538197097
1.6068880755723909	5182984.829631862
1.6095662223650118	4899927.806382422
1.6122488327356201	4597149.509704598
1.614935914123513	4278475.121056683
1.6176274739803853	3952528.207363961
1.6203235197703527	3618640.236701697
1.62302405896997	3305196.030386524
1.6257290990682536	3063349.184652632
1.6284386475667005	2871838.006865861
1.6311527119793119	2749164.229771678
1.6338712998326108	2700782.4143334664
1.6365944186656651	2672357.203217028
1.6393220760301082	2659954.326006365
1.642054279490158	2664487.194754904
1.644791036622642	2716783.86000153
1.6475323550170131	2801403.201847392
1.6502782422753748	2835226.790426207
1.6530287060125004	2786222.0440735477
1.6557837538558546	2727746.2562895194
1.6585433934456146	2706821.274671009
1.6613076324346907	2674112.5206393455
1.6640764784887485	2429965.075134109
1.66684993928623	1966838.300997216
1.6696280225183737	1661524.6126361517
1.6724107358892377	1770032.5927373813
1.6751980871157197	2012793.353691938
1.6779900839275794	2156243.1477364963
1.6807867340674587	2214784.7023314196
1.6835880452909044	2204903.0085881003
1.6863940253663894	2104758.1782856476
1.6892046820753335	1988102.4725591054
1.6920200232121256	1890970.1639639197
1.694840056584146	1808415.3385557202
1.6976647900117863	1752098.7281570458
1.700494231328473	1724444.3592207555
1.703328388380687	1724663.0465491794
1.706167269027988	1773200.219180939
1.709010881143035	1828865.2839440503
1.7118592326116067	1838907.8858265816
1.714712331332626	1814549.5834246913
1.7175701852181804	1788229.7049408734
1.7204328021935444	1763433.0576030912
1.7233001901972003	1729448.1915017648
1.726172357180862	1667691.1885233854
1.7290493111094971	1593244.9795865142
1.7319310599613464	1530194.728976149
1.7348176117279486	1479358.0684872323
1.737708974414162	1425352.8393790107
1.7406051560381857	1361178.9723744867
1.7435061646315826	1295904.0568788399
1.746412008239302	1241374.0845345443
1.749322694919701	1191986.4492351257
1.7522382327445671	1117001.4859870544
1.7551586297991415	1004825.8202020128
1.7580838941821402	887903.3902974827
1.761014034005777	783109.2765116272
1.7639490573957866	688084.6418105323
1.7668889724914467	614729.6373769819
1.769833787445599	562833.5686887158
1.7727835104246752	511464.58964727016
1.7757381496087163	454872.9676939489
1.7786977131913975	398445.3263447718
1.7816622093800498	350191.6803043095
1.7846316463956833	307191.9421113212
1.7876060324730094	259116.79695455518
1.7905853758604646	203812.4993443772
1.793569684820232	159837.32026181414
1.7965589676282658	151963.96572779972
1.7995532325743133	158992.81947291782
1.802552487961937	148284.61232298176
1.8055567421085403	119915.7113053346
1.8085660033453879	98476.88447216224
1.8115802800176304	95426.32471371912
1.8145995804843267	99244.70570437847
1.8176239131184673	105312.55627189795
1.820653286306998	111357.32264953588
1.823687708450843	103977.99035762771
1.8267271879649278	78451.15265162132
1.8297717332782029	54489.05122868313
1.8328213528336663	45904.45245590227
1.8358760550883895	46422.53522267755
1.8389358485135368	56149.74471904117
1.8420007415943929	74033.66378110375
1.8450707428303834	86928.55173463885
1.848145860735101	88207.10901393417
1.851226103836326	84490.75906296785
1.8543114806760534	76505.84281457071
1.8574019998105136	65597.89534891325
1.8604976698101978	54110.92228999634
1.8635984992598815	42285.32499958653
1.8667044967586481	33215.22998464421
1.8698156709199125	31624.89585165825
1.8729320303714458	37946.61346449917
1.8760535837553982	68137.20515365775
1.879180339728324	119222.79671357702
1.8823123069612047	152879.74425061478
1.8854494941394733	149220.8479156921
1.8885919099630393	137227.1804596311
1.8917395631463112	139313.5864003135
1.8948924624182215	148803.5697150861
1.8980506165222522	141678.6447487206
1.9012140342164559	112411.6605891798
1.9043827242734832	85632.61832036242
1.907556695480606	77435.2928130264
1.9107359566397404	77615.70667414981
1.9139205165674735	76674.85467998637
1.9171103840950858	74224.1941060361
1.9203055680685779	69233.47298566237
1.923506077348692	60046.99754291676
1.92671192081094	50515.04527689127
1.9299231073456249	44557.71685201423
1.9331396458578678	41144.52189768678
1.9363615452676308	39558.35003989022
1.9395888145097437	40132.018067937744
1.9428214625339266	42578.94368371611
1.9460594983048167	48590.347464473554
1.9493029308019916	55697.03101187814
1.952551769019995	60130.27284165853
1.9558060219683617	62423.281253850604
1.9590656986716424	68450.33221072477
1.9623308081694284	81464.62318048923
1.9656013595163775	94485.24577160475
1.9688773617822382	99909.06037230804
1.9721588240518755	100788.0650909921
1.975445755425295	103659.27780395908
1.9787381650176707	109545.94713516784
1.9820360619593669	118749.66985308575
1.985339455395966	134565.08350865325
1.9886483544882927	153378.3679669093
1.99196276841244	172579.1902530992
1.9952827063597942	190723.17316125758
1.9986081775370603	328752.9651329001
2.001939191166289	197032.963018834
2.0052757564848993	212325.1916003034
2.0086178827457077	218426.15766607464
2.011965579216951	225949.4673519536
2.0153188551823122	227655.08210374755
2.01867771994095	222370.04589953576
2.022042182807518	220104.5038853295
2.0254122531121976	228294.6746457126
2.0287879402007176	241265.45441144734
2.0321692534343856	255631.8152329263
2.0355562021901097	271112.50900376134
2.038948795860427	287104.1349731331
2.0423470438535274	303706.0988410201
2.0457509555932836	319934.4985574931
2.049160540519272	334278.52551081276
2.0525758080868046	347393.2093776116
2.0559967677669495	359770.9133111986
2.059423429046561	371286.0533610163
2.0628558014283054	381171.8816015379
2.066293894430686	387627.48728159297
2.0697377175880702	392290.4982337715
2.073187280450717	395242.953288783
2.0766425925848018	396815.97007740603
2.0801036635724435	398482.28082474344
2.083570503011731	400535.92110333353
2.0870431205167503	401994.85038748715
2.090521525717612	401150.1761020939
2.0940057282604747	398977.593349008
2.0974957378075754	396984.8272112664
2.1009915640372547	395301.1363457075
2.1044932166439834	393735.9468716849
2.10800070533839	392312.5246010459
2.1115140398472874	390828.31454338325
2.1150332299137	388797.8472616553
2.1185582852968894	386357.21178922814
2.1220892157723843	384305.99161291507
2.125626031132005	382947.8844899236
2.1291687411838915	381666.4140143671
2.1327173557525314	380021.7888508892
2.136271884678786	377954.2925942407
2.1398323378199176	374434.4912447816
2.143398725049617	369253.2246856409
2.1469710562580335	363098.2562198613
2.150549341351797	355438.48841162963
2.15413359025405	346497.44884608104
2.1577238129044733	334503.2805196849
2.1613200192593145	320266.15691808495
2.1649222192914133	307846.97556575306
2.1685304229902322	298578.03541512735
2.172144640361883	287920.923814829
2.175764881429153	270351.668507966
2.1793911562315347	249630.7479637083
2.183023474825254	233719.70687750276
2.1866618472832964	223007.04255202404
2.1903062836954352	207216.19368685375
2.193956794168261	178578.25266220895
2.197613388825208	148712.75458849888
2.201276077806584	135466.41549594514
2.2049448712695945	135622.05838548753
2.2086197793883775	140085.72619046288
2.212300812354025	148932.9470226417
2.215987980374615	155299.19556675424
2.2196812936752393	150681.28949269452
2.2233807624980315	140486.65816655237
2.227086397102195	133051.85087103894
2.230798207764032	128846.56829273899
2.2345162047769724	123589.80231414468
2.2382403984516004	114993.26668104912
2.2419707991156868	105565.95427805693
2.245707417114213	98020.1417817469
2.249450262809403	91920.7555086801
2.2531993465807525	85833.74311632017
2.256954678825054	79616.92792331675
2.260716269956429	75065.30967704995
2.2644841304063563	75531.0923013858
2.2682582706237007	78481.8554813635
2.2720387010747403	80086.54851246814
2.275825432243198	116436.62544499896
2.27961847463027	46380.84636271299
2.283417838754654	81982.34827438154
2.2872235351525787	82535.25623561618
2.291035574377833	81773.02609812551
2.294853967001796	80472.48488365402
2.298678723613466	84352.48211418281
2.302509854819488	95674.87644555149
2.3063473712441875	103833.57142216073
2.3101912835295946	97585.36291212073
2.314041602335477	84811.21328018914
2.31789833833937	77965.25536187069
2.321761502236602	77535.88461005746
2.3256311047403297	77126.56682617287
2.3295071565815637	74759.87955578574
2.3333896685092	72130.50027510925
2.3372786512900485	71300.21758239354
2.3411741157088657	72071.44642423993
2.3450760725683804	75533.14825555563
2.348984532689328	82642.15837379557
2.3528995069104766	91247.37876379784
2.356821006088661	101570.75396247717
2.360749041098809	110687.47350304824
2.3646836228339736	107585.89731285277
2.3686247622053638	92727.99620912956
2.3725724701423725	84420.94475833664
2.37652675759261	92453.17047791666
2.380487635521931	105613.05008161243
2.3844551149144677	116367.50583846965
2.388429206772659	125175.33931354898
2.39240992211728	132375.05306788217
2.3963972719874755	137575.6332868458
2.400391267440788	142469.6181829923
2.4043919195531895	147791.37649948828
2.408399239419112	152883.54246088915
2.412413238151477	155442.1151265674
2.4164339268817296	155803.88357688958
2.420461316759866	160097.91033292993
2.4244954189544656	172517.19919575495
2.428536244652723	186353.02142694508
2.432583805060478	194913.12281140682
2.4366381114022455	199430.2447309017
2.440699174921249	200701.196743869
2.4447670068794514	198213.61741982127
2.4488416185575836	199565.151878439
2.4529230212551796	213429.04168463612
2.457011226290605	231376.14155639344
2.4611062450010897	238351.05464389245
2.465208088742758	234282.8029015635
2.4693167688906628	225099.1943749753
2.4734322968388143	209280.96992841375
2.4775546840002125	193141.91382057584
2.4816839418068795	184136.0533996654
2.4858200817098908	179823.6061101027
2.4899631151794077	170382.46609646
2.4941130537047065	104957.22703774401
