0.7011666666666666	1956278.3578213076
0.7023352777777778	2078455.5972085486
0.7035058365740741	2121832.330818779
0.7046783463016977	2169653.677247891
0.7058528102122005	2224386.976339975
0.7070292315625542	2282532.358903676
0.7082076136151585	2338150.1236383007
0.7093879596378504	2390784.268239849
0.7105702729039134	2442571.9495100635
0.7117545566920868	2493475.8655543
0.7129408142865735	2537567.4539306383
0.7141290489770512	2553899.314930973
0.7153192640586796	2549925.325043626
0.7165114628321108	2553221.3575224974
0.7177056486034976	2570386.273271606
0.7189018246845036	2591007.787567098
0.7200999943923111	2611294.9956888403
0.7213001610496316	2627554.130287814
0.7225023279847144	2619992.553735037
0.7237064985313556	2587542.0865430525
0.7249126760289079	2553908.3536868244
0.7261208638222895	2526114.0988225457
0.7273310652619932	2494111.029094754
0.7285432837040966	2435676.8041792857
0.72975752251027	2358547.405295242
0.7309737850477873	2290362.521186876
0.7321920746895336	2237626.849574452
0.7334123948140163	2181897.869560855
0.7346347488053729	2106651.944072526
0.7358591400533818	2022653.7943259212
0.7370855719534709	1947596.559186129
0.7383140479067267	1882185.821875501
0.7395445713199046	1816786.951616936
0.7407771456054377	1748446.0033721265
0.7420117741814469	1679433.087789682
0.7432484604717493	1612188.8443883725
0.744487207905869	1546331.6695610501
0.7457280199190454	1481490.539079459
0.7469708999522439	1417825.8850766232
0.7482158514521644	1351224.35227095
0.7494628778712513	1277544.6961015533
0.7507119826677034	617162.6781581563
0.7519631693054829	6567216.9569951845
0.7532164412543255	1015163.8687589628
0.7544718019897494	986541.4561202598
0.7557292549930656	916576.639074713
0.7569888037513873	842408.1356351635
0.7582504517576398	753728.5396914134
0.7595142025105692	652799.3330297408
0.7607800595147535	534327.9676791413
0.7620480262806114	393437.77834028256
0.7633181063244125	257914.4916970048
0.7645903031682866	151706.2940619426
0.7658646203402337	67298.98128993581
0.7671410613741342	24293.211865128764
0.7684196298097576	22364.999557916773
0.7697003291927741	41265.77842433093
0.770983163074762	88675.3473298965
0.77226813501322	154161.47364539333
0.7735552485715754	251468.96353660684
0.7748445073191947	373228.6290151327
0.7761359148313933	517075.7758915206
0.7774294746894457	688144.1490575053
0.7787251904805949	867442.8163395869
0.7800230657980626	1051837.8591096643
0.7813231042410594	1239527.6620477778
0.7826253094147945	1431232.1890844465
0.7839296849304858	1627234.1747352255
0.7852362344053699	1831302.4798102025
0.7865449614627122	2049185.2812272564
0.7878558697318168	2274651.405167424
0.7891689628480365	2510711.495143701
0.7904842444527834	2755588.848900161
0.791801718193538	3014145.7535915975
0.7931213877238606	3289750.3124872535
0.7944432567034004	3567571.121548824
0.795767328797906	3840892.9410323123
0.7970936076792359	4115655.6190394633
0.7984220970253681	4408841.530169601
0.7997528005204104	4720741.01953672
0.801085721854611	5052798.921458841
0.8024208647243688	5416722.579193719
0.8037582328322427	5791180.760941362
0.8050978298869632	6165353.0218584975
0.8064396596034414	6537473.071459215
0.8077837257027807	6894187.800814541
0.8091300319122853	7231233.6011245595
0.8104785819654725	7570079.719912124
0.8118293796020817	7923751.090239438
0.8131824285680851	8303028.889918142
0.8145377326156986	8779665.774759522
0.8158952955033916	9334428.405602083
0.8172551209958971	9759859.00204157
0.8186172128642236	9937468.514430748
0.819981574885664	10129644.717539815
0.8213482108438068	10653840.638238305
0.8227171245285466	11397834.655984366
0.8240883197360943	12184107.290794734
0.8254618002689877	12997912.22713292
0.8268375699361028	13713055.70867004
0.828215632552663	14168258.61480631
0.8295959919402508	14530042.261159958
0.830978651926818	15011339.513762932
0.832363616346696	15599333.355154606
0.8337508890406071	16147979.304335397
0.8351404738556749	16604371.156711278
0.8365323746454344	17059459.816331714
0.8379265952698435	17608034.735470414
0.8393231395952933	18214415.848698765
0.8407220114946187	18810645.771954924
0.8421232148471098	19388763.747119613
0.8435267535385217	19959767.80137074
0.8449326314610859	20521531.17989146
0.8463408525135211	21085998.797142252
0.8477514206010437	21682438.795811247
0.8491643396353787	22301316.266417474
0.8505796135347711	22854468.107149526
0.8519972462239958	23290317.348390587
0.8534172416343692	23689174.73278747
0.8548396037037598	24081033.14227231
0.8562643363765994	24409609.102604937
0.8576914436038937	24300541.38911298
0.8591209293432337	23639073.443089273
0.8605527975588058	22334075.825684015
0.8619870522214037	19767949.180272065
0.8634236973084395	17121363.470514197
0.8648627368039535	16710860.329104947
0.8663041746986269	18175335.835023366
0.8677480149897913	19255419.632836588
0.8691942616814409	19328403.183377713
0.8706429187842434	19259264.002181128
0.8720939903155505	19693208.768678162
0.8735474802994098	20440302.866462257
0.8750033927665755	21260319.648983784
0.8764617317545198	22146758.2319426
0.8779225013074441	23133833.075242646
0.8793857054762898	24323079.919724707
0.8808513483187503	25621183.35022661
0.8823194338992816	27031182.26636683
0.8837899662891138	28503064.80001019
0.8852629495662623	29650814.19262581
0.8867383878155394	30254601.400369268
0.8882162851285654	30563125.757036686
0.8896966456037797	30414853.23163515
0.8911794733464526	30049807.07629277
0.8926647724686968	30028973.402106944
0.894152547089478	30427827.95751562
0.8956428013346271	31001944.018930566
0.8971355393368516	31798543.797581494
0.8986307652357465	32782833.697153024
0.9001284831778059	34211748.52191433
0.9016286973164357	35972290.20390464
0.9031314118119631	37451215.36675797
0.9046366308316498	38421379.06313825
0.9061443585497025	39187641.73023049
0.9076545991472854	39751611.866712585
0.9091673568125309	40186324.609528355
0.9106826357405519	40522436.171765976
0.9122004401334528	40746450.32816429
0.9137207742003418	40787736.917271115
0.9152436421573426	40472908.42689184
0.9167690482276047	40233633.27993239
0.9182969966413176	40967730.97110821
0.9198274916357196	42413954.21462452
0.9213605374551126	43234683.91970324
0.9228961383508711	42925984.43742313
0.924434298581456	41037698.414274186
0.9259750224124251	35220710.4705441
0.9275183141164459	27767794.575514834
0.9290641779733066	23940220.864159938
0.9306126182699289	24216131.18629371
0.9321636393003788	25050027.104630888
0.9337172453658794	25577213.043469884
0.9352734407748227	26133685.41888377
0.9368322298427807	27334943.656351782
0.9383936168925188	29001469.692708652
0.9399576062540064	30316714.676357545
0.9415242022644297	31025673.330173444
0.9430934092682037	31568614.12308346
0.9446652316169841	32086215.91673296
0.9462396736696792	32532441.258913305
0.947816739792462	32608185.548504993
0.9493964343587827	32313146.07842105
0.9509787617493808	32371150.147735454
0.9525637263522965	33293483.3422501
0.9541513325628838	34176979.289347306
0.9557415847838219	33505085.2311077
0.9573344874251283	31746327.978825152
0.9589300449041701	30879392.133361466
0.9605282616456772	31491453.348526314
0.9621291420817533	32413180.177106857
0.9637326906518895	33143673.820907425
0.9653389118029762	33792163.55662723
0.9669478099893144	34562922.692731336
0.96855938967263	35448221.28487182
0.9701736553220844	36052505.9728251
0.971790611414288	36044628.63365519
0.9734102624333119	35945854.09103646
0.9750326128707006	36402882.08385536
0.9766576672254852	37273979.63993073
0.9782854300041944	38159972.613163285
0.9799159057208682	39013296.41106046
0.9815490988970695	39931839.80789955
0.9831850140618982	41058230.353434086
0.9848236557520013	42339889.95439124
0.986465028511588	43904485.58154469
0.9881091368924407	45729052.59294579
0.9897559854539281	47228768.35602178
0.991405578763018	47994599.073810354
0.9930579213942898	48398303.28353285
0.994713017929947	48396573.580888785
0.9963708729598303	48012496.424136944
0.9980314910814301	46754642.31618197
0.9996948768998991	44344909.627531745
1.0013610350280657	42628558.60984664
1.0030299700864458	43618814.19808085
1.0047016867032565	45901339.306043476
1.0063761895144285	47741957.25791286
1.0080534831636194	49102886.67509004
1.0097335723022256	50777585.06642539
1.011416461589396	53202711.4437796
1.013102155692045	55847149.64836951
1.014790659284865	58319093.034919344
1.01648197705034	60634587.91578489
1.018176113678757	62655603.52993632
1.0198730738682218	64287449.313997045
1.021572862324669	65847601.12829064
1.0232754837618767	67455012.80451122
1.0249809429014798	69081364.38328356
1.0266892444729823	70677553.22855191
1.0284003932137706	72242415.15013653
1.030114393869127	73791204.66374294
1.0318312511922423	75316063.24103115
1.0335509699442293	76823738.64302474
1.0352735548941365	78292632.30851202
1.0369990108189602	79714399.73073155
1.0387273425036585	80953333.73145382
1.0404585547411644	81941933.65886141
1.0421926523323999	82685587.65915029
1.0439296400862872	82925847.53410842
1.0456695228197646	82912331.24392647
1.0474123053577973	82832724.55262356
1.0491579925333938	82705124.4156534
1.0509065891876161	82645631.31701235
1.0526581001695956	82723734.16717288
1.0544125303365448	82752039.72250795
1.0561698845537726	82422569.69516057
1.0579301676946955	81987327.90477598
1.0596933846408534	82677020.96709065
1.0614595402819214	84851017.61389458
1.0632286395157247	87026598.20173635
1.065000687248251	88363528.47243266
1.0667756883936648	89283576.84134693
1.068553647874321	90072537.21477005
1.070334570620778	90763955.8808305
1.072118461571813	91578284.62317248
1.0739053256744326	92639529.36115319
1.07569516788389	93781685.29065001
1.0774879931636965	94926873.94685127
1.079283806485636	96008386.96269521
1.0810826128297788	96558928.93334824
1.0828844171844951	96396812.28820312
1.0846892245464692	95348420.22228609
1.0864970399207134	92434852.18789284
1.0883078683205814	88277351.98285499
1.0901217147677824	82078214.62616089
1.0919385842923954	74150702.93654162
1.0937584819328827	67332898.61297815
1.0955814127361043	62895684.64337873
1.0974073817573313	59324502.59650538
1.09923639406026	56195832.8346384
1.1010684547170273	53365148.95912941
1.1029035688082225	50709514.171998456
1.1047417414229028	48249271.36364187
1.1065829776586076	45848507.822286375
1.108427282621372	43499948.07766185
1.110274661425741	41171327.641241685
1.112125119194784	38832878.949042775
1.1139786610601086	36580449.38570616
1.1158352921618757	35527357.08385429
1.117695017648812	36539622.20877325
1.1195578426782267	38102949.18665344
1.1214237724160239	39392905.89710105
1.1232928120367172	40532813.02285919
1.1251649667234453	41853386.3674562
1.1270402416679843	43313437.59224279
1.1289186420707642	42810736.18014506
1.1308001731408823	37508871.950019464
1.1326848400961171	31191356.387236595
1.1345726481629441	30220673.53557604
1.136463602576549	33867507.62838988
1.1383577085808434	36955462.22471461
1.1402549714284782	38160116.931031734
1.1421553963808588	39105239.12137742
1.1440589887081603	41060943.389942534
1.1459657536893408	43432563.82705023
1.1478756966121564	44306278.72638704
1.1497888227731765	43355428.71611466
1.1517051374777987	42355102.8624133
1.1536246460402617	42063909.45135394
1.155547353783662	42088604.49816139
1.1574732660399685	42188557.00984153
1.1594023881500348	42336508.701788746
1.1613347254636184	42395352.859859526
1.163270283339391	42294843.689457975
1.1652090671449569	42061949.137393534
1.1671510822568651	41542699.44044196
1.1690963340606266	40977257.33584557
1.1710448279507277	41300123.00971491
1.1729965693306457	42650382.548049614
1.1749515636128636	43757565.03912177
1.176909816218885	43868400.13807232
1.17887133257925	43930164.424209535
1.1808361181335487	45704321.087233834
1.182804178330438	48885559.01334052
1.1847755186276552	51949749.10268799
1.1867501444920348	54575272.78755073
1.1887280613995215	57312648.54483136
1.1907092748351875	60802654.27936242
1.1926937902932462	64613187.40266941
1.1946816132770681	67604174.52836634
1.1966727492991969	69635215.43309477
1.1986672038813622	71615169.74805135
1.2006649825544977	73865540.6798497
1.2026660908587554	76359211.3307168
1.20467053434352	79464996.51678799
1.206678318567426	82970913.79298522
1.2086894490983717	85493955.86781248
1.2107039315135357	86405143.25153922
1.2127217713993916	87351177.87570763
1.214742974351724	89788021.80240929
1.2167675459756435	92952571.65469189
1.218795491885603	95319269.83931723
1.2208268177054122	96761776.48685913
1.2228615290682547	98417181.7664434
1.2248996316167018	100887992.41466978
1.2269411310027298	103591677.70778601
1.2289860328877344	105897486.38363083
1.2310343429425474	107899270.72753617
1.2330860668474517	110046151.92791788
1.2351412102921975	112437109.67245753
1.2371997789760178	114009918.02884108
1.2392617786076445	112863188.02545531
1.241327214905324	110767885.19499704
1.243396093596833	112303802.6715401
1.2454684204194943	117723041.62647781
1.2475442011201936	120958192.31719555
1.249623441455394	118132490.72308363
1.251706147191153	114375091.56813402
1.2537923241031383	116684786.04050703
1.2558819779766437	123450991.44626348
1.2579751146066047	127840032.1571571
1.2600717397976158	127974981.23409571
1.262171859363945	127223963.77253951
1.2642754791295518	127094216.15230541
1.266382604928101	127171223.59881036
1.2684932426029811	126421779.45608515
1.2706073980073196	124813151.88986821
1.2727250770039986	123726239.2477616
1.274846285465672	124018653.36904263
1.2769710292747813	124491407.75817418
1.2790993143235727	123542122.3122267
1.2812311465141122	121511557.15236738
1.2833665317583023	119389752.4362997
1.2855054759778997	117294017.50619239
1.2876479851045295	115444366.32675321
1.2897940650797037	114300087.09797752
1.2919437218548366	113508381.02133372
1.2940969613912614	112607529.18825799
1.2962537896602468	111583007.58460107
1.298414212643014	110683298.35100622
1.3005782363307525	110077065.58254538
1.302745866724637	109432382.46826044
1.304917109835845	108187196.76635523
1.3070919716855713	106489610.09825699
1.3092704583050472	104678254.19648398
1.3114525757355557	102764466.46128592
1.3136383300284484	100862438.07623914
1.3158277272451624	99068582.76746976
1.3180207734572378	97074091.01833771
1.3202174747463333	93543550.58754008
1.3224178372042439	88357450.92385416
1.3246218669329177	81527033.01528482
1.3268295700444726	71910740.67973183
1.3290409526612135	60717711.28271037
1.3312560209156488	47151117.280671015
1.3334747809505083	32326127.400367968
1.3356972389187591	21472476.065602917
1.3379234009836238	16393240.220223743
1.3401532733185966	13059247.059221176
1.342386862107461	10817332.845558636
1.344624173544307	9206987.751947664
1.3468652138335475	8104777.807445685
1.3491099891899365	7478264.75133035
1.3513585058385866	6840923.710133812
1.3536107700149842	6051006.807460932
1.3558667879650093	5351864.5041871155
1.358126565944951	5220641.498243247
1.360390110221526	5514980.49667265
1.3626574270718954	6073508.806165612
1.3649285227836818	6934238.934603805
1.367203403654988	7542317.62402476
1.369482075994413	7274436.115477451
1.3717645461210706	6720746.959388684
1.3740508203646056	6975061.123925217
1.3763409050652133	7999926.251582536
1.3786348065736556	8677508.26473193
1.3809325312512784	8489831.276914742
1.3832340854700305	8121713.712871639
1.3855394756124806	8175368.361472008
1.3878487080718347	8484455.176698264
1.3901617892519544	8494491.645840859
1.3924787255673745	8077439.8352092
1.3947995234433201	7642773.263614127
1.3971241893157258	7412652.351800639
1.399452729631252	7308859.731744129
1.401785150847304	7366433.48175305
1.40412145943205	7553703.712908188
1.4064616618644366	7483532.923255477
1.4088057646342107	6904359.727121728
1.4111537742419344	6268806.538559412
1.4135056971990045	6046173.698634852
1.4158615400276693	6093943.862520199
1.418221309261049	6097874.249258071
1.4205850114431506	6021534.951749828
1.4229526531288894	6039629.514696266
1.425324240884104	6346911.383636834
1.4276997812855778	6732351.576894888
1.4300792809210539	6814226.3164787395
1.4324627463892556	6625519.4749425985
1.4348501842999046	6609678.546448225
1.4372416012737377	6971713.619609463
1.4396370039425272	7454344.061597605
1.442036398949098	7938569.555821269
1.4444397929473467	8454482.993501917
1.4468471926022592	9226366.794374127
1.4492586045899296	10328531.588592764
1.4516740355975797	11601521.386575246
1.4540934923235755	13130650.033118213
1.4565169814774481	14560453.330438953
1.4589445097799105	14854342.287316324
1.4613760839628773	14130237.314091664
1.4638117107694821	13468359.010821868
1.466251396954098	13147114.941751324
1.4686951492823548	13085924.672062647
1.471142974531159	13578509.077505743
1.4735948794887108	14436661.525533006
1.4760508709545253	15416519.549154127
1.4785109557394496	16505203.61374167
1.4809751406656821	17362777.0628695
1.4834434325667916	17594453.62710629
1.4859158382877364	17633726.421549845
1.4883923646848827	18101112.888811853
1.490873018626024	18952913.012789354
1.493357806990401	19820544.288740985
1.4958467366687183	20634120.564081028
1.4983398145631663	21415287.749015894
1.5008370475874384	22138163.98765296
1.5033384426667507	22862761.670747276
1.505844006737862	23873629.68590843
1.5083537467490917	25238561.62022988
1.5108676696603405	26737831.861466717
1.5133857824431078	28392318.8337967
1.5159080920805128	30047198.342637647
1.518434605567314	31366219.63051323
1.5209653299099262	32408072.2666072
1.5235002721264426	33596236.42733429
1.5260394392466536	35085019.55481992
1.5285828383120648	36642728.11798906
1.5311304763759181	38132599.18351024
1.5336823605032115	39593358.43065976
1.5362384977707166	41139759.169965625
1.5387988952670015	42812477.52875168
1.5413635600924465	44946438.252382174
1.5439324993592671	48104437.993075915
1.5465057201915329	51485273.30436486
1.5490832297251855	53853862.34352561
1.5516650351080608	55385394.645062864
1.5542511434999076	57147224.44356386
1.5568415620724074	59442708.25211858
1.559436298009195	61863879.15402807
1.5620353585058768	64193330.60251303
1.5646387507700532	66452089.09268825
1.567246482021337	68587748.20169352
1.5698585594913725	70594345.82736929
1.5724749904238582	72781647.31973745
1.5750957820745648	75434660.9494464
1.5777209417113556	78310440.48004219
1.5803504766142082	81329554.73621662
1.5829843940752317	84392343.62775357
1.5856227013986908	86663897.52801675
1.5882654059010217	87658603.74567808
1.5909125149108567	88625130.16060807
1.5935640357690417	90637416.49631017
1.5962199758286568	93223378.31343
1.598880342455038	95600727.66500136
1.6015451430257963	97685754.11623192
1.6042143849308395	99451123.5570056
1.6068880755723909	100615368.73439118
1.6095662223650118	101692083.25967096
1.6122488327356201	103464693.53346519
1.614935914123513	105745313.31773418
1.6176274739803853	107450967.88955516
1.6203235197703527	108165938.87903541
1.62302405896997	108619609.35492988
1.6257290990682536	109089035.98310313
1.6284386475667005	109635578.29752012
1.6311527119793119	110635989.7923623
1.6338712998326108	112118000.32523566
1.6365944186656651	113307742.4988167
1.6393220760301082	113677478.34883362
1.642054279490158	113728244.18314925
1.644791036622642	113778777.75124736
1.6475323550170131	113810206.98955885
1.6502782422753748	113580749.86818074
1.6530287060125004	112950217.86509809
1.6557837538558546	112129391.04150847
1.6585433934456146	111048884.10112204
1.6613076324346907	109993749.05709836
1.6640764784887485	110035713.50849919
1.66684993928623	111254453.77967966
1.6696280225183737	112312109.16277385
1.6724107358892377	112610927.75384808
1.6751980871157197	112694633.44662757
1.6779900839275794	113093735.2474999
1.6807867340674587	113599231.77744931
1.6835880452909044	112693448.99833329
1.6863940253663894	109659961.00807633
1.6892046820753335	106354601.1401942
1.6920200232121256	103860955.29612142
1.694840056584146	101821252.54484786
1.6976647900117863	99908046.0087253
1.700494231328473	98078652.91446915
1.703328388380687	95823965.92591362
1.706167269027988	92652039.54655997
1.709010881143035	88632838.49862319
1.7118592326116067	82472779.1098206
1.714712331332626	74921951.88577189
1.7175701852181804	69320117.42056811
1.7204328021935444	66762263.6211324
1.7233001901972003	64603484.05172879
1.726172357180862	61418692.48224151
1.7290493111094971	57795075.69860021
1.7319310599613464	54783207.87468285
1.7348176117279486	52421698.98614384
1.737708974414162	49998749.702516034
1.7406051560381857	47251884.15397049
1.7435061646315826	44535847.957745425
1.746412008239302	42435604.69227482
1.749322694919701	40767527.560151346
1.7522382327445671	38945651.121536694
1.7551586297991415	36847415.202524535
1.7580838941821402	34655743.48736226
1.761014034005777	32391681.32605583
1.7639490573957866	30109251.549327888
1.7668889724914467	27944475.539678067
1.769833787445599	25905354.283268135
1.7727835104246752	23956856.836807556
1.7757381496087163	22154666.353576664
1.7786977131913975	20499356.543954585
1.7816622093800498	19232081.08317548
1.7846316463956833	18213812.835191477
1.7876060324730094	16963280.184481
1.7905853758604646	15372376.070221556
1.793569684820232	14087350.663791748
1.7965589676282658	13870980.469744064
1.7995532325743133	14043953.756485913
1.802552487961937	13392098.429725735
1.8055567421085403	11950550.843022142
1.8085660033453879	11103198.41442469
1.8115802800176304	11624916.94910161
1.8145995804843267	12451593.345486062
1.8176239131184673	12636571.532787025
1.820653286306998	12345726.945670057
1.823687708450843	11824099.47379344
1.8267271879649278	11046300.061771324
1.8297717332782029	10345002.580611058
1.8328213528336663	10008289.934163174
1.8358760550883895	9870200.067843134
1.8389358485135368	9854171.629197177
1.8420007415943929	9940712.518795671
1.8450707428303834	9926714.325501543
1.848145860735101	9693160.236725774
1.851226103836326	9257961.968974719
1.8543114806760534	8334295.801222558
1.8574019998105136	7132209.736636841
1.8604976698101978	6373922.705821313
1.8635984992598815	6244865.145292471
1.8667044967586481	6383728.352451909
1.8698156709199125	6863213.207861362
1.8729320303714458	7581923.1524391025
1.8760535837553982	8723870.913421512
1.879180339728324	10235618.85911814
1.8823123069612047	11478088.014357502
1.8854494941394733	12132234.41134459
1.8885919099630393	12684427.286058255
1.8917395631463112	13566131.784644527
1.8948924624182215	14582186.291922195
1.8980506165222522	14891480.690832535
1.9012140342164559	14278574.182766946
1.9043827242734832	13816734.202290898
1.907556695480606	14249158.38978006
1.9107359566397404	14994291.894725585
1.9139205165674735	15202033.395738391
1.9171103840950858	14887615.081760967
1.9203055680685779	14344324.889280591
1.923506077348692	13511952.85011562
1.92671192081094	12599194.648445312
1.9299231073456249	11728616.06156294
1.9331396458578678	10890376.372785708
1.9363615452676308	10090224.278032592
1.9395888145097437	9355528.704546634
1.9428214625339266	9062280.08123496
1.9460594983048167	9840450.618163683
1.9493029308019916	10919159.541075058
1.952551769019995	11049517.371689271
1.9558060219683617	10353600.483477613
1.9590656986716424	10099770.956132716
1.9623308081694284	10803782.408540342
1.9656013595163775	11672527.77690733
1.9688773617822382	12079706.83751161
1.9721588240518755	12203305.40328517
1.975445755425295	12398292.379612146
1.9787381650176707	12707898.84872079
1.9820360619593669	13052827.663496234
1.985339455395966	13427517.690479666
1.9886483544882927	13861080.89206083
1.99196276841244	14523535.84995396
1.9952827063597942	15373367.885116901
1.9986081775370603	16078941.491968509
2.001939191166289	16498349.052177098
2.0052757564848993	16888242.258039065
2.0086178827457077	17470677.16316068
2.011965579216951	18226627.732650552
2.0153188551823122	19388736.7954862
2.01867771994095	21009212.24157426
2.022042182807518	22272087.31789993
2.0254122531121976	22468311.9521158
2.0287879402007176	22356886.609901257
2.0321692534343856	22980961.027426448
2.0355562021901097	24245685.432641957
2.038948795860427	25534752.072612297
2.0423470438535274	26735757.803341053
2.0457509555932836	27841012.402899537
2.049160540519272	28709280.437055137
2.0525758080868046	29451168.98002913
2.0559967677669495	30306435.351618394
2.059423429046561	31307272.711571634
2.0628558014283054	32353471.388557125
2.066293894430686	33438861.88885151
2.0697377175880702	34444475.25069914
2.073187280450717	34988793.41580759
2.0766425925848018	35164192.91899352
2.0801036635724435	35512202.77171526
2.083570503011731	36210997.05094112
2.0870431205167503	37002092.31059416
2.090521525717612	37767300.6898118
2.0940057282604747	38519816.02336456
2.0974957378075754	39290317.5394017
2.1009915640372547	40078196.813241296
2.1044932166439834	40789631.69108309
2.10800070533839	41318705.33434758
2.1115140398472874	41721473.579279244
2.1150332299137	41882677.95894186
2.1185582852968894	41861992.343456574
2.1220892157723843	41981352.87836505
2.125626031132005	42355910.115363576
2.1291687411838915	42778728.410636134
2.1327173557525314	43129650.04783966
2.136271884678786	43441517.83589578
2.1398323378199176	43768626.414769694
2.143398725049617	44104439.84301895
2.1469710562580335	44242882.23970661
2.150549341351797	43940754.38071396
2.15413359025405	43508184.95537762
2.1577238129044733	43280079.64160212
2.1613200192593145	43220157.73749948
2.1649222192914133	43184577.35917125
2.1685304229902322	43157287.84124736
2.172144640361883	43063680.04852886
2.175764881429153	42757653.58932424
2.1793911562315347	42335474.56140379
2.183023474825254	41932505.27711443
2.1866618472832964	41553254.65572298
2.1903062836954352	41092555.94496704
2.193956794168261	40448295.10473382
2.197613388825208	39799130.20598063
2.201276077806584	39443624.478049226
2.2049448712695945	39309655.99619944
2.2086197793883775	39098935.872627
2.212300812354025	38736782.11082101
2.215987980374615	38333857.27304682
2.2196812936752393	37928300.59557947
2.2233807624980315	37551754.81816101
2.227086397102195	37370994.82811996
2.230798207764032	37389945.04865448
2.2345162047769724	37256702.89932732
2.2382403984516004	36732844.525219195
2.2419707991156868	36105563.841579504
2.245707417114213	35670300.126195185
2.249450262809403	35383321.70632216
2.2531993465807525	35100245.55210835
2.256954678825054	34798087.15557918
2.260716269956429	34390629.70718352
2.2644841304063563	33687813.91930501
2.2682582706237007	32890208.874915272
2.2720387010747403	32485047.92950669
2.275825432243198	32496231.510357376
2.27961847463027	32488251.871373687
2.283417838754654	32300374.488512617
2.2872235351525787	31876431.448867165
2.291035574377833	30745732.60122979
2.294853967001796	29155489.789652254
2.298678723613466	28166257.213214073
2.302509854819488	28112076.5685683
2.3063473712441875	28159843.866359133
2.3101912835295946	27835695.388416182
2.314041602335477	27304891.4216779
2.31789833833937	26698539.9403842
2.321761502236602	26044070.38314899
2.3256311047403297	25681117.887134198
2.3295071565815637	25918999.10423629
2.3333896685092	26291725.5876037
2.3372786512900485	26333280.079278637
2.3411741157088657	26130960.365522914
2.3450760725683804	25915207.714930914
2.348984532689328	25711978.335402943
2.3528995069104766	25514374.501528062
2.356821006088661	25324434.030429274
2.360749041098809	25118481.197836667
2.3646836228339736	24796471.02011417
2.3686247622053638	24351601.32553479
2.3725724701423725	23800365.851044755
2.37652675759261	23079863.652050946
2.380487635521931	22460495.86803041
2.3844551149144677	22478070.75708425
2.388429206772659	22924261.05347957
2.39240992211728	23174286.063878454
2.3963972719874755	23093001.63781056
2.400391267440788	22777126.807014663
2.4043919195531895	22031600.08054142
2.408399239419112	21089129.521971527
2.412413238151477	20241060.370611902
2.4164339268817296	19504366.901985753
2.420461316759866	18914284.630203437
2.4244954189544656	18573465.326474335
2.428536244652723	18231429.982862793
2.432583805060478	17557163.81822376
2.4366381114022455	16628382.401887715
2.440699174921249	15490772.705369163
2.4447670068794514	14114611.12315865
2.4488416185575836	13065619.186628899
2.4529230212551796	13035783.57467588
2.457011226290605	13402220.52578254
2.4611062450010897	13230988.13364667
2.465208088742758	12511870.131632805
2.4693167688906628	11557990.426864088
2.4734322968388143	10313152.974277219
2.4775546840002125	9163826.336827759
2.4816839418068795	8740383.67724705
2.4858200817098908	8795632.981407866
2.4899631151794077	8549924.74430043
2.4941130537047065	5333580.573506774
