0.7011666666666666	9453.654850046283
0.7023352777777778	10140.022787441274
0.7035058365740741	10495.107386829
0.7046783463016977	10873.55593698421
0.7058528102122005	11254.340613880671
0.7070292315625542	11636.473742128317
0.7082076136151585	12018.28035861474
0.7093879596378504	12399.90196996375
0.7105702729039134	12786.385992398835
0.7117545566920868	13181.488071145208
0.7129408142865735	13495.196877318207
0.7141290489770512	13446.671235949434
0.7153192640586796	13134.161064974889
0.7165114628321108	12928.197954881805
0.7177056486034976	12926.780573722768
0.7189018246845036	13153.55002567795
0.7200999943923111	13896.51576092022
0.7213001610496316	14845.061295548925
0.7225023279847144	15355.327444259008
0.7237064985313556	15400.391368321976
0.7249126760289079	15558.820589717352
0.7261208638222895	16104.544067652954
0.7273310652619932	16694.523682005576
0.7285432837040966	16869.51028812987
0.72975752251027	16785.29525470786
0.7309737850477873	17182.1522929759
0.7321920746895336	18310.39175479809
0.7334123948140163	19459.685301631762
0.7346347488053729	20144.630316277402
0.7358591400533818	20600.94765769654
0.7370855719534709	21140.669920870874
0.7383140479067267	21780.396436664054
0.7395445713199046	22457.4220791963
0.7407771456054377	23176.735003936512
0.7420117741814469	23894.64681546324
0.7432484604717493	24543.00903451386
0.744487207905869	25140.677516645785
0.7457280199190454	25735.473737539927
0.7469708999522439	26330.575813170475
0.7482158514521644	26873.887022002138
0.7494628778712513	27270.949048721144
0.7507119826677034	27584.268185001907
0.7519631693054829	27842.447500640268
0.7532164412543255	28045.505879253597
0.7544718019897494	28191.87790033698
0.7557292549930656	28241.98796742346
0.7569888037513873	28186.646934704204
0.7582504517576398	27848.667689335565
0.7595142025105692	27200.32166510673
0.7607800595147535	25565.0060290727
0.7620480262806114	22570.37053413965
0.7633181063244125	18628.23288500341
0.7645903031682866	12977.66094623175
0.7658646203402337	7000.590982307447
0.7671410613741342	4016.056559870611
0.7684196298097576	4094.695138119473
0.7697003291927741	5803.995785006127
0.770983163074762	9774.776245090254
0.77226813501322	14474.993819598387
0.7735552485715754	22111.927101765392
0.7748445073191947	15099.647991891658
0.7761359148313933	27942.92777939829
0.7774294746894457	32238.297209356144
0.7787251904805949	36390.18419424767
0.7800230657980626	40078.03461456127
0.7813231042410594	43491.98817481431
0.7826253094147945	46624.21797756001
0.7839296849304858	49495.48756863749
0.7852362344053699	52332.384471003046
0.7865449614627122	55172.73055032576
0.7878558697318168	58085.94221536115
0.7891689628480365	61261.375171177366
0.7904842444527834	64629.18548125955
0.791801718193538	68117.41950028036
0.7931213877238606	71737.91767700476
0.7944432567034004	75262.4239618323
0.795767328797906	78455.17384887452
0.7970936076792359	81553.0079495288
0.7984220970253681	84976.05156179932
0.7997528005204104	88711.37627575423
0.801085721854611	92501.04199347798
0.8024208647243688	96304.23246795303
0.8037582328322427	99928.31557939414
0.8050978298869632	102871.35457369595
0.8064396596034414	105135.7784112108
0.8077837257027807	105531.1467722503
0.8091300319122853	103549.16050722137
0.8104785819654725	100645.70498659261
0.8118293796020817	96705.60194770327
0.8131824285680851	93287.59989505583
0.8145377326156986	95132.61127111377
0.8158952955033916	101881.62814460772
0.8172551209958971	110046.73336914822
0.8186172128642236	119534.99320510094
0.819981574885664	127600.93457145151
0.8213482108438068	129064.90647919568
0.8227171245285466	127240.66092054787
0.8240883197360943	132950.1332147677
0.8254618002689877	148368.02601253864
0.8268375699361028	162225.7478452083
0.828215632552663	167189.92264013496
0.8295959919402508	168502.6295683633
0.830978651926818	171612.74960165922
0.832363616346696	176377.44296896737
0.8337508890406071	180264.3008392269
0.8351404738556749	182282.600232227
0.8365323746454344	185185.3804464163
0.8379265952698435	193171.71073930673
0.8393231395952933	204372.8391671555
0.8407220114946187	215685.2641689538
0.8421232148471098	226858.2269733879
0.8435267535385217	238272.3190969011
0.8449326314610859	250319.8269543232
0.8463408525135211	262546.8232608516
0.8477514206010437	274246.4687919446
0.8491643396353787	285540.8246409426
0.8505796135347711	297543.27358881355
0.8519972462239958	310828.6914703042
0.8534172416343692	324528.5265514884
0.8548396037037598	338298.10622331034
0.8562643363765994	352051.20805006055
0.8576914436038937	365342.28306947346
0.8591209293432337	378059.9191156228
0.8605527975588058	390449.7160125738
0.8619870522214037	402308.0239024223
0.8634236973084395	413706.297384415
0.8648627368039535	423942.773255542
0.8663041746986269	433133.6977210467
0.8677480149897913	441514.5024427016
0.8691942616814409	448762.0147260813
0.8706429187842434	456306.8831618484
0.8720939903155505	465917.57486515393
0.8735474802994098	476693.86084766814
0.8750033927665755	486918.0037106963
0.8764617317545198	496284.42774154554
0.8779225013074441	503394.0277088052
0.8793857054762898	505644.06424324465
0.8808513483187503	504497.76792952605
0.8823194338992816	496886.81161487853
0.8837899662891138	482218.92420666263
0.8852629495662623	447731.49055765
0.8867383878155394	382377.59628921514
0.8882162851285654	310283.58303053206
0.8896966456037797	244863.38461343345
0.8911794733464526	188462.21139979197
0.8926647724686968	167522.17734371824
0.894152547089478	186224.96693396565
0.8956428013346271	198191.49053435904
0.8971355393368516	178738.94999364752
0.8986307652357465	156224.4687806449
0.9001284831778059	178534.60946041156
0.9016286973164357	237315.997417732
0.9031314118119631	295570.9221952947
0.9046366308316498	346333.3597159319
0.9061443585497025	386920.373450172
0.9076545991472854	401823.45136082167
0.9091673568125309	403156.94990001636
0.9106826357405519	411698.6892963184
0.9122004401334528	428914.95862228156
0.9137207742003418	440625.80280238896
0.9152436421573426	436932.42014556186
0.9167690482276047	435901.7006493928
0.9182969966413176	474231.36327779596
0.9198274916357196	541015.0462681443
0.9213605374551126	578792.5759721902
0.9228961383508711	565946.8220718094
0.924434298581456	512306.8182965997
0.9259750224124251	374932.9377507672
0.9275183141164459	201059.35325373695
0.9290641779733066	93667.21140177277
0.9306126182699289	62544.93886735984
0.9321636393003788	52108.35983295694
0.9337172453658794	58201.566632964554
0.9352734407748227	75581.8828190005
0.9368322298427807	114337.5228046285
0.9383936168925188	167266.5320368611
0.9399576062540064	197798.58794636826
0.9415242022644297	192116.47888389562
0.9430934092682037	176946.80200133182
0.9446652316169841	161647.11406165196
0.9462396736696792	147004.53134509787
0.947816739792462	136890.98001810684
0.9493964343587827	131738.69077893381
0.9509787617493808	129141.38790679799
0.9525637263522965	130168.17182553091
0.9541513325628838	130978.5680718925
0.9557415847838219	125047.00879552169
0.9573344874251283	114891.18158840018
0.9589300449041701	113401.23289545732
0.9605282616456772	125523.7916447523
0.9621291420817533	145245.45879891736
0.9637326906518895	177109.47001824278
0.9653389118029762	216638.27860333933
0.9669478099893144	263673.29537586245
0.96855938967263	317219.0303895309
0.9701736553220844	356131.5577931775
0.971790611414288	362911.5128992986
0.9734102624333119	360390.3473646484
0.9750326128707006	368213.08479425823
0.9766576672254852	384339.7520981968
0.9782854300041944	405328.11415166926
0.9799159057208682	432306.91214513226
0.9815490988970695	463134.6513497079
0.9831850140618982	500704.71482636646
0.9848236557520013	542693.1868335049
0.986465028511588	590155.4117113644
0.9881091368924407	642656.5168234119
0.9897559854539281	690124.2355432316
0.991405578763018	725898.0395391162
0.9930579213942898	757012.9609296937
0.994713017929947	786102.0489010061
0.9963708729598303	815339.768229975
0.9980314910814301	858776.7466916321
0.9996948768998991	921939.5207646112
1.0013610350280657	980571.9125580353
1.0030299700864458	1013307.864270479
1.0047016867032565	1035683.879928549
1.0063761895144285	1073884.357145863
1.0080534831636194	1128215.3612652458
1.0097335723022256	1180538.5056041908
1.011416461589396	1224044.26669532
1.013102155692045	1256562.8047550435
1.014790659284865	1257724.6703040216
1.01648197705034	1239092.7715174945
1.018176113678757	1239898.46507423
1.0198730738682218	1270160.6564165095
1.021572862324669	1311728.7341841124
1.0232754837618767	1365462.9702669415
1.0249809429014798	1430761.5128997385
1.0266892444729823	1527591.0436541697
1.0284003932137706	1651061.858864659
1.030114393869127	1722835.266595544
1.0318312511922423	1689129.9979445646
1.0335509699442293	1653048.1815288037
1.0352735548941365	1745604.8362840612
1.0369990108189602	1926127.4683486288
1.0387273425036585	2101219.650972953
1.0404585547411644	2258763.508492079
1.0421926523323999	2406477.236806307
1.0439296400862872	2538259.7863498162
1.0456695228197646	2661865.618914306
1.0474123053577973	2782182.149401674
1.0491579925333938	2900450.300954134
1.0509065891876161	3029234.1243343987
1.0526581001695956	3177869.4219332053
1.0544125303365448	3325128.173687581
1.0561698845537726	3442245.980309741
1.0579301676946955	3537274.3189864196
1.0596933846408534	3616436.2870327528
1.0614595402819214	3676522.19602507
1.0632286395157247	3723288.058515278
1.065000687248251	3746168.2372455723
1.0667756883936648	3756761.0329717114
1.068553647874321	3761421.150875774
1.070334570620778	3760430.62975515
1.072118461571813	3751648.6292050737
1.0739053256744326	3730074.7069774806
1.07569516788389	3705189.2592691886
1.0774879931636965	3683297.2689984757
1.079283806485636	3658956.0970219206
1.0810826128297788	3598643.098715325
1.0828844171844951	3490576.606956314
1.0846892245464692	3337725.474486062
1.0864970399207134	3097102.3265080317
1.0883078683205814	2803527.676213675
1.0901217147677824	2443496.733183415
1.0919385842923954	2027231.4033155926
1.0937584819328827	1642159.4997472053
1.0955814127361043	1326086.8905395218
1.0974073817573313	1041414.5263144952
1.09923639406026	792486.861679998
1.1010684547170273	573088.4939836742
1.1029035688082225	408536.1353275931
1.1047417414229028	310887.94653386564
1.1065829776586076	233845.55466624943
1.108427282621372	174088.47800924527
1.110274661425741	124453.71211270979
1.112125119194784	87322.26874471072
1.1139786610601086	61671.638606726956
1.1158352921618757	44792.03823335734
1.117695017648812	40713.43064444351
1.1195578426782267	41360.914767989125
1.1214237724160239	44899.67289647495
1.1232928120367172	50771.18014300293
1.1251649667234453	60867.56743318727
1.1270402416679843	75585.64309468326
1.1289186420707642	83183.62502736303
1.1308001731408823	71387.32987697898
1.1326848400961171	54651.9915349835
1.1345726481629441	55341.48857918735
1.136463602576549	71404.65727825617
1.1383577085808434	89032.31864060453
1.1402549714284782	106061.19032535239
1.1421553963808588	118396.47813034573
1.1440589887081603	115364.00965867324
1.1459657536893408	102518.09869671975
1.1478756966121564	86236.38489306356
1.1497888227731765	66694.65317369474
1.1517051374777987	48335.26907256692
1.1536246460402617	34273.66229163117
1.155547353783662	23241.922697780992
1.1574732660399685	18108.631964073764
1.1594023881500348	18352.369454440173
1.1613347254636184	24012.866467751654
1.163270283339391	37580.51699963317
1.1652090671449569	51711.28372449953
1.1671510822568651	60136.644380986756
1.1690963340606266	63717.75025528292
1.1710448279507277	56901.346613077774
1.1729965693306457	38871.928244823204
1.1749515636128636	31689.837465437722
1.176909816218885	54270.62332559732
1.17887133257925	88685.98122120296
1.1808361181335487	120841.00567561165
1.182804178330438	150763.093796271
1.1847755186276552	179641.5964925025
1.1867501444920348	207211.1863883222
1.1887280613995215	234511.16893743596
1.1907092748351875	262057.88892699484
1.1926937902932462	292702.12040996074
1.1946816132770681	343805.45503839967
1.1966727492991969	418688.5680715909
1.1986672038813622	506182.5308482405
1.2006649825544977	612370.7800308391
1.2026660908587554	731164.9406083052
1.20467053434352	873009.206203061
1.206678318567426	1032929.181831251
1.2086894490983717	1189587.114122348
1.2107039315135357	1338033.558337
1.2127217713993916	1488465.226718993
1.214742974351724	1651875.7563917737
1.2167675459756435	1823757.515077228
1.218795491885603	2002688.66306176
1.2208268177054122	2191980.0691879317
1.2228615290682547	2436663.212700752
1.2248996316167018	2798497.9804108073
1.2269411310027298	3192885.977670914
1.2289860328877344	3526002.3034635833
1.2310343429425474	3810089.079606545
1.2330860668474517	4092436.4698446854
1.2351412102921975	4380716.999034775
1.2371997789760178	4703796.857311657
1.2392617786076445	5128421.421690774
1.241327214905324	5612789.339068391
1.243396093596833	6119942.447849543
1.2454684204194943	6644375.52684023
1.2475442011201936	7101379.112866399
1.249623441455394	7407281.4069764605
1.251706147191153	7672515.992717872
1.2537923241031383	8011701.359732334
1.2558819779766437	8404060.316038627
1.2579751146066047	8749630.204251295
1.2600717397976158	9014609.452317394
1.262171859363945	9205868.558868121
1.2642754791295518	9237619.2110568
1.266382604928101	9144314.250120312
1.2684932426029811	8801432.978143368
1.2706073980073196	8199695.72041963
1.2727250770039986	7592167.578120021
1.274846285465672	7060390.396265893
1.2769710292747813	6523315.805507871
1.2790993143235727	5844909.375500756
1.2812311465141122	5067485.023094464
1.2833665317583023	4362871.5624776445
1.2855054759778997	3781841.5574742532
1.2876479851045295	3283799.3078683075
1.2897940650797037	2939549.1515546804
1.2919437218548366	2685455.86237495
1.2940969613912614	2490344.602810362
1.2962537896602468	2350422.4262832636
1.298414212643014	2186262.8830147875
1.3005782363307525	1955449.0930570902
1.302745866724637	1719235.806540019
1.304917109835845	1561701.1240401268
1.3070919716855713	1460238.2652011432
1.3092704583050472	1342409.2509396656
1.3114525757355557	1194275.4212389179
1.3136383300284484	1056001.2346922834
1.3158277272451624	967133.6232535334
1.3180207734572378	902807.1909163115
1.3202174747463333	833930.6262924343
1.3224178372042439	757215.4250369667
1.3246218669329177	648457.3669736142
1.3268295700444726	478477.9885632653
1.3290409526612135	302522.31255184585
1.3312560209156488	190441.05595945267
1.3334747809505083	125904.4139375025
1.3356972389187591	77532.2323915574
1.3379234009836238	46279.881574703446
1.3401532733185966	23279.838390735204
1.342386862107461	12126.779940568773
1.344624173544307	7229.626528605998
1.3468652138335475	4297.61415067675
1.3491099891899365	3062.4149869126372
1.3513585058385866	2145.534039271211
1.3536107700149842	1371.4451955042357
1.3558667879650093	737.362428413372
1.358126565944951	464.2998084244327
1.360390110221526	458.69164897063274
1.3626574270718954	602.0966530317194
1.3649285227836818	916.6391033604015
1.367203403654988	1186.0716328432427
1.369482075994413	1226.2405354405346
1.3717645461210706	1238.511205478681
1.3740508203646056	1729.0441111781165
1.3763409050652133	2646.216827665883
1.3786348065736556	3013.1253481990516
1.3809325312512784	2222.0426737365046
1.3832340854700305	1243.8325382313747
1.3855394756124806	1040.754405734479
1.3878487080718347	1350.5314595133589
1.3901617892519544	1502.1505086086468
1.3924787255673745	1389.0193415300998
1.3947995234433201	1306.5416362684884
1.3971241893157258	1460.9310091570694
1.399452729631252	1730.8166384979766
1.401785150847304	2015.4820988538806
1.40412145943205	2305.483274494443
1.4064616618644366	2534.095248687403
1.4088057646342107	2647.4112277521667
1.4111537742419344	2744.7218866664875
1.4135056971990045	2922.785540503596
1.4158615400276693	3160.5098224275216
1.418221309261049	3445.79296262688
1.4205850114431506	3815.9171476179176
1.4229526531288894	4879.033886781171
1.425324240884104	7688.8837008716655
1.4276997812855778	10898.793693840013
1.4300792809210539	11883.142664577877
1.4324627463892556	10820.322332946922
1.4348501842999046	10085.471925508578
1.4372416012737377	10447.84928978155
1.4396370039425272	11990.748875151003
1.442036398949098	16580.14430425512
1.4444397929473467	23334.97603495371
1.4468471926022592	31644.891532978025
1.4492586045899296	41750.78173435422
1.4516740355975797	52322.90149722192
1.4540934923235755	63107.45689436104
1.4565169814774481	71971.43463400453
1.4589445097799105	70205.80481067927
1.4613760839628773	58883.68294198229
1.4638117107694821	47346.510282053954
1.466251396954098	37579.368508854255
1.4686951492823548	29133.629382154315
1.471142974531159	23477.602271065873
1.4735948794887108	19887.841931936957
1.4760508709545253	18716.481442848337
1.4785109557394496	20390.056114346473
1.4809751406656821	22379.31101854688
1.4834434325667916	23735.646432789283
1.4859158382877364	24940.18390721871
1.4883923646848827	26791.087206692366
1.490873018626024	29410.653099179002
1.493357806990401	34485.2144777329
1.4958467366687183	43624.372201027356
1.4983398145631663	52973.662747811424
1.5008370475874384	58784.60340027663
1.5033384426667507	61624.190550781044
1.505844006737862	58485.01134289001
1.5083537467490917	48395.99124428938
1.5108676696603405	39973.16346601185
1.5133857824431078	38847.65497963177
1.5159080920805128	42829.90215414096
1.518434605567314	56609.56555978711
1.5209653299099262	78631.12844117168
1.5235002721264426	99835.49601399564
1.5260394392466536	118059.60652056639
1.5285828383120648	137139.1413178256
1.5311304763759181	162034.350218143
1.5336823605032115	190254.74268701472
1.5362384977707166	216994.1672592061
1.5387988952670015	242102.3532521418
1.5413635600924465	275088.7828501067
1.5439324993592671	327290.74511737644
1.5465057201915329	389709.7319826822
1.5490832297251855	462385.06747289124
1.5516650351080608	544990.308797946
1.5542511434999076	645617.3734057725
1.5568415620724074	774447.8905301036
1.559436298009195	924637.0995546483
1.5620353585058768	1118600.3083018432
1.5646387507700532	1340933.6452967136
1.567246482021337	1581290.1173863474
1.5698585594913725	1839445.921352539
1.5724749904238582	2077239.2293710057
1.5750957820745648	2260556.6493664347
1.5777209417113556	2426631.327835607
1.5803504766142082	2615988.8525404492
1.5829843940752317	2817110.8521179487
1.5856227013986908	2930025.2631822284
1.5882654059010217	2897917.623636735
1.5909125149108567	2805553.3764170795
1.5935640357690417	2648522.954027383
1.5962199758286568	2443392.4032021943
1.598880342455038	2162312.2023971328
1.6015451430257963	1798466.0760616206
1.6042143849308395	1436833.2757192072
1.6068880755723909	1113547.9207272374
1.6095662223650118	821916.7130526807
1.6122488327356201	606231.130642097
1.614935914123513	453550.04537652136
1.6176274739803853	330765.0432730289
1.6203235197703527	245050.27774755817
1.62302405896997	177492.4159409352
1.6257290990682536	135776.02862426467
1.6284386475667005	110811.47712136662
1.6311527119793119	101179.68431683384
1.6338712998326108	107569.14752325075
1.6365944186656651	115180.4395985189
1.6393220760301082	119471.23940758935
1.642054279490158	122684.9256503697
1.644791036622642	126841.43169120699
1.6475323550170131	131489.1723927657
1.6502782422753748	133307.56471652642
1.6530287060125004	130886.88187814422
1.6557837538558546	133531.91328954877
1.6585433934456146	155088.7522987462
1.6613076324346907	180106.43421175022
1.6640764784887485	159949.7730132349
1.66684993928623	91717.93471845784
1.6696280225183737	41061.25172692189
1.6724107358892377	44888.66492237336
1.6751980871157197	68825.76527877967
1.6779900839275794	90301.27029153492
1.6807867340674587	108321.93703079612
1.6835880452909044	113673.79184113839
1.6863940253663894	100499.19515888901
1.6892046820753335	83176.73182622343
1.6920200232121256	67582.85686558395
1.694840056584146	53548.746097441464
1.6976647900117863	43541.64653264413
1.700494231328473	38132.26571704862
1.703328388380687	39675.018578624185
1.706167269027988	54124.203486632425
1.709010881143035	71206.53574939618
1.7118592326116067	79185.5569457748
1.714712331332626	80843.64202175368
1.7175701852181804	87609.52141725057
1.7204328021935444	102459.30208420713
1.7233001901972003	111213.42295431193
1.726172357180862	96388.41149242924
1.7290493111094971	71651.38697198064
1.7319310599613464	61765.94609323359
1.7348176117279486	68008.56534168801
1.737708974414162	78800.2479770379
1.7406051560381857	93740.09174304671
1.7435061646315826	109289.9784337228
1.746412008239302	121146.61420523336
1.749322694919701	129380.4248293439
1.7522382327445671	128859.83081406144
1.7551586297991415	116273.21113221056
1.7580838941821402	101478.11120741063
1.761014034005777	88675.84231868248
1.7639490573957866	77273.29002505304
1.7668889724914467	68187.98457430043
1.769833787445599	61619.813434092655
1.7727835104246752	58751.680454058755
1.7757381496087163	62443.43028474935
1.7786977131913975	66380.458088531
1.7816622093800498	62039.85243495977
1.7846316463956833	51683.402619943125
1.7876060324730094	40296.33108066278
1.7905853758604646	28334.00910229471
1.793569684820232	19749.736777911996
1.7965589676282658	20900.40284824431
1.7995532325743133	26039.202735434483
1.802552487961937	26209.808847226344
1.8055567421085403	21381.27102357262
1.8085660033453879	17608.511135921573
1.8115802800176304	17283.690224736798
1.8145995804843267	18247.950677260633
1.8176239131184673	19637.691164626154
1.820653286306998	20973.970842306117
1.823687708450843	19334.821903937813
1.8267271879649278	13676.90082095233
1.8297717332782029	8318.650019776896
1.8328213528336663	6239.648391712402
1.8358760550883895	6215.840080977563
1.8389358485135368	8798.023758331647
1.8420007415943929	13723.879634581162
1.8450707428303834	17446.407692119872
1.848145860735101	18266.40122154247
1.851226103836326	17806.318814219696
1.8543114806760534	16156.455687277363
1.8574019998105136	13685.054663518562
1.8604976698101978	11001.523363979026
1.8635984992598815	8146.942867423955
1.8667044967586481	5821.488955783044
1.8698156709199125	4996.776422834682
1.8729320303714458	6345.235690506053
1.8760535837553982	15685.536532357346
1.879180339728324	32028.827769035706
1.8823123069612047	42391.49490109966
1.8854494941394733	39999.47575584779
1.8885919099630393	35119.940239528805
1.8917395631463112	36396.700548943314
1.8948924624182215	40984.118238057934
1.8980506165222522	38995.07076845945
1.9012140342164559	28188.944656679043
1.9043827242734832	18027.41742814146
1.907556695480606	14375.894538539183
1.9107359566397404	13724.002724777132
1.9139205165674735	13025.165793240101
1.9171103840950858	12151.800987512132
1.9203055680685779	10895.879682563305
1.923506077348692	8997.198269417255
1.92671192081094	7091.287665885712
1.9299231073456249	5899.3926703757925
1.9331396458578678	5214.851457562718
1.9363615452676308	4892.314659202205
1.9395888145097437	4998.997409883173
1.9428214625339266	5511.556990153069
1.9460594983048167	6817.121566896527
1.9493029308019916	8473.077841244096
1.952551769019995	10085.930011543736
1.9558060219683617	11697.06497666634
1.9590656986716424	13914.1610735684
1.9623308081694284	17180.973839485338
1.9656013595163775	20146.288436405808
1.9688773617822382	20901.695782293846
1.9721588240518755	20317.801367373733
1.975445755425295	20167.62475629593
1.9787381650176707	20756.743505993185
1.9820360619593669	23167.761996349658
1.985339455395966	29669.272138532036
1.9886483544882927	38690.898005341616
1.99196276841244	52917.41590652877
1.9952827063597942	-6878.532026268654
1.9986081775370603	78589.88660611224
2.001939191166289	78891.24475363568
2.0052757564848993	78686.87691842557
2.0086178827457077	81115.99582760649
2.011965579216951	84701.63677678659
2.0153188551823122	84665.39184198131
2.01867771994095	80337.70148361055
2.022042182807518	79606.28118286123
2.0254122531121976	89449.61171680028
2.0287879402007176	104187.76961573359
2.0321692534343856	120623.57286821841
2.0355562021901097	138707.37252347608
2.038948795860427	160571.54960692205
2.0423470438535274	188451.09468814946
2.0457509555932836	218595.24106426092
2.049160540519272	250372.38520532544
2.0525758080868046	283685.7844898551
2.0559967677669495	320979.01461632503
2.059423429046561	362848.3701982886
2.0628558014283054	404851.6159779437
2.066293894430686	445084.58158914925
2.0697377175880702	483635.04575873393
2.073187280450717	517585.1419769157
2.0766425925848018	548065.5694725645
2.0801036635724435	582348.4312319297
2.083570503011731	623295.8116396661
2.0870431205167503	659620.6146007486
2.090521525717612	674596.2731534132
2.0940057282604747	677079.1840099265
2.0974957378075754	679872.9504460797
2.1009915640372547	683722.2935273574
2.1044932166439834	683921.2695796529
2.10800070533839	675371.4259088679
2.1115140398472874	661234.4713739714
2.1150332299137	637796.1157895935
2.1185582852968894	606798.3917646873
2.1220892157723843	574979.1504945784
2.125626031132005	543234.6308655167
2.1291687411838915	513080.0191869261
2.1327173557525314	487983.30630550266
2.136271884678786	463851.4223497382
2.1398323378199176	426621.56563209475
2.143398725049617	374798.3741490538
2.1469710562580335	326904.9141597256
2.150549341351797	293496.1832477103
2.15413359025405	263821.6515365438
2.1577238129044733	225054.81504549237
2.1613200192593145	180134.63056026347
2.1649222192914133	147844.4814917058
2.1685304229902322	136259.5259795685
2.172144640361883	127717.8684378049
2.175764881429153	111357.1473169998
2.1793911562315347	91207.92262869945
2.183023474825254	75096.10249284735
2.1866618472832964	63594.191772464066
2.1903062836954352	50839.863987151344
2.193956794168261	33708.76660496153
2.197613388825208	16986.082877164055
2.201276077806584	9577.30595136739
2.2049448712695945	9581.70553448842
2.2086197793883775	11209.23843857629
2.212300812354025	14128.961819844975
2.215987980374615	16217.994696407555
2.2196812936752393	14768.39636149618
2.2233807624980315	11499.919429961858
2.227086397102195	8977.082295752783
2.230798207764032	7375.810996457112
2.2345162047769724	6000.972246495308
2.2382403984516004	4826.07772897751
2.2419707991156868	-3043.3919995686742
2.245707417114213	3991.9750082566666
2.249450262809403	2436.9052397308774
2.2531993465807525	2048.471411121161
2.256954678825054	1791.1113292436185
2.260716269956429	1704.869297417037
2.2644841304063563	2022.4706388610368
2.2682582706237007	2507.338507300766
2.2720387010747403	2692.0111188400165
2.275825432243198	2550.1125344447764
2.27961847463027	2375.41108247815
2.283417838754654	2241.488544906973
2.2872235351525787	2127.5137728605087
2.291035574377833	2034.3893068086995
2.294853967001796	2012.0194347272404
2.298678723613466	2520.767384666831
2.302509854819488	3791.585890743753
2.3063473712441875	5189.407123493233
2.3101912835295946	6407.44524274087
2.314041602335477	7274.836123220791
2.31789833833937	6588.765596631791
2.321761502236602	4350.68415523628
2.3256311047403297	2499.453110269331
2.3295071565815637	1914.4573422120502
2.3333896685092	1808.2862504089396
2.3372786512900485	1797.8205770000282
2.3411741157088657	1867.222767736778
2.3450760725683804	2093.3354383258093
2.348984532689328	2540.4269383130454
2.3528995069104766	3255.9954337212334
2.356821006088661	4573.8352775077465
2.360749041098809	5927.27654296412
2.3646836228339736	5691.3087292153405
2.3686247622053638	3915.9109461343364
2.3725724701423725	2976.33424789735
2.37652675759261	4132.941442382089
2.380487635521931	5945.697989372374
2.3844551149144677	7442.877456563994
2.388429206772659	8695.849551342455
2.39240992211728	9835.615804308496
2.3963972719874755	10871.521639262957
2.400391267440788	12502.070377610646
2.4043919195531895	15822.034612459584
2.408399239419112	19610.139232607296
2.412413238151477	21281.12621997266
2.4164339268817296	20879.28547460338
2.420461316759866	20796.371799094613
2.4244954189544656	21910.597985219534
2.428536244652723	23853.759962881148
2.432583805060478	27412.72551787863
2.4366381114022455	31951.52960520036
2.440699174921249	35355.059556908935
2.4447670068794514	37167.92282670288
2.4488416185575836	40206.02213797159
2.4529230212551796	47469.43409972583
2.457011226290605	56136.69633353123
2.4611062450010897	61228.92791540188
2.465208088742758	62738.99221342294
2.4693167688906628	62841.4038966647
2.4734322968388143	61252.67672524289
2.4775546840002125	59360.663608594245
2.4816839418068795	58448.594721729285
2.4858200817098908	58156.78201292838
2.4899631151794077	56118.07224188286
2.4941130537047065	35043.451871488134
