0.7011666666666666	19354924.028188355
0.7023352777777778	20518497.20825013
0.7035058365740741	20805064.248288948
0.7046783463016977	21105280.242323603
0.7058528102122005	21461202.85404456
0.7070292315625542	21844087.250580873
0.7082076136151585	22203012.93226639
0.7093879596378504	22537422.416062765
0.7105702729039134	22920126.264044113
0.7117545566920868	23412383.356424354
0.7129408142865735	23917080.718267374
0.7141290489770512	24295567.600282602
0.7153192640586796	24579776.59596946
0.7165114628321108	24884856.92403078
0.7177056486034976	25234871.583726216
0.7189018246845036	25593972.937936816
0.7200999943923111	25945196.720783923
0.7213001610496316	26270647.456951156
0.7225023279847144	26461807.115749657
0.7237064985313556	26512380.915249202
0.7249126760289079	26549558.21645734
0.7261208638222895	26605475.855917733
0.7273310652619932	26622302.673068017
0.7285432837040966	26447562.469837796
0.72975752251027	26125593.320889644
0.7309737850477873	25770338.19011631
0.7321920746895336	21434912.72061092
0.7334123948140163	29294901.50281739
0.7346347488053729	23729507.49177391
0.7358591400533818	22563755.210040312
0.7370855719534709	21553680.583368953
0.7383140479067267	20735739.512527138
0.7395445713199046	19945553.231466398
0.7407771456054377	19151499.95850489
0.7420117741814469	18364092.26044274
0.7432484604717493	17611372.080080032
0.744487207905869	16895258.173011974
0.7457280199190454	16286694.937393859
0.7469708999522439	15825214.255847696
0.7482158514521644	15357542.483201114
0.7494628778712513	14773824.365006903
0.7507119826677034	14135436.820752498
0.7519631693054829	13525351.993951602
0.7532164412543255	12942492.555150902
0.7544718019897494	12302612.132770112
0.7557292549930656	11542295.88347571
0.7569888037513873	10677470.349466186
0.7582504517576398	9569383.535726065
0.7595142025105692	8259290.964016869
0.7607800595147535	6680010.152385855
0.7620480262806114	4759267.74984203
0.7633181063244125	2945216.5364135476
0.7645903031682866	1645298.1975295614
0.7658646203402337	682563.8881256994
0.7671410613741342	187234.46404976345
0.7684196298097576	150356.173768783
0.7697003291927741	331410.0134469467
0.770983163074762	803363.4969747625
0.77226813501322	1497086.7638344488
0.7735552485715754	2659280.4222759395
0.7748445073191947	4176045.4659186583
0.7761359148313933	5967560.958773958
0.7774294746894457	8090117.620645175
0.7787251904805949	10271838.229139656
0.7800230657980626	12406291.476355659
0.7813231042410594	14502650.042329233
0.7826253094147945	16508828.414229488
0.7839296849304858	18418667.017335143
0.7852362344053699	20168762.9444438
0.7865449614627122	21643148.61858285
0.7878558697318168	23008760.675243232
0.7891689628480365	24308214.371598024
0.7904842444527834	25573310.554902148
0.791801718193538	26912096.096272755
0.7931213877238606	28346998.57145816
0.7944432567034004	29687033.33307378
0.795767328797906	30722757.94856378
0.7970936076792359	31671593.93957977
0.7984220970253681	32925481.174000427
0.7997528005204104	34484396.05193624
0.801085721854611	36258176.919317216
0.8024208647243688	38345887.204688385
0.8037582328322427	40489675.07874636
0.8050978298869632	42459555.02504547
0.8064396596034414	44320798.308406614
0.8077837257027807	46231703.4047876
0.8091300319122853	48221699.50350425
0.8104785819654725	50322968.5056983
0.8118293796020817	52660611.37812783
0.8131824285680851	55139675.37462115
0.8145377326156986	57780929.46084097
0.8158952955033916	60466916.61347634
0.8172551209958971	61879241.485485606
0.8186172128642236	61028004.463344865
0.819981574885664	60521635.548514724
0.8213482108438068	63810702.90823165
0.8227171245285466	69425284.49177857
0.8240883197360943	74076555.99409592
0.8254618002689877	77260657.08741005
0.8268375699361028	79698347.28297876
0.828215632552663	81037477.54838486
0.8295959919402508	82024450.77000363
0.830978651926818	83735725.97805426
0.832363616346696	86076948.75541781
0.8337508890406071	88060354.75997081
0.8351404738556749	89278817.9343727
0.8365323746454344	90326051.98930079
0.8379265952698435	91595672.45605004
0.8393231395952933	92966518.59514815
0.8407220114946187	94028380.21173528
0.8421232148471098	94687634.26164155
0.8435267535385217	95062327.78020175
0.8449326314610859	94944897.26589328
0.8463408525135211	94795216.14304858
0.8477514206010437	95561112.3403929
0.8491643396353787	97113747.20829393
0.8505796135347711	98507004.80645269
0.8519972462239958	99461969.28540377
0.8534172416343692	100266758.92690296
0.8548396037037598	101006134.29845543
0.8562643363765994	101588879.34574372
0.8576914436038937	101304509.89281805
0.8591209293432337	99871426.66405068
0.8605527975588058	96029155.03194688
0.8619870522214037	87039010.02186145
0.8634236973084395	77416149.74839668
0.8648627368039535	75441280.39572561
0.8663041746986269	79741318.3233726
0.8677480149897913	81005309.66736372
0.8691942616814409	76010934.89051099
0.8706429187842434	70629549.06028621
0.8720939903155505	70031114.81817901
0.8735474802994098	72412191.9383956
0.8750033927665755	75554785.66272725
0.8764617317545198	79361550.63032858
0.8779225013074441	83197297.84739937
0.8793857054762898	86807588.88635445
0.8808513483187503	90600748.78346865
0.8823194338992816	95691569.4711042
0.8837899662891138	101660994.08567303
0.8852629495662623	105400555.60271618
0.8867383878155394	105364520.15372294
0.8882162851285654	104962090.16357855
0.8896966456037797	106840768.45621888
0.8911794733464526	109924693.6924473
0.8926647724686968	112080648.0203482
0.894152547089478	113114899.6340899
0.8956428013346271	114691650.55162238
0.8971355393368516	117946895.81747282
0.8986307652357465	121514584.8217587
0.9001284831778059	123366289.3348858
0.9016286973164357	123819694.9521913
0.9031314118119631	124313366.19148754
0.9046366308316498	125135405.3005853
0.9061443585497025	126732938.92639178
0.9076545991472854	130489334.18956569
0.9091673568125309	135248798.8065961
0.9106826357405519	138457585.3161818
0.9122004401334528	139855157.50706276
0.9137207742003418	141140961.0348809
0.9152436421573426	142887109.47376397
0.9167690482276047	145137938.56661963
0.9182969966413176	148827881.2481606
0.9198274916357196	153444867.64135993
0.9213605374551126	155891771.9506013
0.9228961383508711	154706647.241927
0.924434298581456	149158147.81141168
0.9259750224124251	133180796.76439883
0.9275183141164459	112858152.20978312
0.9290641779733066	102139845.44029467
0.9306126182699289	102316147.7911156
0.9321636393003788	104361702.67230274
0.9337172453658794	106424194.87410276
0.9352734407748227	108690075.74824248
0.9368322298427807	111810219.02995124
0.9383936168925188	115551489.49141662
0.9399576062540064	118903313.91584136
0.9415242022644297	121565865.21718004
0.9430934092682037	124050951.97202343
0.9446652316169841	126537395.16219188
0.9462396736696792	128801423.22363585
0.947816739792462	129635500.48452263
0.9493964343587827	129017510.67044261
0.9509787617493808	129467391.59716752
0.9525637263522965	132646162.21707328
0.9541513325628838	135771080.07900938
0.9557415847838219	134277469.10802191
0.9573344874251283	129502375.33973458
0.9589300449041701	126850218.48550053
0.9605282616456772	127821400.19715449
0.9621291420817533	129602198.05406474
0.9637326906518895	131064915.4454611
0.9653389118029762	132328306.76917183
0.9669478099893144	133408814.845485
0.96855938967263	134255748.50488362
0.9701736553220844	134254174.74815232
0.971790611414288	132595573.65177377
0.9734102624333119	130708307.21352275
0.9750326128707006	130402115.34475714
0.9766576672254852	131306742.32272285
0.9782854300041944	132576708.26417848
0.9799159057208682	134215888.80914372
0.9815490988970695	136091184.47508082
0.9831850140618982	138378753.11608744
0.9848236557520013	140705126.68104905
0.986465028511588	141975589.49228802
0.9881091368924407	141911653.71205276
0.9897559854539281	137927426.95625168
0.991405578763018	126551776.09769036
0.9930579213942898	114967713.07127489
0.994713017929947	113271766.17915976
0.9963708729598303	118381703.98656337
0.9980314910814301	120392016.33446202
0.9996948768998991	117191202.84097487
1.0013610350280657	114097945.94816194
1.0030299700864458	114782315.94688964
1.0047016867032565	117647846.84494884
1.0063761895144285	122100449.1278649
1.0080534831636194	128019834.54891953
1.0097335723022256	133711063.94780223
1.011416461589396	138522796.01503047
1.013102155692045	143017663.50244173
1.014790659284865	147458564.8113367
1.01648197705034	151852703.20415032
1.018176113678757	156120975.8879393
1.0198730738682218	160197100.42195427
1.021572862324669	163682768.67596233
1.0232754837618767	165674107.60234237
1.0249809429014798	166923971.75592747
1.0266892444729823	168138361.71089795
1.0284003932137706	169351573.89572325
1.030114393869127	170588312.01731795
1.0318312511922423	171891031.2771034
1.0335509699442293	174392609.5110345
1.0352735548941365	181418451.75208926
1.0369990108189602	191208174.90933067
1.0387273425036585	198062556.93483594
1.0404585547411644	200667407.25180113
1.0421926523323999	203173205.46741214
1.0439296400862872	207946998.45884055
1.0456695228197646	213128857.94475192
1.0474123053577973	214517494.99856484
1.0491579925333938	212375226.01086026
1.0509065891876161	211580544.48312494
1.0526581001695956	214197487.2581247
1.0544125303365448	217153347.92351866
1.0561698845537726	217145411.61151823
1.0579301676946955	215431876.83568174
1.0596933846408534	216140350.71851617
1.0614595402819214	220190137.10001704
1.0632286395157247	224035618.40465444
1.065000687248251	225455951.66383803
1.0667756883936648	225849186.73635334
1.068553647874321	226832092.94684926
1.070334570620778	228554647.44639945
1.072118461571813	232340272.74959192
1.0739053256744326	239683198.54682365
1.07569516788389	247359066.9256017
1.0774879931636965	252049818.79202533
1.079283806485636	254783244.7176527
1.0810826128297788	257529917.9714547
1.0828844171844951	260397029.0137376
1.0846892245464692	261304036.39719337
1.0864970399207134	257172672.78977528
1.0883078683205814	249707519.8373188
1.0901217147677824	236854362.0716227
1.0919385842923954	219351164.53640267
1.0937584819328827	203598930.7839772
1.0955814127361043	192067027.8294819
1.0974073817573313	182848506.51547098
1.09923639406026	177199845.84743193
1.1010684547170273	173772979.62979037
1.1029035688082225	169995505.06900886
1.1047417414229028	165576559.12055892
1.1065829776586076	161121317.24200618
1.108427282621372	156908114.89627957
1.110274661425741	152853065.20768932
1.112125119194784	149067609.0010803
1.1139786610601086	145665774.48796323
1.1158352921618757	144140871.49833274
1.117695017648812	145800890.73214802
1.1195578426782267	148586012.09552673
1.1214237724160239	151907655.60284528
1.1232928120367172	155542516.5460239
1.1251649667234453	159052600.11969915
1.1270402416679843	162139479.3038273
1.1289186420707642	160136740.64016357
1.1308001731408823	146063379.46152234
1.1326848400961171	129194312.55152977
1.1345726481629441	124575647.7524826
1.136463602576549	130597905.94811235
1.1383577085808434	135929153.97686437
1.1402549714284782	137946720.6098439
1.1421553963808588	140113290.1923084
1.1440589887081603	146114742.05933127
1.1459657536893408	153848245.41750497
1.1478756966121564	157083331.02621233
1.1497888227731765	154799129.8529983
1.1517051374777987	152339908.50867757
1.1536246460402617	151964589.87503672
1.155547353783662	152446745.51741993
1.1574732660399685	152805390.91915968
1.1594023881500348	153032214.80566734
1.1613347254636184	153197819.8170298
1.163270283339391	153262955.80041906
1.1652090671449569	152395619.76032788
1.1671510822568651	148535361.93459603
1.1690963340606266	143448977.0165634
1.1710448279507277	142326064.44735855
1.1729965693306457	145838691.62741566
1.1749515636128636	147788023.0710318
1.176909816218885	144172463.4632862
1.17887133257925	139912311.085137
1.1808361181335487	143479103.6447576
1.182804178330438	153464092.6301486
1.1847755186276552	162661387.80062643
1.1867501444920348	169430294.5772739
1.1887280613995215	175881559.8546415
1.1907092748351875	183490496.18830636
1.1926937902932462	191076090.52553424
1.1946816132770681	193788488.5433084
1.1966727492991969	191005638.43859664
1.1986672038813622	189348664.69148093
1.2006649825544977	192444567.68866768
1.2026660908587554	198062410.29288232
1.20467053434352	206469016.09080827
1.206678318567426	216709410.13429722
1.2086894490983717	222934134.8658458
1.2107039315135357	222537931.1661009
1.2127217713993916	222111991.24710044
1.214742974351724	227273837.81269702
1.2167675459756435	235185112.66491374
1.218795491885603	240263416.83209124
1.2208268177054122	242078823.94547793
1.2228615290682547	245166551.8601937
1.2248996316167018	252276343.45500594
1.2269411310027298	260361448.38777092
1.2289860328877344	265720622.81861582
1.2310343429425474	268920573.5440838
1.2330860668474517	272203330.3080616
1.2351412102921975	275855229.8595535
1.2371997789760178	276369082.3520644
1.2392617786076445	266924557.7995999
1.241327214905324	254212462.80610174
1.243396093596833	256162623.0525677
1.2454684204194943	273836408.98157674
1.2475442011201936	284014423.5639236
1.249623441455394	272532675.08887905
1.251706147191153	257461408.89660314
1.2537923241031383	262939641.23278046
1.2558819779766437	283652295.97115874
1.2579751146066047	297679487.1018691
1.2600717397976158	299360225.48107064
1.262171859363945	299123149.81366664
1.2642754791295518	302646941.06301403
1.266382604928101	307617703.8349119
1.2684932426029811	308852812.63285154
1.2706073980073196	306101928.08430535
1.2727250770039986	304480529.2925074
1.274846285465672	306566667.35849595
1.2769710292747813	309552076.73706603
1.2790993143235727	310478282.78439355
1.2812311465141122	309561491.8864345
1.2833665317583023	305851832.1313702
1.2855054759778997	298332213.90806466
1.2876479851045295	291462516.9034302
1.2897940650797037	289292283.19292253
1.2919437218548366	289371852.4888221
1.2940969613912614	288085477.38630193
1.2962537896602468	285328880.3194353
1.298414212643014	283610782.7716795
1.3005782363307525	284471918.6215763
1.302745866724637	285315693.3761131
1.304917109835845	282196871.3498198
1.3070919716855713	276350865.13602906
1.3092704583050472	272252261.52800435
1.3114525757355557	271007066.30010396
1.3136383300284484	269647888.64517707
1.3158277272451624	265992101.56340155
1.3180207734572378	260660410.50110036
1.3202174747463333	252345475.84442118
1.3224178372042439	240858296.06407383
1.3246218669329177	225899034.8337532
1.3268295700444726	204945783.13180232
1.3290409526612135	179691806.07962674
1.3312560209156488	145652555.51731226
1.3334747809505083	106524928.46171245
1.3356972389187591	78220954.56742325
1.3379234009836238	65843093.40750104
1.3401532733185966	57854106.51537483
1.342386862107461	51690706.594110005
1.344624173544307	46697674.48085088
1.3468652138335475	43235354.35953064
1.3491099891899365	41230634.820743054
1.3513585058385866	39081720.247374676
1.3536107700149842	36249851.27820437
1.3558667879650093	33664900.15509638
1.358126565944951	32990625.598711297
1.360390110221526	33754198.1300728
1.3626574270718954	35456511.376153514
1.3649285227836818	38238900.3878082
1.367203403654988	40061948.10259549
1.369482075994413	38601542.38292548
1.3717645461210706	36050817.44038848
1.3740508203646056	36422096.94381614
1.3763409050652133	39617021.44276396
1.3786348065736556	42060878.75636311
1.3809325312512784	42321552.90486977
1.3832340854700305	41958483.36067221
1.3855394756124806	42009040.464791276
1.3878487080718347	42262811.535969496
1.3901617892519544	41773785.077847116
1.3924787255673745	40268366.216160946
1.3947995234433201	38671028.01420486
1.3971241893157258	37428840.10928333
1.399452729631252	36515538.49565498
1.401785150847304	36492323.1786008
1.40412145943205	37223500.67961323
1.4064616618644366	36890092.945107296
1.4088057646342107	34396654.55717138
1.4111537742419344	31626971.73208147
1.4135056971990045	30470802.35162516
1.4158615400276693	30373651.232376818
1.418221309261049	30122405.917945884
1.4205850114431506	29574174.416858118
1.4229526531288894	29259836.212859716
1.425324240884104	29716866.38756112
1.4276997812855778	30403633.056447342
1.4300792809210539	30396584.383565824
1.4324627463892556	29789293.503113758
1.4348501842999046	29847218.35427853
1.4372416012737377	31252509.871569082
1.4396370039425272	32968914.630106058
1.442036398949098	34255495.86863279
1.4444397929473467	35339573.482487656
1.4468471926022592	37067805.475788854
1.4492586045899296	39662108.30120439
1.4516740355975797	42880809.41419525
1.4540934923235755	47217587.5306881
1.4565169814774481	51399240.27699951
1.4589445097799105	52092942.41150412
1.4613760839628773	49660267.507780984
1.4638117107694821	47473409.4568708
1.466251396954098	46427553.924110435
1.4686951492823548	46104796.51225694
1.471142974531159	47108506.729124025
1.4735948794887108	48997436.06562581
1.4760508709545253	51259017.61847065
1.4785109557394496	53884443.95805707
1.4809751406656821	56022273.166113436
1.4834434325667916	56772272.64933309
1.4859158382877364	57038063.93248745
1.4883923646848827	57957712.261855535
1.490873018626024	59478586.669433385
1.493357806990401	61133242.87930268
1.4958467366687183	62891984.800288975
1.4983398145631663	64656954.190341845
1.5008370475874384	66330541.400299355
1.5033384426667507	67999758.52041349
1.505844006737862	70064062.2560078
1.5083537467490917	72623498.10376148
1.5108676696603405	75498198.07969423
1.5133857824431078	78895414.07076275
1.5159080920805128	82352976.522784
1.518434605567314	84980819.90685338
1.5209653299099262	86910299.06273682
1.5235002721264426	89054939.32265006
1.5260394392466536	91697435.15924807
1.5285828383120648	94411993.77967493
1.5311304763759181	96871023.97458132
1.5336823605032115	99191776.86067197
1.5362384977707166	101627393.57211629
1.5387988952670015	104256002.15020579
1.5413635600924465	107829865.96669656
1.5439324993592671	113533308.69614089
1.5465057201915329	119783064.50581479
1.5490832297251855	124331828.97844544
1.5516650351080608	127444939.00261025
1.5542511434999076	130650756.59921758
1.5568415620724074	134277006.4217984
1.559436298009195	138155370.1935561
1.5620353585058768	142463355.51849774
1.5646387507700532	146965337.0870394
1.567246482021337	151031598.03872195
1.5698585594913725	154602487.42382145
1.5724749904238582	158662254.63310838
1.5750957820745648	164044553.1915645
1.5777209417113556	169903339.985631
1.5803504766142082	175440091.30980185
1.5829843940752317	180589304.7100901
1.5856227013986908	184451735.14463806
1.5882654059010217	186321972.52945557
1.5909125149108567	188324192.84933922
1.5935640357690417	192524039.61265782
1.5962199758286568	197947682.74685028
1.598880342455038	203063566.17062664
1.6015451430257963	207710434.16688293
1.6042143849308395	211655284.99939722
1.6068880755723909	214211743.8876306
1.6095662223650118	216573579.52766624
1.6122488327356201	220577597.7332627
1.614935914123513	225808068.69492993
1.6176274739803853	229987013.86591664
1.6203235197703527	232306106.02280134
1.62302405896997	234190551.2351843
1.6257290990682536	236277935.34983352
1.6284386475667005	238644583.61598304
1.6311527119793119	242109110.79536995
1.6338712998326108	246741516.91505957
1.6365944186656651	250824997.441817
1.6393220760301082	253266985.85375026
1.642054279490158	255022038.6125805
1.644791036622642	256555507.97262725
1.6475323550170131	257906645.2104771
1.6502782422753748	259030801.00437632
1.6530287060125004	259826509.03509164
1.6557837538558546	260325052.79422942
1.6585433934456146	260175592.0487828
1.6613076324346907	259916874.1115595
1.6640764784887485	261263549.43516734
1.66684993928623	264365344.59565717
1.6696280225183737	267658195.12849087
1.6724107358892377	270732740.1748554
1.6751980871157197	273518051.06496954
1.6779900839275794	275396905.2759738
1.6807867340674587	276340410.3618994
1.6835880452909044	274771346.90587366
1.6863940253663894	269563991.99840033
1.6892046820753335	263478420.0008425
1.6920200232121256	257547799.79811615
1.694840056584146	251796419.5545814
1.6976647900117863	246666196.18265808
1.700494231328473	242128850.3515934
1.703328388380687	236684810.6151851
1.706167269027988	229146913.10192707
1.709010881143035	219656385.44997162
1.7118592326116067	205201294.09071025
1.714712331332626	187602172.45768464
1.7175701852181804	175321829.73073792
1.7204328021935444	171250426.73931557
1.7233001901972003	168043971.65918747
1.726172357180862	161450557.18552265
1.7290493111094971	153279806.16877472
1.7319310599613464	146323036.88562396
1.7348176117279486	140722388.39817548
1.737708974414162	135478080.83071703
1.7406051560381857	130540114.43443456
1.7435061646315826	125851531.08738294
1.746412008239302	121748789.23728487
1.749322694919701	118002550.63104506
1.7522382327445671	113625616.65793858
1.7551586297991415	108303465.90723503
1.7580838941821402	102840257.86510158
1.761014034005777	97632104.65853275
1.7639490573957866	92570481.63526495
1.7668889724914467	87622915.98179911
1.769833787445599	82785638.56505893
1.7727835104246752	77974704.81223261
1.7757381496087163	73194040.71971594
1.7786977131913975	68732782.07452969
1.7816622093800498	65523696.76062545
1.7846316463956833	63158451.14204669
1.7876060324730094	60393325.16502214
1.7905853758604646	56993011.456553094
1.793569684820232	54129743.57735733
1.7965589676282658	53168093.69605551
1.7995532325743133	52834640.234655514
1.802552487961937	50661236.23245857
1.8055567421085403	46765337.46985224
1.8085660033453879	44616734.82496707
1.8115802800176304	46323505.756844945
1.8145995804843267	48733032.652303055
1.8176239131184673	48724866.9426424
1.820653286306998	47056658.19551777
1.823687708450843	45653117.34272685
1.8267271879649278	44803810.840174325
1.8297717332782029	44132767.00544072
1.8328213528336663	43604605.277702175
1.8358760550883895	43042072.99803633
1.8389358485135368	41897548.45330304
1.8420007415943929	40213537.371679455
1.8450707428303834	38810326.17408134
1.848145860735101	38071341.06635399
1.851226103836326	37025217.09961595
1.8543114806760534	33967207.428301066
1.8574019998105136	29791752.54046666
1.8604976698101978	27735485.24393101
1.8635984992598815	28638068.32604867
1.8667044967586481	30273755.251574952
1.8698156709199125	32121816.642988965
1.8729320303714458	34133090.64141529
1.8760535837553982	36479387.16072586
1.879180339728324	39122541.87806215
1.8823123069612047	41594972.185430594
1.8854494941394733	43677626.060243875
1.8885919099630393	45712240.00629594
1.8917395631463112	48033448.00414523
1.8948924624182215	50390256.488517925
1.8980506165222522	51458360.39520323
1.9012140342164559	50867455.24216092
1.9043827242734832	50596147.46988108
1.907556695480606	52054947.70077766
1.9107359566397404	54005114.42240764
1.9139205165674735	54309832.012522705
1.9171103840950858	53073715.89112175
1.9203055680685779	51689895.73443863
1.923506077348692	50400448.01981551
1.92671192081094	49032220.68348246
1.9299231073456249	47274246.6993916
1.9331396458578678	45216652.97559766
1.9363615452676308	42782680.567059904
1.9395888145097437	39960864.4038955
1.9428214625339266	38453844.932401605
1.9460594983048167	40441488.54379342
1.9493029308019916	43440402.88347445
1.952551769019995	43508311.02313258
1.9558060219683617	41007229.41880449
1.9590656986716424	39712243.895739436
1.9623308081694284	41101580.32330957
1.9656013595163775	43002308.04999102
1.9688773617822382	43786102.98626839
1.9721588240518755	43842881.39898142
1.975445755425295	43763029.577008344
1.9787381650176707	43586162.18764557
1.9820360619593669	43585969.96487026
1.985339455395966	44065760.57469321
1.9886483544882927	44834520.23957057
1.99196276841244	45992103.592027664
1.9952827063597942	47454300.48150002
1.9986081775370603	48571008.66416069
2.001939191166289	49034012.48024005
2.0052757564848993	49478382.3637367
2.0086178827457077	50531217.92594598
2.011965579216951	52097616.161954775
2.0153188551823122	54692661.22570803
2.01867771994095	58446819.364646666
2.022042182807518	61380504.30784069
2.0254122531121976	61816514.29724946
2.0287879402007176	61475307.784509264
2.0321692534343856	62578399.054617874
2.0355562021901097	64952404.24290557
2.038948795860427	67471829.00306801
2.0423470438535274	69981367.16278316
2.0457509555932836	72415867.87045611
2.049160540519272	74603343.83067808
2.0525758080868046	76652721.15361942
2.0559967677669495	78770846.83887991
2.059423429046561	80994346.4619806
2.0628558014283054	83494455.60385312
2.066293894430686	86586305.46885863
2.0697377175880702	89703210.05391648
2.073187280450717	91749805.5189605
2.0766425925848018	92913722.19157091
2.0801036635724435	94231335.25208688
2.083570503011731	95968341.63121651
2.0870431205167503	98000814.94278455
2.090521525717612	100604030.71226424
2.0940057282604747	103575913.70886543
2.0974957378075754	106778451.21808873
2.1009915640372547	110201932.74922691
2.1044932166439834	113291055.60221572
2.10800070533839	115523847.15586084
2.1115140398472874	117330464.28781253
2.1150332299137	118777066.65800396
2.1185582852968894	119949883.01319379
2.1220892157723843	121240863.06516309
2.125626031132005	122772394.4869341
2.1291687411838915	124523575.61095409
2.1327173557525314	126758145.30492184
2.136271884678786	129297101.91662577
2.1398323378199176	132015949.95009325
2.143398725049617	134873284.35439828
2.1469710562580335	136954083.92978925
2.150549341351797	137258096.19771954
2.15413359025405	137000649.69316608
2.1577238129044733	137403658.69618535
2.1613200192593145	138364563.82718408
2.1649222192914133	139526296.2915026
2.1685304229902322	140897276.79596066
2.172144640361883	141933185.08448064
2.175764881429153	141753003.75438827
2.1793911562315347	140914051.9303058
2.183023474825254	140221764.4114624
2.1866618472832964	139724434.40282643
2.1903062836954352	139095482.84857398
2.193956794168261	138110616.73342654
2.197613388825208	137014690.14350277
2.201276077806584	136041110.47440627
2.2049448712695945	135192836.48266888
2.2086197793883775	134631699.09763825
2.212300812354025	134488117.09701714
2.215987980374615	134392197.47765443
2.2196812936752393	134110257.92005783
2.2233807624980315	133776053.86569633
2.227086397102195	133760656.54474209
2.230798207764032	134067680.68260166
2.2345162047769724	133985741.68030347
2.2382403984516004	132969689.06185772
2.2419707991156868	131614550.18472701
2.245707417114213	130325277.5609331
2.249450262809403	129105852.36354968
2.2531993465807525	128027692.16132225
2.256954678825054	127146751.79572581
2.260716269956429	126198312.65648799
2.2644841304063563	124904796.84245072
2.2682582706237007	123491350.60102588
2.2720387010747403	122481391.06593974
2.275825432243198	121914898.56648624
2.27961847463027	121553943.46736245
2.283417838754654	121455005.18133385
2.2872235351525787	120441795.16678679
2.291035574377833	115214193.62558784
2.294853967001796	107359135.27299182
2.298678723613466	104234133.86169848
2.302509854819488	108303826.49588776
2.3063473712441875	112417934.98790678
2.3101912835295946	111534628.5205167
2.314041602335477	107895602.76838301
2.31789833833937	103348012.96136706
2.321761502236602	98135995.83595833
2.3256311047403297	94908865.5664554
2.3295071565815637	95877006.69911775
2.3333896685092	97688229.11157203
2.3372786512900485	96789121.36902335
2.3411741157088657	93950262.06401709
2.3450760725683804	91490214.42079064
2.348984532689328	89828946.70755976
2.3528995069104766	88565853.64038955
2.356821006088661	87883405.47113675
2.360749041098809	87390455.59858721
2.3646836228339736	86281435.91629985
2.3686247622053638	84509773.38063748
2.3725724701423725	82208816.3865068
2.37652675759261	79077167.98654748
2.380487635521931	76284449.46129027
2.3844551149144677	75993773.45418273
2.388429206772659	77351368.13069394
2.39240992211728	77616519.11888623
2.3963972719874755	76144292.6226808
2.400391267440788	73832737.84269963
2.4043919195531895	70338927.86722556
2.408399239419112	66396545.24717072
2.412413238151477	63249374.65785979
2.4164339268817296	60902530.19872199
2.420461316759866	58576668.87621623
2.4244954189544656	56071406.99836262
2.428536244652723	53536668.07334347
2.432583805060478	51131011.89052744
2.4366381114022455	48764902.0310866
2.440699174921249	45972117.131130725
2.4447670068794514	42632437.331319846
2.4488416185575836	40044003.2365635
2.4529230212551796	39795482.26661563
2.457011226290605	40437769.22844358
2.4611062450010897	39740984.89827981
2.465208088742758	37685523.58580663
2.4693167688906628	35072518.500950456
2.4734322968388143	31785347.75196656
2.4775546840002125	28797397.169285472
2.4816839418068795	27785092.51599298
2.4858200817098908	28074262.237175763
2.4899631151794077	27426909.7354347
2.4941130537047065	17195068.893605392
