0.7011666666666666	693873.3101225913
0.7023352777777778	834505.4182504385
0.7035058365740741	961276.2941113943
0.7046783463016977	1076761.0705118254
0.7058528102122005	1148625.0736136169
0.7070292315625542	1196139.9919046222
0.7082076136151585	1240698.2095485665
0.7093879596378504	1283445.2832520404
0.7105702729039134	1324630.3190692293
0.7117545566920868	1363052.5760666016
0.7129408142865735	1396124.8005038814
0.7141290489770512	1410760.032120061
0.7153192640586796	1412034.8525775666
0.7165114628321108	1419217.3778745884
0.7177056486034976	1437227.3575713197
0.7189018246845036	1458772.2386045707
0.7200999943923111	1482504.7767785543
0.7213001610496316	1505198.9300942325
0.7225023279847144	1514197.218291637
0.7237064985313556	1508874.7483263733
0.7249126760289079	1503861.861121961
0.7261208638222895	1504218.67881369
0.7273310652619932	1502188.3430635787
0.7285432837040966	1481948.7437160132
0.72975752251027	1449131.4278686002
0.7309737850477873	1425373.045582776
0.7321920746895336	1416446.2057104222
0.7334123948140163	1407109.5705724054
0.7346347488053729	1386018.6041779309
0.7358591400533818	1359060.3769451529
0.7370855719534709	1333842.1169403372
0.7383140479067267	1310627.0121394172
0.7395445713199046	1286000.3693153006
0.7407771456054377	1257926.992303528
0.7420117741814469	1228273.5863470954
0.7432484604717493	1197342.1418141993
0.744487207905869	1165457.3147432164
0.7457280199190454	1133223.5863707382
0.7469708999522439	1100547.514230132
0.7482158514521644	1065439.4297924603
0.7494628778712513	1023887.9790502761
0.7507119826677034	979438.6673094252
0.7519631693054829	937374.8121009406
0.7532164412543255	897791.8333733862
0.7544718019897494	857391.9922541282
0.7557292549930656	814633.761116713
0.7569888037513873	767431.1713025082
0.7582504517576398	768473.134218403
0.7595142025105692	386310.92537442734
0.7607800595147535	541297.4380670156
0.7620480262806114	414797.5760236799
0.7633181063244125	287907.99484792
0.7645903031682866	175695.92065950405
0.7658646203402337	79053.74978863359
0.7671410613741342	29772.9738668708
0.7684196298097576	27953.895950424856
0.7697003291927741	50673.42567511117
0.770983163074762	107197.36307497905
0.77226813501322	182763.41599420324
0.7735552485715754	286848.94372046576
0.7748445073191947	411856.2394948173
0.7761359148313933	548343.1576483771
0.7774294746894457	697892.1097157724
0.7787251904805949	848952.2662715311
0.7800230657980626	995838.7663328635
0.7813231042410594	1140597.0896966467
0.7826253094147945	1284346.0235943163
0.7839296849304858	1427572.656190129
0.7852362344053699	1575680.0025097367
0.7865449614627122	1732974.9186775403
0.7878558697318168	1896369.5534263435
0.7891689628480365	2070745.9801192412
0.7904842444527834	2253841.1530748014
0.791801718193538	2447653.0350460475
0.7931213877238606	2654841.0618323516
0.7944432567034004	2868738.3011866957
0.795767328797906	3092048.6149495426
0.7970936076792359	3321954.1006491026
0.7984220970253681	3562717.126936807
0.7997528005204104	3813672.864128359
0.801085721854611	4068253.9187474544
0.8024208647243688	4326611.183502926
0.8037582328322427	4583764.221036067
0.8050978298869632	4831378.730427171
0.8064396596034414	5069155.195447412
0.8077837257027807	5277528.204275459
0.8091300319122853	5449177.857566129
0.8104785819654725	5625163.532518677
0.8118293796020817	5831969.140347389
0.8131824285680851	6070320.217070345
0.8145377326156986	6398878.735820107
0.8158952955033916	6801238.222724753
0.8172551209958971	7105683.373369153
0.8186172128642236	7219369.4214908825
0.819981574885664	7356352.122039406
0.8213482108438068	7792119.165408322
0.8227171245285466	8426754.572737835
0.8240883197360943	9108610.790255439
0.8254618002689877	9827201.812169272
0.8268375699361028	10468157.87977726
0.828215632552663	10896714.487891091
0.8295959919402508	11253794.88676665
0.830978651926818	11733186.460014906
0.832363616346696	12321407.582905978
0.8337508890406071	12874643.899604302
0.8351404738556749	13342966.712120974
0.8365323746454344	13820641.48243275
0.8379265952698435	14421000.846416054
0.8393231395952933	15101429.320976187
0.8407220114946187	15801497.480258726
0.8421232148471098	16519473.273353733
0.8435267535385217	17259806.043640103
0.8449326314610859	18044425.396213066
0.8463408525135211	18852133.212658957
0.8477514206010437	19675600.44667849
0.8491643396353787	20516740.250460044
0.8505796135347711	21412221.593723353
0.8519972462239958	22395990.340488024
0.8534172416343692	23409512.2411477
0.8548396037037598	24431873.39477613
0.8562643363765994	25454120.003034893
0.8576914436038937	26433594.212492894
0.8591209293432337	27357053.280353986
0.8605527975588058	28192653.91343995
0.8619870522214037	28845512.948614273
0.8634236973084395	29471998.608414825
0.8648627368039535	30348137.100593735
0.8663041746986269	31433906.256564118
0.8677480149897913	32472993.96994952
0.8691942616814409	33392925.14544162
0.8706429187842434	34308323.98540468
0.8720939903155505	35321910.50476238
0.8735474802994098	36397185.36755472
0.8750033927665755	37488709.9108466
0.8764617317545198	38595869.890991636
0.8779225013074441	39733745.12694818
0.8793857054762898	40934218.16954966
0.8808513483187503	42178191.96239394
0.8823194338992816	43500637.16091748
0.8837899662891138	44866806.1773531
0.8852629495662623	45999356.21857528
0.8867383878155394	46726477.4425559
0.8882162851285654	46768049.572733864
0.8896966456037797	44963181.43861878
0.8911794733464526	42321876.22077389
0.8926647724686968	41367832.522080265
0.894152547089478	42424323.1783031
0.8956428013346271	43774189.89104865
0.8971355393368516	44958507.10635109
0.8986307652357465	46340005.050930254
0.9001284831778059	48935578.994095735
0.9016286973164357	52469260.13918931
0.9031314118119631	55512829.49789017
0.9046366308316498	57605595.69447946
0.9061443585497025	59258998.7743851
0.9076545991472854	60349882.329090185
0.9091673568125309	61062557.03707042
0.9106826357405519	61379231.448739626
0.9122004401334528	61253473.83450265
0.9137207742003418	60697427.41575954
0.9152436421573426	59373546.5978924
0.9167690482276047	58294986.05923349
0.9182969966413176	59686583.93408535
0.9198274916357196	62876311.16278808
0.9213605374551126	64396215.39341754
0.9228961383508711	62949961.10764416
0.924434298581456	58309629.32250127
0.9259750224124251	46290217.94699932
0.9275183141164459	31241855.437431436
0.9290641779733066	23287942.008810457
0.9306126182699289	23359587.043502945
0.9321636393003788	24628428.68545209
0.9337172453658794	25524847.636210706
0.9352734407748227	26517304.290912632
0.9368322298427807	28556215.43091082
0.9383936168925188	31337983.018905226
0.9399576062540064	33433940.489421807
0.9415242022644297	34375675.29811036
0.9430934092682037	35110060.53270338
0.9446652316169841	36123477.96183106
0.9462396736696792	37173848.51378202
0.947816739792462	37486740.22785656
0.9493964343587827	37043063.8437929
0.9509787617493808	37168520.44694669
0.9525637263522965	38741549.66184447
0.9541513325628838	40214836.502484895
0.9557415847838219	38935278.353661194
0.9573344874251283	35749283.52225814
0.9589300449041701	34306050.45182802
0.9605282616456772	35716920.12406184
0.9621291420817533	37595849.56550408
0.9637326906518895	38725781.39057254
0.9653389118029762	39502430.30147474
0.9669478099893144	40556166.236684605
0.96855938967263	41890277.03939865
0.9701736553220844	42774701.41664783
0.971790611414288	42647791.45894043
0.9734102624333119	42358401.035648786
0.9750326128707006	42936414.7383959
0.9766576672254852	44180041.86565112
0.9782854300041944	45629367.01613336
0.9799159057208682	47288301.152692124
0.9815490988970695	49079156.31489964
0.9831850140618982	51096758.68222884
0.9848236557520013	53397194.00157989
0.986465028511588	56686160.964288205
0.9881091368924407	60935289.994633846
0.9897559854539281	64647006.70997418
0.991405578763018	66982155.40361269
0.9930579213942898	68814892.68887654
0.994713017929947	70600616.36977607
0.9963708729598303	72227460.81747589
0.9980314910814301	72631493.30279171
0.9996948768998991	71361725.90897632
1.0013610350280657	70713004.27056888
1.0030299700864458	72914550.07350443
1.0047016867032565	76482565.92644425
1.0063761895144285	79613666.24878505
1.0080534831636194	82273976.18442689
1.0097335723022256	85358119.68949164
1.011416461589396	89406474.27886668
1.013102155692045	93906486.84981877
1.014790659284865	98852856.41299559
1.01648197705034	104064368.65804085
1.018176113678757	108868722.29613008
1.0198730738682218	113078213.86727864
1.021572862324669	117224104.29147515
1.0232754837618767	121564604.1945347
1.0249809429014798	126116874.2850589
1.0266892444729823	131313933.6961369
1.0284003932137706	137127621.8261973
1.030114393869127	142901876.76892704
1.0318312511922423	148424163.59569535
1.0335509699442293	153793533.89538884
1.0352735548941365	158889319.11647898
1.0369990108189602	163707852.1594197
1.0387273425036585	167726949.55987495
1.0404585547411644	170698150.92598093
1.0421926523323999	173538072.92168045
1.0439296400862872	176649082.05474165
1.0456695228197646	179713254.42975163
1.0474123053577973	181786585.30887023
1.0491579925333938	182931310.2613236
1.0509065891876161	184255757.30395454
1.0526581001695956	186147547.2414415
1.0544125303365448	187894163.58995554
1.0561698845537726	188387676.98272526
1.0579301676946955	188325072.82070372
1.0596933846408534	190644300.8281897
1.0614595402819214	196133588.791426
1.0632286395157247	201462265.09508127
1.065000687248251	204573017.54192048
1.0667756883936648	206633873.03277537
1.068553647874321	208632605.54560265
1.070334570620778	210628362.67138585
1.072118461571813	212844754.46312928
1.0739053256744326	215461737.26381645
1.07569516788389	218212070.74151126
1.0774879931636965	220973226.95309266
1.079283806485636	223341605.8495011
1.0810826128297788	222465058.57335106
1.0828844171844951	217279857.57058352
1.0846892245464692	207692074.59713516
1.0864970399207134	189263697.4846505
1.0883078683205814	166217707.20357397
1.0901217147677824	140215287.05774602
1.0919385842923954	112118241.62598303
1.0937584819328827	89717664.74980167
1.0955814127361043	77965165.4237643
1.0974073817573313	69951384.2515914
1.09923639406026	63416227.78528135
1.1010684547170273	57860094.67980707
1.1029035688082225	52793899.61158828
1.1047417414229028	48263372.61769331
1.1065829776586076	43960743.77080235
1.108427282621372	39958571.51984521
1.110274661425741	36189678.07419198
1.112125119194784	32940248.746732052
1.1139786610601086	30263007.541839343
1.1158352921618757	29074465.6330479
1.117695017648812	30347529.772308014
1.1195578426782267	32215834.418763492
1.1214237724160239	33543972.95396356
1.1232928120367172	34573845.82652121
1.1251649667234453	35927431.07289818
1.1270402416679843	37596061.97232482
1.1289186420707642	37053368.429080844
1.1308001731408823	31027587.94134161
1.1326848400961171	23732323.519394517
1.1345726481629441	22002917.808511645
1.136463602576549	25108833.293069102
1.1383577085808434	27909111.555902235
1.1402549714284782	29212641.82800593
1.1421553963808588	30393451.368461434
1.1440589887081603	32660447.194019627
1.1459657536893408	35339610.81398064
1.1478756966121564	36156682.192930475
1.1497888227731765	34715256.94767199
1.1517051374777987	33237871.479656834
1.1536246460402617	32698168.26232724
1.155547353783662	32564832.267437708
1.1574732660399685	32476524.98019614
1.1594023881500348	32422411.51792282
1.1613347254636184	32445125.15037317
1.163270283339391	32581685.377223838
1.1652090671449569	32485824.008793745
1.1671510822568651	31511156.35389053
1.1690963340606266	30181537.929521825
1.1710448279507277	30052879.19993544
1.1729965693306457	31353056.297732685
1.1749515636128636	32674148.76311278
1.176909816218885	33435826.757605795
1.17887133257925	34415549.89040366
1.1808361181335487	37514383.2119915
1.182804178330438	42290097.9424344
1.1847755186276552	46262860.78346191
1.1867501444920348	48645312.89296839
1.1887280613995215	51147669.5191428
1.1907092748351875	55471105.93538094
1.1926937902932462	60735833.40372217
1.1946816132770681	65180345.29924371
1.1966727492991969	68625960.30878678
1.1986672038813622	72112682.44267395
1.2006649825544977	76091677.39059533
1.2026660908587554	80509906.2351071
1.20467053434352	86025704.34462084
1.206678318567426	92265908.24100412
1.2086894490983717	96820664.10370627
1.2107039315135357	98605015.85996893
1.2127217713993916	100456281.48447904
1.214742974351724	104891487.18846011
1.2167675459756435	110627405.53694886
1.218795491885603	115246140.77970028
1.2208268177054122	118558258.74134265
1.2228615290682547	122272370.2503318
1.2248996316167018	127359093.99206555
1.2269411310027298	132861343.46163613
1.2289860328877344	137796630.26978925
1.2310343429425474	142338441.5936075
1.2330860668474517	147521960.73118863
1.2351412102921975	153677033.78597066
1.2371997789760178	157491225.94571912
1.2392617786076445	153303641.47586697
1.241327214905324	146234222.80838913
1.243396093596833	149256958.5783908
1.2454684204194943	163079087.8341634
1.2475442011201936	170688442.64638996
1.249623441455394	161153756.32265648
1.251706147191153	149471796.98286393
1.2537923241031383	157090355.24019328
1.2558819779766437	178933293.90719667
1.2579751146066047	193846218.08656988
1.2600717397976158	196158243.71834904
1.262171859363945	195406292.04841834
1.2642754791295518	195171741.328151
1.266382604928101	194927058.3336859
1.2684932426029811	192808240.78327316
1.2706073980073196	188789066.97486547
1.2727250770039986	186311720.23119795
1.274846285465672	187693183.1327608
1.2769710292747813	189487233.42018408
1.2790993143235727	186909560.25768843
1.2812311465141122	181063535.4073591
1.2833665317583023	175468141.53450558
1.2855054759778997	170720415.01263398
1.2876479851045295	166670602.00196552
1.2897940650797037	164054029.95076445
1.2919437218548366	161925830.12920973
1.2940969613912614	158166276.5402283
1.2962537896602468	152756641.84105977
1.298414212643014	148474675.58153793
1.3005782363307525	147016998.9105512
1.302745866724637	145789922.69445214
1.304917109835845	141267423.61693963
1.3070919716855713	134394058.34471968
1.3092704583050472	128216020.19057953
1.3114525757355557	123348343.75642937
1.3136383300284484	118650934.29134423
1.3158277272451624	113542964.41007951
1.3180207734572378	107926506.25738262
1.3202174747463333	100534469.95535403
1.3224178372042439	91256283.5273804
1.3246218669329177	80299820.67790388
1.3268295700444726	66573798.32847586
1.3290409526612135	51902899.94270668
1.3312560209156488	37405614.883978814
1.3334747809505083	23485207.40098282
1.3356972389187591	13706433.034039814
1.3379234009836238	9713056.739419624
1.3401532733185966	7396871.507442847
1.342386862107461	5973836.913526722
1.344624173544307	5048547.664542859
1.3468652138335475	4428014.785956363
1.3491099891899365	4087516.1549078105
1.3513585058385866	3739591.735814365
1.3536107700149842	3299696.854260147
1.3558667879650093	2908331.8592684357
1.358126565944951	2834767.0547868717
1.360390110221526	2999188.783279949
1.3626574270718954	3309851.7252825913
1.3649285227836818	3787681.1962237074
1.367203403654988	4129845.866179675
1.369482075994413	3998589.0051433435
1.3717645461210706	3713121.827660209
1.3740508203646056	3865770.255484024
1.3763409050652133	4435519.536385741
1.3786348065736556	4807146.474334339
1.3809325312512784	4691176.398372644
1.3832340854700305	4475087.30995091
1.3855394756124806	4502726.67036606
1.3878487080718347	4678882.752581245
1.3901617892519544	4690522.783495814
1.3924787255673745	4466352.084283424
1.3947995234433201	4232509.051913724
1.3971241893157258	4111734.658360286
1.399452729631252	4061202.290149859
1.401785150847304	4102124.1957159573
1.40412145943205	4217496.384799575
1.4064616618644366	4199500.887788622
1.4088057646342107	3915974.1335369614
1.4111537742419344	3602602.224421802
1.4135056971990045	3502963.4218695587
1.4158615400276693	3543935.850549923
1.418221309261049	3567579.1120822625
1.4205850114431506	3556846.3987731123
1.4229526531288894	3601077.7367740953
1.425324240884104	3806717.515219419
1.4276997812855778	4053529.344144329
1.4300792809210539	4117566.7740298514
1.4324627463892556	4018472.347717857
1.4348501842999046	4017793.4978110967
1.4372416012737377	4234520.152027912
1.4396370039425272	4527171.053506936
1.442036398949098	4844667.19601828
1.4444397929473467	5197736.251397032
1.4468471926022592	5712848.37101968
1.4492586045899296	6435055.286289752
1.4516740355975797	7253180.1402417645
1.4540934923235755	8203566.9717409555
1.4565169814774481	9084049.638340497
1.4589445097799105	9279659.338300165
1.4613760839628773	8861651.733204884
1.4638117107694821	8479118.038409794
1.466251396954098	8298499.311992385
1.4686951492823548	8283282.954328285
1.471142974531159	8636474.70566117
1.4735948794887108	9233861.117131319
1.4760508709545253	9919635.32497973
1.4785109557394496	10686352.644801017
1.4809751406656821	11286172.359353457
1.4834434325667916	11432902.701198984
1.4859158382877364	11448371.611558426
1.4883923646848827	11814848.783314787
1.490873018626024	12493169.537664272
1.493357806990401	13151845.95553857
1.4958467366687183	13710758.00412409
1.4983398145631663	14240725.08388603
1.5008370475874384	14772864.61133299
1.5033384426667507	15337994.801682975
1.505844006737862	16142695.750717614
1.5083537467490917	17240727.9743714
1.5108676696603405	18442336.931439593
1.5133857824431078	19754007.893131264
1.5159080920805128	21060101.946453076
1.518434605567314	22098451.042288344
1.5209653299099262	22918430.25589798
1.5235002721264426	23884756.516552553
1.5260394392466536	25140841.466840327
1.5285828383120648	26481431.811178487
1.5311304763759181	27818353.870013576
1.5336823605032115	29163111.5544394
1.5362384977707166	30580681.94213455
1.5387988952670015	32104845.99921739
1.5413635600924465	34055741.71057598
1.5439324993592671	36958708.072431445
1.5465057201915329	40079071.92521911
1.5490832297251855	42307939.37858385
1.5516650351080608	43804159.489858374
1.5542511434999076	45562460.36194659
1.5568415620724074	47888507.36178245
1.559436298009195	50385840.11237367
1.5620353585058768	52910053.552068494
1.5646387507700532	55428621.68077016
1.567246482021337	57788914.21676718
1.5698585594913725	59976457.343171276
1.5724749904238582	62380149.396499425
1.5750957820745648	65349282.1770372
1.5777209417113556	68632644.70766528
1.5803504766142082	72296995.55589853
1.5829843940752317	76188676.13545166
1.5856227013986908	79178552.4389868
1.5882654059010217	80681724.66184455
1.5909125149108567	82140784.86848786
1.5935640357690417	84780309.59236035
1.5962199758286568	88079765.40196607
1.598880342455038	91228159.80618387
1.6015451430257963	94130313.81870015
1.6042143849308395	96464990.38977255
1.6068880755723909	97625656.53623685
1.6095662223650118	98570351.06506558
1.6122488327356201	100670792.51420064
1.614935914123513	103624517.90729423
1.6176274739803853	105714604.10616042
1.6203235197703527	106303197.159401
1.62302405896997	106532636.3120641
1.6257290990682536	106902637.13580033
1.6284386475667005	107564310.67396139
1.6311527119793119	109650325.558095
1.6338712998326108	113285723.35854618
1.6365944186656651	116735366.91977929
1.6393220760301082	119195120.62524469
1.642054279490158	121194686.56890157
1.644791036622642	122852326.03547728
1.6475323550170131	124183425.48658837
1.6502782422753748	124804475.42207305
1.6530287060125004	124385395.7146147
1.6557837538558546	123774704.11659306
1.6585433934456146	123412471.27700765
1.6613076324346907	123002821.04819693
1.6640764784887485	121392746.11502147
1.66684993928623	118589874.29274592
1.6696280225183737	117567579.67037189
1.6724107358892377	120764035.80844244
1.6751980871157197	125573458.87216857
1.6779900839275794	130425835.67684929
1.6807867340674587	134881865.4363155
1.6835880452909044	135227035.77405715
1.6863940253663894	129457655.45466438
1.6892046820753335	122372053.71405487
1.6920200232121256	116017308.85335253
1.694840056584146	110200810.0852278
1.6976647900117863	105322593.15440644
1.700494231328473	101412506.87507954
1.703328388380687	97571766.97843325
1.706167269027988	93545294.12071402
1.709010881143035	88541197.94980447
1.7118592326116067	79701617.04037692
1.714712331332626	68379831.02783768
1.7175701852181804	60715796.62470987
1.7204328021935444	58736289.25839007
1.7233001901972003	57238656.78081479
1.726172357180862	53053414.42328526
1.7290493111094971	47656788.74132305
1.7319310599613464	43466230.57787466
1.7348176117279486	40598654.18863218
1.737708974414162	37984716.61539354
1.7406051560381857	35475848.68468721
1.7435061646315826	33151947.913317416
1.746412008239302	31440891.509069912
1.749322694919701	30155172.041652963
1.7522382327445671	28689836.868479956
1.7551586297991415	26913474.17762698
1.7580838941821402	25081661.548523087
1.761014034005777	23308199.611660372
1.7639490573957866	21556241.72352673
1.7668889724914467	19760541.793635663
1.769833787445599	17933430.857468728
1.7727835104246752	16314724.982811779
1.7757381496087163	15121116.630477585
1.7786977131913975	14116062.361872278
1.7816622093800498	13271496.704645555
1.7846316463956833	12519467.026595378
1.7876060324730094	11590668.90052435
1.7905853758604646	10415808.946317384
1.793569684820232	9509224.385109507
1.7965589676282658	9505617.295530653
1.7995532325743133	9838215.919499502
1.802552487961937	9515113.860976899
1.8055567421085403	8558346.483104175
1.8085660033453879	8004264.194014494
1.8115802800176304	8405630.653321423
1.8145995804843267	9029264.063866142
1.8176239131184673	9241890.494618358
1.820653286306998	9139753.086032253
1.823687708450843	8803563.58973182
1.8267271879649278	8187706.698534207
1.8297717332782029	7628340.52320886
1.8328213528336663	7393668.587533159
1.8358760550883895	7335971.090091348
1.8389358485135368	7387249.566825927
1.8420007415943929	7529862.865153578
1.8450707428303834	7579128.872299635
1.848145860735101	7426173.7392856125
1.851226103836326	7120849.993315321
1.8543114806760534	6492507.776217466
1.8574019998105136	5681270.852501265
1.8604976698101978	5172457.302726954
1.8635984992598815	5091910.614912335
1.8667044967586481	5199021.795407073
1.8698156709199125	5551935.763901943
1.8729320303714458	6082052.5293489415
1.8760535837553982	6942559.339493858
1.879180339728324	8092341.196915406
1.8823123069612047	9035311.031761006
1.8854494941394733	9525518.79360271
1.8885919099630393	9955361.230319913
1.8917395631463112	10705972.443553656
1.8948924624182215	11600245.288467817
1.8980506165222522	11916061.756625377
1.9012140342164559	11473422.286772741
1.9043827242734832	11147640.239958713
1.907556695480606	11538296.154527795
1.9107359566397404	12181328.2330935
1.9139205165674735	12403531.175582029
1.9171103840950858	12213295.562738422
1.9203055680685779	11800678.973072896
1.923506077348692	11084866.072788334
1.92671192081094	10287133.00346007
1.9299231073456249	9541906.086058494
1.9331396458578678	8839565.003131954
1.9363615452676308	8205686.2609087145
1.9395888145097437	7670642.845891771
1.9428214625339266	7488538.759487158
1.9460594983048167	8138794.557290953
1.9493029308019916	9016064.28249186
1.952551769019995	9122992.957980521
1.9558060219683617	8559387.964197388
1.9590656986716424	8356251.317480489
1.9623308081694284	8933533.914146183
1.9656013595163775	9650307.607761867
1.9688773617822382	10009572.961787706
1.9721588240518755	10148027.115483973
1.975445755425295	10333233.61727445
1.9787381650176707	10596879.250545433
1.9820360619593669	10890599.52152376
1.985339455395966	11219109.451493554
1.9886483544882927	11608304.198952235
1.99196276841244	12224529.507248795
1.9952827063597942	13027549.08801075
1.9986081775370603	13699839.116712477
2.001939191166289	14109440.22797938
2.0052757564848993	14499746.912439803
2.0086178827457077	15093506.276643338
2.011965579216951	15879593.805618936
2.0153188551823122	17162686.552238535
2.01867771994095	19009646.495509278
2.022042182807518	20445393.18412953
2.0254122531121976	20637528.763583664
2.0287879402007176	20471980.114809252
2.0321692534343856	21168966.817558657
2.0355562021901097	22623627.32200425
2.038948795860427	24182913.230834484
2.0423470438535274	25765872.078908715
2.0457509555932836	27294838.736190096
2.049160540519272	28616452.05356786
2.0525758080868046	29829515.6509655
2.0559967677669495	31155709.35235707
2.059423429046561	32630864.647622235
2.0628558014283054	34251854.52734758
2.066293894430686	36142979.24680466
2.0697377175880702	37990603.20264073
2.073187280450717	39086584.48635455
2.0766425925848018	39581703.81440352
2.0801036635724435	40384636.9811864
2.083570503011731	41803383.2252245
2.0870431205167503	43418512.236441
2.090521525717612	45099777.16217956
2.0940057282604747	46856733.173614874
2.0974957378075754	48872238.31566179
2.1009915640372547	51170319.609981455
2.1044932166439834	53288121.01696758
2.10800070533839	54874946.47985771
2.1115140398472874	56133783.14763123
2.1150332299137	56873329.38380997
2.1185582852968894	57224231.58716968
2.1220892157723843	57887486.570301265
2.125626031132005	59119884.905133426
2.1291687411838915	60568658.42805821
2.1327173557525314	62201967.01278251
2.136271884678786	63955933.13916873
2.1398323378199176	65809427.4366753
2.143398725049617	67726863.56667802
2.1469710562580335	68931422.72601089
2.150549341351797	68530108.71505588
2.15413359025405	67575705.34401987
2.1577238129044733	67014255.786694765
2.1613200192593145	66831562.46961094
2.1649222192914133	67219024.61121729
2.1685304229902322	68419546.40712611
2.172144640361883	69328778.52428117
2.175764881429153	68654155.16807833
2.1793911562315347	67043785.12519969
2.183023474825254	65115017.11364489
2.1866618472832964	62841348.01175478
2.1903062836954352	59653583.34059365
2.193956794168261	54624611.67386164
2.197613388825208	49208631.09659878
2.201276077806584	45250021.39054118
2.2049448712695945	42639904.62462337
2.2086197793883775	42134434.02600898
2.212300812354025	44612794.71098687
2.215987980374615	47183245.30730558
2.2196812936752393	47666005.62416926
2.2233807624980315	46979425.72931199
2.227086397102195	46120066.41777335
2.230798207764032	45122683.846831344
2.2345162047769724	43789929.1660958
2.2382403984516004	41800117.16500951
2.2419707991156868	39638856.67318938
2.245707417114213	37814602.55202493
2.249450262809403	36265714.78551153
2.2531993465807525	34877526.11451831
2.256954678825054	33692367.71238894
2.260716269956429	32630861.741331223
2.2644841304063563	31783862.190781735
2.2682582706237007	31068514.86365835
2.2720387010747403	30463386.47664896
2.275825432243198	29953469.816884097
2.27961847463027	29227744.478822567
2.283417838754654	28023371.746131912
2.2872235351525787	26436215.214401904
2.291035574377833	23993435.894670986
2.294853967001796	21144584.405960955
2.298678723613466	20448163.675877426
2.302509854819488	22921454.12226756
2.3063473712441875	25510148.78709492
2.3101912835295946	26171042.712525424
2.314041602335477	25559271.281779334
2.31789833833937	23329629.912763465
2.321761502236602	19555028.439127706
2.3256311047403297	16576426.246217698
2.3295071565815637	15686546.06812975
2.3333896685092	15566034.162682042
2.3372786512900485	15519843.535829404
2.3411741157088657	15548387.268257525
2.3450760725683804	15866930.678624388
2.348984532689328	16588096.797553163
2.3528995069104766	17389791.319096383
2.356821006088661	18144126.518922355
2.360749041098809	18704094.449732505
2.3646836228339736	18264158.212659523
2.3686247622053638	16821396.289584503
2.3725724701423725	15247029.615980359
2.37652675759261	13719935.191657225
2.380487635521931	12670430.113699526
2.3844551149144677	13449092.750109194
2.388429206772659	15458039.286486872
2.39240992211728	16923224.24809672
2.3963972719874755	17473276.585040346
2.400391267440788	17593262.40177214
2.4043919195531895	17120759.627517063
2.408399239419112	16338749.059243035
2.412413238151477	15468947.228856178
2.4164339268817296	14540735.885700896
2.420461316759866	13814509.67403751
2.4244954189544656	13491564.927047577
2.428536244652723	13238826.83193391
2.432583805060478	12726257.837864583
2.4366381114022455	12026087.48277673
2.440699174921249	11268333.344769653
2.4447670068794514	10465699.666960698
2.4488416185575836	9933906.195822537
2.4529230212551796	10152821.684872374
2.457011226290605	10644294.688324215
2.4611062450010897	10632014.406696327
2.465208088742758	10114957.346021058
2.4693167688906628	9440707.974934682
2.4734322968388143	8608168.276083497
2.4775546840002125	7864774.821233952
2.4816839418068795	7656379.563864104
2.4858200817098908	7797740.141306091
2.4899631151794077	7657425.152149903
2.4941130537047065	4808525.645167233
