0.7011666666666666	156367.2016239934
0.7023352777777778	167322.15428690563
0.7035058365740741	172471.83587142755
0.7046783463016977	178078.52814876792
0.7058528102122005	184188.49138693948
0.7070292315625542	190572.85036773444
0.7082076136151585	196934.27381837953
0.7093879596378504	203250.06104383172
0.7105702729039134	209506.5136023977
0.7117545566920868	215644.63874528196
0.7129408142865735	221628.18978571382
0.7141290489770512	227127.8525093199
0.7153192640586796	232195.18058152305
0.7165114628321108	236599.9539187494
0.7177056486034976	240062.67124728905
0.7189018246845036	242827.4653549296
0.7200999943923111	244244.79289682582
0.7213001610496316	244732.31881398257
0.7225023279847144	243919.50779821153
0.7237064985313556	241756.28675626926
0.7249126760289079	239025.0344889333
0.7261208638222895	235576.69051639506
0.7273310652619932	231632.19798071968
0.7285432837040966	226740.67456142494
0.72975752251027	221128.57415240593
0.7309737850477873	215308.07500827548
0.7321920746895336	209288.42661623415
0.7334123948140163	203222.32585162058
0.7346347488053729	197176.90717964905
0.7358591400533818	191150.4049579568
0.7370855719534709	185191.0595383216
0.7383140479067267	179288.46816760418
0.7395445713199046	173207.5519364519
0.7407771456054377	166758.25143895525
0.7420117741814469	160226.12487278756
0.7432484604717493	153915.22433856555
0.744487207905869	147772.48621741563
0.7457280199190454	141702.18060462593
0.7469708999522439	135709.29962281467
0.7482158514521644	129556.16988932822
0.7494628778712513	122913.57436518079
0.7507119826677034	116086.0606653677
0.7519631693054829	109656.94591098551
0.7532164412543255	103650.890721732
0.7544718019897494	97829.41480207624
0.7557292549930656	100525.31366559626
0.7569888037513873	-234838.50622653868
0.7582504517576398	85403.09297657698
0.7595142025105692	72683.25018283285
0.7607800595147535	62499.34562435338
0.7620480262806114	48635.67887179633
0.7633181063244125	34320.32876303346
0.7645903031682866	21150.946023432865
0.7658646203402337	9544.035636279948
0.7671410613741342	3621.2148240217543
0.7684196298097576	3382.8931836217916
0.7697003291927741	5727.174636843253
0.770983163074762	11430.187780882774
0.77226813501322	18803.51080421167
0.7735552485715754	28156.126394996627
0.7748445073191947	39163.623446688754
0.7761359148313933	52746.18078605162
0.7774294746894457	69643.86410815529
0.7787251904805949	87564.10379760338
0.7800230657980626	106165.68979513255
0.7813231042410594	125147.58560661136
0.7826253094147945	144351.28523210884
0.7839296849304858	163840.46984209243
0.7852362344053699	184550.46556515372
0.7865449614627122	207464.31125526095
0.7878558697318168	231844.06719106075
0.7891689628480365	258905.42860796108
0.7904842444527834	288102.66107639717
0.791801718193538	320018.3223719249
0.7931213877238606	355375.7356116327
0.7944432567034004	393216.350464011
0.795767328797906	435479.5192582238
0.7970936076792359	480533.4180239336
0.7984220970253681	529218.9886664524
0.7997528005204104	581383.3709664601
0.801085721854611	636008.1131755456
0.8024208647243688	694236.5497953058
0.8037582328322427	754934.9811197165
0.8050978298869632	820241.109694685
0.8064396596034414	889095.1753945546
0.8077837257027807	961992.8290277981
0.8091300319122853	1039841.1198583221
0.8104785819654725	1120705.3505129563
0.8118293796020817	1206407.8868041697
0.8131824285680851	1295234.339009858
0.8145377326156986	1388471.9072606994
0.8158952955033916	1485767.0544295972
0.8172551209958971	1584709.4587094183
0.8186172128642236	1685640.6359583822
0.819981574885664	1791408.3715803511
0.8213482108438068	1911957.3352024725
0.8227171245285466	2042802.1660459728
0.8240883197360943	2179503.178206772
0.8254618002689877	2322586.9502274827
0.8268375699361028	2466549.2880164525
0.828215632552663	2609176.18140033
0.8295959919402508	2752187.5788738807
0.830978651926818	2899809.2148722317
0.832363616346696	3051817.188098141
0.8337508890406071	3207139.0573992645
0.8351404738556749	3367174.153151582
0.8365323746454344	3530453.6810767166
0.8379265952698435	3699595.9715004996
0.8393231395952933	3873000.1942999335
0.8407220114946187	4050368.585021934
0.8421232148471098	4232293.005225543
0.8435267535385217	4416662.327929948
0.8449326314610859	4604449.24177722
0.8463408525135211	4794425.909065892
0.8477514206010437	4987269.736632333
0.8491643396353787	5182976.147753376
0.8505796135347711	5383528.138535867
0.8519972462239958	5591630.776703884
0.8534172416343692	5804273.783172275
0.8548396037037598	6024183.161262831
0.8562643363765994	6240385.982992525
0.8576914436038937	6395841.209078124
0.8591209293432337	6475320.48573689
0.8605527975588058	6488773.5581413675
0.8619870522214037	6381553.134112722
0.8634236973084395	6275167.112216614
0.8648627368039535	6423703.899510728
0.8663041746986269	6786663.352281032
0.8677480149897913	7116435.850028907
0.8691942616814409	7348655.14569602
0.8706429187842434	7563787.464091459
0.8720939903155505	7816140.99573999
0.8735474802994098	8092299.2309260955
0.8750033927665755	8377453.440828137
0.8764617317545198	8671587.849240376
0.8779225013074441	8972122.643017504
0.8793857054762898	9283092.179830069
0.8808513483187503	9599550.80526072
0.8823194338992816	9920445.09948453
0.8837899662891138	10243770.601158587
0.8852629495662623	10553810.03421498
0.8867383878155394	10841509.144704688
0.8882162851285654	11121982.229789082
0.8896966456037797	11398969.660502283
0.8911794733464526	11671620.414202176
0.8926647724686968	11927236.287511041
0.894152547089478	12164986.745084835
0.8956428013346271	12428716.522096233
0.8971355393368516	12758087.53651516
0.8986307652357465	13123537.148560246
0.9001284831778059	13531097.403061515
0.9016286973164357	13969990.897546027
0.9031314118119631	14385381.82334789
0.9046366308316498	14757413.991058936
0.9061443585497025	15110538.492556276
0.9076545991472854	15440973.713714361
0.9091673568125309	15759628.962176552
0.9106826357405519	16084786.526583092
0.9122004401334528	16417319.900493314
0.9137207742003418	16738450.296263898
0.9152436421573426	17031330.670941204
0.9167690482276047	17326136.418173447
0.9182969966413176	17679009.892756023
0.9198274916357196	18073666.04498213
0.9213605374551126	18422339.791968714
0.9228961383508711	18685931.852456518
0.924434298581456	18718088.510937206
0.9259750224124251	18107619.57399961
0.9275183141164459	17196905.63419667
0.9290641779733066	16664910.863029787
0.9306126182699289	16580571.192535464
0.9321636393003788	16741490.787408011
0.9337172453658794	17265518.25196199
0.9352734407748227	17974168.1579905
0.9368322298427807	18874558.06094563
0.9383936168925188	19888460.171229094
0.9399576062540064	20577323.075433522
0.9415242022644297	20754887.301679347
0.9430934092682037	20804259.137696456
0.9446652316169841	20868568.470382802
0.9462396736696792	20951251.59642867
0.947816739792462	21096856.504074696
0.9493964343587827	21311165.09108311
0.9509787617493808	21566721.678157613
0.9525637263522965	21884237.011840872
0.9541513325628838	22190891.985380854
0.9557415847838219	22350950.455408473
0.9573344874251283	22411449.74166123
0.9589300449041701	22582583.66131215
0.9605282616456772	22932828.86972422
0.9621291420817533	23347127.120690502
0.9637326906518895	23815519.94280896
0.9653389118029762	24319516.70822421
0.9669478099893144	24865278.52749104
0.96855938967263	25447162.002066147
0.9701736553220844	25940283.607998375
0.971790611414288	26239281.147844303
0.9734102624333119	26481841.49050633
0.9750326128707006	26785172.325132336
0.9766576672254852	27132632.255982652
0.9782854300041944	27463257.95608617
0.9799159057208682	27763114.4920594
0.9815490988970695	28050732.50433276
0.9831850140618982	28324410.900503382
0.9848236557520013	28588965.310500294
0.986465028511588	28841112.840719003
0.9881091368924407	29078700.579549428
0.9897559854539281	29280305.78232219
0.991405578763018	29412520.580131855
0.9930579213942898	29420876.10846423
0.994713017929947	29027942.49990834
0.9963708729598303	28330037.045434393
0.9980314910814301	27476700.27690986
0.9996948768998991	26452864.776458193
1.0013610350280657	25661277.8363364
1.0030299700864458	25633267.720637884
1.0047016867032565	25979671.565970212
1.0063761895144285	26260152.263366655
1.0080534831636194	26456495.506973963
1.0097335723022256	26637646.656315282
1.011416461589396	26813023.99175774
1.013102155692045	26966159.246600844
1.014790659284865	27038987.077052426
1.01648197705034	27054381.715166006
1.018176113678757	27059774.54309759
1.0198730738682218	27058691.623390827
1.021572862324669	27068554.356809337
1.0232754837618767	27112304.238540817
1.0249809429014798	27167636.69085604
1.0266892444729823	27193724.40410915
1.0284003932137706	27187160.525311653
1.030114393869127	27128076.389996175
1.0318312511922423	26977977.304599565
1.0335509699442293	26810421.094372205
1.0352735548941365	26694887.616283737
1.0369990108189602	26613947.077395376
1.0387273425036585	26521215.790521108
1.0404585547411644	26408582.121424746
1.0421926523323999	26288856.923829097
1.0439296400862872	26162361.644547574
1.0456695228197646	26031039.92176591
1.0474123053577973	25891402.881505605
1.0491579925333938	25743887.772901207
1.0509065891876161	25594324.31995725
1.0526581001695956	25443049.84003334
1.0544125303365448	25287109.361639157
1.0561698845537726	25116162.848544545
1.0579301676946955	24934986.5547574
1.0596933846408534	24752723.966688424
1.0614595402819214	24570002.897463582
1.0632286395157247	24383105.803930685
1.065000687248251	24185949.366498247
1.0667756883936648	23984705.061213687
1.068553647874321	23787968.496133473
1.070334570620778	23595956.680983093
1.072118461571813	23409229.965398617
1.0739053256744326	23231276.484586116
1.07569516788389	23061432.784623392
1.0774879931636965	22911379.038665622
1.079283806485636	22775304.444716245
1.0810826128297788	22648359.436079763
1.0828844171844951	22531573.269618534
1.0846892245464692	22410011.163521267
1.0864970399207134	22271067.207194082
1.0883078683205814	22113948.839605756
1.0901217147677824	21903618.18298036
1.0919385842923954	21643963.49184289
1.0937584819328827	21363987.668840777
1.0955814127361043	21058805.736625727
1.0974073817573313	20717924.299178533
1.09923639406026	20278547.862817228
1.1010684547170273	19770519.037638195
1.1029035688082225	19217841.12508582
1.1047417414229028	18614235.02851078
1.1065829776586076	17977208.20742958
1.108427282621372	17284302.058295384
1.110274661425741	16570234.077416675
1.112125119194784	15877524.514247704
1.1139786610601086	15231143.523431722
1.1158352921618757	14920895.925077492
1.117695017648812	15184892.476941606
1.1195578426782267	15609606.72329062
1.1214237724160239	15984427.158145905
1.1232928120367172	16354042.093158565
1.1251649667234453	16928160.68524279
1.1270402416679843	17726792.957618214
1.1289186420707642	17987394.871987898
1.1308001731408823	16843101.99858591
1.1326848400961171	15429503.49805107
1.1345726481629441	15719230.510611486
1.136463602576549	17464399.087129116
1.1383577085808434	18860534.316416956
1.1402549714284782	19366075.76509787
1.1421553963808588	19580767.178898133
1.1440589887081603	19702630.280552562
1.1459657536893408	19749446.573623836
1.1478756966121564	19648187.8896557
1.1497888227731765	19377802.067589115
1.1517051374777987	19141938.909084227
1.1536246460402617	19064270.78633659
1.155547353783662	19058666.565190885
1.1574732660399685	19077576.557478443
1.1594023881500348	19129202.194256414
1.1613347254636184	19342832.628141277
1.163270283339391	19817280.289698485
1.1652090671449569	20310092.400883023
1.1671510822568651	20613857.458587825
1.1690963340606266	20802623.7408338
1.1710448279507277	20973157.705327895
1.1729965693306457	21133598.314115852
1.1749515636128636	21346431.828123897
1.176909816218885	21684000.11492317
1.17887133257925	22086843.450150486
1.1808361181335487	22553525.863651484
1.182804178330438	23064720.93200071
1.1847755186276552	23498482.972534083
1.1867501444920348	23797458.09069717
1.1887280613995215	24024710.98902788
1.1907092748351875	24141585.345522985
1.1926937902932462	24195614.071695343
1.1946816132770681	24256196.50000361
1.1966727492991969	24328512.398631915
1.1986672038813622	24399656.27714132
1.2006649825544977	24463379.31348685
1.2026660908587554	24528159.506403606
1.20467053434352	24611374.16119693
1.206678318567426	24709996.304909162
1.2086894490983717	24814403.162020646
1.2107039315135357	24925746.129943848
1.2127217713993916	25054562.191073053
1.214742974351724	25232245.750641104
1.2167675459756435	25438490.070717648
1.218795491885603	25650376.602956444
1.2208268177054122	25867892.358792428
1.2228615290682547	26107207.32231783
1.2248996316167018	26391908.096312452
1.2269411310027298	26695104.230916232
1.2289860328877344	27000541.78615811
1.2310343429425474	27308621.51594402
1.2330860668474517	27629031.59859048
1.2351412102921975	27967962.628901735
1.2371997789760178	28314521.759419896
1.2392617786076445	28668749.261676054
1.241327214905324	29033032.335611593
1.243396093596833	29434424.28619291
1.2454684204194943	29875586.317916367
1.2475442011201936	30317247.799913615
1.249623441455394	30745283.581727304
1.251706147191153	31180229.047106262
1.2537923241031383	31666947.07372478
1.2558819779766437	32193128.8158101
1.2579751146066047	32715205.861375835
1.2600717397976158	33224519.923427954
1.262171859363945	33720172.06393131
1.2642754791295518	34183648.71185784
1.266382604928101	34622308.66312643
1.2684932426029811	35011759.31549487
1.2706073980073196	35348745.87907279
1.2727250770039986	35661481.30543166
1.274846285465672	35940585.0719381
1.2769710292747813	36190399.80444048
1.2790993143235727	36368005.83125472
1.2812311465141122	36491252.08831992
1.2833665317583023	36608693.80563274
1.2855054759778997	36725500.19759946
1.2876479851045295	36853802.403800346
1.2897940650797037	37015980.928858764
1.2919437218548366	37195823.327051304
1.2940969613912614	37374244.8977866
1.2962537896602468	37550251.20741861
1.298414212643014	37725943.78552969
1.3005782363307525	37901565.16967557
1.302745866724637	38078129.996233515
1.304917109835845	38258238.60982739
1.3070919716855713	38435270.014506355
1.3092704583050472	38557344.61405391
1.3114525757355557	38601774.33342375
1.3136383300284484	38664642.4140972
1.3158277272451624	38833792.43204196
1.3180207734572378	39008436.87964789
1.3202174747463333	38887400.2770488
1.3224178372042439	38440274.97742704
1.3246218669329177	37594437.34275108
1.3268295700444726	36045188.5514975
1.3290409526612135	33833447.40815964
1.3312560209156488	29949140.568655014
1.3334747809505083	24869067.12687038
1.3356972389187591	19748566.216269597
1.3379234009836238	14743730.637592457
1.3401532733185966	10380780.928164091
1.342386862107461	7740554.854783078
1.344624173544307	6050493.3214823
1.3468652138335475	4885370.420250664
1.3491099891899365	4206355.553730616
1.3513585058385866	3631871.802766329
1.3536107700149842	3126257.6562740654
1.3558667879650093	2764387.7130258726
1.358126565944951	2877978.3672085395
1.360390110221526	3356157.771699785
1.3626574270718954	4136339.304118322
1.3649285227836818	5285131.716748345
1.367203403654988	6387339.379571672
1.369482075994413	7132296.617848962
1.3717645461210706	7762055.719934592
1.3740508203646056	8726364.48607755
1.3763409050652133	9946043.170807324
1.3786348065736556	10099911.902954252
1.3809325312512784	8163698.0324688135
1.3832340854700305	5917834.66952001
1.3855394756124806	5180513.131740517
1.3878487080718347	5452730.792557866
1.3901617892519544	5522410.326837831
1.3924787255673745	5220143.971857255
1.3947995234433201	5076525.140442897
1.3971241893157258	5572657.375059509
1.399452729631252	6321126.941310116
1.401785150847304	6778772.961136592
1.40412145943205	6930602.975655152
1.4064616618644366	6785524.230558922
1.4088057646342107	6168022.525945524
1.4111537742419344	5536114.348281366
1.4135056971990045	5429997.917166874
1.4158615400276693	5679837.445827635
1.418221309261049	5975538.090706444
1.4205850114431506	6300777.018939334
1.4229526531288894	6757099.426931586
1.425324240884104	7535846.006479882
1.4276997812855778	8369424.000975775
1.4300792809210539	8688778.452534162
1.4324627463892556	8540989.68237481
1.4348501842999046	8530967.55501847
1.4372416012737377	8883253.389836606
1.4396370039425272	9435315.331855077
1.442036398949098	10297040.319972593
1.4444397929473467	11356549.696678845
1.4468471926022592	12395150.030954247
1.4492586045899296	13385135.410580583
1.4516740355975797	14303608.661477461
1.4540934923235755	15064796.572509538
1.4565169814774481	15689414.647292083
1.4589445097799105	15968268.005091963
1.4613760839628773	15929553.166464336
1.4638117107694821	15765303.334619232
1.466251396954098	15451479.683023652
1.4686951492823548	15199357.801280774
1.471142974531159	15333200.626292102
1.4735948794887108	15694523.790598743
1.4760508709545253	15919403.711716635
1.4785109557394496	15955570.762010269
1.4809751406656821	16014969.553358464
1.4834434325667916	16225170.63543839
1.4859158382877364	16495433.06197427
1.4883923646848827	16731961.723863157
1.490873018626024	16941292.89949921
1.493357806990401	17204325.283474267
1.4958467366687183	17564655.177120294
1.4983398145631663	17903432.183034502
1.5008370475874384	18064612.048235737
1.5033384426667507	18099461.234585356
1.505844006737862	18008137.253292453
1.5083537467490917	17774660.778925277
1.5108676696603405	17562098.26782161
1.5133857824431078	17467064.260198437
1.5159080920805128	17453458.557110947
1.518434605567314	17593739.48243583
1.5209653299099262	17857884.5973264
1.5235002721264426	18041529.511981063
1.5260394392466536	18064562.37010186
1.5285828383120648	18045547.954779387
1.5311304763759181	18043144.32510291
1.5336823605032115	18047890.95430387
1.5362384977707166	18029837.83364744
1.5387988952670015	17983813.80189601
1.5413635600924465	17930874.37407156
1.5439324993592671	17874064.71973816
1.5465057201915329	17805703.526157852
1.5490832297251855	17689466.722275484
1.5516650351080608	17533999.631205305
1.5542511434999076	17387873.970832206
1.5568415620724074	17264557.766143117
1.559436298009195	17147003.696272917
1.5620353585058768	17027325.515469667
1.5646387507700532	16903524.04689849
1.567246482021337	16759679.997495152
1.5698585594913725	16592171.601255681
1.5724749904238582	16410577.546318313
1.5750957820745648	16206835.148146981
1.5777209417113556	15994464.958162455
1.5803504766142082	15784787.737285066
1.5829843940752317	15576463.419704923
1.5856227013986908	15356696.340776386
1.5882654059010217	15118359.854682516
1.5909125149108567	14873518.39496017
1.5935640357690417	14624814.18598593
1.5962199758286568	14372754.807606356
1.598880342455038	14113537.50416065
1.6015451430257963	13846129.999236904
1.6042143849308395	13572260.719923025
1.6068880755723909	13287537.260658966
1.6095662223650118	12997362.080280686
1.6122488327356201	12702895.892803265
1.614935914123513	12405043.904139133
1.6176274739803853	12107315.49379308
1.6203235197703527	11810710.746442068
1.62302405896997	11519742.877956195
1.6257290990682536	11246155.666895095
1.6284386475667005	10985110.182049945
1.6311527119793119	10743659.648734396
1.6338712998326108	10523832.77140932
1.6365944186656651	10315599.526819576
1.6393220760301082	10124977.078696776
1.642054279490158	9947510.047751324
1.644791036622642	9798706.88176802
1.6475323550170131	9670404.421926154
1.6502782422753748	9524275.914994134
1.6530287060125004	9347727.110035367
1.6557837538558546	9166197.489344174
1.6585433934456146	8994194.49762144
1.6613076324346907	8815583.599884816
1.6640764784887485	8560235.482045203
1.66684993928623	8226279.293916645
1.6696280225183737	7961762.632646496
1.6724107358892377	7873234.503599358
1.6751980871157197	7840533.212950842
1.6779900839275794	7760464.693702006
1.6807867340674587	7641212.242581626
1.6835880452909044	7501707.691342444
1.6863940253663894	7337647.537709357
1.6892046820753335	7170012.189661857
1.6920200232121256	7010699.8374007335
1.694840056584146	6857635.355551178
1.6976647900117863	6716378.452333018
1.700494231328473	6587859.379584326
1.703328388380687	6468757.172782696
1.706167269027988	6365113.420073065
1.709010881143035	6263614.058744181
1.7118592326116067	6147273.615268425
1.714712331332626	6019939.420032345
1.7175701852181804	5894203.277928497
1.7204328021935444	5772330.912485289
1.7233001901972003	5649518.118256885
1.726172357180862	5521429.115144599
1.7290493111094971	5391152.395062267
1.7319310599613464	5264790.1056178305
1.7348176117279486	5142477.229776795
1.737708974414162	5018358.027083602
1.7406051560381857	4889465.303879051
1.7435061646315826	4760022.382601814
1.746412008239302	4635755.6477906555
1.749322694919701	4513756.628144747
1.7522382327445671	4377713.965688558
1.7551586297991415	4221096.413839253
1.7580838941821402	4053729.4503845237
1.761014034005777	3870219.4514295184
1.7639490573957866	3685150.5508651314
1.7668889724914467	3540438.0185797075
1.769833787445599	3435380.4369748845
1.7727835104246752	3312605.329103438
1.7757381496087163	3143096.665264189
1.7786977131913975	2957855.58240953
1.7816622093800498	2775827.9432220366
1.7846316463956833	2595467.6697123013
1.7876060324730094	2408194.098039866
1.7905853758604646	2212222.694716519
1.793569684820232	2042997.7805518433
1.7965589676282658	1953717.8431326563
1.7995532325743133	1897138.6634401714
1.802552487961937	1799780.9631369037
1.8055567421085403	1662792.5962980557
1.8085660033453879	1555011.0068187905
1.8115802800176304	1515046.6477653452
1.8145995804843267	1502511.5080583324
1.8176239131184673	1506542.7020766214
1.820653286306998	1516247.2301354993
1.823687708450843	1476730.0457748766
1.8267271879649278	1370006.2947838786
1.8297717332782029	1268474.4227896985
1.8328213528336663	1222291.7372646898
1.8358760550883895	1211265.2432002185
1.8389358485135368	1246887.4779397065
1.8420007415943929	1324176.6438107023
1.8450707428303834	1374960.7472034104
1.848145860735101	1364435.1567695176
1.851226103836326	1324703.2979049578
1.8543114806760534	1251655.7432382805
1.8574019998105136	1156074.0101967114
1.8604976698101978	1059200.227302379
1.8635984992598815	964082.0496083964
1.8667044967586481	894020.3917064882
1.8698156709199125	889084.2747685574
1.8729320303714458	933756.40447156
1.8760535837553982	1080839.8657606158
1.879180339728324	1317044.4126005697
1.8823123069612047	1479099.4060504152
1.8854494941394733	1482104.5313492555
1.8885919099630393	1439192.3478294974
1.8917395631463112	1417683.4724020043
1.8948924624182215	1405037.4273998009
1.8980506165222522	1345106.760839627
1.9012140342164559	1223861.2668279416
1.9043827242734832	1120545.9103723716
1.907556695480606	1097066.981018966
1.9107359566397404	1105044.900733661
1.9139205165674735	1084036.957995081
1.9171103840950858	1035369.072081592
1.9203055680685779	987532.9644637594
1.923506077348692	947834.3430791273
1.92671192081094	915259.7006565094
1.9299231073456249	899224.08514225
1.9331396458578678	893420.9845765567
1.9363615452676308	884245.0239967862
1.9395888145097437	870487.7992765415
1.9428214625339266	870786.3274183159
1.9460594983048167	908645.3342974591
1.9493029308019916	957851.0333643464
1.952551769019995	977972.3192094587
1.9558060219683617	972832.4336465503
1.9590656986716424	983083.2539227181
1.9623308081694284	1025817.9090187807
1.9656013595163775	1071104.6212669723
1.9688773617822382	1090001.6697106
1.9721588240518755	1093403.8919047979
1.975445755425295	1106119.7858733807
1.9787381650176707	1131664.6180615665
1.9820360619593669	1156510.2847073716
1.985339455395966	1173305.6105752834
1.9886483544882927	1186701.1502388895
1.99196276841244	1200766.7270957567
1.9952827063597942	1215068.1525435096
1.9986081775370603	1223849.31269198
2.001939191166289	1223095.9314407483
2.0052757564848993	1219786.1948401837
2.0086178827457077	1217526.6520436152
2.011965579216951	1215482.2877767144
2.0153188551823122	1210093.3909003134
2.01867771994095	1200694.7090416881
2.022042182807518	1192219.4988939203
2.0254122531121976	1187824.1901244528
2.0287879402007176	1185324.4470471106
2.0321692534343856	1183540.388881566
2.0355562021901097	1182234.4972184245
2.038948795860427	1179949.9594641975
2.0423470438535274	1169916.6583669796
2.0457509555932836	1985570.6323585424
2.049160540519272	1087817.9908985742
2.0525758080868046	1156195.7503655008
2.0559967677669495	1147589.1074429802
2.059423429046561	1138773.1517542882
2.0628558014283054	1129270.9476508712
2.066293894430686	1118382.3958094427
2.0697377175880702	1106787.6069103791
2.073187280450717	1094628.1374031631
2.0766425925848018	1082032.337316534
2.0801036635724435	1069677.1097655443
2.083570503011731	1057808.0823538585
2.0870431205167503	1046124.6665458926
2.090521525717612	1034621.9983612741
2.0940057282604747	1023336.0130988626
2.0974957378075754	1012867.4370612444
2.1009915640372547	1003364.486721416
2.1044932166439834	994539.99390084
2.10800070533839	986869.5923258457
2.1115140398472874	979863.7497188655
2.1150332299137	973773.9886925439
2.1185582852968894	968477.6420743574
2.1220892157723843	963844.4955178901
2.125626031132005	960143.9927378137
2.1291687411838915	956902.868020416
2.1327173557525314	954309.8834234715
2.136271884678786	952088.8157472223
2.1398323378199176	949883.9859440511
2.143398725049617	947662.5832731484
2.1469710562580335	945253.9667516398
2.150549341351797	942437.1243074873
2.15413359025405	939181.0877313868
2.1577238129044733	934685.2903813531
2.1613200192593145	929214.4390046385
2.1649222192914133	923817.3198864853
2.1685304229902322	918665.9225240883
2.172144640361883	912505.5148628472
2.175764881429153	903023.1951517184
2.1793911562315347	891850.9147106623
2.183023474825254	881829.8869240299
2.1866618472832964	873012.0697505231
2.1903062836954352	861250.581244405
2.193956794168261	842707.9369714286
2.197613388825208	822971.3162806901
2.201276077806584	809617.8045311079
2.2049448712695945	801629.3987639066
2.2086197793883775	797406.180595578
2.212300812354025	798039.9399893908
2.215987980374615	797919.1789367463
2.2196812936752393	791673.9249159672
2.2233807624980315	782304.9021013944
2.227086397102195	774403.329585862
2.230798207764032	768191.789247648
2.2345162047769724	760810.3246355045
2.2382403984516004	750380.2365942654
2.2419707991156868	739151.0931104867
2.245707417114213	729472.7492564407
2.249450262809403	720819.198246836
2.2531993465807525	710509.9801693812
2.256954678825054	697664.6779747474
2.260716269956429	686893.7614602239
2.2644841304063563	549453.2982883492
2.2682582706237007	1445163.147489315
2.2720387010747403	673386.5658550594
2.275825432243198	672843.6526673647
2.27961847463027	667707.0264925165
2.283417838754654	663046.8676170845
2.2872235351525787	658437.6587628666
2.291035574377833	653336.5553989493
2.294853967001796	648259.0001357101
2.298678723613466	646924.0059619568
2.302509854819488	650903.8608087715
2.3063473712441875	652373.480190801
2.3101912835295946	642841.7479766238
2.314041602335477	628513.5708956688
2.31789833833937	619854.2636850602
2.321761502236602	617272.0536294259
2.3256311047403297	614919.5123023487
2.3295071565815637	611135.7598133394
2.3333896685092	607029.3313138054
2.3372786512900485	603713.244693592
2.3411741157088657	601289.212272818
2.3450760725683804	601770.4048208123
2.348984532689328	606288.3743298551
2.3528995069104766	612147.4498834196
2.356821006088661	619033.3363408685
2.360749041098809	624900.8104171943
2.3646836228339736	621724.0137148454
2.3686247622053638	609899.7790040376
2.3725724701423725	603648.1283147726
2.37652675759261	610900.769042923
2.380487635521931	622666.1035845717
2.3844551149144677	633528.6160011605
2.388429206772659	643581.5594845604
2.39240992211728	652593.4770831303
2.3963972719874755	660273.8429191755
2.400391267440788	668233.4333103867
2.4043919195531895	677792.4166693757
2.408399239419112	687934.1572017911
2.412413238151477	696845.3549509043
2.4164339268817296	704789.2948055257
2.420461316759866	716491.5565499911
2.4244954189544656	735635.0840262526
2.428536244652723	755963.9646269465
2.432583805060478	771009.7239576611
2.4366381114022455	782261.5272545941
2.440699174921249	792421.9265550643
2.4447670068794514	801687.5693930356
2.4488416185575836	814636.5520123271
2.4529230212551796	837930.0478067696
2.457011226290605	864662.144412879
2.4611062450010897	882634.76651617
2.465208088742758	891629.2577603855
2.4693167688906628	894413.8553130861
2.4734322968388143	887946.6867984136
2.4775546840002125	879719.2014165227
2.4816839418068795	876467.0079861952
2.4858200817098908	877029.5170240421
2.4899631151794077	859283.5947199176
2.4941130537047065	547008.0471192928
