0.7011666666666666	8004094.201273152
0.7023352777777778	8457695.264168361
0.7035058365740741	8479987.928613633
0.7046783463016977	8353439.618996897
0.7058528102122005	7840268.560329726
0.7070292315625542	7145535.103307881
0.7082076136151585	6645252.056740824
0.7093879596378504	6371069.967157392
0.7105702729039134	6193744.213133052
0.7117545566920868	6141041.929345737
0.7129408142865735	6167138.7641457245
0.7141290489770512	6327066.718674133
0.7153192640586796	6598759.086666082
0.7165114628321108	6979245.46138967
0.7177056486034976	7503394.055372931
0.7189018246845036	8016473.992020201
0.7200999943923111	8387730.367081513
0.7213001610496316	8694375.63408032
0.7225023279847144	9070144.21964466
0.7237064985313556	9518538.478493638
0.7249126760289079	9909181.809963996
0.7261208638222895	10155905.804293966
0.7273310652619932	10330449.589130454
0.7285432837040966	10426287.62755105
0.72975752251027	10457285.20315903
0.7309737850477873	10417687.35469936
0.7321920746895336	10283754.613139438
0.7334123948140163	10110485.77391965
0.7346347488053729	9892091.073254922
0.7358591400533818	9646714.29806512
0.7370855719534709	9381174.285885887
0.7383140479067267	9095474.030784693
0.7395445713199046	8796359.10330104
0.7407771456054377	8476984.285289465
0.7420117741814469	8149011.2291467935
0.7432484604717493	7814102.956591709
0.744487207905869	8291106.3570075855
0.7457280199190454	1212966.3893075194
0.7469708999522439	6824015.530774025
0.7482158514521644	6418481.184806781
0.7494628778712513	6022218.9669137765
0.7507119826677034	5612761.27035844
0.7519631693054829	5218115.166218839
0.7532164412543255	4839205.109581806
0.7544718019897494	4463573.773394486
0.7557292549930656	4089848.9192391275
0.7569888037513873	3702324.402559525
0.7582504517576398	3258607.9643713864
0.7595142025105692	2765609.7164756185
0.7607800595147535	2188877.6264363662
0.7620480262806114	1505128.9195358679
0.7633181063244125	875406.5182760484
0.7645903031682866	463183.6304590461
0.7658646203402337	182791.16518465942
0.7671410613741342	38223.62538015084
0.7684196298097576	24401.300708239276
0.7697003291927741	60202.43692503417
0.770983163074762	154901.11773374295
0.77226813501322	301363.456339895
0.7735552485715754	569096.549203972
0.7748445073191947	938493.0711903969
0.7761359148313933	1463655.4159663273
0.7774294746894457	2189338.380232014
0.7787251904805949	2977692.516307661
0.7800230657980626	3809942.667439712
0.7813231042410594	4659341.491436416
0.7826253094147945	5483421.217256547
0.7839296849304858	6284116.284314557
0.7852362344053699	7106476.806708551
0.7865449614627122	7974934.720212352
0.7878558697318168	8866816.611028312
0.7891689628480365	9786630.980419535
0.7904842444527834	10731692.10575199
0.791801718193538	11728923.57043024
0.7931213877238606	12792788.036960851
0.7944432567034004	13881931.504848864
0.795767328797906	14996722.151939875
0.7970936076792359	16133133.30246686
0.7984220970253681	17317275.935865864
0.7997528005204104	18543248.27937363
0.801085721854611	19741543.764047317
0.8024208647243688	20877588.49587966
0.8037582328322427	21994895.522854216
0.8050978298869632	23114980.767483827
0.8064396596034414	24240233.232589986
0.8077837257027807	25387592.005365204
0.8091300319122853	26563377.426388953
0.8104785819654725	27760358.02108931
0.8118293796020817	28993648.39733047
0.8131824285680851	30228818.027305502
0.8145377326156986	31382105.109447006
0.8158952955033916	32448461.442579888
0.8172551209958971	33359082.203458015
0.8186172128642236	34014594.242953464
0.819981574885664	34743196.026003666
0.8213482108438068	36019984.7422898
0.8227171245285466	37636261.63283746
0.8240883197360943	39140710.445109725
0.8254618002689877	40467187.523780026
0.8268375699361028	41690924.71538938
0.828215632552663	42749729.50583492
0.8295959919402508	43764286.1091902
0.830978651926818	44929074.04295738
0.832363616346696	46224392.03386194
0.8337508890406071	47454556.67751303
0.8351404738556749	48540577.84122201
0.8365323746454344	49570785.985877566
0.8379265952698435	50558969.18329293
0.8393231395952933	51453248.51323187
0.8407220114946187	51828979.59017387
0.8421232148471098	51558594.171570145
0.8435267535385217	50930743.53785406
0.8449326314610859	49755546.792630784
0.8463408525135211	48669528.91813625
0.8477514206010437	49227303.05334375
0.8491643396353787	51229181.97103673
0.8505796135347711	53380356.88971821
0.8519972462239958	55481378.01763863
0.8534172416343692	57553632.72436605
0.8548396037037598	59574757.076669626
0.8562643363765994	61397453.92759966
0.8576914436038937	61981686.448111586
0.8591209293432337	61007829.88238647
0.8605527975588058	58288061.56875157
0.8619870522214037	52172784.99118788
0.8634236973084395	45828734.67047383
0.8648627368039535	45443830.256245054
0.8663041746986269	49904212.799735025
0.8677480149897913	51569205.25559004
0.8691942616814409	47650857.795984216
0.8706429187842434	43259086.83150145
0.8720939903155505	42708375.53906667
0.8735474802994098	44576263.617484115
0.8750033927665755	47234518.0415136
0.8764617317545198	50604333.535018094
0.8779225013074441	53429592.407477394
0.8793857054762898	54685991.269917645
0.8808513483187503	55543448.93273521
0.8823194338992816	57607151.28894357
0.8837899662891138	60535603.56523857
0.8852629495662623	61776455.19196503
0.8867383878155394	60138979.73620054
0.8882162851285654	58747113.74194394
0.8896966456037797	60795141.9205906
0.8911794733464526	64701966.60406634
0.8926647724686968	67523442.60273722
0.894152547089478	68975169.6749974
0.8956428013346271	70591481.60418558
0.8971355393368516	73136076.71055014
0.8986307652357465	75647196.7984106
0.9001284831778059	76257912.30401856
0.9016286973164357	75326823.20965965
0.9031314118119631	74422272.12346442
0.9046366308316498	73850144.61937417
0.9061443585497025	74048040.95229131
0.9076545991472854	76386871.14284581
0.9091673568125309	79816207.35898592
0.9106826357405519	82357585.39559732
0.9122004401334528	83840381.00983472
0.9137207742003418	85496491.70021795
0.9152436421573426	87942294.22060308
0.9167690482276047	90600642.51098482
0.9182969966413176	92800037.63900246
0.9198274916357196	94609143.90344095
0.9213605374551126	96187453.21637487
0.9228961383508711	97463686.08782032
0.924434298581456	98451605.00587712
0.9259750224124251	98798908.60776775
0.9275183141164459	98835811.74645478
0.9290641779733066	99173413.560634
0.9306126182699289	99871973.69196731
0.9321636393003788	100784846.16093385
0.9337172453658794	102024728.37762393
0.9352734407748227	103401551.33165723
0.9368322298427807	104820736.53221568
0.9383936168925188	106289288.69122827
0.9399576062540064	107949135.00091079
0.9415242022644297	109891119.32251188
0.9430934092682037	111918652.36246549
0.9446652316169841	113978293.8721376
0.9462396736696792	116005698.7401708
0.947816739792462	117711689.15811494
0.9493964343587827	119069182.99572252
0.9509787617493808	120320601.40057129
0.9525637263522965	121467666.23447585
0.9541513325628838	122509139.86974828
0.9557415847838219	123265138.44786325
0.9573344874251283	123795584.69916034
0.9589300449041701	124213692.58333606
0.9605282616456772	124503655.52469955
0.9621291420817533	124937100.1101187
0.9637326906518895	125885475.37901662
0.9653389118029762	127136250.12467048
0.9669478099893144	128564499.1295517
0.96855938967263	130139387.23723531
0.9701736553220844	131356542.54283206
0.971790611414288	131791443.51347418
0.9734102624333119	131967534.82899962
0.9750326128707006	132260256.9732761
0.9766576672254852	132675244.66921316
0.9782854300041944	133395033.44645198
0.9799159057208682	134520854.67335325
0.9815490988970695	135224622.80559608
0.9831850140618982	134433336.063549
0.9848236557520013	132006034.75703418
0.986465028511588	124400352.89711273
0.9881091368924407	111487384.43130253
0.9897559854539281	96999771.93550333
0.991405578763018	81053284.37102357
0.9930579213942898	66950495.37338252
0.994713017929947	62465972.50717856
0.9963708729598303	64933784.84390934
0.9980314910814301	67723204.21434903
0.9996948768998991	70057292.53345992
1.0013610350280657	71727892.31447263
1.0030299700864458	71846439.36245984
1.0047016867032565	71594410.51027706
1.0063761895144285	73757529.15246765
1.0080534831636194	78252498.09164573
1.0097335723022256	81338707.2507962
1.011416461589396	80993712.07719009
1.013102155692045	79745491.89999843
1.014790659284865	79650776.44282927
1.01648197705034	80424543.71469465
1.018176113678757	81593372.91844438
1.0198730738682218	83202727.57325073
1.021572862324669	84870711.91056165
1.0232754837618767	86417198.25274354
1.0249809429014798	87739586.54693322
1.0266892444729823	88123504.6116161
1.0284003932137706	87640272.60854965
1.030114393869127	87702469.67991422
1.0318312511922423	89049753.32815684
1.0335509699442293	91137105.51408221
1.0352735548941365	94391416.4217729
1.0369990108189602	98287605.616057
1.0387273425036585	100848678.59166425
1.0404585547411644	101551257.65933087
1.0421926523323999	102347701.45276977
1.0439296400862872	104501638.72866556
1.0456695228197646	107067050.60698834
1.0474123053577973	108290221.29867052
1.0491579925333938	108261917.76989532
1.0509065891876161	108828381.75636889
1.0526581001695956	110821075.28295125
1.0544125303365448	112977217.13170835
1.0561698845537726	113973868.40348037
1.0579301676946955	114228735.9628419
1.0596933846408534	114806163.34946606
1.0614595402819214	115868354.12957972
1.0632286395157247	116580154.77251591
1.065000687248251	116107806.47940299
1.0667756883936648	115288644.29150619
1.068553647874321	115594196.70005473
1.070334570620778	116978535.90470152
1.072118461571813	118630771.57197714
1.0739053256744326	120500941.10058339
1.07569516788389	122176734.38531941
1.0774879931636965	122880212.55827618
1.079283806485636	123023583.85825337
1.0810826128297788	123781596.68518776
1.0828844171844951	125385738.18195604
1.0846892245464692	127105401.03860326
1.0864970399207134	128661714.91010743
1.0883078683205814	129968155.69608098
1.0901217147677824	130350910.81865777
1.0919385842923954	129903272.73202789
1.0937584819328827	129461925.97830193
1.0955814127361043	129225291.89566301
1.0974073817573313	129164399.52665001
1.09923639406026	129502623.5349751
1.1010684547170273	130049280.94074538
1.1029035688082225	130234582.513191
1.1047417414229028	129949284.68557787
1.1065829776586076	129672988.11481752
1.108427282621372	129657245.93477479
1.110274661425741	129735231.42935385
1.112125119194784	129698526.69289994
1.1139786610601086	129583233.80954237
1.1158352921618757	129795251.90301566
1.117695017648812	130594644.9165143
1.1195578426782267	131640087.59317593
1.1214237724160239	132917512.87970303
1.1232928120367172	134318136.77182528
1.1251649667234453	135560532.1604772
1.1270402416679843	136572477.44773722
1.1289186420707642	137035519.34652483
1.1308001731408823	136284070.1443023
1.1326848400961171	135271701.130292
1.1345726481629441	135591323.5096742
1.136463602576549	137078714.4455897
1.1383577085808434	138635061.1110081
1.1402549714284782	140065929.9306223
1.1421553963808588	141310936.98071975
1.1440589887081603	142048005.14049277
1.1459657536893408	142456360.55723867
1.1478756966121564	142715059.72843984
1.1497888227731765	142814326.49963132
1.1517051374777987	142777274.23123908
1.1536246460402617	142491516.8680623
1.155547353783662	142184234.46306702
1.1574732660399685	142284643.49857277
1.1594023881500348	142744841.4376463
1.1613347254636184	143369692.8495639
1.163270283339391	144188098.26805964
1.1652090671449569	144676380.6872467
1.1671510822568651	143885108.18582904
1.1690963340606266	142349283.36157173
1.1710448279507277	140927278.61531034
1.1729965693306457	139703668.1942487
1.1749515636128636	138675314.26288542
1.176909816218885	138017106.076396
1.17887133257925	137935815.1740145
1.1808361181335487	139858816.44952917
1.182804178330438	143385301.24399084
1.1847755186276552	146451130.61500904
1.1867501444920348	148466763.25347528
1.1887280613995215	149732592.90123153
1.1907092748351875	149522572.14141092
1.1926937902932462	148325725.02022567
1.1946816132770681	146207946.20111573
1.1966727492991969	143149873.36803755
1.1986672038813622	140862128.90706393
1.2006649825544977	140689454.4478216
1.2026660908587554	141518275.65375862
1.20467053434352	143036420.619868
1.206678318567426	145020965.94641075
1.2086894490983717	146246660.1571187
1.2107039315135357	146200790.6548067
1.2127217713993916	146140972.61221257
1.214742974351724	147128351.15847054
1.2167675459756435	148589877.12674847
1.218795491885603	149242521.92423484
1.2208268177054122	148985859.46364328
1.2228615290682547	149132764.29776177
1.2248996316167018	150508610.18394694
1.2269411310027298	152158958.14188656
1.2289860328877344	152873234.83861506
1.2310343429425474	152846028.43013796
1.2330860668474517	152837452.9959824
1.2351412102921975	152964865.3175481
1.2371997789760178	152782571.52172983
1.2392617786076445	151536802.9833376
1.241327214905324	150029185.3064746
1.243396093596833	150659818.28456292
1.2454684204194943	153605548.0871024
1.2475442011201936	156063039.9534133
1.249623441455394	156643635.04269686
1.251706147191153	156755152.67834207
1.2537923241031383	157951803.06741172
1.2558819779766437	159962289.6867145
1.2579751146066047	161663591.6904585
1.2600717397976158	162778467.2533887
1.262171859363945	163848444.21572715
1.2642754791295518	165233546.7740798
1.266382604928101	166713039.9245941
1.2684932426029811	167706107.39935723
1.2706073980073196	168174132.64593688
1.2727250770039986	168603330.12446022
1.274846285465672	169128309.59148303
1.2769710292747813	169689009.86675164
1.2790993143235727	170248452.1088388
1.2812311465141122	170772068.61996162
1.2833665317583023	170953263.40968275
1.2855054759778997	170638017.67502108
1.2876479851045295	170326978.30886388
1.2897940650797037	170391369.8845601
1.2919437218548366	170694504.1824214
1.2940969613912614	171252806.89700598
1.2962537896602468	172061112.69227725
1.298414212643014	172822709.64506617
1.3005782363307525	173407397.0611851
1.302745866724637	173872940.82011238
1.304917109835845	174108537.66427118
1.3070919716855713	174184084.96733353
1.3092704583050472	174326730.5115471
1.3114525757355557	174584808.516467
1.3136383300284484	174805119.75373057
1.3158277272451624	174837237.4092927
1.3180207734572378	174722157.5478474
1.3202174747463333	174302032.5697223
1.3224178372042439	173546572.36185476
1.3246218669329177	172283680.7026809
1.3268295700444726	170097074.46602848
1.3290409526612135	166757205.79012725
1.3312560209156488	160073879.22382802
1.3334747809505083	150970847.4749779
1.3356972389187591	141530472.899666
1.3379234009836238	131939108.3065048
1.3401532733185966	122901169.40565328
1.342386862107461	115522826.21695264
1.344624173544307	109315005.2451459
1.3468652138335475	105122206.52801582
1.3491099891899365	102882088.74990387
1.3513585058385866	100718275.96927804
1.3536107700149842	98167327.14761874
1.3558667879650093	96322376.8346305
1.358126565944951	97798490.36677381
1.360390110221526	101693905.25674601
1.3626574270718954	106521054.62964116
1.3649285227836818	112320033.90302621
1.367203403654988	117551040.21855775
1.369482075994413	120624054.7192479
1.3717645461210706	122643855.12402615
1.3740508203646056	124653903.23461914
1.3763409050652133	126500893.84145074
1.3786348065736556	125502951.360108
1.3809325312512784	119154887.82722695
1.3832340854700305	112175687.91220795
1.3855394756124806	109683495.66867062
1.3878487080718347	110137907.48633063
1.3901617892519544	109525682.75254272
1.3924787255673745	107198218.48936291
1.3947995234433201	105446189.55881
1.3971241893157258	106231763.459355
1.399452729631252	108123603.05873926
1.401785150847304	109449657.23320204
1.40412145943205	110082655.11794934
1.4064616618644366	109082657.8717794
1.4088057646342107	105237224.72038558
1.4111537742419344	101275928.12037393
1.4135056971990045	100372742.15026006
1.4158615400276693	101503663.52534686
1.418221309261049	102594520.25956275
1.4205850114431506	103431735.83462438
1.4229526531288894	104329176.72277576
1.425324240884104	105521393.18466419
1.4276997812855778	106674532.3442396
1.4300792809210539	106874899.32860112
1.4324627463892556	106228137.4748869
1.4348501842999046	106021469.32388985
1.4372416012737377	106816985.69452746
1.4396370039425272	108057781.44090848
1.442036398949098	109762727.68806817
1.4444397929473467	111712151.73824395
1.4468471926022592	113212756.60536872
1.4492586045899296	114113434.82980497
1.4516740355975797	114905186.27973855
1.4540934923235755	115734084.94321279
1.4565169814774481	116448728.62293096
1.4589445097799105	116472627.86173932
1.4613760839628773	115867890.73903021
1.4638117107694821	115153464.49180922
1.466251396954098	114388502.16106005
1.4686951492823548	113774145.57801937
1.471142974531159	113755153.14353856
1.4735948794887108	114074468.09753983
1.4760508709545253	114087070.10975496
1.4785109557394496	113687059.10836434
1.4809751406656821	113258384.93480065
1.4834434325667916	112964027.90085009
1.4859158382877364	112711920.2473261
1.4883923646848827	112373906.27471976
1.490873018626024	111962961.92137513
1.493357806990401	111603748.67509995
1.4958467366687183	111347857.80981827
1.4983398145631663	111043433.44057852
1.5008370475874384	110462641.70344469
1.5033384426667507	109698143.78525767
1.505844006737862	108838133.59498852
1.5083537467490917	107879282.0471961
1.5108676696603405	106965046.58447844
1.5133857824431078	106206187.17287275
1.5159080920805128	105527914.31123243
1.518434605567314	104920262.09024556
1.5209653299099262	104364695.34892906
1.5235002721264426	103729077.89297913
1.5260394392466536	102948261.50250795
1.5285828383120648	102122804.25169341
1.5311304763759181	101291739.35154782
1.5336823605032115	100456572.17216018
1.5362384977707166	99617442.32532021
1.5387988952670015	98774315.78313026
1.5413635600924465	97934755.48734075
1.5439324993592671	97106465.63831505
1.5465057201915329	96260942.8475117
1.5490832297251855	95311568.8968203
1.5516650351080608	94276254.61902629
1.5542511434999076	93254849.75209917
1.5568415620724074	92273201.05056433
1.559436298009195	91303232.88994488
1.5620353585058768	90336714.51269275
1.5646387507700532	89367700.11696838
1.567246482021337	88369638.15361215
1.5698585594913725	87337777.70148255
1.5724749904238582	86296417.96626218
1.5750957820745648	85248923.16441256
1.5777209417113556	84198177.57282026
1.5803504766142082	83147082.15483804
1.5829843940752317	82093557.94130972
1.5856227013986908	81017198.82398675
1.5882654059010217	79904947.39505233
1.5909125149108567	78772271.59930053
1.5935640357690417	77608293.0325432
1.5962199758286568	76418552.06833796
1.598880342455038	75178572.2843894
1.6015451430257963	73881694.43173191
1.6042143849308395	72549794.16534519
1.6068880755723909	71163830.67634587
1.6095662223650118	69753895.64751065
1.6122488327356201	68337101.31823851
1.614935914123513	66918644.894947164
1.6176274739803853	65540247.05566759
1.6203235197703527	64227498.45640255
1.62302405896997	62975084.453655034
1.6257290990682536	61859379.60576207
1.6284386475667005	60833667.10103616
1.6311527119793119	59900672.0139112
1.6338712998326108	59068683.42192913
1.6365944186656651	58302694.847576365
1.6393220760301082	57644376.16899047
1.642054279490158	57040455.28417865
1.644791036622642	56494118.02777377
1.6475323550170131	55982818.98345554
1.6502782422753748	55376854.5424742
1.6530287060125004	54620314.84962641
1.6557837538558546	53828904.92574075
1.6585433934456146	53053157.58989577
1.6613076324346907	52210205.68965692
1.6640764784887485	50874775.365688354
1.66684993928623	49033622.872146875
1.6696280225183737	47593019.796390645
1.6724107358892377	47186222.44577823
1.6751980871157197	47134349.65926839
1.6779900839275794	46921194.68251383
1.6807867340674587	46565023.59879775
1.6835880452909044	46069727.54152669
1.6863940253663894	45386266.55594521
1.6892046820753335	44649400.504825905
1.6920200232121256	43897561.67863754
1.694840056584146	43150935.791371115
1.6976647900117863	42490074.819427095
1.700494231328473	41923816.749906644
1.703328388380687	41425323.822580956
1.706167269027988	41036615.28059712
1.709010881143035	40660815.47819021
1.7118592326116067	40168830.52377447
1.714712331332626	39593845.53671007
1.7175701852181804	39059782.55743522
1.7204328021935444	38596097.10655537
1.7233001901972003	38108794.92102516
1.726172357180862	37503047.186993144
1.7290493111094971	36841195.11130054
1.7319310599613464	36216937.68908782
1.7348176117279486	35636067.82054826
1.737708974414162	35082060.98784087
1.7406051560381857	34569692.00435614
1.7435061646315826	34074185.615270704
1.746412008239302	33587693.0290566
1.749322694919701	33103383.416857347
1.7522382327445671	32580901.98299596
1.7551586297991415	32003056.626245186
1.7580838941821402	31395097.52147368
1.761014034005777	30740629.3870453
1.7639490573957866	30080239.82595448
1.7668889724914467	29528001.369394455
1.769833787445599	29082831.448606245
1.7727835104246752	28600994.43977531
1.7757381496087163	28015216.98985441
1.7786977131913975	27389737.397606652
1.7816622093800498	26753049.141604256
1.7846316463956833	26105257.843097262
1.7876060324730094	25426391.967853855
1.7905853758604646	24709172.91870822
1.793569684820232	24074877.625210077
1.7965589676282658	23696002.96643288
1.7995532325743133	23421725.331159648
1.802552487961937	23018149.709474206
1.8055567421085403	22488400.243910603
1.8085660033453879	22044242.430759728
1.8115802800176304	21801741.054847293
1.8145995804843267	21638780.182708666
1.8176239131184673	21517502.137200974
1.820653286306998	21406275.62633305
1.823687708450843	21135213.447201643
1.8267271879649278	20647972.740333814
1.8297717332782029	20204023.300227076
1.8328213528336663	20010060.55926617
1.8358760550883895	19950182.27960484
1.8389358485135368	19962041.287302352
1.8420007415943929	20029828.02811832
1.8450707428303834	19986734.987680126
1.848145860735101	19718770.585623793
1.851226103836326	19344696.895480666
1.8543114806760534	18852870.781515
1.8574019998105136	18290205.947053388
1.8604976698101978	17798798.319173668
1.8635984992598815	17414315.60223873
1.8667044967586481	17144393.333914768
1.8698156709199125	17114698.201758806
1.8729320303714458	17244670.649890758
1.8760535837553982	17624943.26149977
1.879180339728324	18219639.949875154
1.8823123069612047	18606162.814726673
1.8854494941394733	18555168.421899274
1.8885919099630393	18380096.015181728
1.8917395631463112	18272331.4118484
1.8948924624182215	18189618.495363455
1.8980506165222522	17936432.53587
1.9012140342164559	17462393.954242166
1.9043827242734832	17041512.549148373
1.907556695480606	16878880.385316834
1.9107359566397404	16801808.22997805
1.9139205165674735	16545198.824916799
1.9171103840950858	16125561.881725548
1.9203055680685779	15771254.080724908
1.923506077348692	15573285.040034318
1.92671192081094	15425886.275880495
1.9299231073456249	15282887.466723766
1.9331396458578678	15137833.938074645
1.9363615452676308	14956995.768307345
1.9395888145097437	14734719.164686503
1.9428214625339266	14591487.63354959
1.9460594983048167	14667860.870450716
1.9493029308019916	14811439.032992624
1.952551769019995	14789888.71296655
1.9558060219683617	14624984.103736594
1.9590656986716424	14549583.261795783
1.9623308081694284	14662501.431892324
1.9656013595163775	14793142.894033875
1.9688773617822382	14781433.418015689
1.9721588240518755	14687695.952759283
1.975445755425295	14656783.883746587
1.9787381650176707	14710529.339269657
1.9820360619593669	14760539.990812039
1.985339455395966	14759770.09577609
1.9886483544882927	14739877.143032897
1.99196276841244	14736207.930851437
1.9952827063597942	14746114.72249254
1.9986081775370603	14741238.65500103
2.001939191166289	14708039.15814285
2.0052757564848993	14662591.156928005
2.0086178827457077	14604355.7183653
2.011965579216951	14538175.44615304
2.0153188551823122	14471300.108404288
2.01867771994095	14404121.221290361
2.022042182807518	14334244.126336064
2.0254122531121976	14258190.578719765
2.0287879402007176	14180768.647375088
2.0321692534343856	14109858.74644906
2.0355562021901097	14044397.965529172
2.038948795860427	13977078.117317356
2.0423470438535274	13905598.551457426
2.0457509555932836	13831989.315235104
2.049160540519272	13755484.584403945
2.0525758080868046	13676770.849618804
2.0559967677669495	13594865.453008723
2.059423429046561	13509308.708717825
2.0628558014283054	13422292.825922135
2.066293894430686	13333609.392607534
2.0697377175880702	13243548.335459463
2.073187280450717	13150517.990808828
2.0766425925848018	13055088.886306468
2.0801036635724435	12960440.976063924
2.083570503011731	12867584.216767449
2.0870431205167503	12774948.501421975
2.090521525717612	12681578.551065817
2.0940057282604747	12588127.608864205
2.0974957378075754	12497468.421242869
2.1009915640372547	12402906.32652323
2.1044932166439834	14322325.91518016
2.10800070533839	4973601.480406265
2.1115140398472874	12198633.527832055
2.1150332299137	12082292.385166371
2.1185582852968894	12005131.278238151
2.1220892157723843	11929546.559291461
2.125626031132005	11856439.088602997
2.1291687411838915	11784633.677767156
2.1327173557525314	11714947.089414818
2.136271884678786	11646334.780496
2.1398323378199176	11577002.980383402
2.143398725049617	11506795.811814955
2.1469710562580335	11436475.832053056
2.150549341351797	11366326.367917834
2.15413359025405	11294433.486390727
2.1577238129044733	11214567.99670582
2.1613200192593145	11128825.688839225
2.1649222192914133	11048077.645865073
2.1685304229902322	10976028.287022648
2.172144640361883	10902046.354490392
2.175764881429153	10814967.141017344
2.1793911562315347	10720147.406109355
2.183023474825254	10622947.640141191
2.1866618472832964	10522047.564289503
2.1903062836954352	10393956.847465578
2.193956794168261	10208702.995138293
2.197613388825208	10010639.5543757
2.201276077806584	9854410.819872538
2.2049448712695945	9736718.969119627
2.2086197793883775	9677457.715277977
2.212300812354025	9700843.737094402
2.215987980374615	9725175.627565896
2.2196812936752393	9686923.70659247
2.2233807624980315	9612370.790600663
2.227086397102195	9524793.632521048
2.230798207764032	9425105.637584059
2.2345162047769724	9321711.491459144
2.2382403984516004	9214927.238184486
2.2419707991156868	9111086.919553027
2.245707417114213	9025641.234771995
2.249450262809403	8953239.67924458
2.2531993465807525	8871988.15627497
2.256954678825054	8776272.461106356
2.260716269956429	8694007.360978397
2.2644841304063563	8662423.193074873
2.2682582706237007	8653094.932124209
2.2720387010747403	8614124.918632057
2.275825432243198	8534121.618358865
2.27961847463027	10878797.930305261
2.283417838754654	-204341.49871048247
2.2872235351525787	8380791.736211355
2.291035574377833	8294907.2356008245
2.294853967001796	8273164.604551604
2.298678723613466	8293196.7606194625
2.302509854819488	8370365.693121419
2.3063473712441875	8428013.11630126
2.3101912835295946	8388762.96527944
2.314041602335477	8297043.353287113
2.31789833833937	8193437.704113014
2.321761502236602	8080783.870603659
2.3256311047403297	7975918.423978367
2.3295071565815637	7889810.878998212
2.3333896685092	7818362.309855688
2.3372786512900485	7779260.010744606
2.3411741157088657	7766943.539834216
2.3450760725683804	7786988.110027545
2.348984532689328	7849726.204775639
2.3528995069104766	7924441.212816762
2.356821006088661	8003797.218429147
2.360749041098809	8067058.43150299
2.3646836228339736	8021969.533607652
2.3686247622053638	7872225.897774581
2.3725724701423725	7770911.787485084
2.37652675759261	7795897.989652579
2.380487635521931	7873400.759238339
2.3844551149144677	7983371.727829743
2.388429206772659	8113007.537847606
2.39240992211728	8218080.126426636
2.3963972719874755	8286555.895785364
2.400391267440788	8346998.807058093
2.4043919195531895	8408724.002834342
2.408399239419112	8469915.8996651
2.412413238151477	8524231.538172917
2.4164339268817296	8572421.608514458
2.420461316759866	8629021.067172363
2.4244954189544656	8703345.894975703
2.428536244652723	8780973.805595728
2.432583805060478	8847792.499514153
2.4366381114022455	8907382.987032136
2.440699174921249	8969335.057815518
2.4447670068794514	9035578.209021034
2.4488416185575836	9109651.397458918
2.4529230212551796	9201891.169288782
2.457011226290605	9301355.661507018
2.4611062450010897	9391842.966768766
2.465208088742758	9470855.399650445
2.4693167688906628	9514345.381459128
2.4734322968388143	9494571.931926813
2.4775546840002125	9469157.98824688
2.4816839418068795	9501733.099654466
2.4858200817098908	9575777.208747627
2.4899631151794077	9426894.95992113
2.4941130537047065	6009638.089831543
