0.7011666666666666	335920.61991436547
0.7023352777777778	360920.2129550282
0.7035058365740741	372752.93367674766
0.7046783463016977	385184.6856878084
0.7058528102122005	398186.4188708238
0.7070292315625542	411491.5158150096
0.7082076136151585	424705.9258730092
0.7093879596378504	437798.1806004174
0.7105702729039134	450814.16783378896
0.7117545566920868	463693.89343000395
0.7129408142865735	476354.4293318101
0.7141290489770512	488266.1667266919
0.7153192640586796	499517.28172038926
0.7165114628321108	509820.5757710419
0.7177056486034976	518777.20444950514
0.7189018246845036	526653.4235827951
0.7200999943923111	532352.4525184922
0.7213001610496316	536561.6883908869
0.7225023279847144	538737.5132300648
0.7237064985313556	538799.8513854241
0.7249126760289079	537918.9515553035
0.7261208638222895	535798.5688972862
0.7273310652619932	532763.6682008324
0.7285432837040966	527844.820496595
0.72975752251027	521481.7585904029
0.7309737850477873	514600.57973970956
0.7321920746895336	507167.77780013613
0.7334123948140163	499510.80824904016
0.7346347488053729	491619.4747036264
0.7358591400533818	483558.27044028096
0.7370855719534709	475234.45283336955
0.7383140479067267	466609.5678748479
0.7395445713199046	457360.1400309162
0.7407771456054377	446961.9655357866
0.7420117741814469	436177.1935579159
0.7432484604717493	425536.6292531955
0.744487207905869	414962.6069591237
0.7457280199190454	404012.05615962757
0.7469708999522439	392497.5776402834
0.7482158514521644	380194.8736207113
0.7494628778712513	366090.3089993602
0.7507119826677034	351174.20769105013
0.7519631693054829	336925.15462835395
0.7532164412543255	323373.57391859184
0.7544718019897494	309646.7451549977
0.7557292549930656	295363.9727759192
0.7569888037513873	279799.85377818515
0.7582504517576398	259985.38655209035
0.7595142025105692	236226.31299829617
0.7607800595147535	204135.7575682851
0.7620480262806114	160991.27819729142
0.7633181063244125	116197.5746597942
0.7645903031682866	74079.26810288064
0.7658646203402337	36564.42100617274
0.7671410613741342	17792.13189066523
0.7684196298097576	17855.440736246226
0.7697003291927741	28190.816765438838
0.770983163074762	-9160.577350212949
0.77226813501322	80868.22601701593
0.7735552485715754	114859.79200940546
0.7748445073191947	156296.23920610728
0.7761359148313933	202658.84895236458
0.7774294746894457	255063.44418882433
0.7787251904805949	308523.23096156114
0.7800230657980626	361031.1547370988
0.7813231042410594	412990.72678646666
0.7826253094147945	464316.0725462437
0.7839296849304858	515177.5995979408
0.7852362344053699	567696.1687349195
0.7865449614627122	623407.2416443868
0.7878558697318168	681186.9720188347
0.7891689628480365	742588.9589465368
0.7904842444527834	806900.5722648071
0.791801718193538	875022.7533495913
0.7931213877238606	947963.3818637634
0.7944432567034004	1024258.3308893025
0.795767328797906	1106386.2100226083
0.7970936076792359	1192101.575435709
0.7984220970253681	1282023.3538818324
0.7997528005204104	1375954.1368571364
0.801085721854611	1472623.2851232495
0.8024208647243688	1573240.717608284
0.8037582328322427	1676914.426374535
0.8050978298869632	1786828.175881811
0.8064396596034414	1901578.8953534837
0.8077837257027807	2021978.332394101
0.8091300319122853	2149295.399835554
0.8104785819654725	2280753.986016272
0.8118293796020817	2418750.320129742
0.8131824285680851	2559632.0673853895
0.8145377326156986	2699395.144561962
0.8158952955033916	2836629.1504993676
0.8172551209958971	2955623.8331556357
0.8186172128642236	3043223.8583999905
0.819981574885664	3152074.3767098254
0.8213482108438068	3372147.536230237
0.8227171245285466	3661099.8876954517
0.8240883197360943	3927896.397111257
0.8254618002689877	4159903.8768450078
0.8268375699361028	4384802.977311172
0.828215632552663	4609646.280949594
0.8295959919402508	4836372.410711618
0.830978651926818	5072159.60157876
0.832363616346696	5316499.551844099
0.8337508890406071	5567028.498201074
0.8351404738556749	5826368.375034028
0.8365323746454344	6093977.790631259
0.8379265952698435	6380318.573192135
0.8393231395952933	6680205.688947913
0.8407220114946187	6992900.999971636
0.8421232148471098	7320477.694640168
0.8435267535385217	7657200.319214856
0.8449326314610859	8008305.554850338
0.8463408525135211	8367422.675503744
0.8477514206010437	8733927.020463163
0.8491643396353787	9107340.574063335
0.8505796135347711	9488675.171801306
0.8519972462239958	9881857.220698345
0.8534172416343692	10282987.184198003
0.8548396037037598	10698182.507544119
0.8562643363765994	11099141.604516188
0.8576914436038937	11330459.518226465
0.8591209293432337	11345748.028042076
0.8605527975588058	11092048.331688577
0.8619870522214037	10303697.082165884
0.8634236973084395	9452280.296518961
0.8648627368039535	9407591.590116983
0.8663041746986269	10045229.042937206
0.8677480149897913	10601553.963640023
0.8691942616814409	10888377.134575827
0.8706429187842434	11134791.811162254
0.8720939903155505	11507358.570531536
0.8735474802994098	11958507.62643976
0.8750033927665755	12427337.793781802
0.8764617317545198	12912764.691918232
0.8779225013074441	13437238.925616795
0.8793857054762898	14044017.834236028
0.8808513483187503	14702029.2564974
0.8823194338992816	15437906.833891574
0.8837899662891138	16229626.859480968
0.8852629495662623	16933273.535302073
0.8867383878155394	17484281.959670465
0.8882162851285654	18049417.139054917
0.8896966456037797	18799168.3359393
0.8911794733464526	19627275.372946974
0.8926647724686968	20246554.179612473
0.894152547089478	20622647.866900124
0.8956428013346271	21035433.340336803
0.8971355393368516	21630834.778353836
0.8986307652357465	22335971.606832746
0.9001284831778059	23202281.371243488
0.9016286973164357	24189807.80658414
0.9031314118119631	25095874.15115587
0.9046366308316498	25851524.498207
0.9061443585497025	26598044.408702556
0.9076545991472854	27445109.673206758
0.9091673568125309	28348058.295870267
0.9106826357405519	29237277.955408633
0.9122004401334528	30105740.159305237
0.9137207742003418	30948028.299828574
0.9152436421573426	31739878.29747893
0.9167690482276047	32532746.28562841
0.9182969966413176	33417678.17563802
0.9198274916357196	34374429.39219743
0.9213605374551126	35315807.99570428
0.9228961383508711	36208161.053981416
0.924434298581456	36681709.40549226
0.9259750224124251	35904833.059676826
0.9275183141164459	34559935.22912887
0.9290641779733066	34057293.485466674
0.9306126182699289	34532439.19219956
0.9321636393003788	35356409.64340407
0.9337172453658794	36570668.04222876
0.9352734407748227	37989539.23864034
0.9368322298427807	39639632.734294765
0.9383936168925188	41421694.189361356
0.9399576062540064	42756768.1312648
0.9415242022644297	43392650.17257043
0.9430934092682037	43867269.25858839
0.9446652316169841	44403679.055766
0.9462396736696792	44968876.90956875
0.947816739792462	45498997.03447459
0.9493964343587827	45997932.256756775
0.9509787617493808	46630426.24905436
0.9525637263522965	47551714.27095924
0.9541513325628838	48472095.58832829
0.9557415847838219	48922506.366629146
0.9573344874251283	49045445.410893284
0.9589300449041701	49447147.309609726
0.9605282616456772	50310700.31601367
0.9621291420817533	51321396.01167283
0.9637326906518895	52418847.39476292
0.9653389118029762	53572341.99433992
0.9669478099893144	54785705.97794832
0.96855938967263	56049336.104539864
0.9701736553220844	57166460.4440708
0.971790611414288	57966205.80373634
0.9734102624333119	58696453.87779238
0.9750326128707006	59619782.185758546
0.9766576672254852	60682584.74053394
0.9782854300041944	61701194.78242382
0.9799159057208682	62636181.27010798
0.9815490988970695	63550952.78646269
0.9831850140618982	64464925.71096847
0.9848236557520013	65391414.94785218
0.986465028511588	66392531.69200569
0.9881091368924407	67462937.26127304
0.9897559854539281	68437325.30702987
0.991405578763018	69184835.50551425
0.9930579213942898	69107314.68552628
0.994713017929947	66016389.6985259
0.9963708729598303	60733702.71490728
0.9980314910814301	55205878.77096451
0.9996948768998991	49673403.096721694
1.0013610350280657	45724605.8521343
1.0030299700864458	46208532.3181359
1.0047016867032565	48862568.72448433
1.0063761895144285	51113210.09473019
1.0080534831636194	52872277.14550439
1.0097335723022256	54801730.2661729
1.011416461589396	57204257.04324088
1.013102155692045	59717938.28875756
1.014790659284865	62013644.56612756
1.01648197705034	64106761.4244031
1.018176113678757	65768152.467969134
1.0198730738682218	66862735.5046753
1.021572862324669	68013951.56013435
1.0232754837618767	69674906.89265665
1.0249809429014798	71555434.43896663
1.0266892444729823	73250375.6156436
1.0284003932137706	74745422.50583622
1.030114393869127	76102306.39721996
1.0318312511922423	77249059.31159435
1.0335509699442293	78340912.21537524
1.0352735548941365	79492860.47320522
1.0369990108189602	80683736.70573278
1.0387273425036585	81844909.60136198
1.0404585547411644	82962182.56453583
1.0421926523323999	84098401.73158611
1.0439296400862872	85309250.59624611
1.0456695228197646	86565078.2555319
1.0474123053577973	87867466.24244353
1.0491579925333938	89201769.32100078
1.0509065891876161	90387747.15331003
1.0526581001695956	91287455.53299564
1.0544125303365448	92085062.0130221
1.0561698845537726	92852062.49655126
1.0579301676946955	93617566.91500874
1.0596933846408534	94532243.89208856
1.0614595402819214	95640362.5095999
1.0632286395157247	96707527.8469675
1.065000687248251	97557170.90174174
1.0667756883936648	98297878.43754546
1.068553647874321	98998622.23766376
1.070334570620778	99666250.8736632
1.072118461571813	100334535.84379223
1.0739053256744326	101011601.75030394
1.07569516788389	101699660.28909616
1.0774879931636965	102415955.58947988
1.079283806485636	103138571.55209199
1.0810826128297788	103760693.69166176
1.0828844171844951	104246356.15818794
1.0846892245464692	104573511.8977161
1.0864970399207134	104570926.79922259
1.0883078683205814	104322542.0287162
1.0901217147677824	103575812.31777337
1.0919385842923954	102372436.6779276
1.0937584819328827	101013142.62481408
1.0955814127361043	99479289.57006302
1.0974073817573313	97749927.37481737
1.09923639406026	95521560.5627033
1.1010684547170273	92959085.02142438
1.1029035688082225	90277350.20622702
1.1047417414229028	87474891.64358936
1.1065829776586076	84608309.5440877
1.108427282621372	81649035.5629441
1.110274661425741	78695924.47252905
1.112125119194784	75994683.90447094
1.1139786610601086	73650414.93329135
1.1158352921618757	72985930.05512848
1.117695017648812	75160001.64591321
1.1195578426782267	77991288.91372243
1.1214237724160239	80096434.21024403
1.1232928120367172	81811559.89235713
1.1251649667234453	84037366.8974912
1.1270402416679843	86800255.69539057
1.1289186420707642	87058286.66612077
1.1308001731408823	81018602.0585841
1.1326848400961171	73609481.24129634
1.1345726481629441	73031527.81550229
1.136463602576549	78322384.00532165
1.1383577085808434	82502726.03233796
1.1402549714284782	83609095.73199674
1.1421553963808588	84163117.7566597
1.1440589887081603	85931461.20840764
1.1459657536893408	88162432.99302176
1.1478756966121564	88311404.6261528
1.1497888227731765	85930809.50414124
1.1517051374777987	83421093.46933514
1.1536246460402617	81754432.26834154
1.155547353783662	80586728.05197598
1.1574732660399685	80110880.3839115
1.1594023881500348	80283486.4835252
1.1613347254636184	81342821.97206521
1.163270283339391	83713100.5588466
1.1652090671449569	85137245.19865094
1.1671510822568651	82172385.73111749
1.1690963340606266	76833900.96292937
1.1710448279507277	73185180.19893686
1.1729965693306457	71701818.5155559
1.1749515636128636	70544178.01364543
1.176909816218885	69224416.10796008
1.17887133257925	68982306.6496474
1.1808361181335487	74149923.41588715
1.182804178330438	83684377.33540487
1.1847755186276552	92289337.10411325
1.1867501444920348	98577767.01233058
1.1887280613995215	103582198.16698733
1.1907092748351875	106521372.13558537
1.1926937902932462	108297387.91610968
1.1946816132770681	110283600.51394856
1.1966727492991969	112585945.41272174
1.1986672038813622	114825118.01171227
1.2006649825544977	116791913.3641593
1.2026660908587554	118662102.42294478
1.20467053434352	120586746.12971567
1.206678318567426	122540354.07051048
1.2086894490983717	124302368.69293208
1.2107039315135357	125756812.79583913
1.2127217713993916	127194522.24464053
1.214742974351724	128840266.9398606
1.2167675459756435	130577824.44563933
1.218795491885603	132133623.9643958
1.2208268177054122	133479389.87453674
1.2228615290682547	134800582.32027355
1.2248996316167018	136145612.28228366
1.2269411310027298	137475173.6895849
1.2289860328877344	138689545.52876678
1.2310343429425474	139807764.24088958
1.2330860668474517	140863340.51591843
1.2351412102921975	141817692.1474095
1.2371997789760178	142133420.6725808
1.2392617786076445	140565587.67197156
1.241327214905324	138354699.85937113
1.243396093596833	138751639.41283318
1.2454684204194943	141926973.45832777
1.2475442011201936	143389793.12575457
1.249623441455394	140200882.99114537
1.251706147191153	136604850.6984561
1.2537923241031383	139014752.84896222
1.2558819779766437	145890436.84089965
1.2579751146066047	151061130.9007544
1.2600717397976158	152981159.4676955
1.262171859363945	153943584.13459247
1.2642754791295518	154535258.8609079
1.266382604928101	154897969.7352624
1.2684932426029811	155063780.79775357
1.2706073980073196	155034576.45118594
1.2727250770039986	155035031.73560086
1.274846285465672	155162388.06705332
1.2769710292747813	155253372.43871558
1.2790993143235727	154987525.79200417
1.2812311465141122	154454396.0129679
1.2833665317583023	153925895.8755129
1.2855054759778997	153442290.06003416
1.2876479851045295	152979035.4354573
1.2897940650797037	152543538.83802435
1.2919437218548366	152096578.31430584
1.2940969613912614	151489764.83950904
1.2962537896602468	150722943.32661134
1.298414212643014	150044411.05463886
1.3005782363307525	149597498.65140787
1.302745866724637	149189524.42700556
1.304917109835845	148595395.80507123
1.3070919716855713	147844885.25027758
1.3092704583050472	146911427.4390604
1.3114525757355557	145739623.85953093
1.3136383300284484	144639215.64141345
1.3158277272451624	143909862.03587916
1.3180207734572378	143137408.20755506
1.3202174747463333	140962036.75574026
1.3224178372042439	137252942.57988232
1.3246218669329177	131809347.9022976
1.3268295700444726	123348985.23475921
1.3290409526612135	112435185.3495143
1.3312560209156488	95923993.10613912
1.3334747809505083	75750305.84908484
1.3356972389187591	58579542.756710656
1.3379234009836238	46159226.39411935
1.3401532733185966	36381909.93625653
1.342386862107461	30883267.574944776
1.344624173544307	27662070.139865734
1.3468652138335475	25260420.26595863
1.3491099891899365	23561192.834054627
1.3513585058385866	21698048.499879595
1.3536107700149842	19328495.58186045
1.3558667879650093	17357444.198018152
1.358126565944951	17654601.040595114
1.360390110221526	19594188.890191875
1.3626574270718954	22074931.036528032
1.3649285227836818	25087016.348149035
1.367203403654988	27609441.10391252
1.369482075994413	28465454.04056915
1.3717645461210706	28826893.004451957
1.3740508203646056	31000942.674749054
1.3763409050652133	34798731.2503786
1.3786348065736556	36381822.83784832
1.3809325312512784	33326020.987285804
1.3832340854700305	29360834.7305955
1.3855394756124806	27885342.922983762
1.3878487080718347	28030631.52557455
1.3901617892519544	27413751.584079288
1.3924787255673745	25617516.635725472
1.3947995234433201	24091065.286824614
1.3971241893157258	23975893.720906
1.399452729631252	24603911.106680542
1.401785150847304	25628231.920250848
1.40412145943205	26921624.857670378
1.4064616618644366	27114283.83324672
1.4088057646342107	25201802.449961215
1.4111537742419344	23074262.57733411
1.4135056971990045	22721255.222461224
1.4158615400276693	23538050.979717914
1.418221309261049	24231777.81752647
1.4205850114431506	24662915.443307508
1.4229526531288894	25457625.62526797
1.425324240884104	27338523.462621346
1.4276997812855778	29451100.136267737
1.4300792809210539	30087275.48879189
1.4324627463892556	29386394.40730381
1.4348501842999046	29172069.67449555
1.4372416012737377	30162759.74291101
1.4396370039425272	31793808.555171896
1.442036398949098	34367040.932031445
1.4444397929473467	37557820.27175943
1.4468471926022592	40815870.07835906
1.4492586045899296	44097750.99309999
1.4516740355975797	47311734.719184764
1.4540934923235755	50334839.42701743
1.4565169814774481	52975715.644855596
1.4589445097799105	54053070.015011705
1.4613760839628773	53724425.00754969
1.4638117107694821	53317628.74555202
1.466251396954098	53096496.34963948
1.4686951492823548	53451904.96404267
1.471142974531159	55661915.70925
1.4735948794887108	58966163.30681407
1.4760508709545253	61632479.214825444
1.4785109557394496	63398073.1267684
1.4809751406656821	64936701.64877069
1.4834434325667916	66358915.57663913
1.4859158382877364	67804010.70038651
1.4883923646848827	69625314.73363209
1.490873018626024	71783798.1247438
1.493357806990401	74015476.96921809
1.4958467366687183	76299439.37457757
1.4983398145631663	78510609.49008742
1.5008370475874384	80408289.23852178
1.5033384426667507	82098717.534271
1.505844006737862	83680420.46915546
1.5083537467490917	85158272.40827034
1.5108676696603405	86889837.00935751
1.5133857824431078	89278881.10015899
1.5159080920805128	91942960.60409011
1.518434605567314	94560179.09061055
1.5209653299099262	97103496.4814601
1.5235002721264426	99321038.83856107
1.5260394392466536	101000715.4767547
1.5285828383120648	102547825.4499027
1.5311304763759181	104174700.52933694
1.5336823605032115	105856821.58643027
1.5362384977707166	107581266.98146075
1.5387988952670015	109362088.59212433
1.5413635600924465	111360850.24238448
1.5439324993592671	113842366.5405824
1.5465057201915329	116282196.41573478
1.5490832297251855	117531256.68306433
1.5516650351080608	117727396.17596015
1.5542511434999076	117309690.53445515
1.5568415620724074	116086538.7145642
1.559436298009195	115125593.40217377
1.5620353585058768	115791450.7241902
1.5646387507700532	117414450.4521481
1.567246482021337	119017902.84689663
1.5698585594913725	120501672.71001013
1.5724749904238582	121431246.72672969
1.5750957820745648	121138613.61939768
1.5777209417113556	120429153.34967595
1.5803504766142082	120114382.79455435
1.5829843940752317	120100275.22573793
1.5856227013986908	119715046.80412957
1.5882654059010217	118674245.44649325
1.5909125149108567	117289803.53110255
1.5935640357690417	115385640.75511864
1.5962199758286568	113076899.5634489
1.598880342455038	110037647.92078699
1.6015451430257963	106183472.79650603
1.6042143849308395	102070022.76979133
1.6068880755723909	97704069.07397662
1.6095662223650118	93240487.33648264
1.6122488327356201	88804717.21017915
1.614935914123513	84425599.48645236
1.6176274739803853	80410802.58643067
1.6203235197703527	76972301.88653824
1.62302405896997	73981200.81110609
1.6257290990682536	71914565.99408616
1.6284386475667005	70498046.18670905
1.6311527119793119	69970925.26671764
1.6338712998326108	70410107.33748035
1.6365944186656651	71224972.64778864
1.6393220760301082	72498561.36996885
1.642054279490158	73933754.33906575
1.644791036622642	75289106.46048489
1.6475323550170131	76515522.10959843
1.6502782422753748	77069589.42255074
1.6530287060125004	76609040.80643019
1.6557837538558546	75901423.9381925
1.6585433934456146	75252650.640475
1.6613076324346907	74048649.20845342
1.6640764784887485	69010323.86022423
1.66684993928623	60006150.25091805
1.6696280225183737	53613675.81693517
1.6724107358892377	54195757.63469284
1.6751980871157197	57349019.64329916
1.6779900839275794	60172868.49252733
1.6807867340674587	62573884.552003
1.6835880452909044	63661584.2256043
1.6863940253663894	62833573.29581654
1.6892046820753335	61447478.38687978
1.6920200232121256	59853656.230935454
1.694840056584146	58255876.77047536
1.6976647900117863	57338026.68025215
1.700494231328473	57175389.259101465
1.703328388380687	57603400.19528277
1.706167269027988	59003983.87504188
1.709010881143035	60422425.48270405
1.7118592326116067	60389751.462936535
1.714712331332626	59320416.3102614
1.7175701852181804	58724306.089123316
1.7204328021935444	58946951.57863093
1.7233001901972003	58830342.083994865
1.726172357180862	57137037.241291285
1.7290493111094971	54675760.45342087
1.7319310599613464	52564448.4463294
1.7348176117279486	50863151.9141295
1.737708974414162	49318823.92129939
1.7406051560381857	47967795.888167135
1.7435061646315826	46775598.75985607
1.746412008239302	45954372.90202043
1.749322694919701	45343597.43534195
1.7522382327445671	44183398.69168224
1.7551586297991415	42209207.86874782
1.7580838941821402	40058629.37895629
1.761014034005777	37966982.66840795
1.7639490573957866	35976401.338541254
1.7668889724914467	34415190.25671454
1.769833787445599	33274093.199675143
1.7727835104246752	32000373.29974855
1.7757381496087163	30341684.563101307
1.7786977131913975	28611766.80232078
1.7816622093800498	27143297.51984531
1.7846316463956833	25831700.55946913
1.7876060324730094	24246684.967370614
1.7905853758604646	22278933.635645114
1.793569684820232	20711302.132365502
1.7965589676282658	20501063.583924647
1.7995532325743133	20846551.374944463
1.802552487961937	20498320.636120383
1.8055567421085403	19474022.65765454
1.8085660033453879	18918993.380524866
1.8115802800176304	19461241.280130938
1.8145995804843267	20333903.574758172
1.8176239131184673	21028170.143019978
1.820653286306998	21488946.019997537
1.823687708450843	21011115.264329273
1.8267271879649278	19293406.65147555
1.8297717332782029	17756609.48732404
1.8328213528336663	17469766.731656894
1.8358760550883895	17799901.917317517
1.8389358485135368	18185982.081751153
1.8420007415943929	18575823.820285812
1.8450707428303834	18604356.952834275
1.848145860735101	17947486.16998338
1.851226103836326	16983656.73172411
1.8543114806760534	15723191.829748437
1.8574019998105136	14320107.601389406
1.8604976698101978	13399915.350644827
1.8635984992598815	13149964.391130393
1.8667044967586481	13252641.619685132
1.8698156709199125	13895531.093137769
1.8729320303714458	14969311.075616155
1.8760535837553982	16996222.546619713
1.879180339728324	19850535.38559732
1.8823123069612047	21971130.148035962
1.8854494941394733	22533985.012636323
1.8885919099630393	22793907.481688675
1.8917395631463112	23806802.858237587
1.8948924624182215	25176109.736547142
1.8980506165222522	25337234.789062385
1.9012140342164559	23906578.074408885
1.9043827242734832	22668278.20236383
1.907556695480606	22798765.799275555
1.9107359566397404	23414564.189792696
1.9139205165674735	23244988.288333073
1.9171103840950858	22327518.9916031
1.9203055680685779	21288486.935585056
1.923506077348692	20208279.109199874
1.92671192081094	19175409.305609383
1.9299231073456249	18363398.537010137
1.9331396458578678	17681408.890511934
1.9363615452676308	16900448.85319386
1.9395888145097437	16003850.406250648
1.9428214625339266	15580155.144347193
1.9460594983048167	16400839.17812513
1.9493029308019916	17582472.738068376
1.952551769019995	17724503.673338737
1.9558060219683617	16969255.971762776
1.9590656986716424	16818792.015129976
1.9623308081694284	17924779.986671522
1.9656013595163775	19149467.61933725
1.9688773617822382	19425140.9815667
1.9721588240518755	19166764.077102166
1.975445755425295	19425257.445683222
1.9787381650176707	20367221.078152485
1.9820360619593669	21266783.027808744
1.985339455395966	21725900.852564577
1.9886483544882927	22057626.875087693
1.99196276841244	22722111.90155738
1.9952827063597942	23676660.642621316
1.9986081775370603	24562297.900091212
2.001939191166289	25267396.036389627
2.0052757564848993	25884863.636155248
2.0086178827457077	26385875.488691926
2.011965579216951	26835914.24005345
2.0153188551823122	27437490.063861545
2.01867771994095	28217956.810397267
2.022042182807518	28833824.632217642
2.0254122531121976	28973556.46954652
2.0287879402007176	28973532.01014336
2.0321692534343856	29289813.661971673
2.0355562021901097	29878656.38340663
2.038948795860427	30440752.540107366
2.0423470438535274	30902897.733198136
2.0457509555932836	31298143.26114119
2.049160540519272	31566228.156350918
2.0525758080868046	31753454.0706349
2.0559967677669495	31906976.74377864
2.059423429046561	32026682.8915267
2.0628558014283054	32142645.15284594
2.066293894430686	32264294.048507188
2.0697377175880702	32354658.637826163
2.073187280450717	32284391.42996766
2.0766425925848018	32084268.258069716
2.0801036635724435	31927951.49197433
2.083570503011731	31866702.940849327
2.0870431205167503	31799997.386186328
2.090521525717612	31627446.22967872
2.0940057282604747	31392092.72750574
2.0974957378075754	31153481.951032203
2.1009915640372547	30915272.629632123
2.1044932166439834	30669836.946160562
2.10800070533839	30408077.62067889
2.1115140398472874	30129810.85630656
2.1150332299137	29806710.48991846
2.1185582852968894	29447570.254319355
2.1220892157723843	29091821.5051286
2.125626031132005	28747937.743434153
2.1291687411838915	28403296.962723408
2.1327173557525314	28046553.47076179
2.136271884678786	27680022.44552997
2.1398323378199176	27295306.07658111
2.143398725049617	26889890.38145732
2.1469710562580335	26467626.966976766
2.150549341351797	26016493.49242728
2.15413359025405	25532458.516312093
2.1577238129044733	24953170.195836883
2.1613200192593145	24307756.23105362
2.1649222192914133	23761869.913790923
2.1685304229902322	23381063.2874299
2.172144640361883	22986886.161398534
2.175764881429153	22414318.001576185
2.1793911562315347	21726546.20812398
2.183023474825254	20940078.254972316
2.1866618472832964	20034644.097674005
2.1903062836954352	18825406.880156107
2.193956794168261	17006294.317331925
2.197613388825208	15079320.619130202
2.201276077806584	13724851.385704378
2.2049448712695945	12881861.490736322
2.2086197793883775	12686734.698492272
2.212300812354025	13395350.444278251
2.215987980374615	14132704.552527033
2.2196812936752393	14240381.650255017
2.2233807624980315	13978770.09299568
2.227086397102195	13558855.182283765
2.230798207764032	12989105.320281887
2.2345162047769724	12401260.030963283
2.2382403984516004	11828947.949514987
2.2419707991156868	11296300.50733892
2.245707417114213	10909858.480950497
2.249450262809403	10630693.651861157
2.2531993465807525	10318741.614535378
2.256954678825054	9946060.556485845
2.260716269956429	9663000.047194079
2.2644841304063563	9690349.895789517
2.2682582706237007	9847726.586440962
2.2720387010747403	9783713.052801406
2.275825432243198	9477697.945686676
2.27961847463027	9134444.525297854
2.283417838754654	8795097.064601092
2.2872235351525787	8466313.011326054
2.291035574377833	8176546.599659719
2.294853967001796	7944957.120429379
2.298678723613466	7994309.143303162
2.302509854819488	8439723.00020892
2.3063473712441875	8831444.94390886
2.3101912835295946	8786247.98956916
2.314041602335477	8476411.853891289
2.31789833833937	7943542.538348848
2.321761502236602	7203474.178433197
2.3256311047403297	6592765.473767202
2.3295071565815637	6308394.1851736475
2.3333896685092	6171996.696287837
2.3372786512900485	6160364.771020829
2.3411741157088657	6249697.635493633
2.3450760725683804	6453407.312108418
2.348984532689328	6806857.929988149
2.3528995069104766	7195234.141549837
2.356821006088661	7579756.077913174
2.360749041098809	7884027.185492586
2.3646836228339736	7728433.607597427
2.3686247622053638	7123347.2684398815
2.3725724701423725	6637116.166625561
2.37652675759261	6519072.610714625
2.380487635521931	6612946.918305866
2.3844551149144677	7034730.820211959
2.388429206772659	7677977.182517249
2.39240992211728	8243976.958301035
2.3963972719874755	8673260.049790883
2.400391267440788	9017859.034567
2.4043919195531895	9217408.725655148
2.408399239419112	9334052.072824232
2.412413238151477	9387655.595762946
2.4164339268817296	9387499.550063198
2.420461316759866	9450337.326264514
2.4244954189544656	9648535.957064705
2.428536244652723	9872274.109430205
2.432583805060478	10015629.795879008
2.4366381114022455	10097893.30434342
2.440699174921249	10135428.288576815
2.4447670068794514	10121782.307137098
2.4488416185575836	10161255.047614155
2.4529230212551796	10373311.802488793
2.457011226290605	10640335.152028888
2.4611062450010897	10748464.088300282
2.465208088742758	10693040.195525952
2.4693167688906628	10511449.44973331
2.4734322968388143	10138309.096953198
2.4775546840002125	9782556.089272272
2.4816839418068795	9732653.90502737
2.4858200817098908	9883374.26454559
2.4899631151794077	9738154.55504908
2.4941130537047065	6171604.999894185
