0.7011666666666666	29673.797076298313
0.7023352777777778	31868.834924040384
0.7035058365740741	32954.15809490743
0.7046783463016977	34096.32036791034
0.7058528102122005	35255.81973698246
0.7070292315625542	36426.190455580814
0.7082076136151585	37602.61183639151
0.7093879596378504	38786.04791649937
0.7105702729039134	39991.028861705345
0.7117545566920868	41234.826573459475
0.7129408142865735	42312.661050050054
0.7141290489770512	42616.18452812318
0.7153192640586796	42365.23888875431
0.7165114628321108	42438.920260648425
0.7177056486034976	43090.246225598275
0.7189018246845036	44199.67893650347
0.7200999943923111	46218.27825480275
0.7213001610496316	48597.77876253542
0.7225023279847144	50196.672432161904
0.7237064985313556	50969.68488616161
0.7249126760289079	51983.49903221403
0.7261208638222895	53764.6238447107
0.7273310652619932	55605.78960790918
0.7285432837040966	56507.9724711118
0.72975752251027	56817.07419591607
0.7309737850477873	58144.32402697922
0.7321920746895336	61025.4383117239
0.7334123948140163	63952.278309783695
0.7346347488053729	65894.51061167316
0.7358591400533818	67355.98200824473
0.7370855719534709	69016.97668993678
0.7383140479067267	70913.41602635219
0.7395445713199046	72894.32728210623
0.7407771456054377	74967.62397411138
0.7420117741814469	77034.92069217448
0.7432484604717493	78937.03375425351
0.744487207905869	80718.51400903976
0.7457280199190454	82489.6690220782
0.7469708999522439	84255.90282196907
0.7482158514521644	85884.64684700403
0.7494628778712513	87128.6823006538
0.7507119826677034	88155.62985631949
0.7519631693054829	89055.60274687814
0.7532164412543255	89825.04729762078
0.7544718019897494	90393.4579445943
0.7557292549930656	90600.95463701889
0.7569888037513873	90422.3170660042
0.7582504517576398	89220.3088514409
0.7595142025105692	86967.6374158445
0.7607800595147535	81791.45547594034
0.7620480262806114	72596.16569258951
0.7633181063244125	60367.31762749348
0.7645903031682866	42454.49679163557
0.7658646203402337	23428.89377661982
0.7671410613741342	14206.489861156619
0.7684196298097576	15027.625934408456
0.7697003291927741	21288.98380679764
0.770983163074762	35141.34714769204
0.77226813501322	51333.196159656676
0.7735552485715754	66467.12754214382
0.7748445073191947	80782.2954581311
0.7761359148313933	94562.52166615783
0.7774294746894457	107685.24232333303
0.7787251904805949	120207.4058972893
0.7800230657980626	131294.29064598837
0.7813231042410594	205860.09050508495
0.7826253094147945	-273932.07833458023
0.7839296849304858	163942.6669114296
0.7852362344053699	170493.3715745591
0.7865449614627122	179830.73854869217
0.7878558697318168	189349.88068938427
0.7891689628480365	199437.50756436528
0.7904842444527834	209944.5941600249
0.791801718193538	220725.83806468605
0.7931213877238606	231807.46468390073
0.7944432567034004	242634.31602992147
0.795767328797906	252607.17037338993
0.7970936076792359	262319.4470424496
0.7984220970253681	272775.85126615805
0.7997528005204104	283941.49078558455
0.801085721854611	295136.6681994429
0.8024208647243688	306187.7335387131
0.8037582328322427	316749.5974232233
0.8050978298869632	325665.1870036083
0.8064396596034414	333035.2001612446
0.8077837257027807	336644.3591209787
0.8091300319122853	335504.4349701051
0.8104785819654725	332902.2959226986
0.8118293796020817	329186.29364589736
0.8131824285680851	327017.6409433875
0.8145377326156986	335677.44141419814
0.8158952955033916	354035.21731601347
0.8172551209958971	370464.8341457961
0.8186172128642236	381161.3526927671
0.819981574885664	390783.0536856762
0.8213482108438068	403025.0439760609
0.8227171245285466	418314.4960437788
0.8240883197360943	444126.9831556731
0.8254618002689877	482653.85734817805
0.8268375699361028	516459.71210214857
0.828215632552663	531950.1587972752
0.8295959919402508	539630.5032032324
0.830978651926818	549510.869308667
0.832363616346696	561282.115544893
0.8337508890406071	568938.8360936969
0.8351404738556749	569083.4742966949
0.8365323746454344	570955.1727308279
0.8379265952698435	586911.8789842102
0.8393231395952933	611856.5317246908
0.8407220114946187	637702.5322978962
0.8421232148471098	663896.8385548684
0.8435267535385217	691000.3511435046
0.8449326314610859	720091.8623885168
0.8463408525135211	749805.9226371761
0.8477514206010437	778185.7679817706
0.8491643396353787	805554.0865866959
0.8505796135347711	834943.7292684754
0.8519972462239958	867972.879000619
0.8534172416343692	902313.3600327544
0.8548396037037598	937323.5901190765
0.8562643363765994	972550.4061421485
0.8576914436038937	1006287.1392623531
0.8591209293432337	1038150.5925082795
0.8605527975588058	1068874.5312684642
0.8619870522214037	1097714.4158969016
0.8634236973084395	1124933.2155006293
0.8648627368039535	1148119.555244694
0.8663041746986269	1167711.1030141106
0.8677480149897913	1184903.0518624182
0.8691942616814409	1198856.003475589
0.8706429187842434	1214223.7734012385
0.8720939903155505	1237383.281372392
0.8735474802994098	1265113.1007318683
0.8750033927665755	1292057.3824506705
0.8764617317545198	1317294.3827125106
0.8779225013074441	1334342.057557304
0.8793857054762898	1333160.4312019325
0.8808513483187503	1319829.4638485988
0.8823194338992816	1285069.6006094052
0.8837899662891138	1228222.3186965564
0.8852629495662623	1120141.4906914975
0.8867383878155394	933230.8178782474
0.8882162851285654	737332.6507771736
0.8896966456037797	585117.9465330763
0.8911794733464526	473106.65783414093
0.8926647724686968	462715.9954512715
0.894152547089478	563998.7386794068
0.8956428013346271	629585.535046813
0.8971355393368516	568920.1212393575
0.8986307652357465	483123.8438201663
0.9001284831778059	518369.11924584163
0.9016286973164357	653212.1165943344
0.9031314118119631	794594.7041610823
0.9046366308316498	928380.9210006458
0.9061443585497025	1043470.7740957462
0.9076545991472854	1105910.0896141331
0.9091673568125309	1140404.6834692447
0.9106826357405519	1188766.536611851
0.9122004401334528	1254083.126357504
0.9137207742003418	1311461.5247725076
0.9152436421573426	1344916.030888814
0.9167690482276047	1387671.509499018
0.9182969966413176	1514609.7721975339
0.9198274916357196	1701951.784815454
0.9213605374551126	1823173.8138308006
0.9228961383508711	1829026.118800177
0.924434298581456	1720123.0642217593
0.9259750224124251	1353262.4820190994
0.9275183141164459	873704.4932564994
0.9290641779733066	597335.859244844
0.9306126182699289	553338.1099802778
0.9321636393003788	558846.2581544565
0.9337172453658794	585601.0947360198
0.9352734407748227	634417.0620418139
0.9368322298427807	743663.2869053999
0.9383936168925188	894601.2381559759
0.9399576062540064	996851.6233456692
0.9415242022644297	1018624.3718365487
0.9430934092682037	1017781.0353824516
0.9446652316169841	1011979.715848042
0.9462396736696792	1001320.5896506743
0.947816739792462	976594.313947829
0.9493964343587827	938383.1102293237
0.9509787617493808	921289.2347426144
0.9525637263522965	952967.7714704727
0.9541513325628838	985492.1165236845
0.9557415847838219	943244.0185074749
0.9573344874251283	850230.029837032
0.9589300449041701	815196.8883808603
0.9605282616456772	873648.5733968734
0.9621291420817533	958194.3922020745
0.9637326906518895	1049720.293192353
0.9653389118029762	1147689.731589612
0.9669478099893144	1262594.0462708469
0.96855938967263	1392769.9366646132
0.9701736553220844	1489904.5000323593
0.971790611414288	1514271.9820879556
0.9734102624333119	1516580.6347714523
0.9750326128707006	1538155.1452664565
0.9766576672254852	1575582.7107530877
0.9782854300041944	1625038.3285645181
0.9799159057208682	1689846.5383128074
0.9815490988970695	1761294.7749351487
0.9831850140618982	1840812.292269954
0.9848236557520013	1928093.5783374913
0.986465028511588	2036713.8558585816
0.9881091368924407	2164858.7799707446
0.9897559854539281	2264181.4203768293
0.991405578763018	2299696.536718142
0.9930579213942898	2314199.0775195076
0.994713017929947	2335921.579466501
0.9963708729598303	2368806.126756373
0.9980314910814301	2453873.7871532068
0.9996948768998991	2610313.02487745
1.0013610350280657	2755042.8141147294
1.0030299700864458	2819283.0168823674
1.0047016867032565	2858102.9226514753
1.0063761895144285	2985875.099123271
1.0080534831636194	3204938.36056112
1.0097335723022256	3444517.329709678
1.011416461589396	3697217.7678561774
1.013102155692045	3945819.576997029
1.014790659284865	4159540.7824721215
1.01648197705034	4354860.106139331
1.018176113678757	4604395.191952578
1.0198730738682218	4929640.169632367
1.021572862324669	5236056.375999129
1.0232754837618767	5442858.479140264
1.0249809429014798	5609364.082385445
1.0266892444729823	5825291.608024258
1.0284003932137706	6094298.342740598
1.030114393869127	6409095.2229309995
1.0318312511922423	6796694.249199424
1.0335509699442293	7223226.209015283
1.0352735548941365	7703548.533012853
1.0369990108189602	8216896.703086149
1.0387273425036585	8697922.459078325
1.0404585547411644	9130675.680268327
1.0421926523323999	9537465.427878814
1.0439296400862872	9903299.675271915
1.0456695228197646	10248531.364878109
1.0474123053577973	10587532.855873428
1.0491579925333938	10921810.553060012
1.0509065891876161	11261426.058775235
1.0526581001695956	11611481.251572324
1.0544125303365448	11945582.677929364
1.0561698845537726	12206002.214038106
1.0579301676946955	12415588.821968248
1.0596933846408534	12611982.110951839
1.0614595402819214	12795611.232454699
1.0632286395157247	12962673.50137924
1.065000687248251	13093638.113045141
1.0667756883936648	13204410.689632168
1.068553647874321	13297177.814943997
1.070334570620778	13370811.49952348
1.072118461571813	13402471.193408424
1.0739053256744326	13362256.03641073
1.07569516788389	13297148.669290151
1.0774879931636965	13225645.949741142
1.079283806485636	13135284.613586769
1.0810826128297788	12924427.836877499
1.0828844171844951	12554930.565082578
1.0846892245464692	12041719.647042789
1.0864970399207134	11249723.935281731
1.0883078683205814	10278481.286428172
1.0901217147677824	9038225.475985384
1.0919385842923954	7570782.249864744
1.0937584819328827	6250459.123081844
1.0955814127361043	5245895.05968812
1.0974073817573313	4365423.9403700605
1.09923639406026	3577540.824314954
1.1010684547170273	2864350.130652793
1.1029035688082225	2282007.256431442
1.1047417414229028	1859214.0686514226
1.1065829776586076	1491178.7069660376
1.108427282621372	1178593.1143036012
1.110274661425741	902035.550610031
1.112125119194784	684134.8698375202
1.1139786610601086	521224.1859322013
1.1158352921618757	409271.37098657864
1.117695017648812	374228.3705987153
1.1195578426782267	367230.42004130135
1.1214237724160239	376410.6168425886
1.1232928120367172	398641.1003629945
1.1251649667234453	444602.1213418509
1.1270402416679843	516655.0993229202
1.1289186420707642	551331.1691594559
1.1308001731408823	483277.955924404
1.1326848400961171	381133.53758492385
1.1345726481629441	331846.61866326793
1.136463602576549	331530.6602432371
1.1383577085808434	357837.05582007155
1.1402549714284782	419003.2936280671
1.1421553963808588	475941.8095274827
1.1440589887081603	483349.02894239855
1.1459657536893408	455443.96039069653
1.1478756966121564	389612.2091683332
1.1497888227731765	281714.5147993664
1.1517051374777987	181918.30097385694
1.1536246460402617	120418.55481093065
1.155547353783662	80386.92163218331
1.1574732660399685	65915.9553340062
1.1594023881500348	74234.78265932093
1.1613347254636184	102534.59719896707
1.163270283339391	159333.8930365987
1.1652090671449569	214387.0042037078
1.1671510822568651	236355.97914540677
1.1690963340606266	233750.5745974874
1.1710448279507277	195994.6729273033
1.1729965693306457	120673.48902375266
1.1749515636128636	76814.43539893553
1.176909816218885	121497.85381736503
1.17887133257925	204966.29343147925
1.1808361181335487	298678.1175728654
1.182804178330438	400043.4645157256
1.1847755186276552	502280.8435820615
1.1867501444920348	604482.9862137652
1.1887280613995215	706916.8196587012
1.1907092748351875	809882.8088394476
1.1926937902932462	925067.6499832775
1.1946816132770681	1122791.5486635857
1.1966727492991969	1417209.6389952071
1.1986672038813622	1776269.4148508382
1.2006649825544977	2241537.365421567
1.2026660908587554	2786210.469545901
1.20467053434352	3498101.532976739
1.206678318567426	4352092.724575758
1.2086894490983717	5300654.60710765
1.2107039315135357	6375696.337806543
1.2127217713993916	7534744.624633939
1.214742974351724	8847659.947568258
1.2167675459756435	10264409.263789354
1.218795491885603	11790963.707818266
1.2208268177054122	13442901.010817798
1.2228615290682547	15274119.247555863
1.2248996316167018	17447782.051085386
1.2269411310027298	19677615.039805345
1.2289860328877344	21550219.583428334
1.2310343429425474	23123315.028914988
1.2330860668474517	24514141.217187483
1.2351412102921975	25665716.013951365
1.2371997789760178	26626653.886597402
1.2392617786076445	27193402.029542267
1.241327214905324	27723315.214190565
1.243396093596833	29436362.395277876
1.2454684204194943	32377330.5096241
1.2475442011201936	34243580.966906376
1.249623441455394	33373979.581778824
1.251706147191153	32294814.22099579
1.2537923241031383	34875796.42014147
1.2558819779766437	40164637.60784447
1.2579751146066047	44277934.50232242
1.2600717397976158	46194436.94318762
1.262171859363945	47134980.459934734
1.2642754791295518	46837522.89465981
1.266382604928101	45762024.61867161
1.2684932426029811	43973922.441503465
1.2706073980073196	41483623.733642824
1.2727250770039986	39202931.62530556
1.274846285465672	37598044.509563416
1.2769710292747813	36003695.18426681
1.2790993143235727	33385856.75752031
1.2812311465141122	30007447.333216086
1.2833665317583023	26725517.332465116
1.2855054759778997	23701379.067867428
1.2876479851045295	20943180.625359528
1.2897940650797037	18781084.4425552
1.2919437218548366	16952889.542018
1.2940969613912614	15259318.277389385
1.2962537896602468	13692324.570443794
1.298414212643014	12184015.656920584
1.3005782363307525	10757858.518304711
1.302745866724637	9411293.979797037
1.304917109835845	8275493.246650419
1.3070919716855713	7302003.92881315
1.3092704583050472	6415705.138636834
1.3114525757355557	5636402.1209986685
1.3136383300284484	4939557.080211192
1.3158277272451624	4405717.829109704
1.3180207734572378	3955029.922920091
1.3202174747463333	3503456.9205571003
1.3224178372042439	3042364.638305868
1.3246218669329177	2508084.5803818936
1.3268295700444726	1832146.466184059
1.3290409526612135	1164464.4910954807
1.3312560209156488	734798.2680932159
1.3334747809505083	483536.11838549277
1.3356972389187591	307591.53725424
1.3379234009836238	216247.86705325215
1.3401532733185966	152292.80648873857
1.342386862107461	109439.19432428952
1.344624173544307	78676.19891432903
1.3468652138335475	57058.79750574451
1.3491099891899365	44117.93746946091
1.3513585058385866	33181.04117893038
1.3536107700149842	23723.33939334015
1.3558667879650093	15740.45703672615
1.358126565944951	11597.484788094293
1.360390110221526	10488.241029346555
1.3626574270718954	12667.693733232794
1.3649285227836818	18939.124980860226
1.367203403654988	23865.165654891374
1.369482075994413	22584.317416555663
1.3717645461210706	18885.338226192234
1.3740508203646056	18671.656688174062
1.3763409050652133	21787.87116819524
1.3786348065736556	22801.940986344416
1.3809325312512784	18944.766769945476
1.3832340854700305	14512.603165714863
1.3855394756124806	14159.791492772112
1.3878487080718347	16417.85134858349
1.3901617892519544	17107.39891679912
1.3924787255673745	15427.60951332234
1.3947995234433201	13830.213285507098
1.3971241893157258	13844.702166655185
1.399452729631252	14849.772643920222
1.401785150847304	17093.080919164022
1.40412145943205	20442.5671285697
1.4064616618644366	23382.124455966
1.4088057646342107	25280.009785406866
1.4111537742419344	26898.120860612573
1.4135056971990045	28736.140365551306
1.4158615400276693	30767.563375815847
1.418221309261049	33168.535504127474
1.4205850114431506	36158.46626581648
1.4229526531288894	42202.81559936473
1.425324240884104	55825.56266125465
1.4276997812855778	71556.33138743257
1.4300792809210539	79635.42888280026
1.4324627463892556	80714.75027351953
1.4348501842999046	83778.31414295937
1.4372416012737377	92152.06697355439
1.4396370039425272	104914.40961668268
1.442036398949098	127553.38942368967
1.4444397929473467	157849.8745362132
1.4468471926022592	198402.71253998062
1.4492586045899296	251561.61440953464
1.4516740355975797	310937.62742918043
1.4540934923235755	379308.90535578894
1.4565169814774481	444521.150342615
1.4589445097799105	471523.80772272573
1.4613760839628773	464032.04404699587
1.4638117107694821	455395.6745970032
1.466251396954098	452639.1510061571
1.4686951492823548	462418.38399382203
1.471142974531159	510481.8800474907
1.4735948794887108	583034.4004833642
1.4760508709545253	657487.7074986439
1.4785109557394496	731592.4480140649
1.4809751406656821	793463.9270534678
1.4834434325667916	825246.8022200471
1.4859158382877364	856528.5490206063
1.4883923646848827	953088.6661452511
1.490873018626024	1107225.1333211388
1.493357806990401	1261000.3471362959
1.4958467366687183	1401768.5164172621
1.4983398145631663	1529585.855024706
1.5008370475874384	1625567.3071498843
1.5033384426667507	1710549.4808871166
1.505844006737862	1861569.1332709305
1.5083537467490917	2094735.4183398536
1.5108676696603405	2348686.6685319957
1.5133857824431078	2613910.943156391
1.5159080920805128	2892067.4378795563
1.518434605567314	3209567.6980553525
1.5209653299099262	3562513.4442645726
1.5235002721264426	3937954.9958555396
1.5260394392466536	4344340.545228611
1.5285828383120648	4767145.5674708765
1.5311304763759181	5214006.497807456
1.5336823605032115	5680146.843759945
1.5362384977707166	6180392.460805509
1.5387988952670015	6724508.0201122705
1.5413635600924465	7368909.195479447
1.5439324993592671	8228145.53947498
1.5465057201915329	9094540.783295823
1.5490832297251855	9556262.013840722
1.5516650351080608	9675413.43275714
1.5542511434999076	9771249.860298038
1.5568415620724074	9892674.865657166
1.559436298009195	10045182.296133572
1.5620353585058768	10276036.35107127
1.5646387507700532	10560060.473935675
1.567246482021337	10893713.217844043
1.5698585594913725	11275214.29618278
1.5724749904238582	11542080.071504248
1.5750957820745648	11525405.733110843
1.5777209417113556	11382134.51897048
1.5803504766142082	11189337.766428575
1.5829843940752317	10931890.694227807
1.5856227013986908	10371905.16692622
1.5882654059010217	9335840.638041764
1.5909125149108567	8179417.048352339
1.5935640357690417	7062174.614335134
1.5962199758286568	5963685.957274943
1.598880342455038	4839862.947736331
1.6015451430257963	3693664.6565483077
1.6042143849308395	2684886.9783978355
1.6068880755723909	1994374.898862508
1.6095662223650118	1463090.8113776667
1.6122488327356201	1081343.4383434916
1.614935914123513	821315.0539783702
1.6176274739803853	615671.2373639084
1.6203235197703527	476179.67331111693
1.62302405896997	365961.8097532231
1.6257290990682536	292011.49643130775
1.6284386475667005	242673.9462515051
1.6311527119793119	222382.65726004384
1.6338712998326108	233177.60759895958
1.6365944186656651	251546.54909213263
1.6393220760301082	274793.20780197857
1.642054279490158	296512.92645359674
1.644791036622642	302859.9206069529
1.6475323550170131	297184.07501010713
1.6502782422753748	291466.25878534827
1.6530287060125004	287795.1879307626
1.6557837538558546	292493.0070364966
1.6585433934456146	321179.1488183023
1.6613076324346907	351232.859554842
1.6640764784887485	304283.53030311625
1.66684993928623	175759.24678188254
1.6696280225183737	79073.19129759766
1.6724107358892377	79174.76328398235
1.6751980871157197	116978.3256625626
1.6779900839275794	159025.34870714005
1.6807867340674587	201285.83261164636
1.6835880452909044	218881.3625603142
1.6863940253663894	199323.07190461797
1.6892046820753335	169342.81670550554
1.6920200232121256	136539.6781017892
1.694840056584146	104114.79229418508
1.6976647900117863	83677.01861335259
1.700494231328473	76637.67694819618
1.703328388380687	81787.88473833418
1.706167269027988	107771.62475766646
1.709010881143035	136512.90787468315
1.7118592326116067	144233.49794793598
1.714712331332626	138210.4417658391
1.7175701852181804	151897.41708181208
1.7204328021935444	195705.2384299185
1.7233001901972003	226705.992821288
1.726172357180862	198683.22910433006
1.7290493111094971	144425.38018270757
1.7319310599613464	118588.93331807018
1.7348176117279486	124157.03112704869
1.737708974414162	141235.93256317775
1.7406051560381857	171794.51498305966
1.7435061646315826	206051.9531583698
1.746412008239302	235434.74107819417
1.749322694919701	259312.38502539875
1.7522382327445671	265101.9467498514
1.7551586297991415	245696.30999935835
1.7580838941821402	221512.46282384728
1.761014034005777	201003.71201232297
1.7639490573957866	182635.87041508016
1.7668889724914467	165904.5086829831
1.769833787445599	151636.97373117655
1.7727835104246752	151259.56710554502
1.7757381496087163	177563.4364477843
1.7786977131913975	205304.16307428773
1.7816622093800498	201110.3769024854
1.7846316463956833	173699.47798006254
1.7876060324730094	142252.9688447368
1.7905853758604646	108436.12538241927
1.793569684820232	85984.19195839894
1.7965589676282658	96553.75905139568
1.7995532325743133	121219.99894055021
1.802552487961937	132304.11912696649
1.8055567421085403	129643.80855198289
1.8085660033453879	130749.25450397265
1.8115802800176304	142970.23391637034
1.8145995804843267	158074.95201473206
1.8176239131184673	169543.20112665536
1.820653286306998	176612.78979123195
1.823687708450843	167384.85658329926
1.8267271879649278	136566.4573522662
1.8297717332782029	106335.40827264327
1.8328213528336663	90966.97499836548
1.8358760550883895	86424.17305983679
1.8389358485135368	102207.78177725262
1.8420007415943929	136555.83111881596
1.8450707428303834	162602.67661163822
1.848145860735101	168001.05781677726
1.851226103836326	164740.3965648661
1.8543114806760534	154720.6985663398
1.8574019998105136	139881.73451471157
1.8604976698101978	122424.031188147
1.8635984992598815	102270.34442515146
1.8667044967586481	88320.53865464663
1.8698156709199125	92322.85608283749
1.8729320303714458	115467.63233607088
1.8760535837553982	196711.14810585754
1.879180339728324	329110.81324642943
1.8823123069612047	423058.7295140551
1.8854494941394733	433545.6004905475
1.8885919099630393	432223.58370334085
1.8917395631463112	487701.94742682844
1.8948924624182215	572181.2217385015
1.8980506165222522	583852.3996696438
1.9012140342164559	498565.8552156997
1.9043827242734832	418313.60142077535
1.907556695480606	404324.7085444702
1.9107359566397404	421698.56786939834
1.9139205165674735	442938.59580481716
1.9171103840950858	464503.724042863
1.9203055680685779	457671.2477123036
1.923506077348692	399748.25776626443
1.92671192081094	332267.79482004687
1.9299231073456249	288839.4426254575
1.9331396458578678	263140.9097619207
1.9363615452676308	254207.9122246836
1.9395888145097437	265467.27817103936
1.9428214625339266	290633.156461332
1.9460594983048167	340077.0429072843
1.9493029308019916	394213.431926494
1.952551769019995	415808.9476314765
1.9558060219683617	410972.6253826541
1.9590656986716424	443361.3389973029
1.9623308081694284	546732.6911573135
1.9656013595163775	657872.9319491441
1.9688773617822382	719047.7920747572
1.9721588240518755	753023.3578271937
1.975445755425295	821246.759070034
1.9787381650176707	934201.7100925619
1.9820360619593669	1048077.1710774893
1.985339455395966	1142133.5560709774
1.9886483544882927	1241610.6176097572
1.99196276841244	1411901.9540313885
1.9952827063597942	1641375.1102965325
1.9986081775370603	1836540.144835039
2.001939191166289	1960728.511644326
2.0052757564848993	2083151.7988734413
2.0086178827457077	2272360.2342073317
2.011965579216951	2510566.7977858717
2.0153188551823122	2806243.7840333474
2.01867771994095	3163444.6645147605
2.022042182807518	3443758.818297107
2.0254122531121976	3512010.4288649997
2.0287879402007176	3532048.405812737
2.0321692534343856	3761599.941939462
2.0355562021901097	4172670.6573842606
2.038948795860427	4591452.069795007
2.0423470438535274	4985889.597691172
2.0457509555932836	5326606.620828536
2.049160540519272	5510483.275426942
2.0525758080868046	5609109.807861832
2.0559967677669495	5772670.343416803
2.059423429046561	6017673.077989179
2.0628558014283054	6230373.975658252
2.066293894430686	6331498.709310571
2.0697377175880702	6351795.564219231
2.073187280450717	6209486.581083208
2.0766425925848018	5939332.637182814
2.0801036635724435	5741028.175824984
2.083570503011731	5682845.02190865
2.0870431205167503	5611786.808924821
2.090521525717612	5368894.7274490865
2.0940057282604747	5029771.003633501
2.0974957378075754	4725348.771602064
2.1009915640372547	4467674.82428717
2.1044932166439834	4206073.585809041
2.10800070533839	3916516.62182779
2.1115140398472874	3616802.8775820867
2.1150332299137	3323775.216612977
2.1185582852968894	3037321.2826447915
2.1220892157723843	2761144.7100161
2.125626031132005	2501034.1726671
2.1291687411838915	2264059.4740162496
2.1327173557525314	2087074.247935842
2.136271884678786	1939812.3674487863
2.1398323378199176	1761404.4087517404
2.143398725049617	1547429.2762731565
2.1469710562580335	1359821.7427637312
2.150549341351797	1244759.4602115315
2.15413359025405	1147475.2728456075
2.1577238129044733	1000314.5185911956
2.1613200192593145	818933.363931453
2.1649222192914133	701165.535233611
2.1685304229902322	688192.8204860556
2.172144640361883	691020.0941852598
2.175764881429153	655406.530432416
2.1793911562315347	595470.7525058123
2.183023474825254	517638.0356423388
2.1866618472832964	421286.9300745666
2.1903062836954352	318952.5112168637
2.193956794168261	210823.06299784812
2.197613388825208	111701.7227287605
2.201276077806584	62371.28694916203
2.2049448712695945	53218.21741656162
2.2086197793883775	59663.24939941194
2.212300812354025	83463.52871507447
2.215987980374615	104279.34772045448
2.2196812936752393	102295.96226198255
2.2233807624980315	87892.535417614
2.227086397102195	73812.69094279481
2.230798207764032	60884.31952672626
2.2345162047769724	49283.49071279092
2.2382403984516004	40105.55462516819
2.2419707991156868	32433.652611555222
2.245707417114213	27304.209066582756
2.249450262809403	24150.56814877076
2.2531993465807525	21649.645872920213
2.256954678825054	19863.310999562837
2.260716269956429	19035.83840864714
2.2644841304063563	20501.61492744403
2.2682582706237007	22856.389964216844
2.2720387010747403	23129.44634298533
2.275825432243198	21138.46217015536
2.27961847463027	18694.10383811599
2.283417838754654	16071.577503145765
2.2872235351525787	13644.380094170412
2.291035574377833	12313.522375348486
2.294853967001796	12128.64474041887
2.298678723613466	15134.068472598901
2.302509854819488	22662.973299898917
2.3063473712441875	32173.51082878223
2.3101912835295946	44144.49246176237
2.314041602335477	54923.708748088844
2.31789833833937	50749.46149171268
2.321761502236602	31524.81431289869
2.3256311047403297	16010.677089555824
2.3295071565815637	12681.853360881292
2.3333896685092	13446.289383492458
2.3372786512900485	13035.829373988137
2.3411741157088657	11811.21577269328
2.3450760725683804	11473.369505952282
2.348984532689328	12538.86382347551
2.3528995069104766	14866.24258660801
2.356821006088661	19781.081238787578
2.360749041098809	25027.970804392844
2.3646836228339736	24499.039930711755
2.3686247622053638	18286.43098175341
2.3725724701423725	13929.656269762267
2.37652675759261	14908.767792269677
2.380487635521931	18178.576319229767
2.3844551149144677	23105.348636111892
2.388429206772659	29163.228037348308
2.39240992211728	35065.70299601837
2.3963972719874755	40661.582979892206
2.400391267440788	47433.31153461246
2.4043919195531895	57602.564503086076
2.408399239419112	68255.08586787518
2.412413238151477	72030.12685831265
2.4164339268817296	69088.2313114899
2.420461316759866	66778.7989039227
2.4244954189544656	67574.00604972057
2.428536244652723	70403.15467191323
2.432583805060478	76981.73492328972
2.4366381114022455	86278.61510766175
2.440699174921249	96798.40579932793
2.4447670068794514	108717.75862633814
2.4488416185575836	122182.95112307192
2.4529230212551796	138899.13622499042
2.457011226290605	155954.44338457214
2.4611062450010897	166124.82692045576
2.465208088742758	169704.1534143423
2.4693167688906628	173487.25867773575
2.4734322968388143	179370.74848591432
2.4775546840002125	185539.97494344704
2.4816839418068795	190140.9042174823
2.4858200817098908	193960.19571208095
2.4899631151794077	194890.11882422704
2.4941130537047065	126934.32301980039
