0.7011666666666666	3270332.5412792074
0.7023352777777778	3470187.0162069146
0.7035058365740741	3533912.375046675
0.7046783463016977	3600077.776097583
0.7058528102122005	3666215.8222844983
0.7070292315625542	3731972.68193791
0.7082076136151585	3795238.3314355556
0.7093879596378504	3855902.0618055137
0.7105702729039134	3917604.588577453
0.7117545566920868	3982267.5033514933
0.7129408142865735	4042947.781678662
0.7141290489770512	4081656.680960881
0.7153192640586796	4103845.393569226
0.7165114628321108	4127572.7619049144
0.7177056486034976	4155952.3167225686
0.7189018246845036	4182788.218574472
0.7200999943923111	4201523.186345097
0.7213001610496316	4211589.360738881
0.7225023279847144	4194800.325419813
0.7237064985313556	4149988.091359303
0.7249126760289079	4100720.9967641775
0.7261208638222895	4051618.598952383
0.7273310652619932	3995515.8992239777
0.7285432837040966	3910189.3815982207
0.72975752251027	3803672.1743273847
0.7309737850477873	3701787.5323959757
0.7321920746895336	3609489.6696050144
0.7334123948140163	3514172.748492696
0.7346347488053729	3403528.851805277
0.7358591400533818	3285720.035781406
0.7370855719534709	3173332.0416369066
0.7383140479067267	3066695.661606922
0.7395445713199046	2957024.2991705425
0.7407771456054377	2839571.236247448
0.7420117741814469	2719759.7826380553
0.7432484604717493	2602104.8734963355
0.744487207905869	2485907.5551767107
0.7457280199190454	2368682.261304034
0.7469708999522439	2252338.0659898454
0.7482158514521644	1448819.5926603507
0.7494628778712513	2818535.581009186
0.7507119826677034	1848357.0097611425
0.7519631693054829	1722076.01402472
0.7532164412543255	1601816.909078294
0.7544718019897494	1482391.0521146879
0.7557292549930656	1361746.6096420493
0.7569888037513873	1235380.1958157201
0.7582504517576398	1088419.3601376738
0.7595142025105692	924332.3667348174
0.7607800595147535	737761.6346083427
0.7620480262806114	522949.5579568223
0.7633181063244125	322679.0195238354
0.7645903031682866	180651.82666375497
0.7658646203402337	76459.14285247836
0.7671410613741342	23149.21463153452
0.7684196298097576	19696.486462979115
0.7697003291927741	39961.9074111424
0.770983163074762	91902.07510284791
0.77226813501322	168252.2801420922
0.7735552485715754	296620.5865656941
0.7748445073191947	465523.61422610836
0.7761359148313933	674944.2452008554
0.7774294746894457	934865.8675850398
0.7787251904805949	1210970.271532367
0.7800230657980626	1499065.9303816487
0.7813231042410594	1794292.5224829132
0.7826253094147945	2095958.858019049
0.7839296849304858	2404534.6826652028
0.7852362344053699	2727334.6787504926
0.7865449614627122	3074705.341151219
0.7878558697318168	3435242.5647132443
0.7891689628480365	3813516.769701722
0.7904842444527834	4206374.501293135
0.791801718193538	4620734.803074909
0.7931213877238606	5062071.918266052
0.7944432567034004	5513010.551606377
0.795767328797906	5972670.091109126
0.7970936076792359	6440763.914767517
0.7984220970253681	6930680.591029375
0.7997528005204104	7440841.5947141275
0.801085721854611	7952581.758542238
0.8024208647243688	8461576.354877302
0.8037582328322427	8966851.31213686
0.8050978298869632	9460528.363138707
0.8064396596034414	9946296.433498757
0.8077837257027807	10428337.929381104
0.8091300319122853	10906421.565384554
0.8104785819654725	11389482.306474347
0.8118293796020817	11886608.451618176
0.8131824285680851	12402235.291789355
0.8145377326156986	12979340.171594817
0.8158952955033916	13599375.568715721
0.8172551209958971	14055975.277115233
0.8186172128642236	14213613.45991204
0.819981574885664	14436245.023692641
0.8213482108438068	15228957.780661007
0.8227171245285466	16377803.164095743
0.8240883197360943	17435477.937907055
0.8254618002689877	18339899.53158567
0.8268375699361028	19145167.330289982
0.828215632552663	19782223.733966134
0.8295959919402508	20356153.3506127
0.830978651926818	20992669.97366378
0.832363616346696	21683786.692652773
0.8337508890406071	22332148.17112514
0.8351404738556749	22893447.19867562
0.8365323746454344	23440203.50104762
0.8379265952698435	24028493.913139787
0.8393231395952933	24646107.361249864
0.8407220114946187	25285044.699187297
0.8421232148471098	25945920.796674885
0.8435267535385217	26576351.318209063
0.8449326314610859	27121486.849670287
0.8463408525135211	27644963.612394404
0.8477514206010437	28245486.244659673
0.8491643396353787	28919849.702883895
0.8505796135347711	29665160.18410489
0.8519972462239958	30514248.44650272
0.8534172416343692	31351251.59544591
0.8548396037037598	32039567.236980435
0.8562643363765994	32565709.27900024
0.8576914436038937	32567848.89043994
0.8591209293432337	31908526.65691586
0.8605527975588058	30335740.64894332
0.8619870522214037	26915734.681761194
0.8634236973084395	23339887.512216672
0.8648627368039535	22854112.626770884
0.8663041746986269	24925658.80111217
0.8677480149897913	26058537.519912522
0.8691942616814409	25132184.278709028
0.8706429187842434	23978375.331004042
0.8720939903155505	24064910.79976476
0.8735474802994098	24926137.796506643
0.8750033927665755	25993741.530351363
0.8764617317545198	27242853.414052755
0.8779225013074441	28481298.955417473
0.8793857054762898	29614839.56605776
0.8808513483187503	30769156.59173759
0.8823194338992816	32225161.396364335
0.8837899662891138	33890829.446759045
0.8852629495662623	35092219.42062626
0.8867383878155394	35501132.68628979
0.8882162851285654	35794048.2406067
0.8896966456037797	36438425.87961604
0.8911794733464526	37271032.74992799
0.8926647724686968	37975240.74836991
0.894152547089478	38522987.20801066
0.8956428013346271	39152718.917151146
0.8971355393368516	40030138.65502615
0.8986307652357465	40947853.086480506
0.9001284831778059	41584452.594273165
0.9016286973164357	41983794.751469724
0.9031314118119631	42297107.82476055
0.9046366308316498	42520850.09427794
0.9061443585497025	42921937.01457535
0.9076545991472854	43960022.81363226
0.9091673568125309	45302169.702369384
0.9106826357405519	46240236.7633962
0.9122004401334528	46700679.42575195
0.9137207742003418	47082622.55288018
0.9152436421573426	47478907.73403535
0.9167690482276047	48043831.21571292
0.9182969966413176	49338365.17107586
0.9198274916357196	51153186.574042656
0.9213605374551126	52379836.59218312
0.9228961383508711	52567575.41381075
0.924434298581456	51241157.6083514
0.9259750224124251	46111680.93402421
0.9275183141164459	39362404.34467326
0.9290641779733066	35884335.77373904
0.9306126182699289	36125784.34584684
0.9321636393003788	37006300.83135572
0.9337172453658794	37895395.701279975
0.9352734407748227	38942838.23513002
0.9368322298427807	40665269.299116634
0.9383936168925188	42863656.7880826
0.9399576062540064	44604642.80816267
0.9415242022644297	45576453.96163249
0.9430934092682037	46344498.59119521
0.9446652316169841	47100831.780236244
0.9462396736696792	47780434.5254744
0.947816739792462	48006972.296603754
0.9493964343587827	47774762.163030244
0.9509787617493808	47896732.07154406
0.9525637263522965	48916264.6572028
0.9541513325628838	49940985.66218743
0.9557415847838219	49544251.48817738
0.9573344874251283	48146067.84210901
0.9589300449041701	47488595.320236884
0.9605282616456772	48077026.599057056
0.9621291420817533	49020830.967174195
0.9637326906518895	50080328.47512461
0.9653389118029762	51207284.83912923
0.9669478099893144	52372287.27657768
0.96855938967263	53553281.23141816
0.9701736553220844	54414318.10135215
0.971790611414288	54614837.44690187
0.9734102624333119	54676718.28628918
0.9750326128707006	55169301.755269684
0.9766576672254852	55994617.41968359
0.9782854300041944	56934220.05590899
0.9799159057208682	57992152.15741039
0.9815490988970695	59037478.498990096
0.9831850140618982	59961450.26176573
0.9848236557520013	60716240.55101826
0.986465028511588	60829043.62173514
0.9881091368924407	60218637.33235263
0.9897559854539281	58433891.54379991
0.991405578763018	54534811.209924914
0.9930579213942898	50565470.451554485
0.994713017929947	49383265.45366219
0.9963708729598303	50137872.86225214
0.9980314910814301	50189734.18683634
0.9996948768998991	49021551.50764195
1.0013610350280657	48175543.85901604
1.0030299700864458	49043482.209922604
1.0047016867032565	50808813.8661469
1.0063761895144285	52755040.84609289
1.0080534831636194	54832308.082751244
1.0097335723022256	56793487.51138712
1.011416461589396	58487408.70606727
1.013102155692045	60090433.67773703
1.014790659284865	61697728.52207892
1.01648197705034	63295488.52300572
1.018176113678757	64766409.02270107
1.0198730738682218	66058159.633852854
1.021572862324669	67206361.86200622
1.0232754837618767	68074212.31933804
1.0249809429014798	68770190.97266592
1.0266892444729823	69271483.18771654
1.0284003932137706	69595344.23562002
1.030114393869127	69990494.44445837
1.0318312511922423	70576124.15477517
1.0335509699442293	71551125.74843964
1.0352735548941365	73774426.47957459
1.0369990108189602	76749583.30665185
1.0387273425036585	78826680.24696068
1.0404585547411644	79618828.49648751
1.0421926523323999	80497482.79155138
1.0439296400862872	82371572.78951062
1.0456695228197646	84550309.24994384
1.0474123053577973	85760058.08060628
1.0491579925333938	86068152.49463063
1.0509065891876161	86834771.30039111
1.0526581001695956	88683801.84704818
1.0544125303365448	90631084.85595834
1.0561698845537726	91600788.81916726
1.0579301676946955	91923382.77787639
1.0596933846408534	92332480.6575607
1.0614595402819214	92916830.85911141
1.0632286395157247	93375007.89694895
1.065000687248251	93406038.45551004
1.0667756883936648	93309880.86114682
1.068553647874321	93607595.17025243
1.070334570620778	94312946.55186628
1.072118461571813	95509911.78511171
1.0739053256744326	97498097.6712184
1.07569516788389	99557603.8109861
1.0774879931636965	100942301.09537151
1.079283806485636	101878249.72381988
1.0810826128297788	102764945.40084332
1.0828844171844951	103609077.71275887
1.0846892245464692	103932304.3776903
1.0864970399207134	102955904.8943325
1.0883078683205814	101028001.56238304
1.0901217147677824	97229654.23670898
1.0919385842923954	91791953.9493218
1.0937584819328827	86725316.8437923
1.0955814127361043	82701462.86313246
1.0974073817573313	79068291.96340823
1.09923639406026	75674349.23814543
1.1010684547170273	72450069.96154709
1.1029035688082225	69388728.77643529
1.1047417414229028	66522708.61561065
1.1065829776586076	63786733.5637074
1.108427282621372	61278161.674614124
1.110274661425741	58874731.20935857
1.112125119194784	56498071.89827079
1.1139786610601086	54253189.43635965
1.1158352921618757	53407108.5887586
1.117695017648812	54962325.93971502
1.1195578426782267	57140557.60746676
1.1214237724160239	58938520.879753806
1.1232928120367172	60527110.04757586
1.1251649667234453	62355184.48696311
1.1270402416679843	64376364.24122464
1.1289186420707642	63949743.35325832
1.1308001731408823	57528392.79963799
1.1326848400961171	49822043.25776079
1.1345726481629441	48712668.67086478
1.136463602576549	53304667.05654016
1.1383577085808434	57247435.61395724
1.1402549714284782	58933323.362144455
1.1421553963808588	60289239.549173534
1.1440589887081603	62791327.751666024
1.1459657536893408	65739769.97727318
1.1478756966121564	66799516.01856158
1.1497888227731765	65558510.5381286
1.1517051374777987	64126393.87126211
1.1536246460402617	63285712.290110946
1.155547353783662	62778175.69420781
1.1574732660399685	62673216.09088382
1.1594023881500348	62908380.523066975
1.1613347254636184	63235880.80236532
1.163270283339391	63642165.33288819
1.1652090671449569	63730370.853870146
1.1671510822568651	62689051.32557611
1.1690963340606266	61119396.13076196
1.1710448279507277	60574900.49118257
1.1729965693306457	61255874.41385997
1.1749515636128636	61741292.26671915
1.176909816218885	61258944.44872901
1.17887133257925	61051766.19873545
1.1808361181335487	64034338.81311115
1.182804178330438	69614493.8787234
1.1847755186276552	74808884.45545152
1.1867501444920348	78904308.64546385
1.1887280613995215	82606704.25178222
1.1907092748351875	86025255.26282924
1.1926937902932462	89116281.76734623
1.1946816132770681	91054328.05297405
1.1966727492991969	91713059.59081914
1.1986672038813622	92617471.81364663
1.2006649825544977	94590345.52506076
1.2026660908587554	97207075.84910326
1.20467053434352	100800993.8760447
1.206678318567426	105041707.84485696
1.2086894490983717	107864181.7999647
1.2107039315135357	108348127.8388231
1.2127217713993916	108826123.52777393
1.214742974351724	111290793.66312341
1.2167675459756435	114703304.25224449
1.218795491885603	116906104.2258875
1.2208268177054122	117725051.47334105
1.2228615290682547	118996179.40487006
1.2248996316167018	121781610.94001132
1.2269411310027298	124934220.8320416
1.2289860328877344	127060116.36561017
1.2310343429425474	128367662.91023262
1.2330860668474517	129652160.4018485
1.2351412102921975	130994838.47889666
1.2371997789760178	131207897.82539915
1.2392617786076445	127896854.91306655
1.241327214905324	123460234.21166909
1.243396093596833	124413719.41162872
1.2454684204194943	131146715.66254118
1.2475442011201936	135189438.89321566
1.249623441455394	131408957.66235659
1.251706147191153	126319072.1198827
1.2537923241031383	128593830.9559882
1.2558819779766437	136325383.6355042
1.2579751146066047	141625207.75402626
1.2600717397976158	142443307.85164627
1.262171859363945	142461629.62596005
1.2642754791295518	143533882.78363386
1.266382604928101	144982108.02795535
1.2684932426029811	145192317.46538177
1.2706073980073196	144083723.1094549
1.2727250770039986	143289746.8206708
1.274846285465672	143598352.49213848
1.2769710292747813	144101486.05967334
1.2790993143235727	143682397.84754694
1.2812311465141122	142494748.69849855
1.2833665317583023	140590693.95962614
1.2855054759778997	137753220.3704455
1.2876479851045295	135149082.24875844
1.2897940650797037	133915111.55307443
1.2919437218548366	133427777.09544699
1.2940969613912614	133105995.08511548
1.2962537896602468	132927250.49638204
1.298414212643014	132896985.12316088
1.3005782363307525	133121843.29704389
1.302745866724637	133251928.07996897
1.304917109835845	132603018.55958287
1.3070919716855713	131367060.59488371
1.3092704583050472	129973036.34196854
1.3114525757355557	128430870.17385331
1.3136383300284484	126910770.2794812
1.3158277272451624	125559181.84636237
1.3180207734572378	123971441.71291846
1.3202174747463333	120446101.99034472
1.3224178372042439	114851691.75755449
1.3246218669329177	107496293.75142024
1.3268295700444726	97239332.1760037
1.3290409526612135	84882529.31484307
1.3312560209156488	68200558.63915743
1.3334747809505083	48965770.32754207
1.3356972389187591	34617772.657832555
1.3379234009836238	27502151.70557212
1.3401532733185966	22636933.348184
1.342386862107461	19320758.21237845
1.344624173544307	16906327.0511867
1.3468652138335475	15247253.341078214
1.3491099891899365	14291163.782820072
1.3513585058385866	13232213.631818565
1.3536107700149842	11779956.005904276
1.3558667879650093	10482531.907698067
1.358126565944951	10334883.018628985
1.360390110221526	11029166.535810221
1.3626574270718954	12078343.176171413
1.3649285227836818	13499310.625152335
1.367203403654988	14499319.78528035
1.369482075994413	14121515.11500627
1.3717645461210706	13305316.00873909
1.3740508203646056	13823448.995822156
1.3763409050652133	15608142.983710237
1.3786348065736556	16753052.185463265
1.3809325312512784	16344615.839711756
1.3832340854700305	15605948.675391166
1.3855394756124806	15600391.083319006
1.3878487080718347	16038237.0356408
1.3901617892519544	15950146.367578471
1.3924787255673745	15111902.10308449
1.3947995234433201	14249982.314135421
1.3971241893157258	13766830.34091401
1.399452729631252	13527023.483769882
1.401785150847304	13638387.588920517
1.40412145943205	14040961.49140443
1.4064616618644366	13992466.518087354
1.4088057646342107	13035992.140332919
1.4111537742419344	11974763.844050469
1.4135056971990045	11634228.753732782
1.4158615400276693	11767000.386283642
1.418221309261049	11834106.466689738
1.4205850114431506	11774318.383048689
1.4229526531288894	11860610.326241232
1.425324240884104	12395640.325128438
1.4276997812855778	13046501.314948283
1.4300792809210539	13196732.718727017
1.4324627463892556	12900862.354293408
1.4348501842999046	12885822.708559152
1.4372416012737377	13486687.970066402
1.4396370039425272	14307717.434207754
1.442036398949098	15217762.147808118
1.4444397929473467	16226370.883353187
1.4468471926022592	17577204.382496025
1.4492586045899296	19363377.114183784
1.4516740355975797	21358003.388859548
1.4540934923235755	23647315.756891835
1.4565169814774481	25758406.22359269
1.4589445097799105	26224994.65289413
1.4613760839628773	25217388.57331772
1.4638117107694821	24280387.051355995
1.466251396954098	23802692.03997743
1.4686951492823548	23720304.47758154
1.471142974531159	24544175.775425106
1.4735948794887108	25959075.840190835
1.4760508709545253	27514417.780462123
1.4785109557394496	29176637.142789386
1.4809751406656821	30488147.331795763
1.4834434325667916	30878676.61511237
1.4859158382877364	30979794.818407193
1.4883923646848827	31678534.466254912
1.490873018626024	32914999.699803054
1.493357806990401	34179988.99353374
1.4958467366687183	35380769.72137835
1.4983398145631663	36556614.94754585
1.5008370475874384	37709913.87990172
1.5033384426667507	38877402.3976381
1.505844006737862	40255885.50423903
1.5083537467490917	41899386.40753592
1.5108676696603405	43754063.74046972
1.5133857824431078	45990337.13359278
1.5159080920805128	48324402.929476924
1.518434605567314	50320700.78944584
1.5209653299099262	52030694.00560905
1.5235002721264426	53825516.31565214
1.5260394392466536	55817518.82964384
1.5285828383120648	57819929.649647154
1.5311304763759181	59657394.70455488
1.5336823605032115	61416263.889076896
1.5362384977707166	63326345.95500874
1.5387988952670015	65447541.56747157
1.5413635600924465	68095144.44346416
1.5439324993592671	71881119.46392028
1.5465057201915329	75856984.79824138
1.5490832297251855	78426710.45769373
1.5516650351080608	79827205.96734855
1.5542511434999076	81439484.2206042
1.5568415620724074	83616461.11482371
1.559436298009195	85923686.79849567
1.5620353585058768	88125326.8658079
1.5646387507700532	90240184.18825984
1.567246482021337	92175788.48864251
1.5698585594913725	93911646.7440726
1.5724749904238582	95698244.96551158
1.5750957820745648	97682379.6464188
1.5777209417113556	99764211.35446844
1.5803504766142082	101919458.51858924
1.5829843940752317	104072539.73550205
1.5856227013986908	105536848.53577794
1.5882654059010217	105892838.50216082
1.5909125149108567	106074138.63909835
1.5935640357690417	106680470.98492844
1.5962199758286568	107467460.1113187
1.598880342455038	107802339.39456548
1.6015451430257963	107591091.71310024
1.6042143849308395	106982709.48592287
1.6068880755723909	105702318.2685581
1.6095662223650118	104194356.23289838
1.6122488327356201	102877157.05105746
1.614935914123513	101696102.64852479
1.6176274739803853	100283102.18032661
1.6203235197703527	98486807.60830909
1.62302405896997	96708616.73104618
1.6257290990682536	95315068.35604674
1.6284386475667005	94248890.79334809
1.6311527119793119	93934775.60917562
1.6338712998326108	94441051.77023496
1.6365944186656651	95078186.35320948
1.6393220760301082	95693577.49190949
1.642054279490158	96258761.85652083
1.644791036622642	96635454.33388115
1.6475323550170131	96820932.35257731
1.6502782422753748	96537151.34680305
1.6530287060125004	95561813.71830751
1.6557837538558546	94432733.31221308
1.6585433934456146	93389912.00103457
1.6613076324346907	92069644.11808738
1.6640764784887485	88631705.91875012
1.66684993928623	83013187.50778112
1.6696280225183737	79031518.2032501
1.6724107358892377	79314308.89800695
1.6751980871157197	81231476.34570992
1.6779900839275794	83217990.62158121
1.6807867340674587	85080270.20867519
1.6835880452909044	85406976.49578846
1.6863940253663894	83445735.52306645
1.6892046820753335	80982208.22306502
1.6920200232121256	78762559.49591674
1.694840056584146	76749459.41683257
1.6976647900117863	75219758.16314559
1.700494231328473	74200282.62456559
1.703328388380687	73344387.98993729
1.706167269027988	72654676.63589235
1.709010881143035	71630752.3986385
1.7118592326116067	68934073.72020908
1.714712331332626	65096824.009119965
1.7175701852181804	62295105.2817802
1.7204328021935444	61157055.84351133
1.7233001901972003	59992795.17036164
1.726172357180862	57556646.85737306
1.7290493111094971	54547444.3760957
1.7319310599613464	52110519.53613844
1.7348176117279486	50294154.25999828
1.737708974414162	48484904.63315761
1.7406051560381857	46499658.9968335
1.7435061646315826	44600950.33318057
1.746412008239302	43325736.11900123
1.749322694919701	42457513.822660424
1.7522382327445671	41148101.44585992
1.7551586297991415	39155703.028279655
1.7580838941821402	37046175.213535465
1.761014034005777	35074267.99441426
1.7639490573957866	33196932.549393445
1.7668889724914467	31470762.714970328
1.769833787445599	29892249.015273917
1.7727835104246752	28304152.0218202
1.7757381496087163	26656539.557082184
1.7786977131913975	25072880.862204198
1.7816622093800498	23834264.367546815
1.7846316463956833	22810602.377868902
1.7876060324730094	21514137.083679274
1.7905853758604646	19825683.33023013
1.793569684820232	18458469.646301024
1.7965589676282658	18235939.069959197
1.7995532325743133	18445186.51906178
1.802552487961937	17856178.91189621
1.8055567421085403	16501584.209435819
1.8085660033453879	15737162.00654998
1.8115802800176304	16327267.81069885
1.8145995804843267	17221626.75506752
1.8176239131184673	17490820.223203618
1.820653286306998	17283761.71773926
1.823687708450843	16739958.66928269
1.8267271879649278	15797381.14543924
1.8297717332782029	14959614.258319858
1.8328213528336663	14650324.400096817
1.8358760550883895	14601264.598519143
1.8389358485135368	14572917.757523948
1.8420007415943929	14546164.434148056
1.8450707428303834	14406433.842994103
1.848145860735101	14050100.64015459
1.851226103836326	13477132.25882146
1.8543114806760534	12355155.88073157
1.8574019998105136	10929235.329981718
1.8604976698101978	10080042.638891773
1.8635984992598815	10040317.678147698
1.8667044967586481	10299534.686619906
1.8698156709199125	10876396.047226578
1.8729320303714458	11691270.714033123
1.8760535837553982	12981930.48434105
1.879180339728324	14689351.498659251
1.8823123069612047	16092810.525108708
1.8854494941394733	16832160.36937551
1.8885919099630393	17447992.847078636
1.8917395631463112	18404498.992713507
1.8948924624182215	19493557.886108246
1.8980506165222522	19798004.49195007
1.9012140342164559	19080357.191687435
1.9043827242734832	18531002.1864176
1.907556695480606	18975013.72355601
1.9107359566397404	19756507.27474846
1.9139205165674735	19888655.761156783
1.9171103840950858	19396863.682160035
1.9203055680685779	18702468.175068714
1.923506077348692	17790658.314422563
1.92671192081094	16834791.336870562
1.9299231073456249	15970627.650767537
1.9331396458578678	15159094.864611981
1.9363615452676308	14293498.430086926
1.9395888145097437	13376476.186591383
1.9428214625339266	12935707.480876436
1.9460594983048167	13714430.610255858
1.9493029308019916	14849374.626717651
1.952551769019995	14978417.448490573
1.9558060219683617	14230042.282525461
1.9590656986716424	13952809.916976383
1.9623308081694284	14695198.957833435
1.9656013595163775	15592592.513394048
1.9688773617822382	15926951.459848663
1.9721588240518755	15925031.908301773
1.975445755425295	16083038.896630585
1.9787381650176707	16469300.339808518
1.9820360619593669	16881923.356472503
1.985339455395966	17246422.253183275
1.9886483544882927	17628364.23564414
1.99196276841244	18203289.40300548
1.9952827063597942	18940157.73599831
1.9986081775370603	19592379.4767615
2.001939191166289	20065308.04287815
2.0052757564848993	20504643.07512196
2.0086178827457077	21012277.94150569
2.011965579216951	21597024.831652373
2.0153188551823122	22440488.88629159
2.01867771994095	23577329.202052187
2.022042182807518	24460049.71725829
2.0254122531121976	24599881.41281078
2.0287879402007176	24532988.90962181
2.0321692534343856	25015261.79415675
2.0355562021901097	25970618.93272547
2.038948795860427	26889349.49245937
2.0423470438535274	27651696.484937884
2.0457509555932836	28325888.05185585
2.049160540519272	28856296.065622855
2.0525758080868046	29303001.686204188
2.0559967677669495	29766485.525355462
2.059423429046561	30256225.858138323
2.0628558014283054	30749327.94507625
2.066293894430686	31237459.565464426
2.0697377175880702	31663415.269797225
2.073187280450717	31801804.764327314
2.0766425925848018	31711402.795288548
2.0801036635724435	31739042.889333483
2.083570503011731	32001353.62109792
2.0870431205167503	32288759.96130255
2.090521525717612	32439764.748231705
2.0940057282604747	32507977.572402094
2.0974957378075754	32558632.06793188
2.1009915640372547	32593834.469337873
2.1044932166439834	32608182.704831727
2.10800070533839	32581312.265107762
2.1115140398472874	32511471.98561637
2.1150332299137	32320627.587376766
2.1185582852968894	32035365.670125794
2.1220892157723843	31789525.753078178
2.125626031132005	31623095.718759358
2.1291687411838915	31466359.082304224
2.1327173557525314	31270932.83858865
2.136271884678786	31052914.526737064
2.1398323378199176	30833228.26710939
2.143398725049617	30609859.53423865
2.1469710562580335	30326366.00997454
2.150549341351797	29911449.57888538
2.15413359025405	29444520.630808663
2.1577238129044733	28980395.021570057
2.1613200192593145	28524130.478066232
2.1649222192914133	28117259.7269742
2.1685304229902322	27785313.084598362
2.172144640361883	27431776.982396837
2.175764881429153	26949501.30579735
2.1793911562315347	26375394.77573135
2.183023474825254	25672676.835088912
2.1866618472832964	24815216.385003462
2.1903062836954352	23630201.568468254
2.193956794168261	21796985.034121133
2.197613388825208	19826102.180066872
2.201276077806584	18362245.485451963
2.2049448712695945	17365673.13138644
2.2086197793883775	17081892.76589712
2.212300812354025	17807561.85434228
2.215987980374615	18578227.356602
2.2196812936752393	18684675.538824007
2.2233807624980315	18406415.23840677
2.227086397102195	17992378.074966345
2.230798207764032	17451531.488656133
2.2345162047769724	16857871.797321994
2.2382403984516004	16198370.482497249
2.2419707991156868	15548043.31891115
2.245707417114213	15045587.359878551
2.249450262809403	14655365.120608436
2.2531993465807525	14264028.655660614
2.256954678825054	13857334.112198496
2.260716269956429	13516545.532959394
2.2644841304063563	13382316.820906684
2.2682582706237007	13336694.003636446
2.2720387010747403	13157232.798550054
2.275825432243198	12829043.087422196
2.27961847463027	12448024.498277435
2.283417838754654	12008462.634438826
2.2872235351525787	11590822.094854522
2.291035574377833	11355927.375676202
2.294853967001796	11301458.635294516
2.298678723613466	11676016.28041344
2.302509854819488	12641786.857572326
2.3063473712441875	13497781.176945923
2.3101912835295946	13615809.120815463
2.314041602335477	13277332.652067324
2.31789833833937	12503927.877009168
2.321761502236602	11318014.29115935
2.3256311047403297	10300869.7304087
2.3295071565815637	9754240.193764975
2.3333896685092	9420341.692497602
2.3372786512900485	9264208.682533544
2.3411741157088657	9254662.845925372
2.3450760725683804	9433964.454017665
2.348984532689328	9864078.254112145
2.3528995069104766	10376324.31413178
2.356821006088661	10948719.167346783
2.360749041098809	11444103.92118541
2.3646836228339736	11307484.596883796
2.3686247622053638	10543538.159037538
2.3725724701423725	9824500.84249714
2.37652675759261	9382547.223899964
2.380487635521931	9202966.901183372
2.3844551149144677	9678225.897477143
2.388429206772659	10593816.380341914
2.39240992211728	11321087.209870014
2.3963972719874755	11730018.943909245
2.400391267440788	12000549.900194578
2.4043919195531895	12095182.45616064
2.408399239419112	12086512.004875595
2.412413238151477	11986012.252060786
2.4164339268817296	11805061.544644127
2.420461316759866	11696180.105474288
2.4244954189544656	11747180.386430431
2.428536244652723	11805751.802210689
2.432583805060478	11682740.81267296
2.4366381114022455	11431584.61471722
2.440699174921249	11161079.279533463
2.4447670068794514	10884111.389178367
2.4488416185575836	10728843.860001503
2.4529230212551796	10902465.81114638
2.457011226290605	11195688.616928443
2.4611062450010897	11269039.067340596
2.465208088742758	11114909.753526703
2.4693167688906628	10794298.953065509
2.4734322968388143	10224014.786622752
2.4775546840002125	9674558.985956112
2.4816839418068795	9517078.688015556
2.4858200817098908	9622345.86488234
2.4899631151794077	9470466.446450274
2.4941130537047065	6010258.675608341
