0.7011666666666666	38642.52280364523
0.7023352777777778	41526.995138203776
0.7035058365740741	42974.37332905601
0.7046783463016977	44529.25354611949
0.7058528102122005	46202.06789253042
0.7070292315625542	47939.667306890115
0.7082076136151585	49674.22310577372
0.7093879596378504	51400.76024126178
0.7105702729039134	53117.13816637281
0.7117545566920868	54812.476507278865
0.7129408142865735	56478.523168050335
0.7141290489770512	58049.17135166588
0.7153192640586796	59531.261606290325
0.7165114628321108	60849.077761406304
0.7177056486034976	61930.32228232523
0.7189018246845036	62835.52703655277
0.7200999943923111	63399.65954113341
0.7213001610496316	63733.09934622281
0.7225023279847144	63765.5842397274
0.7237064985313556	63485.913608897026
0.7249126760289079	63067.43789981928
0.7261208638222895	62467.51685561656
0.7273310652619932	61747.68811886733
0.7285432837040966	60810.91572507471
0.72975752251027	59708.037016555005
0.7309737850477873	58546.084502343954
0.7321920746895336	57322.16310031284
0.7334123948140163	56086.89372716115
0.7346347488053729	54865.72789994439
0.7358591400533818	53640.577305609004
0.7370855719534709	55674.707053647646
0.7383140479067267	37693.6294083062
0.7395445713199046	50038.79029682773
0.7407771456054377	48599.663618332605
0.7420117741814469	47209.186816302754
0.7432484604717493	45854.45132253831
0.744487207905869	44524.88144663905
0.7457280199190454	43186.181627174155
0.7469708999522439	41829.23849226246
0.7482158514521644	40398.423698625156
0.7494628778712513	38775.8197708309
0.7507119826677034	37062.96385507184
0.7519631693054829	35398.930293939215
0.7532164412543255	33788.7165507847
0.7544718019897494	32184.23810501851
0.7557292549930656	30574.993963742512
0.7569888037513873	28864.4643230591
0.7582504517576398	26764.71449802062
0.7595142025105692	24276.478571388183
0.7607800595147535	20785.311187049796
0.7620480262806114	15956.812639748488
0.7633181063244125	11034.131161439069
0.7645903031682866	6721.884805360069
0.7658646203402337	3029.1399440594028
0.7671410613741342	1145.7494077637987
0.7684196298097576	1064.604635234918
0.7697003291927741	1780.7463851701361
0.770983163074762	3521.6251319808207
0.77226813501322	5837.0853937238
0.7735552485715754	9006.66507556895
0.7748445073191947	12869.841487192136
0.7761359148313933	17654.71630477449
0.7774294746894457	23610.81490491571
0.7787251904805949	29841.251185001307
0.7800230657980626	36080.59458115815
0.7813231042410594	42301.40377809004
0.7826253094147945	48377.734253887116
0.7839296849304858	54332.4945670333
0.7852362344053699	60507.64147022276
0.7865449614627122	67124.71248156695
0.7878558697318168	74051.7983511055
0.7891689628480365	81571.86924142991
0.7904842444527834	89570.98636161214
0.791801718193538	98221.6511015368
0.7931213877238606	107701.68174094628
0.7944432567034004	117807.94394434223
0.795767328797906	129050.84146303509
0.7970936076792359	141025.35187173414
0.7984220970253681	154009.50142145995
0.7997528005204104	167966.14182253924
0.801085721854611	182655.8756527839
0.8024208647243688	198436.70776950422
0.8037582328322427	214946.78113573708
0.8050978298869632	232788.31432396386
0.8064396596034414	251669.6347631826
0.8077837257027807	271841.4748268683
0.8091300319122853	293605.3941385246
0.8104785819654725	316366.68238573254
0.8118293796020817	340759.1989469999
0.8131824285680851	366204.84263766697
0.8145377326156986	393150.87778215355
0.8158952955033916	421495.11089931417
0.8172551209958971	450632.82799416047
0.8186172128642236	480871.3591007395
0.819981574885664	513225.8834479491
0.8213482108438068	551819.6701445729
0.8227171245285466	594678.846815357
0.8240883197360943	639421.0920365484
0.8254618002689877	686149.5348406502
0.8268375699361028	733685.9413466564
0.828215632552663	782128.4550615996
0.8295959919402508	831280.8715812906
0.830978651926818	881830.024546825
0.832363616346696	933681.7655595833
0.8337508890406071	986443.5099999664
0.8351404738556749	1040469.6635050535
0.8365323746454344	1095420.0416494242
0.8379265952698435	1152104.7901967824
0.8393231395952933	1210007.9457143822
0.8407220114946187	1268738.94712383
0.8421232148471098	1328385.0310235352
0.8435267535385217	1388529.7670069397
0.8449326314610859	1449344.9515396357
0.8463408525135211	1510823.7244723516
0.8477514206010437	1573958.226277124
0.8491643396353787	1638849.465531347
0.8505796135347711	1707644.0536996543
0.8519972462239958	1782725.7575239155
0.8534172416343692	1861939.292474267
0.8548396037037598	1948610.5327926055
0.8562643363765994	2039619.0275098933
0.8576914436038937	2128703.9474629895
0.8591209293432337	2214668.4232470985
0.8605527975588058	2292093.3583255336
0.8619870522214037	2350730.644553482
0.8634236973084395	2411098.5156942247
0.8648627368039535	2518693.1444839006
0.8663041746986269	2665928.957628187
0.8677480149897913	2806419.0880942172
0.8691942616814409	2927813.4275444327
0.8706429187842434	3046496.574751484
0.8720939903155505	3174394.9485237407
0.8735474802994098	3308207.8686846667
0.8750033927665755	3444248.423730859
0.8764617317545198	3582486.0621137815
0.8779225013074441	3722133.0706104394
0.8793857054762898	3863866.8120138375
0.8808513483187503	4005870.442791661
0.8823194338992816	4144618.205864749
0.8837899662891138	4279558.724533602
0.8852629495662623	4401946.364865161
0.8867383878155394	4504508.168342057
0.8882162851285654	4601217.487430546
0.8896966456037797	4696970.137815121
0.8911794733464526	4796432.280344018
0.8926647724686968	4925045.844419312
0.894152547089478	5086261.401121276
0.8956428013346271	5237816.612638959
0.8971355393368516	5354120.740575499
0.8986307652357465	5471225.331388202
0.9001284831778059	5657716.583871716
0.9016286973164357	5900056.507567623
0.9031314118119631	6136022.711749071
0.9046366308316498	6351753.212021718
0.9061443585497025	6556134.908206728
0.9076545991472854	6741874.159419497
0.9091673568125309	6917598.785188747
0.9106826357405519	7096782.920880081
0.9122004401334528	7280316.965713165
0.9137207742003418	7460908.084251125
0.9152436421573426	7633142.499294676
0.9167690482276047	7807036.148383762
0.9182969966413176	8002750.1246458385
0.9198274916357196	8214316.730787823
0.9213605374551126	8410262.480776085
0.9228961383508711	8576896.084302688
0.924434298581456	8662138.080306696
0.9259750224124251	8520725.992846228
0.9275183141164459	8269904.999861989
0.9290641779733066	8129435.267555838
0.9306126182699289	8121907.2313756
0.9321636393003788	8205361.5136525575
0.9337172453658794	8435677.609531252
0.9352734407748227	8741591.547780432
0.9368322298427807	9129052.67862643
0.9383936168925188	9566033.589284716
0.9399576062540064	9876867.659095481
0.9415242022644297	9988429.450451488
0.9430934092682037	10051037.274056666
0.9446652316169841	10122406.107596934
0.9462396736696792	10202080.065696493
0.947816739792462	10303245.800644258
0.9493964343587827	10427755.371075222
0.9509787617493808	10566371.226910723
0.9525637263522965	10726124.244041804
0.9541513325628838	10879293.584984552
0.9557415847838219	10970046.61307312
0.9573344874251283	11017985.554427616
0.9589300449041701	11108449.683911767
0.9605282616456772	11268270.883462412
0.9621291420817533	11448962.419560991
0.9637326906518895	11639029.140879983
0.9653389118029762	11835700.614754336
0.9669478099893144	12042063.30415738
0.96855938967263	12255622.684771381
0.9701736553220844	12428337.68158852
0.971790611414288	12514782.983588563
0.9734102624333119	12570389.32321078
0.9750326128707006	12629218.011730282
0.9766576672254852	12689583.279322796
0.9782854300041944	12737172.449205566
0.9799159057208682	12765807.335276648
0.9815490988970695	12784302.678215463
0.9831850140618982	12787075.453394076
0.9848236557520013	12779562.408500882
0.986465028511588	12759092.307983138
0.9881091368924407	12724548.626671378
0.9897559854539281	12669044.602863843
0.991405578763018	12575590.032448333
0.9930579213942898	12444085.262629217
0.994713017929947	12213751.170464752
0.9963708729598303	11889577.225846192
0.9980314910814301	11353589.04288304
0.9996948768998991	10535172.97568359
1.0013610350280657	9791828.789407967
1.0030299700864458	9447638.55589374
1.0047016867032565	9306168.928779738
1.0063761895144285	9171906.993919143
1.0080534831636194	9035105.306611521
1.0097335723022256	8893190.14704868
1.011416461589396	8742093.496640168
1.013102155692045	8583080.683982052
1.014790659284865	8405842.888205929
1.01648197705034	8216812.693747589
1.018176113678757	8036858.271179441
1.0198730738682218	7871098.016878804
1.021572862324669	7711908.076562714
1.0232754837618767	7561958.184192918
1.0249809429014798	7415528.6584811
1.0266892444729823	7263709.220616305
1.0284003932137706	7105355.279155714
1.030114393869127	6930744.861601191
1.0318312511922423	6727210.2957733525
1.0335509699442293	6521189.244902593
1.0352735548941365	6343881.411500244
1.0369990108189602	6186426.848044111
1.0387273425036585	6030059.284123138
1.0404585547411644	5873043.100157043
1.0421926523323999	5716873.541001778
1.0439296400862872	5563620.791668825
1.0456695228197646	5412187.753997973
1.0474123053577973	5263545.075389074
1.0491579925333938	5117711.267804824
1.0509065891876161	4975046.2593111945
1.0526581001695956	4837722.012089821
1.0544125303365448	4702668.680687471
1.0561698845537726	4569863.205662006
1.0579301676946955	4438760.351563653
1.0596933846408534	4309858.61021439
1.0614595402819214	4183775.2503034337
1.0632286395157247	4059106.463037453
1.065000687248251	3936735.1248376654
1.0667756883936648	3816381.806555885
1.068553647874321	3701478.1107766023
1.070334570620778	3591928.8207908575
1.072118461571813	3487282.962207108
1.0739053256744326	3390421.199323297
1.07569516788389	3298546.0648256675
1.0774879931636965	3215997.0648342543
1.079283806485636	3140362.351022159
1.0810826128297788	3071796.6370300627
1.0828844171844951	3011794.9428426772
1.0846892245464692	2955535.051717576
1.0864970399207134	2904272.848389877
1.0883078683205814	2855336.282380196
1.0901217147677824	2806767.6967190513
1.0919385842923954	2758447.167536862
1.0937584819328827	2710070.117982127
1.0955814127361043	2661549.4781323727
1.0974073817573313	2611586.4144289857
1.09923639406026	2556755.0234430614
1.1010684547170273	2498255.309923875
1.1029035688082225	2435508.6682797614
1.1047417414229028	2367719.609060322
1.1065829776586076	2298042.9345763824
1.108427282621372	2226355.022850649
1.110274661425741	2153132.6542684194
1.112125119194784	2076875.6561543306
1.1139786610601086	2000223.517920417
1.1158352921618757	1951911.6945185885
1.117695017648812	1952993.244306379
1.1195578426782267	1969097.3192358261
1.1214237724160239	1985129.4019699323
1.1232928120367172	2004456.7233907736
1.1251649667234453	2049916.1473204829
1.1270402416679843	2125282.24023269
1.1289186420707642	2164291.7586852293
1.1308001731408823	2101298.0021304092
1.1326848400961171	2018180.7978410479
1.1345726481629441	2055833.4664106786
1.136463602576549	2197099.243320736
1.1383577085808434	2318317.7168338653
1.1402549714284782	2384144.504072863
1.1421553963808588	2426737.7416379303
1.1440589887081603	2446021.5899089603
1.1459657536893408	2448347.713958055
1.1478756966121564	2429429.515050453
1.1497888227731765	2386538.2469068007
1.1517051374777987	2344538.299066781
1.1536246460402617	2315561.7017823406
1.155547353783662	2295852.364473571
1.1574732660399685	2294398.139207949
1.1594023881500348	2311024.0946184085
1.1613347254636184	2361228.79746538
1.163270283339391	2463287.068793327
1.1652090671449569	2567039.72993624
1.1671510822568651	2626723.6792557742
1.1690963340606266	2653868.7719171057
1.1710448279507277	2635618.1324053886
1.1729965693306457	2568952.589492761
1.1749515636128636	2543836.291193159
1.176909816218885	2634983.391148307
1.17887133257925	2764793.085855556
1.1808361181335487	2850023.2511968655
1.182804178330438	2895955.94409122
1.1847755186276552	2924375.7273258083
1.1867501444920348	2931356.753677945
1.1887280613995215	2928580.2652343786
1.1907092748351875	2913664.2485024845
1.1926937902932462	2892554.4493694673
1.1946816132770681	2877204.4157139286
1.1966727492991969	2869043.448246655
1.1986672038813622	2864448.543171755
1.2006649825544977	2864995.4709943654
1.2026660908587554	2869165.58637477
1.20467053434352	2880477.49484354
1.206678318567426	2898055.236101937
1.2086894490983717	2921928.62062891
1.2107039315135357	2954768.6897522975
1.2127217713993916	2992609.947150595
1.214742974351724	3038446.272848792
1.2167675459756435	3089512.518687615
1.218795491885603	3145252.656371401
1.2208268177054122	3206084.182328496
1.2228615290682547	3271037.4671601057
1.2248996316167018	3343013.628216079
1.2269411310027298	3417815.6180230924
1.2289860328877344	3492721.5309149553
1.2310343429425474	3568057.4322981816
1.2330860668474517	3647483.5891846954
1.2351412102921975	3733213.5627345215
1.2371997789760178	3823809.590932474
1.2392617786076445	3924056.2324855104
1.241327214905324	4031195.5372465793
1.243396093596833	4148295.9823512556
1.2454684204194943	4275764.746207586
1.2475442011201936	4402399.375906042
1.249623441455394	4523410.6203798205
1.251706147191153	4646307.715907294
1.2537923241031383	4786508.212247273
1.2558819779766437	4940931.287992505
1.2579751146066047	5104570.263130185
1.2600717397976158	5279860.918976364
1.262171859363945	5456576.058691818
1.2642754791295518	5628226.839996701
1.266382604928101	5795610.3783299355
1.2684932426029811	5952664.3977949945
1.2706073980073196	6098432.963024556
1.2727250770039986	6235564.478472793
1.274846285465672	6358213.172195419
1.2769710292747813	6471755.943555564
1.2790993143235727	6569141.641382154
1.2812311465141122	6654327.090081745
1.2833665317583023	6737292.910131699
1.2855054759778997	6818710.639708379
1.2876479851045295	6901842.509285808
1.2897940650797037	6990958.566447617
1.2919437218548366	7084404.980490624
1.2940969613912614	7184894.968521642
1.2962537896602468	7292412.022169695
1.298414212643014	7398917.088495886
1.3005782363307525	7501004.07386612
1.302745866724637	7602884.8055697195
1.304917109835845	7710287.917714765
1.3070919716855713	7820746.376595292
1.3092704583050472	7921282.986205589
1.3114525757355557	8007181.728216606
1.3136383300284484	8093392.467627094
1.3158277272451624	8190452.253208305
1.3180207734572378	8290111.119179533
1.3202174747463333	8371592.606963678
1.3224178372042439	8429296.033809451
1.3246218669329177	8406181.121426
1.3268295700444726	8228336.472685314
1.3290409526612135	7958287.010297352
1.3312560209156488	7536690.472829985
1.3334747809505083	6988873.398119511
1.3356972389187591	6267622.135113999
1.3379234009836238	5320363.515228126
1.3401532733185966	4390487.383951121
1.342386862107461	3658870.740107617
1.344624173544307	3052926.6189363315
1.3468652138335475	2604230.4179714546
1.3491099891899365	2308250.5722391303
1.3513585058385866	2045749.9439988285
1.3536107700149842	1806346.8551192994
1.3558667879650093	1619750.7598461444
1.358126565944951	1610957.0968102943
1.360390110221526	1740563.0038104123
1.3626574270718954	2001697.181741426
1.3649285227836818	2425704.967274386
1.367203403654988	2828582.2171021304
1.369482075994413	3072250.6890479997
1.3717645461210706	3247098.8441591086
1.3740508203646056	3471756.692286773
1.3763409050652133	3727870.8798327767
1.3786348065736556	3699823.6951643014
1.3809325312512784	3124755.3249899815
1.3832340854700305	2491697.49056588
1.3855394756124806	2342409.927141389
1.3878487080718347	2511947.2328690933
1.3901617892519544	2576844.6057377793
1.3924787255673745	2469801.6602275907
1.3947995234433201	2408408.8749064836
1.3971241893157258	2569210.867556509
1.399452729631252	2819814.0277483887
1.401785150847304	2981438.0254645376
1.40412145943205	3049180.7160224714
1.4064616618644366	3028205.9499357184
1.4088057646342107	2866695.278469412
1.4111537742419344	2702149.3646693034
1.4135056971990045	2698653.2512828973
1.4158615400276693	2804461.4815274365
1.418221309261049	2926644.468844828
1.4205850114431506	3060644.8164212187
1.4229526531288894	3229414.734815918
1.425324240884104	3481406.011018772
1.4276997812855778	3743861.6067102365
1.4300792809210539	3853527.7279064218
1.4324627463892556	3824793.7300654794
1.4348501842999046	3839718.2616735487
1.4372416012737377	3966896.3327479833
1.4396370039425272	4143714.1867053295
1.442036398949098	4371554.207416685
1.4444397929473467	4629478.863162659
1.4468471926022592	4864208.611784638
1.4492586045899296	5065391.573504088
1.4516740355975797	5241308.650600389
1.4540934923235755	5370509.055871026
1.4565169814774481	5459969.683309744
1.4589445097799105	5451377.233518832
1.4613760839628773	5353230.474734965
1.4638117107694821	5225754.897758399
1.466251396954098	5066498.884036765
1.4686951492823548	4907613.310173097
1.471142974531159	4785455.969114511
1.4735948794887108	4689924.697101672
1.4760508709545253	4620994.152357541
1.4785109557394496	4583570.9704377875
1.4809751406656821	4561467.597082655
1.4834434325667916	4561610.758154344
1.4859158382877364	4567597.081072998
1.4883923646848827	4553223.275387447
1.490873018626024	4523099.863611378
1.493357806990401	4523065.230567675
1.4958467366687183	4578077.210308547
1.4983398145631663	4633613.329653639
1.5008370475874384	4633300.853113649
1.5033384426667507	4591780.659291456
1.505844006737862	4499690.089979454
1.5083537467490917	4349808.145952252
1.5108676696603405	4206914.786589476
1.5133857824431078	4108242.185619814
1.5159080920805128	4041293.153665697
1.518434605567314	4037845.2836888055
1.5209653299099262	4086824.491330351
1.5235002721264426	4118125.172941992
1.5260394392466536	4109195.9885071907
1.5285828383120648	4089622.320021134
1.5311304763759181	4073865.1374389837
1.5336823605032115	4059168.927264942
1.5362384977707166	4034940.1983368793
1.5387988952670015	3999259.6447357866
1.5413635600924465	3962542.1699410905
1.5439324993592671	3928511.3698499654
1.5465057201915329	3895434.253714642
1.5490832297251855	3861624.121847932
1.5516650351080608	3827319.261295079
1.5542511434999076	3794782.803907779
1.5568415620724074	3765270.7700275993
1.559436298009195	3736047.201004471
1.5620353585058768	3705001.143763951
1.5646387507700532	3672167.6594045926
1.567246482021337	3634340.1924415454
1.5698585594913725	3590643.5467125243
1.5724749904238582	3542907.0809019096
1.5750957820745648	3488427.546530923
1.5777209417113556	3431264.828216224
1.5803504766142082	3374632.8505159183
1.5829843940752317	3318271.261552096
1.5856227013986908	3259485.765786852
1.5882654059010217	3196765.806845123
1.5909125149108567	3132201.15232252
1.5935640357690417	3065343.3522956944
1.5962199758286568	2996579.465089529
1.598880342455038	2923937.2291938346
1.6015451430257963	2846794.6361558037
1.6042143849308395	2765126.2600768185
1.6068880755723909	2675208.0831067273
1.6095662223650118	2580863.7752963533
1.6122488327356201	2481591.2166726985
1.614935914123513	2378284.3163117343
1.6176274739803853	2273373.5130728004
1.6203235197703527	2166800.092817387
1.62302405896997	2064016.7049125764
1.6257290990682536	1974763.3745082868
1.6284386475667005	1895303.0910776157
1.6311527119793119	1830883.4036956946
1.6338712998326108	1782961.2498693706
1.6365944186656651	1742692.2546392092
1.6393220760301082	1713068.9241173533
1.642054279490158	1690217.6241048381
1.644791036622642	1679176.1808491836
1.6475323550170131	1676232.9561667182
1.6502782422753748	1662406.0203166623
1.6530287060125004	1630594.7269767504
1.6557837538558546	1594458.2973332275
1.6585433934456146	1559579.1848847247
1.6613076324346907	1516632.7998942295
1.6640764784887485	1416608.3262510533
1.66684993928623	1258443.6511362582
1.6696280225183737	1154670.8252601114
1.6724107358892377	1187368.1778274456
1.6751980871157197	1260449.1367702472
1.6779900839275794	1283875.711538768
1.6807867340674587	1267417.062653294
1.6835880452909044	1238522.3681671144
1.6863940253663894	1196778.0356418903
1.6892046820753335	1152114.4610309568
1.6920200232121256	1108588.1056500287
1.694840056584146	1066546.5510786108
1.6976647900117863	1030163.1625838663
1.700494231328473	1000163.4330209034
1.703328388380687	978007.0133428595
1.706167269027988	970047.9112671264
1.709010881143035	965257.1809714532
1.7118592326116067	951668.8896028203
1.714712331332626	931489.4741858027
1.7175701852181804	911655.1484692269
1.7204328021935444	893140.7540174209
1.7233001901972003	871982.3598132376
1.726172357180862	842220.0826765979
1.7290493111094971	809108.9909549145
1.7319310599613464	783139.2845607492
1.7348176117279486	764832.2358301373
1.737708974414162	748342.8644497031
1.7406051560381857	733153.5932906076
1.7435061646315826	718092.0149812223
1.746412008239302	701665.0542166264
1.749322694919701	684063.427059764
1.7522382327445671	664834.1783578069
1.7551586297991415	643422.7841265743
1.7580838941821402	621229.3408339233
1.761014034005777	598348.1384728227
1.7639490573957866	575534.5662014913
1.7668889724914467	555286.6727229416
1.769833787445599	537654.4110211614
1.7727835104246752	520448.53714766726
1.7757381496087163	503318.59830601764
1.7786977131913975	485363.60663808946
1.7816622093800498	464035.32194982306
1.7846316463956833	440146.0211632042
1.7876060324730094	414788.7318169761
1.7905853758604646	387832.0701108539
1.793569684820232	364028.9917408816
1.7965589676282658	350030.11121262243
1.7995532325743133	340190.9354722971
1.802552487961937	326225.0817117433
1.8055567421085403	308164.85743536137
1.8085660033453879	292365.28780505434
1.8115802800176304	282111.588970661
1.8145995804843267	274152.2854190908
1.8176239131184673	267766.7049071459
1.820653286306998	262025.103762523
1.823687708450843	252528.1317342797
1.8267271879649278	237890.1134450856
1.8297717332782029	223831.70536009304
1.8328213528336663	214511.78212795535
1.8358760550883895	208429.64249291256
1.8389358485135368	207640.38250870237
1.8420007415943929	211691.3060731565
1.8450707428303834	213903.960605578
1.848145860735101	211347.25633626562
1.851226103836326	206383.10302616007
1.8543114806760534	198315.89821144915
1.8574019998105136	188013.7824068417
1.8604976698101978	176456.7926192396
1.8635984992598815	163545.10581907237
1.8667044967586481	152248.0148578237
1.8698156709199125	146012.2363168964
1.8729320303714458	144063.81260353528
1.8760535837553982	152454.29834334107
1.879180339728324	169957.3187084006
1.8823123069612047	181187.32776722967
1.8854494941394733	178567.225427717
1.8885919099630393	171661.361374526
1.8917395631463112	165560.59831863694
1.8948924624182215	159723.73047037423
1.8980506165222522	151370.9704166132
1.9012140342164559	139810.8802012184
1.9043827242734832	129951.8863373156
1.907556695480606	126235.95885995745
1.9107359566397404	124962.85659327774
1.9139205165674735	121583.40655968178
1.9171103840950858	116221.07106727432
1.9203055680685779	111346.99175307466
1.923506077348692	107827.79002294557
1.92671192081094	104964.68595551666
1.9299231073456249	102931.66422862558
1.9331396458578678	101387.02682325893
1.9363615452676308	99493.27329203482
1.9395888145097437	97154.52058676425
1.9428214625339266	95733.1356073544
1.9460594983048167	96842.01150825307
1.9493029308019916	98849.88557633103
1.952551769019995	99598.74563960767
1.9558060219683617	99232.6345860888
1.9590656986716424	99423.4674015755
1.9623308081694284	100832.66452492312
1.9656013595163775	102274.07280359951
1.9688773617822382	102502.42975169183
1.9721588240518755	101968.05892418943
1.975445755425295	101468.94797961411
1.9787381650176707	101090.75748830558
1.9820360619593669	100935.84388095596
1.985339455395966	101266.61038744244
1.9886483544882927	101672.49659999587
1.99196276841244	101379.77694085483
1.9952827063597942	100454.54548581675
1.9986081775370603	99316.9738752879
2.001939191166289	97949.0091253945
2.0052757564848993	96572.28117503511
2.0086178827457077	95406.02520498775
2.011965579216951	94337.10666382867
2.0153188551823122	93027.22509749986
2.01867771994095	91427.9370635072
2.022042182807518	90015.0154057379
2.0254122531121976	89183.06422791039
2.0287879402007176	88580.5806125178
2.0321692534343856	87882.49735466765
2.0355562021901097	87085.09846914516
2.038948795860427	86155.92497381107
2.0423470438535274	85025.73189108951
2.0457509555932836	83829.85414472132
2.049160540519272	82613.2906861674
2.0525758080868046	81370.7123311981
2.0559967677669495	80031.50915687512
2.059423429046561	78578.09058641677
2.0628558014283054	77075.51125356482
2.066293894430686	75510.95311590937
2.0697377175880702	73919.70973614337
2.073187280450717	72329.73108286227
2.0766425925848018	70745.09751620247
2.0801036635724435	69204.82330055397
2.083570503011731	67738.38620276419
2.0870431205167503	66325.27271166828
2.090521525717612	65020.845589689074
2.0940057282604747	63799.88427484603
2.0974957378075754	62721.719536474964
2.1009915640372547	61808.68277602747
2.1044932166439834	61011.701914107725
2.10800070533839	60411.18292996778
2.1115140398472874	59928.41380242914
2.1150332299137	59620.96328676939
2.1185582852968894	59464.608846224415
2.1220892157723843	59422.87477986791
2.125626031132005	59539.36133593215
2.1291687411838915	59735.61855675356
2.1327173557525314	60046.064898199635
2.136271884678786	60423.61567706824
2.1398323378199176	60812.29940760779
2.143398725049617	61208.74822831011
2.1469710562580335	61601.23991833409
2.150549341351797	61980.85185327185
2.15413359025405	62309.24682571996
2.1577238129044733	62428.59665904396
2.1613200192593145	62388.320403216756
2.1649222192914133	62414.1340915512
2.1685304229902322	62565.5354413119
2.172144640361883	62623.4494187139
2.175764881429153	62286.4530942309
2.1793911562315347	61725.770037110844
2.183023474825254	61149.450197391605
2.1866618472832964	60523.550969249714
2.1903062836954352	59098.33094405399
2.193956794168261	55969.45160020811
2.197613388825208	52602.04313523878
2.201276077806584	51104.08904505605
2.2049448712695945	51104.27902528213
2.2086197793883775	51473.47899312724
2.212300812354025	52160.4762359047
2.215987980374615	52513.80313655322
2.2196812936752393	51605.886033530325
2.2233807624980315	50048.56588829245
2.227086397102195	48750.657893762174
2.230798207764032	47766.354946981664
2.2345162047769724	46727.80123232514
2.2382403984516004	45466.98529763389
2.2419707991156868	44187.233610716474
2.245707417114213	43190.13880055457
2.249450262809403	42386.89665847288
2.2531993465807525	41370.98545551923
2.256954678825054	40023.020813942654
2.260716269956429	38963.97507421199
2.2644841304063563	39008.187889955996
2.2682582706237007	39563.18075909023
2.2720387010747403	39633.50899495999
2.275825432243198	39162.43150482887
2.27961847463027	38619.9429924179
2.283417838754654	38109.62321197516
2.2872235351525787	37577.579834722084
2.291035574377833	36907.009707041005
2.294853967001796	36207.433498559636
2.298678723613466	36214.0710853846
2.302509854819488	37234.19434519682
2.3063473712441875	37952.961581983305
2.3101912835295946	37082.9615930943
2.314041602335477	35505.8255705705
2.31789833833937	34658.929296601906
2.321761502236602	34593.52371725471
2.3256311047403297	34468.616404918626
2.3295071565815637	33979.20917368057
2.3333896685092	33319.48406767329
2.3372786512900485	32501.99110146534
2.3411741157088657	31634.6235020717
2.3450760725683804	31345.82856651627
2.348984532689328	31891.763692107794
2.3528995069104766	32745.754589055367
2.356821006088661	33898.9903935865
2.360749041098809	34895.62606553673
2.3646836228339736	34080.43586180037
2.3686247622053638	31542.47993898359
2.3725724701423725	30294.73605014776
2.37652675759261	32086.924289833074
2.380487635521931	34668.165654093194
2.3844551149144677	36148.420547982976
2.388429206772659	36844.922822494154
2.39240992211728	37600.202605106344
2.3963972719874755	38535.70166858372
2.400391267440788	40125.38357079908
2.4043919195531895	26843.51041064941
2.408399239419112	42922.81812822413
2.412413238151477	44225.756547478144
2.4164339268817296	45593.512836304275
2.420461316759866	47144.83724984502
2.4244954189544656	49082.995861549236
2.428536244652723	51212.1200080908
2.432583805060478	53562.84203388166
2.4366381114022455	56083.50158958662
2.440699174921249	58757.67494727111
2.4447670068794514	61628.03621770396
2.4488416185575836	64735.90848843441
2.4529230212551796	68353.4706411744
2.457011226290605	72201.47884092467
2.4611062450010897	75947.99050289555
2.465208088742758	79600.54212848238
2.4693167688906628	83423.4514364618
2.4734322968388143	87583.78959486765
2.4775546840002125	91738.18511624141
2.4816839418068795	95437.75931142776
2.4858200817098908	98894.4575403465
2.4899631151794077	100195.79636904676
2.4941130537047065	65266.4910580929
