0.7011666666666666	13335.790054602503
0.7023352777777778	14321.76440986455
0.7035058365740741	14802.692418592422
0.7046783463016977	15308.210884530328
0.7058528102122005	15823.867072563937
0.7070292315625542	16346.096354937528
0.7082076136151585	16873.58227164262
0.7093879596378504	17406.75904542892
0.7105702729039134	17948.140581549404
0.7117545566920868	18503.074396937296
0.7129408142865735	18990.443888804315
0.7141290489770512	19166.110775936988
0.7153192640586796	19114.55898276389
0.7165114628321108	19153.995023802203
0.7177056486034976	19368.625801256047
0.7189018246845036	19789.31387433958
0.7200999943923111	20682.880927843522
0.7213001610496316	21763.93584043999
0.7225023279847144	22437.573219764738
0.7237064985313556	22678.163947399546
0.7249126760289079	23011.639972622248
0.7261208638222895	23679.446563667963
0.7273310652619932	24382.165700613485
0.7285432837040966	24712.431697869477
0.72975752251027	24807.11614585197
0.7309737850477873	25304.31575018377
0.7321920746895336	26415.81071605449
0.7334123948140163	27540.370531784472
0.7346347488053729	28261.357820469737
0.7358591400533818	28779.947134501705
0.7370855719534709	29348.34463607455
0.7383140479067267	29979.045613741047
0.7395445713199046	30619.13858466899
0.7407771456054377	31257.34235254637
0.7420117741814469	31875.274999152254
0.7432484604717493	32412.13983259442
0.744487207905869	32887.32743919699
0.7457280199190454	33333.41552469638
0.7469708999522439	33743.63034840786
0.7482158514521644	34083.97397141339
0.7494628778712513	34252.31940217932
0.7507119826677034	34322.031091691584
0.7519631693054829	34326.88611525426
0.7532164412543255	34267.1089899172
0.7544718019897494	34143.40004523951
0.7557292549930656	33912.05020454729
0.7569888037513873	33554.50526614879
0.7582504517576398	32848.96834090588
0.7595142025105692	31757.971130568985
0.7607800595147535	29423.415979781752
0.7620480262806114	25384.24596559509
0.7633181063244125	20371.400903927675
0.7645903031682866	13802.24304533959
0.7658646203402337	7044.235945438381
0.7671410613741342	3633.9154016351945
0.7684196298097576	3638.279744546312
0.7697003291927741	5407.803465800976
0.770983163074762	9599.276442869716
0.77226813501322	14671.175008722339
0.7735552485715754	19922.23115401079
0.7748445073191947	25290.553149065672
0.7761359148313933	31587.195786266908
0.7774294746894457	-40357.21054156132
0.7787251904805949	44256.71829018028
0.7800230657980626	46014.81674461982
0.7813231042410594	50359.37451244448
0.7826253094147945	54368.20198517387
0.7839296849304858	58076.33210660461
0.7852362344053699	61768.93953154288
0.7865449614627122	65509.8416139765
0.7878558697318168	69332.28855004744
0.7891689628480365	73391.00557963835
0.7904842444527834	77629.05740665713
0.791801718193538	82023.5096148271
0.7931213877238606	86602.99017675222
0.7944432567034004	91188.69322534539
0.795767328797906	95676.53377490368
0.7970936076792359	100174.83972532765
0.7984220970253681	104965.65265958886
0.7997528005204104	110036.95474604823
0.801085721854611	115199.94539276668
0.8024208647243688	120453.25012846674
0.8037582328322427	125638.92005834187
0.8050978298869632	130456.63459212259
0.8064396596034414	134865.47093800464
0.8077837257027807	137915.30095548427
0.8091300319122853	139220.3279001878
0.8104785819654725	139706.64300767856
0.8118293796020817	139066.339421052
0.8131824285680851	138727.9368598431
0.8145377326156986	142705.23726884398
0.8158952955033916	150723.29069457352
0.8172551209958971	160093.16367578562
0.8186172128642236	170882.69493971483
0.819981574885664	180662.0516456713
0.8213482108438068	185199.3346436951
0.8227171245285466	187256.24724572638
0.8240883197360943	196315.59513349974
0.8254618002689877	214348.2433990381
0.8268375699361028	231044.55955041153
0.828215632552663	239777.26383323807
0.8295959919402508	245339.38089917327
0.830978651926818	253004.4964081888
0.832363616346696	262690.62923656456
0.8337508890406071	272853.8699420849
0.8351404738556749	283414.3339425267
0.8365323746454344	295049.2406685996
0.8379265952698435	309975.53448862984
0.8393231395952933	327017.3712053722
0.8407220114946187	344387.3718889746
0.8421232148471098	361988.6798413865
0.8435267535385217	380017.9274477924
0.8449326314610859	398942.8342515242
0.8463408525135211	418282.3717055504
0.8477514206010437	437671.089385989
0.8491643396353787	457166.31053801696
0.8505796135347711	477548.1007556612
0.8519972462239958	499404.66298457875
0.8534172416343692	521804.3453838854
0.8548396037037598	544495.6405054294
0.8562643363765994	567433.535909382
0.8576914436038937	590820.5069500422
0.8591209293432337	614738.4549167231
0.8605527975588058	639029.683055313
0.8619870522214037	663922.7909059727
0.8634236973084395	689158.2358291254
0.8648627368039535	714730.0358547638
0.8663041746986269	740595.203814027
0.8677480149897913	766603.0379464533
0.8691942616814409	792779.1043379435
0.8706429187842434	819356.1642993357
0.8720939903155505	847040.6885718008
0.8735474802994098	875463.4604869491
0.8750033927665755	904338.8531452595
0.8764617317545198	933690.5254290572
0.8779225013074441	963220.9335082009
0.8793857054762898	992910.9834493686
0.8808513483187503	1022419.7008488284
0.8823194338992816	1050669.697675376
0.8837899662891138	1077060.3483715772
0.8852629495662623	1094202.3654442604
0.8867383878155394	1096266.0937120013
0.8882162851285654	1081486.5269758704
0.8896966456037797	1026076.6060406349
0.8911794733464526	950646.603937678
0.8926647724686968	901132.6015079021
0.894152547089478	883339.1066519499
0.8956428013346271	875882.7482407636
0.8971355393368516	878826.1264018712
0.8986307652357465	900001.3572516326
0.9001284831778059	985586.5257134347
0.9016286973164357	1121664.751438714
0.9031314118119631	1241685.453799952
0.9046366308316498	1326774.3576776935
0.9061443585497025	1385879.9823184835
0.9076545991472854	1393251.8651907856
0.9091673568125309	1373677.8971390973
0.9106826357405519	1371162.351371703
0.9122004401334528	1388937.1894880352
0.9137207742003418	1395545.9173731948
0.9152436421573426	1369887.8127304325
0.9167690482276047	1349342.3890470662
0.9182969966413176	1409211.3577807592
0.9198274916357196	1527885.132674896
0.9213605374551126	1594354.637325018
0.9228961383508711	1567698.3823813119
0.924434298581456	1442505.0949182871
0.9259750224124251	1090974.8949707998
0.9275183141164459	638885.0112313988
0.9290641779733066	354239.4035414048
0.9306126182699289	262762.6309716527
0.9321636393003788	232482.58118812478
0.9337172453658794	263057.8667043755
0.9352734407748227	334145.5575940032
0.9368322298427807	479354.04245355394
0.9383936168925188	673468.2734314591
0.9399576062540064	787694.6770395244
0.9415242022644297	772953.3801096905
0.9430934092682037	723009.8019133975
0.9446652316169841	668343.5297415496
0.9462396736696792	614524.9414930005
0.947816739792462	582068.9837031601
0.9493964343587827	572994.6586115317
0.9509787617493808	573508.9269185496
0.9525637263522965	585948.3577859477
0.9541513325628838	596088.6943353851
0.9557415847838219	577258.4840745172
0.9573344874251283	539788.5140514434
0.9589300449041701	534496.7849105765
0.9605282616456772	580199.6858293546
0.9621291420817533	654819.0669622429
0.9637326906518895	776240.6777114413
0.9653389118029762	926948.8167080266
0.9669478099893144	1104999.7711884074
0.96855938967263	1307002.3066505447
0.9701736553220844	1460641.551188007
0.971790611414288	1507317.1808515592
0.9734102624333119	1527069.7743532406
0.9750326128707006	1597961.1506836594
0.9766576672254852	1708551.1193187719
0.9782854300041944	1832969.258148863
0.9799159057208682	1972279.7830823269
0.9815490988970695	2124243.7666064487
0.9831850140618982	2301652.7295626993
0.9848236557520013	2497010.2566760485
0.986465028511588	2720551.9215722703
0.9881091368924407	2971471.7074411307
0.9897559854539281	3214851.586183659
0.991405578763018	3434525.1734368196
0.9930579213942898	3653041.4984549456
0.994713017929947	3900610.350493827
0.9963708729598303	4167258.632968122
0.9980314910814301	4415545.28622274
0.9996948768998991	4635770.005123199
1.0013610350280657	4863094.6309640445
1.0030299700864458	5128504.404182872
1.0047016867032565	5408033.011801422
1.0063761895144285	5656767.237877272
1.0080534831636194	5873804.756628253
1.0097335723022256	6086152.542809031
1.011416461589396	6298085.450057793
1.013102155692045	6496632.335232963
1.014790659284865	6642358.740260175
1.01648197705034	6754685.462980889
1.018176113678757	6899389.938121123
1.0198730738682218	7093398.589362609
1.021572862324669	7312822.732894675
1.0232754837618767	7570022.13106663
1.0249809429014798	7851577.7063897485
1.0266892444729823	8165020.835980765
1.0284003932137706	8502158.99807385
1.030114393869127	8748112.857513867
1.0318312511922423	8813870.912156839
1.0335509699442293	8855287.529922381
1.0352735548941365	9038103.104838653
1.0369990108189602	9316188.36082352
1.0387273425036585	9573698.340386482
1.0404585547411644	9792247.357409466
1.0421926523323999	9994526.08695324
1.0439296400862872	10176429.384761387
1.0456695228197646	10346272.039012352
1.0474123053577973	10502984.848018575
1.0491579925333938	10648329.771894116
1.0509065891876161	10802742.268494429
1.0526581001695956	10976533.067493156
1.0544125303365448	11140984.469319241
1.0561698845537726	11245936.546163026
1.0579301676946955	11310829.359011563
1.0596933846408534	11373965.192043541
1.0614595402819214	11438198.215402335
1.0632286395157247	11484677.707384972
1.065000687248251	11484362.985361118
1.0667756883936648	11461990.7550194
1.068553647874321	11438999.44938879
1.070334570620778	11415089.425003324
1.072118461571813	11375799.79228546
1.0739053256744326	11308968.184667673
1.07569516788389	11243350.453200433
1.0774879931636965	11214759.09215397
1.079283806485636	11200850.350153407
1.0810826128297788	11109174.658640007
1.0828844171844951	10910458.801036343
1.0846892245464692	10573181.030668218
1.0864970399207134	9942305.730803503
1.0883078683205814	9128726.954594357
1.0901217147677824	8063039.604394762
1.0919385842923954	6780611.123651794
1.0937584819328827	5579851.214007593
1.0955814127361043	4575852.689263358
1.0974073817573313	3658103.033363656
1.09923639406026	2830771.152531363
1.1010684547170273	2083709.7579852107
1.1029035688082225	1520244.17998098
1.1047417414229028	1182387.9010832468
1.1065829776586076	912436.3009130727
1.108427282621372	696880.8629845924
1.110274661425741	514062.9924771669
1.112125119194784	375187.0411825113
1.1139786610601086	277488.2584808271
1.1158352921618757	219927.15261628164
1.117695017648812	223438.65521051254
1.1195578426782267	251673.09207021215
1.1214237724160239	301217.5870376085
1.1232928120367172	365881.75407440437
1.1251649667234453	445317.93359877594
1.1270402416679843	538770.4221476978
1.1289186420707642	575139.3047049113
1.1308001731408823	467121.0508026867
1.1326848400961171	331930.15016258706
1.1345726481629441	374283.6840112703
1.136463602576549	568503.037672461
1.1383577085808434	728560.6431005835
1.1402549714284782	799184.0511311087
1.1421553963808588	827472.223006096
1.1440589887081603	801828.7505868196
1.1459657536893408	742532.6577589572
1.1478756966121564	676027.9808733704
1.1497888227731765	603679.4074625258
1.1517051374777987	532781.1522141426
1.1536246460402617	468107.199182386
1.155547353783662	413409.8568094712
1.1574732660399685	394481.08023408946
1.1594023881500348	408081.5590248551
1.1613347254636184	451062.80284685176
1.163270283339391	536449.9469526212
1.1652090671449569	631178.8246459024
1.1671510822568651	716203.4198377369
1.1690963340606266	792534.8043060701
1.1710448279507277	847964.1848081521
1.1729965693306457	883047.1828235254
1.1749515636128636	984309.4485222846
1.176909816218885	1246509.2232046584
1.17887133257925	1580757.4633873985
1.1808361181335487	1940407.6059455334
1.182804178330438	2321093.950037403
1.1847755186276552	2720581.9655613615
1.1867501444920348	3146298.05646746
1.1887280613995215	3573880.110487836
1.1907092748351875	3982798.770749431
1.1926937902932462	4392936.306062236
1.1946816132770681	4885691.578977708
1.1966727492991969	5472642.577556096
1.1986672038813622	6062893.979778589
1.2006649825544977	6621875.400837356
1.2026660908587554	7177439.623436993
1.20467053434352	7773582.184235228
1.206678318567426	8393629.672792384
1.2086894490983717	8914314.324578753
1.2107039315135357	9274815.345857512
1.2127217713993916	9644993.67215457
1.214742974351724	10182332.885183346
1.2167675459756435	10798621.323003402
1.218795491885603	11306824.450360263
1.2208268177054122	11693292.607764049
1.2228615290682547	12148846.121121824
1.2248996316167018	12801548.21259151
1.2269411310027298	13518986.259305917
1.2289860328877344	14177865.947795836
1.2310343429425474	14789787.430252435
1.2330860668474517	15405048.80399418
1.2351412102921975	16031678.979313845
1.2371997789760178	16634067.725651957
1.2392617786076445	17151339.132673554
1.241327214905324	17642017.29800914
1.243396093596833	18264871.34947857
1.2454684204194943	19030190.20391148
1.2475442011201936	19744876.825640373
1.249623441455394	20299496.102824833
1.251706147191153	20832167.767356727
1.2537923241031383	21534897.577993296
1.2558819779766437	22351631.579274114
1.2579751146066047	22988825.254747987
1.2600717397976158	23335300.351915628
1.262171859363945	23547401.10333839
1.2642754791295518	23579867.71684235
1.266382604928101	23458604.8437936
1.2684932426029811	22973578.790920936
1.2706073980073196	22111816.47202042
1.2727250770039986	21277239.454422396
1.274846285465672	20626678.41901443
1.2769710292747813	19944103.52149743
1.2790993143235727	18834782.89139321
1.2812311465141122	17407532.92177192
1.2833665317583023	16006873.996984629
1.2855054759778997	14695020.741513502
1.2876479851045295	13528479.973253854
1.2897940650797037	12724991.091610266
1.2919437218548366	12123070.12891849
1.2940969613912614	11590261.41799954
1.2962537896602468	11118177.054498378
1.298414212643014	10632933.16598566
1.3005782363307525	10102603.741509555
1.302745866724637	9595189.069975536
1.304917109835845	9252399.214859867
1.3070919716855713	9015175.037192142
1.3092704583050472	8635345.121520082
1.3114525757355557	8039866.286768789
1.3136383300284484	7498759.720193912
1.3158277272451624	7263254.662560993
1.3180207734572378	7117152.486262766
1.3202174747463333	6566264.569895766
1.3224178372042439	5594875.194192917
1.3246218669329177	4540781.622574196
1.3268295700444726	3450049.8508782918
1.3290409526612135	2400042.8677940555
1.3312560209156488	1570377.4362926872
1.3334747809505083	918076.0744913305
1.3356972389187591	454136.03079885547
1.3379234009836238	235197.98779059446
1.3401532733185966	101187.07560239662
1.342386862107461	43835.45943581088
1.344624173544307	26091.50899607758
1.3468652138335475	15961.469321131803
1.3491099891899365	11718.461464957707
1.3513585058385866	8485.738273594614
1.3536107700149842	5566.38305591965
1.3558667879650093	3147.2388844713923
1.358126565944951	2285.747546242813
1.360390110221526	2567.2695357794214
1.3626574270718954	3381.992399973769
1.3649285227836818	4789.307858444065
1.367203403654988	6077.786165380535
1.369482075994413	6673.9067368554115
1.3717645461210706	7596.8167426499585
1.3740508203646056	12303.517859106581
1.3763409050652133	20343.68001668408
1.3786348065736556	23742.507549642236
1.3809325312512784	17440.134784268303
1.3832340854700305	9353.169911464567
1.3855394756124806	6923.751801346702
1.3878487080718347	8304.160686975547
1.3901617892519544	9078.249328374699
1.3924787255673745	8648.610896229477
1.3947995234433201	8550.108385786949
1.3971241893157258	10037.186299277715
1.399452729631252	12150.4103114652
1.401785150847304	13546.264309524266
1.40412145943205	14205.88001988301
1.4064616618644366	14388.825771018992
1.4088057646342107	13874.85637068338
1.4111537742419344	13378.659311332882
1.4135056971990045	13803.601254510744
1.4158615400276693	14850.772581076328
1.418221309261049	15967.757082133427
1.4205850114431506	17250.760903234106
1.4229526531288894	21833.621865717923
1.425324240884104	34866.425146787515
1.4276997812855778	49725.36850353013
1.4300792809210539	53230.86090131677
1.4324627463892556	46305.62770400106
1.4348501842999046	41127.45829526418
1.4372416012737377	41661.204764851675
1.4396370039425272	47381.08111598574
1.442036398949098	65451.092797725934
1.4444397929473467	92311.7705870052
1.4468471926022592	125601.78091702097
1.4492586045899296	166433.30369827405
1.4516740355975797	211508.6634994665
1.4540934923235755	263265.72191484534
1.4565169814774481	310871.9000349061
1.4589445097799105	320615.00277825963
1.4613760839628773	295869.58141986607
1.4638117107694821	265573.28171889926
1.466251396954098	233308.86587165907
1.4686951492823548	208855.57839938637
1.471142974531159	214539.70586607495
1.4735948794887108	238976.88138634764
1.4760508709545253	260761.47591945107
1.4785109557394496	277510.97668237257
1.4809751406656821	292269.8982370376
1.4834434325667916	304603.45389968494
1.4859158382877364	320180.13590581133
1.4883923646848827	357792.0447591167
1.490873018626024	415448.93152915133
1.493357806990401	481923.13536239025
1.4958467366687183	559322.8903796799
1.4983398145631663	635613.0764383444
1.5008370475874384	696438.6823141425
1.5033384426667507	745485.6978284478
1.505844006737862	777461.2655195713
1.5083537467490917	790150.4813680174
1.5108676696603405	813989.8977775134
1.5133857824431078	873786.0764343685
1.5159080920805128	962409.5646304361
1.518434605567314	1117309.5636970033
1.5209653299099262	1327599.715656622
1.5235002721264426	1525996.2225391406
1.5260394392466536	1693526.832553259
1.5285828383120648	1865278.2445185417
1.5311304763759181	2081570.91400297
1.5336823605032115	2324105.86866987
1.5362384977707166	2560887.1497891727
1.5387988952670015	2790411.0839339057
1.5413635600924465	3053174.4313112074
1.5439324993592671	3396809.5912124915
1.5465057201915329	3758932.806664392
1.5490832297251855	4045154.4272067985
1.5516650351080608	4270780.610922726
1.5542511434999076	4539475.387366001
1.5568415620724074	4890458.680338164
1.559436298009195	5269003.056127161
1.5620353585058768	5660450.614095195
1.5646387507700532	6059484.041233351
1.567246482021337	6457704.146357848
1.5698585594913725	6852680.856440484
1.5724749904238582	7215278.539322722
1.5750957820745648	7504506.980137644
1.5777209417113556	7775338.092079658
1.5803504766142082	8100154.2857176205
1.5829843940752317	8458751.572631905
1.5856227013986908	8692146.946209516
1.5882654059010217	8717390.818682095
1.5909125149108567	8682661.773080505
1.5935640357690417	8640367.025026254
1.5962199758286568	8574770.107759861
1.598880342455038	8376520.173032986
1.6015451430257963	8025314.288414463
1.6042143849308395	7597738.989249325
1.6068880755723909	7060241.651066304
1.6095662223650118	6478332.524445146
1.6122488327356201	5895662.09956448
1.614935914123513	5315597.142916257
1.6176274739803853	4762346.925855989
1.6203235197703527	4252491.301148879
1.62302405896997	3793919.467307902
1.6257290990682536	3460723.4366138973
1.6284386475667005	3216277.5663263374
1.6311527119793119	3096397.1682918775
1.6338712998326108	3110704.524675169
1.6365944186656651	3154410.20307571
1.6393220760301082	3212277.971134551
1.642054279490158	3283941.9213957195
1.644791036622642	3392358.7455540737
1.6475323550170131	3523050.045348069
1.6502782422753748	3587241.5127300606
1.6530287060125004	3546149.748834536
1.6557837538558546	3495426.4206384504
1.6585433934456146	3499776.4311799933
1.6613076324346907	3472716.7503752806
1.6640764784887485	3043308.3700009948
1.66684993928623	2196584.976737352
1.6696280225183737	1630751.394434151
1.6724107358892377	1811359.6928267437
1.6751980871157197	2245840.0025295396
1.6779900839275794	2552128.717679645
1.6807867340674587	2740847.044739771
1.6835880452909044	2773332.121732138
1.6863940253663894	2588606.0394459115
1.6892046820753335	2364916.725048035
1.6920200232121256	2190393.5481432825
1.694840056584146	2048828.3269251585
1.6976647900117863	1949384.9988027168
1.700494231328473	1896209.1592829973
1.703328388380687	1900423.5443342126
1.706167269027988	2008355.468093033
1.709010881143035	2131989.039241645
1.7118592326116067	2159383.985198937
1.714712331332626	2114712.176738039
1.7175701852181804	2070900.7565651985
1.7204328021935444	2037532.3701572176
1.7233001901972003	1985571.8669964548
1.726172357180862	1872081.8554345793
1.7290493111094971	1731369.0096839613
1.7319310599613464	1621303.9252713067
1.7348176117279486	1544260.7328470915
1.737708974414162	1467013.6839600997
1.7406051560381857	1379135.716315359
1.7435061646315826	1291525.783772397
1.746412008239302	1221051.8305388845
1.749322694919701	1159756.2523435385
1.7522382327445671	1067122.561265759
1.7551586297991415	928705.6907180775
1.7580838941821402	787713.6845976021
1.761014034005777	670920.9191948452
1.7639490573957866	569922.3276937739
1.7668889724914467	489839.9049068529
1.769833787445599	430510.4407986221
1.7727835104246752	376799.9672675338
1.7757381496087163	328168.8458866292
1.7786977131913975	282902.7536031881
1.7816622093800498	244108.50486710077
1.7846316463956833	209467.20820070372
1.7876060324730094	171103.73345023528
1.7905853758604646	127458.29039220298
1.793569684820232	93554.82558144427
1.7965589676282658	90084.28688060059
1.7995532325743133	99065.26342354678
1.802552487961937	92443.88124804058
1.8055567421085403	70262.73727763067
1.8085660033453879	53402.1603106118
1.8115802800176304	51216.81563249471
1.8145995804843267	54367.60988082547
1.8176239131184673	58742.980625943535
1.820653286306998	62906.075003676684
1.823687708450843	58142.4885146201
1.8267271879649278	41333.52261703612
1.8297717332782029	25567.20218911442
1.8328213528336663	20018.408477882756
1.8358760550883895	20535.02143185785
1.8389358485135368	27266.626677403157
1.8420007415943929	39515.77782403865
1.8450707428303834	48535.14541719145
1.848145860735101	49968.576305073686
1.851226103836326	48016.08105905694
1.8543114806760534	42802.032818403095
1.8574019998105136	35401.186256131914
1.8604976698101978	27989.58146563836
1.8635984992598815	20866.41704623517
1.8667044967586481	15378.254114775762
1.8698156709199125	14047.71465094794
1.8729320303714458	18190.85431311181
1.8760535837553982	41482.41961093488
1.879180339728324	81550.94203897937
1.8823123069612047	107393.66812495209
1.8854494941394733	102887.79105264816
1.8885919099630393	93478.40142978971
1.8917395631463112	102482.01719523496
1.8948924624182215	121215.01809587692
1.8980506165222522	119012.56674022209
1.9012140342164559	88818.98091917041
1.9043827242734832	60635.83773748758
1.907556695480606	53021.11551699601
1.9107359566397404	55029.0331154517
1.9139205165674735	57648.48442391082
1.9171103840950858	60206.91895522111
1.9203055680685779	58883.09104451528
1.923506077348692	50605.52307520218
1.92671192081094	41289.185240717736
1.9299231073456249	36194.875829541874
1.9331396458578678	34167.866729191315
1.9363615452676308	34754.36136380781
1.9395888145097437	38442.48220863931
1.9428214625339266	43921.49874733345
1.9460594983048167	52263.83807746078
1.9493029308019916	61232.35676639632
1.952551769019995	66730.94550897306
1.9558060219683617	69573.1948797935
1.9590656986716424	78484.43349711005
1.9623308081694284	98593.05508007092
1.9656013595163775	119593.55501653122
1.9688773617822382	131527.73275949789
1.9721588240518755	138400.14300986903
1.975445755425295	150479.9579091302
1.9787381650176707	169544.53657346973
1.9820360619593669	190926.99276332397
1.985339455395966	214513.99964762127
1.9886483544882927	239871.9760092442
1.99196276841244	269177.51989612525
1.9952827063597942	301557.3255788371
1.9986081775370603	329769.27974312793
2.001939191166289	350196.17009344377
2.0052757564848993	369975.8490060297
2.0086178827457077	395506.2151395521
2.011965579216951	424548.2039568136
2.0153188551823122	256460.83533948686
2.01867771994095	530006.563656628
2.022042182807518	468897.5029407205
2.0254122531121976	485159.0749455026
2.0287879402007176	505294.2475506626
2.0321692534343856	537635.9115544445
2.0355562021901097	580335.8935920513
2.038948795860427	623072.5392290317
2.0423470438535274	663697.1241936818
2.0457509555932836	699891.9881640609
2.049160540519272	723237.205950996
2.0525758080868046	739521.5950381922
2.0559967677669495	760544.5282494541
2.059423429046561	787518.9083288914
2.0628558014283054	811091.3024885006
2.066293894430686	824088.2031055499
2.0697377175880702	831741.910319523
2.073187280450717	835010.5517895357
2.0766425925848018	834990.3775706895
2.0801036635724435	837823.148009161
2.083570503011731	845868.7872681711
2.0870431205167503	852902.3357788489
2.090521525717612	851781.9903964364
2.0940057282604747	845809.7580020627
2.0974957378075754	839433.5786188489
2.1009915640372547	832968.3393201549
2.1044932166439834	827031.0634456015
2.10800070533839	822332.1897133652
2.1115140398472874	817516.4392754416
2.1150332299137	809827.3271665532
2.1185582852968894	799923.508551905
2.1220892157723843	791483.9225685326
2.125626031132005	785761.1384749106
2.1291687411838915	780112.1692548986
2.1327173557525314	772320.0553051479
2.136271884678786	762881.9150075575
2.1398323378199176	750643.9053785551
2.143398725049617	735303.0803533278
2.1469710562580335	718869.6510691241
2.150549341351797	701239.3947545832
2.15413359025405	681668.5682685715
2.1577238129044733	655545.1055707278
2.1613200192593145	624822.5025203169
2.1649222192914133	600452.7441372651
2.1685304229902322	586655.3563264096
2.172144640361883	571390.1139006092
2.175764881429153	542782.0336384238
2.1793911562315347	507350.93137374055
2.183023474825254	476328.1308022357
2.1866618472832964	449682.98188864434
2.1903062836954352	407452.87276550726
2.193956794168261	330067.0488326341
2.197613388825208	249340.95797241275
2.201276077806584	214177.05355598114
2.2049448712695945	215682.27464898996
2.2086197793883775	228251.27160286435
2.212300812354025	251750.32957410172
2.215987980374615	269437.90231853747
2.2196812936752393	260866.55967793975
2.2233807624980315	238406.1018914329
2.227086397102195	218967.69829117137
2.230798207764032	203587.47497342425
2.2345162047769724	188186.13660685314
2.2382403984516004	171351.99970690222
2.2419707991156868	155026.43201138536
2.245707417114213	143245.3653314864
2.249450262809403	134818.28109805763
2.2531993465807525	125443.31746812364
2.256954678825054	114311.93149026047
2.260716269956429	106807.68687635339
2.2644841304063563	111332.69757856692
2.2682582706237007	121314.58290871563
2.2720387010747403	125305.8665219941
2.275825432243198	122657.37288510479
2.27961847463027	119223.67172769047
2.283417838754654	116369.92443086008
2.2872235351525787	113498.52320961455
2.291035574377833	109670.6125791459
2.294853967001796	106282.2095105053
2.298678723613466	113902.90521156602
2.302509854819488	137282.4589423752
2.3063473712441875	158334.99791662872
2.3101912835295946	161443.21756139718
2.314041602335477	154604.87519218243
2.31789833833937	62902.76557991873
2.321761502236602	133886.06856691142
2.3256311047403297	104516.92721205066
2.3295071565815637	97357.25323044752
2.3333896685092	93437.2277391958
2.3372786512900485	89813.26804284778
2.3411741157088657	86894.73776176864
2.3450760725683804	88935.07139877832
2.348984532689328	98033.05973035097
2.3528995069104766	111105.74523036098
2.356821006088661	130537.75526382959
2.360749041098809	149045.2287244173
2.3646836228339736	143136.71909369415
2.3686247622053638	113492.07827037064
2.3725724701423725	94371.41820890472
2.37652675759261	102950.09898995713
2.380487635521931	120996.22336892066
2.3844551149144677	138043.46554167496
2.388429206772659	153992.2542407091
2.39240992211728	167460.38404141675
2.3963972719874755	177576.8715709319
2.400391267440788	186257.83407986403
2.4043919195531895	193133.11327762555
2.408399239419112	198179.00668803934
2.412413238151477	197885.56695338964
2.4164339268817296	193055.22237252595
2.420461316759866	196999.03709066115
2.4244954189544656	218958.90002756155
2.428536244652723	243075.21585727215
2.432583805060478	251712.87471704098
2.4366381114022455	249024.1353665472
2.440699174921249	241294.12158051727
2.4447670068794514	228390.17631763432
2.4488416185575836	223611.29804162943
2.4529230212551796	243645.78277855972
2.457011226290605	271907.23560241726
2.4611062450010897	279150.094401992
2.465208088742758	265396.32462149055
2.4693167688906628	244234.28769164474
2.4734322968388143	214801.40231950898
2.4775546840002125	186092.9294977899
2.4816839418068795	170525.45691074381
2.4858200817098908	163490.39472902147
2.4899631151794077	150315.5777098013
2.4941130537047065	89479.45321394864
