0.7011666666666666	344580.9901154666
0.7023352777777778	367964.46739941393
0.7035058365740741	378224.0888543533
0.7046783463016977	389207.19155432004
0.7058528102122005	400685.5241220755
0.7070292315625542	412396.07186774444
0.7082076136151585	423831.6183521741
0.7093879596378504	434944.5238933885
0.7105702729039134	445870.61421344144
0.7117545566920868	456494.00704243564
0.7129408142865735	466328.7807388211
0.7141290489770512	473262.52323506173
0.7153192640586796	477963.2407546901
0.7165114628321108	482307.08736288064
0.7177056486034976	486441.04359741975
0.7189018246845036	490276.48486349214
0.7200999943923111	493384.46285644866
0.7213001610496316	495500.879270521
0.7225023279847144	493880.3697909434
0.7237064985313556	488350.33748210385
0.7249126760289079	482233.14483750233
0.7261208638222895	476211.66240796604
0.7273310652619932	469435.20737065934
0.7285432837040966	459388.695207753
0.72975752251027	447010.5180975876
0.7309737850477873	435531.88120334677
0.7321920746895336	425682.6503284166
0.7334123948140163	415818.1359334982
0.7346347488053729	404764.56139235117
0.7358591400533818	393110.75004792603
0.7370855719534709	381620.9473054293
0.7383140479067267	370306.82761976484
0.7395445713199046	358611.400978097
0.7407771456054377	346109.3433674382
0.7420117741814469	333409.7716041191
0.7432484604717493	321124.8679265935
0.744487207905869	309140.6836289682
0.7457280199190454	297154.5289360313
0.7469708999522439	285114.6347162831
0.7482158514521644	272596.24541529187
0.7494628778712513	258798.27544661294
0.7507119826677034	244519.42995819246
0.7519631693054829	231285.21518569347
0.7532164412543255	219131.47954415405
0.7544718019897494	207100.25760711893
0.7557292549930656	194988.1563714695
0.7569888037513873	182142.0956742401
0.7582504517576398	166541.00796431233
0.7595142025105692	148435.08469865384
0.7607800595147535	121877.21288011428
0.7620480262806114	458941.91214513354
0.7633181063244125	46651.885113269185
0.7645903031682866	40254.55364067341
0.7658646203402337	18395.2829978343
0.7671410613741342	7287.771840515116
0.7684196298097576	6872.385974697472
0.7697003291927741	11898.262518573976
0.770983163074762	24373.443309834456
0.77226813501322	41080.77177505695
0.7735552485715754	64211.07013911733
0.7748445073191947	92191.90494183615
0.7761359148313933	123948.4167145081
0.7774294746894457	160271.44566736594
0.7787251904805949	197845.73580151037
0.7800230657980626	235916.68523680267
0.7813231042410594	274400.3744460575
0.7826253094147945	313723.095028693
0.7839296849304858	353997.894234456
0.7852362344053699	396545.56440853013
0.7865449614627122	443077.88158293866
0.7878558697318168	492169.6491739061
0.7891689628480365	545755.5109137337
0.7904842444527834	602909.1953708859
0.791801718193538	664505.7820373124
0.7931213877238606	731697.3333258512
0.7944432567034004	802528.7736914741
0.795767328797906	879499.5721239045
0.7970936076792359	960297.8500509616
0.7984220970253681	1045830.8392304659
0.7997528005204104	1135873.5578878012
0.801085721854611	1228863.7598459977
0.8024208647243688	1326052.8785983685
0.8037582328322427	1425909.3246811419
0.8050978298869632	1530292.2750871629
0.8064396596034414	1637585.0820469032
0.8077837257027807	1744091.1600979154
0.8091300319122853	1849295.7116915826
0.8104785819654725	1955513.683460502
0.8118293796020817	2064854.9435166894
0.8131824285680851	2178539.14914078
0.8145377326156986	2307111.474735487
0.8158952955033916	2447941.0897506853
0.8172551209958971	2573137.0143023576
0.8186172128642236	2667834.0409619296
0.819981574885664	2772494.0339928856
0.8213482108438068	2947022.2330136206
0.8227171245285466	3167679.5170963
0.8240883197360943	3396510.4102136744
0.8254618002689877	3630539.1358607872
0.8268375699361028	3850791.212428788
0.828215632552663	4033854.0035071326
0.8295959919402508	4203319.1813234305
0.830978651926818	4388340.837794354
0.832363616346696	4587672.928424249
0.8337508890406071	4786408.805370656
0.8351404738556749	4980922.257125302
0.8365323746454344	5181558.671931471
0.8379265952698435	5407602.920605014
0.8393231395952933	5650197.916180893
0.8407220114946187	5896532.523732555
0.8421232148471098	6146150.685297768
0.8435267535385217	6400529.88650306
0.8449326314610859	6664442.155622377
0.8463408525135211	6932575.758159541
0.8477514206010437	7200091.173009004
0.8491643396353787	7467489.451425206
0.8505796135347711	7741094.617750034
0.8519972462239958	8025102.887136516
0.8534172416343692	8313291.577511988
0.8548396037037598	8604436.85919767
0.8562643363765994	8891672.687494615
0.8576914436038937	9135963.905054832
0.8591209293432337	9325333.819287367
0.8605527975588058	9442472.743515415
0.8619870522214037	9414376.018383276
0.8634236973084395	9373033.899011582
0.8648627368039535	9569124.604311645
0.8663041746986269	9964946.899251793
0.8677480149897913	10325500.869979
0.8691942616814409	10587972.27046065
0.8706429187842434	10835611.478622349
0.8720939903155505	11128391.130767392
0.8735474802994098	11448708.232326709
0.8750033927665755	11770675.292895813
0.8764617317545198	12092869.213054022
0.8779225013074441	12424570.78654283
0.8793857054762898	12777645.105646472
0.8808513483187503	13140398.592759525
0.8823194338992816	13505678.852890648
0.8837899662891138	13868357.726847157
0.8852629495662623	14180059.825985687
0.8867383878155394	14407625.777018702
0.8882162851285654	14561783.157671403
0.8896966456037797	14555286.984294675
0.8911794733464526	14472191.455119986
0.8926647724686968	14508452.594321758
0.894152547089478	14689353.678538105
0.8956428013346271	14912866.18482414
0.8971355393368516	15173101.2063564
0.8986307652357465	15499081.671997707
0.9001284831778059	16058068.171504663
0.9016286973164357	16797797.14350402
0.9031314118119631	17457944.10835757
0.9046366308316498	17958160.53435263
0.9061443585497025	18370107.515909437
0.9076545991472854	18641787.98181257
0.9091673568125309	18835241.414518155
0.9106826357405519	19038861.654343117
0.9122004401334528	19255894.051547214
0.9137207742003418	19416118.592948616
0.9152436421573426	19446732.91984619
0.9167690482276047	19499360.865866482
0.9182969966413176	19881244.267081343
0.9198274916357196	20504091.696874265
0.9213605374551126	20915094.08064548
0.9228961383508711	20938989.83175953
0.924434298581456	20281882.696076468
0.9259750224124251	17848270.475995835
0.9275183141164459	14649098.234176181
0.9290641779733066	12920313.197021773
0.9306126182699289	12871528.986182231
0.9321636393003788	13208506.962329421
0.9337172453658794	13758598.111025386
0.9352734407748227	14495156.827650353
0.9368322298427807	15684919.271959012
0.9383936168925188	17176230.123330034
0.9399576062540064	18192166.02805164
0.9415242022644297	18438692.772928916
0.9430934092682037	18470960.9052464
0.9446652316169841	18461637.658285633
0.9462396736696792	18425529.53660098
0.947816739792462	18359726.291269943
0.9493964343587827	18272569.43549688
0.9509787617493808	18331840.74044638
0.9525637263522965	18703929.658946786
0.9541513325628838	19062383.13833305
0.9557415847838219	18859595.79561517
0.9573344874251283	18271727.673489157
0.9589300449041701	18075618.787414208
0.9605282616456772	18517834.004677676
0.9621291420817533	19155417.091007303
0.9637326906518895	19890957.30964843
0.9653389118029762	20690550.353508018
0.9669478099893144	21564482.912078578
0.96855938967263	22499580.381670676
0.9701736553220844	23227138.714376785
0.971790611414288	23509343.539621506
0.9734102624333119	23689310.19593423
0.9750326128707006	24122898.68233974
0.9766576672254852	24746960.14533927
0.9782854300041944	25382814.63550092
0.9799159057208682	26009466.882242166
0.9815490988970695	26633950.70236415
0.9831850140618982	27257509.035369065
0.9848236557520013	27899531.74713857
0.986465028511588	28653410.22369478
0.9881091368924407	29515415.306427732
0.9897559854539281	30298502.53197026
0.991405578763018	30888573.47679528
0.9930579213942898	31363140.46145828
0.994713017929947	31648009.411948357
0.9963708729598303	31779273.57848531
0.9980314910814301	31741305.622029975
0.9996948768998991	31492465.12427977
1.0013610350280657	31438361.385862675
1.0030299700864458	32068579.450172383
1.0047016867032565	33020939.096733578
1.0063761895144285	33833665.25430641
1.0080534831636194	34493227.24288794
1.0097335723022256	35168876.39093305
1.011416461589396	35919498.29965147
1.013102155692045	36679408.547840364
1.014790659284865	37370935.0068614
1.01648197705034	38007811.287620544
1.018176113678757	38586106.186082646
1.0198730738682218	39090174.488658145
1.021572862324669	39592378.54324249
1.0232754837618767	40135408.61558743
1.0249809429014798	40697162.54687868
1.0266892444729823	41249204.92759296
1.0284003932137706	41787932.23878156
1.030114393869127	42282831.6771099
1.0318312511922423	42697319.25963452
1.0335509699442293	43092943.43758996
1.0352735548941365	43519889.14207086
1.0369990108189602	43964627.10635743
1.0387273425036585	44373724.480654016
1.0404585547411644	44732199.66750046
1.0421926523323999	45073841.238118134
1.0439296400862872	45400329.99613907
1.0456695228197646	45718233.14806955
1.0474123053577973	46027884.8033349
1.0491579925333938	46329635.30797027
1.0509065891876161	46625932.88800268
1.0526581001695956	46913476.56252801
1.0544125303365448	47182030.189816214
1.0561698845537726	47389445.31287265
1.0579301676946955	47561111.66369732
1.0596933846408534	47775272.481941976
1.0614595402819214	48047961.288133405
1.0632286395157247	48302408.52426079
1.065000687248251	48475986.24149218
1.0667756883936648	48613988.825306565
1.068553647874321	48764104.139349125
1.070334570620778	48925647.95065555
1.072118461571813	49071842.36631532
1.0739053256744326	49187401.48304897
1.07569516788389	49305195.284060575
1.0774879931636965	49466949.20332736
1.079283806485636	49642428.914192274
1.0810826128297788	49694941.986215666
1.0828844171844951	49579844.12309589
1.0846892245464692	49263607.32119723
1.0864970399207134	48527139.89562429
1.0883078683205814	47466800.290554434
1.0901217147677824	45717928.947003834
1.0919385842923954	43354991.620600946
1.0937584819328827	41002928.95418545
1.0955814127361043	38812273.49388462
1.0974073817573313	36623855.08474743
1.09923639406026	34268393.02159092
1.1010684547170273	31831179.03117537
1.1029035688082225	29599678.335942585
1.1047417414229028	27636885.221278355
1.1065829776586076	25744099.827376496
1.108427282621372	23891911.81589317
1.110274661425741	22096004.855253827
1.112125119194784	20500817.317090888
1.1139786610601086	19149939.83100306
1.1158352921618757	18652934.15872351
1.117695017648812	19586038.57444312
1.1195578426782267	20876502.51769772
1.1214237724160239	21892863.330618054
1.1232928120367172	22760975.3614527
1.1251649667234453	23818570.36214919
1.1270402416679843	25059277.746796113
1.1289186420707642	25027104.800348032
1.1308001731408823	21838176.242216133
1.1326848400961171	18021756.72261881
1.1345726481629441	17923305.511342004
1.136463602576549	21021782.996250775
1.1383577085808434	23589004.078768555
1.1402549714284782	24603727.7212901
1.1421553963808588	25239680.56342763
1.1440589887081603	26149003.06649404
1.1459657536893408	27122078.776242502
1.1478756966121564	27316222.171572454
1.1497888227731765	26569020.455091517
1.1517051374777987	25700625.969079375
1.1536246460402617	24973525.97163756
1.155547353783662	24375304.494165912
1.1574732660399685	24113887.64897742
1.1594023881500348	24151990.473539602
1.1613347254636184	24397905.679063026
1.163270283339391	24926538.058051277
1.1652090671449569	25366316.492523693
1.1671510822568651	25240913.402337845
1.1690963340606266	24839961.945693705
1.1710448279507277	24872719.18628031
1.1729965693306457	25434090.67800435
1.1749515636128636	26036205.014206316
1.176909816218885	26508441.67427864
1.17887133257925	27235620.850612603
1.1808361181335487	29418897.465957947
1.182804178330438	32764796.00589388
1.1847755186276552	35704697.40233516
1.1867501444920348	37774183.76131793
1.1887280613995215	39565286.257861495
1.1907092748351875	41240156.26345412
1.1926937902932462	42853656.51718866
1.1946816132770681	44497366.240949
1.1966727492991969	46175308.99127016
1.1986672038813622	47776548.10265512
1.2006649825544977	49189509.01250729
1.2026660908587554	50545656.46932193
1.20467053434352	51985185.229316525
1.206678318567426	53468515.619662955
1.2086894490983717	54677188.70324108
1.2107039315135357	55446180.22120915
1.2127217713993916	56214233.102909096
1.214742974351724	57354926.02172388
1.2167675459756435	58668614.8905591
1.218795491885603	59720842.83665351
1.2208268177054122	60471399.69022596
1.2228615290682547	61238477.4951144
1.2248996316167018	62155387.03944612
1.2269411310027298	63124531.674823426
1.2289860328877344	64061621.05937394
1.2310343429425474	64971057.60579114
1.2330860668474517	65863691.81265476
1.2351412102921975	66726899.95476818
1.2371997789760178	67348343.33298448
1.2392617786076445	67248429.73623304
1.241327214905324	66904621.90275489
1.243396093596833	67573568.98959781
1.2454684204194943	69319017.26883487
1.2475442011201936	70363490.89421088
1.249623441455394	69524162.82707167
1.251706147191153	68449698.32621369
1.2537923241031383	69498949.01906061
1.2558819779766437	72114646.25244284
1.2579751146066047	73980598.72065067
1.2600717397976158	74477961.25470835
1.262171859363945	74609939.81461875
1.2642754791295518	74699821.60559148
1.266382604928101	74728777.58721653
1.2684932426029811	74510039.11649862
1.2706073980073196	74037403.89694118
1.2727250770039986	73667877.12926285
1.274846285465672	73598747.56954634
1.2769710292747813	73513264.09994379
1.2790993143235727	72881368.15429346
1.2812311465141122	71842879.76497278
1.2833665317583023	70844988.92556646
1.2855054759778997	69966039.95179933
1.2876479851045295	69159553.7992896
1.2897940650797037	68480037.6174733
1.2919437218548366	67873050.30533825
1.2940969613912614	67304275.60447259
1.2962537896602468	66777721.6263081
1.298414212643014	66350758.414656304
1.3005782363307525	66114261.34769674
1.302745866724637	65938009.23122981
1.304917109835845	65725579.21618452
1.3070919716855713	65456727.19154703
1.3092704583050472	64909503.09681657
1.3114525757355557	63974098.96596433
1.3136383300284484	63107836.905396454
1.3158277272451624	62709365.994137645
1.3180207734572378	62335207.91354714
1.3202174747463333	60664056.50872443
1.3224178372042439	57603278.785244815
1.3246218669329177	53426699.21703362
1.3268295700444726	47438464.668681085
1.3290409526612135	40366908.19708267
1.3312560209156488	31516296.713619556
1.3334747809505083	21647844.347642
1.3356972389187591	14069369.12933669
1.3379234009836238	9866537.02408187
1.3401532733185966	6931835.269749615
1.342386862107461	5328748.7286535
1.344624173544307	4436535.206404912
1.3468652138335475	3812024.554868033
1.3491099891899365	3420520.7416053056
1.3513585058385866	3007322.067265851
1.3536107700149842	2488094.5508836564
1.3558667879650093	2034173.0664026504
1.358126565944951	1983619.8150500855
1.360390110221526	2225744.921983304
1.3626574270718954	2569230.400850487
1.3649285227836818	3013521.1417351714
1.367203403654988	3353447.952246178
1.369482075994413	3346308.0391999716
1.3717645461210706	3260530.4483884075
1.3740508203646056	3691652.4430135805
1.3763409050652133	4599406.725057313
1.3786348065736556	5109332.628042769
1.3809325312512784	4736185.3113797465
1.3832340854700305	4170118.576244556
1.3855394756124806	4001196.505257224
1.3878487080718347	4088025.798330071
1.3901617892519544	4024760.8926025727
1.3924787255673745	3734658.5007696804
1.3947995234433201	3464045.290342825
1.3971241893157258	3378772.1717850915
1.399452729631252	3399457.0743925665
1.401785150847304	3518752.662143518
1.40412145943205	3715937.6313397996
1.4064616618644366	3751542.232419096
1.4088057646342107	3468348.1007905984
1.4111537742419344	3143466.5982940495
1.4135056971990045	3053058.3175994344
1.4158615400276693	3120316.653523895
1.418221309261049	3196649.6261869906
1.4205850114431506	3273152.136798121
1.4229526531288894	3448878.290893766
1.425324240884104	3881282.0541743455
1.4276997812855778	4365648.8084263
1.4300792809210539	4486102.601510096
1.4324627463892556	4276645.227921547
1.4348501842999046	4180102.643956608
1.4372416012737377	4367759.371316844
1.4396370039425272	4699325.132582584
1.442036398949098	5227124.557606784
1.4444397929473467	5903171.879886326
1.4468471926022592	6754254.4325116435
1.4492586045899296	7815019.583375876
1.4516740355975797	8895570.963219153
1.4540934923235755	9913911.669751292
1.4565169814774481	10776136.364454301
1.4589445097799105	10962845.67888659
1.4613760839628773	10545121.05378195
1.4638117107694821	10137243.62256712
1.466251396954098	9884970.258330626
1.4686951492823548	9836398.909855565
1.471142974531159	10344246.007829702
1.4735948794887108	11202003.186039567
1.4760508709545253	12041466.743060704
1.4785109557394496	12820174.998712203
1.4809751406656821	13440233.66711902
1.4834434325667916	13697780.892071515
1.4859158382877364	13863962.235652069
1.4883923646848827	14380504.485010188
1.490873018626024	15209770.548249176
1.493357806990401	16051937.464384025
1.4958467366687183	16849768.83212547
1.4983398145631663	17609306.490016308
1.5008370475874384	18279979.879284594
1.5033384426667507	18909152.774138767
1.505844006737862	19638529.01321393
1.5083537467490917	20498481.094825745
1.5108676696603405	21475910.14977714
1.5133857824431078	22673917.745022256
1.5159080920805128	23982146.358043883
1.518434605567314	25362653.973395772
1.5209653299099262	26798142.970011
1.5235002721264426	28177527.56784878
1.5260394392466536	29449946.555455502
1.5285828383120648	30689115.86260133
1.5311304763759181	31918596.202900227
1.5336823605032115	33150182.066868205
1.5362384977707166	34435714.360936694
1.5387988952670015	35796059.72008007
1.5413635600924465	37383777.736957625
1.5439324993592671	39469360.915470265
1.5465057201915329	41583377.25647641
1.5490832297251855	42816686.13548987
1.5516650351080608	43319598.74195238
1.5542511434999076	43953071.28397367
1.5568415620724074	44936492.59816515
1.559436298009195	45991429.33955972
1.5620353585058768	46951347.672084495
1.5646387507700532	47843247.58552229
1.567246482021337	48648329.02428892
1.5698585594913725	49353739.08113766
1.5724749904238582	49990360.67850234
1.5750957820745648	50510075.45179422
1.5777209417113556	51000152.74085434
1.5803504766142082	51574595.502208374
1.5829843940752317	52189195.20096596
1.5856227013986908	52464549.797077976
1.5882654059010217	52185609.20497534
1.5909125149108567	51763216.8737567
1.5935640357690417	51373770.23014698
1.5962199758286568	50963806.08474368
1.598880342455038	50277810.115704805
1.6015451430257963	49270886.29756925
1.6042143849308395	48089297.78400412
1.6068880755723909	46645134.72973186
1.6095662223650118	45091410.79119579
1.6122488327356201	43520383.29575603
1.614935914123513	41937995.4619807
1.6176274739803853	40362934.84195051
1.6203235197703527	38805735.40900581
1.62302405896997	37365302.31075377
1.6257290990682536	36279604.53519559
1.6284386475667005	35449874.527040444
1.6311527119793119	35005333.05409367
1.6338712998326108	34978319.02875502
1.6365944186656651	35067736.2399009
1.6393220760301082	35255391.62227415
1.642054279490158	35469599.33493172
1.644791036622642	35630895.876859955
1.6475323550170131	35727194.687820196
1.6502782422753748	35579998.881712794
1.6530287060125004	35068683.01971589
1.6557837538558546	34477017.13159091
1.6585433934456146	33932633.66272916
1.6613076324346907	33211139.693542898
1.6640764784887485	31165494.6484525
1.66684993928623	27757026.14716199
1.6696280225183737	25380109.8497039
1.6724107358892377	25685639.919272292
1.6751980871157197	26951468.604014907
1.6779900839275794	27966053.508915544
1.6807867340674587	28709044.946481038
1.6835880452909044	28803424.337277774
1.6863940253663894	27964019.548966113
1.6892046820753335	26940336.216642708
1.6920200232121256	26078070.8904192
1.694840056584146	25331168.257516284
1.6976647900117863	24768341.756751355
1.700494231328473	24404940.818546686
1.703328388380687	24221074.104826998
1.706167269027988	24342735.838804178
1.709010881143035	24436281.791625604
1.7118592326116067	23932130.54431187
1.714712331332626	23001535.619481213
1.7175701852181804	22267348.57189439
1.7204328021935444	21875497.856279776
1.7233001901972003	21423062.420842923
1.726172357180862	20548694.143029258
1.7290493111094971	19480325.073599968
1.7319310599613464	18577817.16789199
1.7348176117279486	17855716.30847046
1.737708974414162	17122095.11829499
1.7406051560381857	16310231.41664348
1.7435061646315826	15531800.81362983
1.746412008239302	15009611.004824676
1.749322694919701	14652483.339942567
1.7522382327445671	14092874.464160185
1.7551586297991415	13223069.9728886
1.7580838941821402	12313410.213765718
1.761014034005777	11504027.267722271
1.7639490573957866	10762392.332507174
1.7668889724914467	10122099.517498927
1.769833787445599	9579413.922912575
1.7727835104246752	9012650.718511224
1.7757381496087163	8370353.0918072015
1.7786977131913975	7730652.955054111
1.7816622093800498	7209622.26599828
1.7846316463956833	6763166.04109901
1.7876060324730094	6226935.244763122
1.7905853758604646	5562233.111618152
1.793569684820232	5027863.204461221
1.7965589676282658	4938132.146086108
1.7995532325743133	5023290.810233196
1.802552487961937	4839897.565321598
1.8055567421085403	4397085.4100465495
1.8085660033453879	4144271.3411735157
1.8115802800176304	4331383.947512839
1.8145995804843267	4630289.961972674
1.8176239131184673	4776904.253801881
1.820653286306998	4789519.603885948
1.823687708450843	4564261.340535479
1.8267271879649278	4033284.431117437
1.8297717332782029	3548459.808990997
1.8328213528336663	3376237.3740906413
1.8358760550883895	3375546.522532522
1.8389358485135368	3486062.3505987558
1.8420007415943929	3690258.3341956497
1.8450707428303834	3800804.584208012
1.848145860735101	3708895.4031683602
1.851226103836326	3517033.7141041206
1.8543114806760534	3201938.621122253
1.8574019998105136	2814016.3598648803
1.8604976698101978	2512165.259279459
1.8635984992598815	2336655.192245905
1.8667044967586481	2267265.9640424056
1.8698156709199125	2404299.0457444754
1.8729320303714458	2690354.1587341004
1.8760535837553982	3255586.202325282
1.879180339728324	4062753.6331077702
1.8823123069612047	4660839.2039663335
1.8854494941394733	4813469.807549468
1.8885919099630393	4877722.505575013
1.8917395631463112	5150822.156962957
1.8948924624182215	5522136.555985333
1.8980506165222522	5552766.840724074
1.9012140342164559	5134358.656748717
1.9043827242734832	4760509.327878747
1.907556695480606	4747988.186027793
1.9107359566397404	4878942.859467573
1.9139205165674735	4884384.465959535
1.9171103840950858	4762986.201718583
1.9203055680685779	4555539.4817309035
1.923506077348692	4223562.833528796
1.92671192081094	3876837.133671777
1.9299231073456249	3620095.81094362
1.9331396458578678	3423380.2195366444
1.9363615452676308	3240492.972109162
1.9395888145097437	3074760.250043839
1.9428214625339266	3023576.190126626
1.9460594983048167	3250295.4453124404
1.9493029308019916	3558092.7663860084
1.952551769019995	3635981.3269563057
1.9558060219683617	3515966.8630393296
1.9590656986716424	3536863.984528928
1.9623308081694284	3847991.4888407346
1.9656013595163775	4186171.174147169
1.9688773617822382	4303713.267395522
1.9721588240518755	4295859.6118388865
1.975445755425295	4398429.5283776065
1.9787381650176707	4648345.229736859
1.9820360619593669	4896778.3216613205
1.985339455395966	5068904.308807247
1.9886483544882927	5223998.502636914
1.99196276841244	5461777.322673026
1.9952827063597942	5769133.533489022
1.9986081775370603	6033922.003283782
2.001939191166289	6210943.984096943
2.0052757564848993	6366548.55546758
2.0086178827457077	6538649.345676905
2.011965579216951	6724286.228624365
2.0153188551823122	6933581.097552107
2.01867771994095	7167699.97731535
2.022042182807518	7349496.7621526895
2.0254122531121976	7394879.373602163
2.0287879402007176	7405651.377209705
2.0321692534343856	7533610.059702245
2.0355562021901097	7762383.662952278
2.038948795860427	7984666.393433966
2.0423470438535274	8175458.875471771
2.0457509555932836	8334940.54889056
2.049160540519272	8420013.056025768
2.0525758080868046	8463056.99281172
2.0559967677669495	8525226.54494342
2.059423429046561	8612680.955318604
2.0628558014283054	8690741.061895745
2.066293894430686	8735621.025054919
2.0697377175880702	8756237.714358639
2.073187280450717	8727374.842865115
2.0766425925848018	8660165.390014285
2.0801036635724435	8621200.362067072
2.083570503011731	8635283.262401529
2.0870431205167503	8650932.639676053
2.090521525717612	8622456.583371457
2.0940057282604747	8567369.497023059
2.0974957378075754	8507873.706867553
2.1009915640372547	8445391.89872174
2.1044932166439834	8386284.7528490005
2.10800070533839	8336125.044385823
2.1115140398472874	8285373.572416424
2.1150332299137	8215081.28418385
2.1185582852968894	8129663.0047763195
2.1220892157723843	8053581.773175018
2.125626031132005	7995052.608357742
2.1291687411838915	7938267.657705303
2.1327173557525314	7871712.335206882
2.136271884678786	7798849.771701507
2.1398323378199176	7721505.20869987
2.143398725049617	7639222.85336938
2.1469710562580335	7551120.852867336
2.150549341351797	7452124.841761615
2.15413359025405	7343804.2477923585
2.1577238129044733	7213281.321059643
2.1613200192593145	7066862.175183142
2.1649222192914133	6938152.875944934
2.1685304229902322	6839515.737261599
2.172144640361883	6738589.355459105
2.175764881429153	6605681.278490782
2.1793911562315347	6452792.506091032
2.183023474825254	6286751.996435575
2.1866618472832964	6102679.814155005
2.1903062836954352	5835452.757692449
2.193956794168261	5395870.994336782
2.197613388825208	4928927.605136522
2.201276077806584	4637272.838228756
2.2049448712695945	4496337.90562631
2.2086197793883775	4494311.403398781
2.212300812354025	4679203.832754048
2.215987980374615	4854146.558074591
2.2196812936752393	4850742.950312529
2.2233807624980315	4746170.351652096
2.227086397102195	4618566.751138551
2.230798207764032	4471563.354043343
2.2345162047769724	4315874.201165369
2.2382403984516004	4148959.2529960456
2.2419707991156868	3986171.81726503
2.245707417114213	3859716.0821031816
2.249450262809403	3760309.925512319
2.2531993465807525	3655748.077457967
2.256954678825054	3540634.8248552494
2.260716269956429	3452280.8721936047
2.2644841304063563	3450932.237627948
2.2682582706237007	3487513.732648293
2.2720387010747403	3471315.8101046802
2.275825432243198	3396734.912284705
2.27961847463027	3308258.3672844167
2.283417838754654	3210704.1111048465
2.2872235351525787	3118521.038592203
2.291035574377833	3062985.7659276966
2.294853967001796	3045615.7598135374
2.298678723613466	3133394.813184544
2.302509854819488	3366581.2114165593
2.3063473712441875	3564056.612786833
2.3101912835295946	3555011.2344719013
2.314041602335477	3428866.9970585476
2.31789833833937	3245397.8974043215
2.321761502236602	3011725.5933453795
2.3256311047403297	2820182.0954370797
2.3295071565815637	2729392.839514183
2.3333896685092	2677745.7728958796
2.3372786512900485	2638050.687674623
2.3411741157088657	2611951.5296191373
2.3450760725683804	2636354.8128950447
2.348984532689328	2731334.746693785
2.3528995069104766	2854103.1744606774
2.356821006088661	3006949.4425848364
2.360749041098809	3141268.2016203883
2.3646836228339736	3077006.653926062
2.3686247622053638	2818556.6706997515
2.3725724701423725	2621285.176534185
2.37652675759261	2602179.3360655536
2.380487635521931	2670098.814250659
2.3844551149144677	2835177.899298428
2.388429206772659	3062432.163073473
2.39240992211728	3238606.211075784
2.3963972719874755	3335577.018014239
2.400391267440788	3401541.699399027
2.4043919195531895	3433121.212740443
2.408399239419112	3442424.8008026886
2.412413238151477	3421870.716894847
2.4164339268817296	3376275.08009304
2.420461316759866	3376985.5144840432
2.4244954189544656	3473032.399299406
2.428536244652723	3576838.348135477
2.432583805060478	3584706.1736671235
2.4366381114022455	3524650.0160202356
2.440699174921249	3452625.7434618566
2.4447670068794514	3373871.1681027636
2.4488416185575836	3336207.886127912
2.4529230212551796	3412312.5666715973
2.457011226290605	3528668.0592504214
2.4611062450010897	3562711.9652852584
2.465208088742758	3512276.2617236734
2.4693167688906628	3406344.64193165
2.4734322968388143	3219410.5385140404
2.4775546840002125	3037944.634227884
2.4816839418068795	2978810.4633770445
2.4858200817098908	3000185.1076947404
2.4899631151794077	2930824.885402133
2.4941130537047065	1844585.4275357905
