0.7011666666666666	7393.010231542909
0.7023352777777778	7939.205006339499
0.7035058365740741	8206.685467325193
0.7046783463016977	8487.853153934106
0.7058528102122005	8773.736093041998
0.7070292315625542	9062.804976912254
0.7082076136151585	9355.036566804887
0.7093879596378504	9650.758514622474
0.7105702729039134	9951.694475844255
0.7117545566920868	10261.415952351586
0.7129408142865735	10533.468965503898
0.7141290489770512	10629.743370348635
0.7153192640586796	10597.37506863336
0.7165114628321108	10611.422284787524
0.7177056486034976	10717.309568264574
0.7189018246845036	10945.166251635226
0.7200999943923111	11461.911222542347
0.7213001610496316	12094.849040331228
0.7225023279847144	12489.15234318211
0.7237064985313556	12629.692743619937
0.7249126760289079	12828.474530026759
0.7261208638222895	13231.058798057758
0.7273310652619932	13660.147257034374
0.7285432837040966	13883.91596374073
0.72975752251027	13979.95280954529
0.7309737850477873	14319.203597608743
0.7321920746895336	15027.68343213903
0.7334123948140163	15746.961690988184
0.7346347488053729	16232.037551554553
0.7358591400533818	16600.975778502172
0.7370855719534709	17006.580273473908
0.7383140479067267	17456.784158577728
0.7395445713199046	17920.79007490275
0.7407771456054377	18397.738699807698
0.7420117741814469	18869.863402966435
0.7432484604717493	19302.21129101593
0.744487207905869	19704.664078335743
0.7457280199190454	20096.45597594728
0.7469708999522439	20475.538012155837
0.7482158514521644	20818.382073309516
0.7494628778712513	21067.71767650096
0.7507119826677034	21263.4323782615
0.7519631693054829	21423.422733999334
0.7532164412543255	21547.439009980393
0.7544718019897494	21631.302050266328
0.7557292549930656	21646.05165266008
0.7569888037513873	21583.90065468248
0.7582504517576398	21314.18707079887
0.7595142025105692	20810.249602232736
0.7607800595147535	19525.571830473957
0.7620480262806114	17165.02345957287
0.7633181063244125	14075.465542543276
0.7645903031682866	9690.790995277453
0.7658646203402337	5064.46408060922
0.7671410613741342	2740.250869714147
0.7684196298097576	2772.3326301812895
0.7697003291927741	4062.429022455985
0.770983163074762	7099.484244342226
0.77226813501322	10724.689315754502
0.7735552485715754	14298.43276665387
0.7748445073191947	17822.871594883913
0.7761359148313933	21081.83434266569
0.7774294746894457	58060.29698366109
0.7787251904805949	22084.94529805916
0.7800230657980626	30653.362273697694
0.7813231042410594	33224.058891640205
0.7826253094147945	35610.12749251582
0.7839296849304858	37808.50590670029
0.7852362344053699	39988.084509797416
0.7865449614627122	42180.8154271665
0.7878558697318168	44416.56399221421
0.7891689628480365	46791.87493956165
0.7904842444527834	49272.04880233304
0.791801718193538	51835.29688028512
0.7931213877238606	54494.9475993716
0.7944432567034004	57140.423153971424
0.795767328797906	59689.144307056245
0.7970936076792359	62224.94727915701
0.7984220970253681	64930.2596238329
0.7997528005204104	67798.73023833922
0.801085721854611	70718.83713394952
0.8024208647243688	73688.39085587038
0.8037582328322427	76614.64341497193
0.8050978298869632	79316.26397387231
0.8064396596034414	81766.51807114846
0.8077837257027807	83373.52449210621
0.8091300319122853	83896.85799931083
0.8104785819654725	83891.62103324616
0.8118293796020817	83136.02608055009
0.8131824285680851	82523.37694258758
0.8145377326156986	84481.07645161153
0.8158952955033916	88843.4169767049
0.8172551209958971	93969.24758452766
0.8186172128642236	99869.57481238621
0.819981574885664	105253.9841372098
0.8213482108438068	107904.17970080835
0.8227171245285466	109299.48681861453
0.8240883197360943	114651.56718871993
0.8254618002689877	125055.40332017557
0.8268375699361028	134602.20871015644
0.828215632552663	139405.5410099795
0.8295959919402508	142281.27916820277
0.830978651926818	146211.15243850136
0.832363616346696	151132.45218048966
0.8337508890406071	155885.799998129
0.8351404738556749	160138.88588510436
0.8365323746454344	164969.79668473077
0.8379265952698435	172340.97194685298
0.8393231395952933	181326.467314091
0.8407220114946187	190424.31287553863
0.8421232148471098	199524.43039225636
0.8435267535385217	208828.5897951491
0.8449326314610859	218611.20606481476
0.8463408525135211	228594.61313160928
0.8477514206010437	238502.20824168195
0.8491643396353787	248374.16320481861
0.8505796135347711	258671.24709302417
0.8519972462239958	269694.63721923094
0.8534172416343692	281039.0299360585
0.8548396037037598	292708.3624754671
0.8562643363765994	304578.30529556127
0.8576914436038937	316431.7679311204
0.8591209293432337	328246.8364898082
0.8605527975588058	340087.0291955367
0.8619870522214037	351985.8447857809
0.8634236973084395	363838.07495428395
0.8648627368039535	375307.5367210292
0.8663041746986269	386427.69663250673
0.8677480149897913	397244.0592271013
0.8691942616814409	407624.58226825437
0.8706429187842434	418254.60001182137
0.8720939903155505	430109.89462829026
0.8735474802994098	442710.7493172453
0.8750033927665755	455355.18304804835
0.8764617317545198	467928.79151323636
0.8779225013074441	479324.6798421193
0.8793857054762898	488008.48726325255
0.8808513483187503	494767.82024461275
0.8823194338992816	497760.30704250664
0.8837899662891138	496370.6380728856
0.8852629495662623	480389.4570558593
0.8867383878155394	441439.90625403
0.8882162851285654	394437.19184506196
0.8896966456037797	342555.9561057124
0.8911794733464526	292635.97888802964
0.8926647724686968	276082.8104430041
0.894152547089478	297192.2471608406
0.8956428013346271	309965.3309031735
0.8971355393368516	288541.74366016575
0.8986307652357465	264345.44990308856
0.9001284831778059	291513.93677688343
0.9016286973164357	360197.46148965287
0.9031314118119631	425434.5644188815
0.9046366308316498	477673.68403227336
0.9061443585497025	519035.7956303366
0.9076545991472854	537291.1391680697
0.9091673568125309	543430.3755251575
0.9106826357405519	556614.7897238556
0.9122004401334528	578241.9807906809
0.9137207742003418	595241.376060552
0.9152436421573426	598837.7892465219
0.9167690482276047	604748.6283343583
0.9182969966413176	644876.6240574876
0.9198274916357196	709877.9559026567
0.9213605374551126	751095.1384703335
0.9228961383508711	750108.6056971592
0.924434298581456	701623.3343447216
0.9259750224124251	541792.4514998186
0.9275183141164459	331455.2972598969
0.9290641779733066	196686.2167885652
0.9306126182699289	149540.6072494695
0.9321636393003788	132157.8698507282
0.9337172453658794	146697.31036988192
0.9352734407748227	181825.40072877923
0.9368322298427807	252943.35007525666
0.9383936168925188	347733.8386116041
0.9399576062540064	403156.0319230678
0.9415242022644297	395107.5597410291
0.9430934092682037	370260.3415303349
0.9446652316169841	344669.63606437016
0.9462396736696792	320147.4499061668
0.947816739792462	304812.6848648112
0.9493964343587827	299525.8324772172
0.9509787617493808	298907.52159327356
0.9525637263522965	304559.0327672036
0.9541513325628838	309222.30976234266
0.9557415847838219	299595.9172030051
0.9573344874251283	280836.5431996685
0.9589300449041701	278576.51933425444
0.9605282616456772	302350.0752118031
0.9621291420817533	339409.1164668581
0.9637326906518895	396033.1958041007
0.9653389118029762	465069.6037947666
0.9669478099893144	546579.5861374172
0.96855938967263	639033.5016181975
0.9701736553220844	708886.3153699978
0.971790611414288	728810.6171071274
0.9734102624333119	734445.8103532277
0.9750326128707006	756806.0489947405
0.9766576672254852	792473.4551795603
0.9782854300041944	834945.9421395271
0.9799159057208682	885577.2654977142
0.9815490988970695	941833.968082705
0.9831850140618982	1008342.589906011
0.9848236557520013	1081471.655862414
0.986465028511588	1162303.5388589872
0.9881091368924407	1250087.2809095376
0.9897559854539281	1328967.7058173334
0.991405578763018	1387787.9851498664
0.9930579213942898	1439421.1629190608
0.994713017929947	1490845.0249667896
0.9963708729598303	1543569.7447429849
0.9980314910814301	1608636.4171440837
0.9996948768998991	1690633.443610187
1.0013610350280657	1767281.047867978
1.0030299700864458	1817574.3609362335
1.0047016867032565	1858007.5380792418
1.0063761895144285	1918479.1323825067
1.0080534831636194	1999371.1847171609
1.0097335723022256	2079890.9453033481
1.011416461589396	2153515.009342782
1.013102155692045	2217055.627422266
1.014790659284865	2250085.1117980103
1.01648197705034	2264675.2148669288
1.018176113678757	2305486.4310044246
1.0198730738682218	2384770.0620894236
1.021572862324669	2472532.3500721613
1.0232754837618767	2558980.85463509
1.0249809429014798	2648827.726947864
1.0266892444729823	2761447.806624432
1.0284003932137706	2893593.821379853
1.030114393869127	2989438.3342703916
1.0318312511922423	3010917.2658314453
1.0335509699442293	3029250.2903798907
1.0352735548941365	3132503.4888735376
1.0369990108189602	3293176.564916974
1.0387273425036585	3444360.665959624
1.0404585547411644	3575978.4391763355
1.0421926523323999	3698050.8818764347
1.0439296400862872	3806198.067162659
1.0456695228197646	3906298.0000156667
1.0474123053577973	3998560.341788668
1.0491579925333938	4083941.901286052
1.0509065891876161	4172951.5286742
1.0526581001695956	4270283.974512487
1.0544125303365448	4363774.106617391
1.0561698845537726	4432287.6327463
1.0579301676946955	4482931.729615903
1.0596933846408534	4523943.82310416
1.0614595402819214	4553802.643811201
1.0632286395157247	4574618.111920994
1.065000687248251	4578219.598229799
1.0667756883936648	4573039.50120458
1.068553647874321	4564021.498530188
1.070334570620778	4551179.498960379
1.072118461571813	4530635.712474926
1.0739053256744326	4497053.938139007
1.07569516788389	4461213.335302819
1.0774879931636965	4432535.334732947
1.079283806485636	4405310.4970302405
1.0810826128297788	4351685.11098623
1.0828844171844951	4262506.40121905
1.0846892245464692	4136093.5400299234
1.0864970399207134	3934456.917164965
1.0883078683205814	3681416.1152508548
1.0901217147677824	3339809.455845226
1.0919385842923954	2920110.2143632337
1.0937584819328827	2509304.9298870065
1.0955814127361043	2132706.4571134257
1.0974073817573313	1769950.596128272
1.09923639406026	1419281.6342707798
1.1010684547170273	1085070.9052570437
1.1029035688082225	821341.1147834434
1.1047417414229028	645693.3101198345
1.1065829776586076	499322.3847609044
1.108427282621372	381104.7861370459
1.110274661425741	280067.80911848217
1.112125119194784	203007.7520836843
1.1139786610601086	148263.83301636993
1.1158352921618757	113250.03890579354
1.117695017648812	107789.55308510183
1.1195578426782267	113282.18370494519
1.1214237724160239	125586.55382707264
1.1232928120367172	143482.145524297
1.1251649667234453	172037.09478859155
1.1270402416679843	212161.82513103154
1.1289186420707642	231916.72789124364
1.1308001731408823	196982.13071812928
1.1326848400961171	148631.2046938073
1.1345726481629441	151964.67593251952
1.136463602576549	200420.31751372214
1.1383577085808434	248136.30320030224
1.1402549714284782	285134.52598085674
1.1421553963808588	309273.08704919904
1.1440589887081603	300456.0290729263
1.1459657536893408	270415.0780169503
1.1478756966121564	231578.47703108308
1.1497888227731765	184059.76789102072
1.1517051374777987	139047.0676918462
1.1536246460402617	103957.26013529964
1.155547353783662	76123.53717420372
1.1574732660399685	63180.047837595375
1.1594023881500348	63930.92113307386
1.1613347254636184	79649.65133129727
1.163270283339391	117442.89825584831
1.1652090671449569	156950.17501305637
1.1671510822568651	180999.6633346344
1.1690963340606266	191864.26514778644
1.1710448279507277	174128.70228358425
1.1729965693306457	125595.68318180593
1.1749515636128636	107995.81783625802
1.176909816218885	174761.1448361252
1.17887133257925	274829.6042035883
1.1808361181335487	367335.71661012806
1.182804178330438	452905.9808251197
1.1847755186276552	539407.1213717873
1.1867501444920348	628595.0335170728
1.1887280613995215	718399.3661742865
1.1907092748351875	807555.0968047073
1.1926937902932462	902451.8433838172
1.1946816132770681	1039641.5876794235
1.1966727492991969	1225697.3010761063
1.1986672038813622	1431649.3362816647
1.2006649825544977	1662400.2439300092
1.2026660908587554	1908375.064133047
1.20467053434352	2177763.215653561
1.206678318567426	2464845.2330822987
1.2086894490983717	2741582.419057012
1.2107039315135357	2998893.3023881325
1.2127217713993916	3255891.881092905
1.214742974351724	3528021.1715626842
1.2167675459756435	3806860.648103424
1.218795491885603	4072220.9435882084
1.2208268177054122	4324177.675427999
1.2228615290682547	4613727.169084682
1.2248996316167018	4990351.362016522
1.2269411310027298	5389062.34958682
1.2289860328877344	5732466.004344735
1.2310343429425474	6031049.463962529
1.2330860668474517	6320485.277729266
1.2351412102921975	6603196.821609763
1.2371997789760178	6900401.76860016
1.2392617786076445	7247029.542173949
1.241327214905324	7625753.186163071
1.243396093596833	8034872.049738547
1.2454684204194943	8472620.193739874
1.2475442011201936	8867248.284731744
1.249623441455394	9158938.9425516
1.251706147191153	9432674.714478483
1.2537923241031383	9799178.321005225
1.2558819779766437	10232190.794488654
1.2579751146066047	10610574.287326122
1.2600717397976158	10894974.643785216
1.262171859363945	11116683.297910044
1.2642754791295518	11222235.015223581
1.266382604928101	11236074.262534667
1.2684932426029811	11063697.024051571
1.2706073980073196	10696817.732287908
1.2727250770039986	10304494.415385883
1.274846285465672	9924629.818629384
1.2769710292747813	9506858.42957677
1.2790993143235727	8908828.52170155
1.2812311465141122	8178945.212016769
1.2833665317583023	7481098.3151284885
1.2855054759778997	6851126.477614487
1.2876479851045295	6287679.202267734
1.2897940650797037	5870619.760045711
1.2919437218548366	5536348.057559323
1.2940969613912614	5239667.488228194
1.2962537896602468	4976592.305508415
1.298414212643014	4693476.850996098
1.3005782363307525	4359298.181884443
1.302745866724637	4024459.0859012506
1.304917109835845	3764769.7892089663
1.3070919716855713	3557105.738318378
1.3092704583050472	3320002.795151864
1.3114525757355557	3034923.9810159947
1.3136383300284484	2772182.844601339
1.3158277272451624	2606973.9003727445
1.3180207734572378	2481968.722551143
1.3202174747463333	2298344.067670305
1.3224178372042439	2048764.666213419
1.3246218669329177	1728507.6156423744
1.3268295700444726	1287951.8620604167
1.3290409526612135	840875.9765244117
1.3312560209156488	540756.6296825409
1.3334747809505083	351026.3615840356
1.3356972389187591	208772.253038846
1.3379234009836238	120394.89590535389
1.3401532733185966	56913.134785759416
1.342386862107461	27700.0999889633
1.344624173544307	16406.51683415874
1.3468652138335475	9756.328663303133
1.3491099891899365	6975.993511327578
1.3513585058385866	4913.998984712193
1.3536107700149842	3162.856521242795
1.3558667879650093	1731.957421139886
1.358126565944951	1148.2060436040194
1.360390110221526	1192.9508484082853
1.3626574270718954	1594.5063667250306
1.3649285227836818	2407.166233206405
1.367203403654988	3111.353344467554
1.369482075994413	3264.441682867028
1.3717645461210706	3382.7206267993192
1.3740508203646056	4834.137552870152
1.3763409050652133	7469.5412388466575
1.3786348065736556	8519.978036394215
1.3809325312512784	6246.4348885293575
1.3832340854700305	3410.1741634169603
1.3855394756124806	2700.423184554253
1.3878487080718347	3407.590158576287
1.3901617892519544	3763.833352367702
1.3924787255673745	3504.128840068681
1.3947995234433201	3345.8817724342866
1.3971241893157258	3818.685102238042
1.399452729631252	4581.131475099414
1.401785150847304	5282.6446934727555
1.40412145943205	5902.552674795623
1.4064616618644366	6337.356958094676
1.4088057646342107	6449.742689992261
1.4111537742419344	6544.912809860546
1.4135056971990045	6969.845340167293
1.4158615400276693	7622.273548695132
1.418221309261049	8337.161372620802
1.4205850114431506	9182.329785533466
1.4229526531288894	11750.411205840212
1.425324240884104	18706.125333540815
1.4276997812855778	26693.103475561227
1.4300792809210539	29232.21136407464
1.4324627463892556	26756.987798786624
1.4348501842999046	25065.93361771748
1.4372416012737377	26028.82835366335
1.4396370039425272	29935.148809262293
1.442036398949098	41532.232578304895
1.4444397929473467	58611.363211766795
1.4468471926022592	79740.54372871792
1.4492586045899296	105622.54469453935
1.4516740355975797	134109.90571676378
1.4540934923235755	166632.81945504845
1.4565169814774481	196425.15818003676
1.4589445097799105	202170.74275832452
1.4613760839628773	186018.50323775542
1.4638117107694821	166378.2705022786
1.466251396954098	145527.61797088693
1.4686951492823548	128482.76168871352
1.471142974531159	126410.43120910642
1.4735948794887108	133922.49052485355
1.4760508709545253	142248.10948405185
1.4785109557394496	150728.11152093453
1.4809751406656821	158775.416889647
1.4834434325667916	165674.38961551612
1.4859158382877364	174213.96350110628
1.4883923646848827	193719.19258803173
1.490873018626024	223421.66233459234
1.493357806990401	260330.20969145105
1.4958467366687183	307481.41587084293
1.4983398145631663	354360.0421275157
1.5008370475874384	389473.41494566854
1.5033384426667507	415031.3702630555
1.505844006737862	423106.39507457823
1.5083537467490917	410939.1181173347
1.5108676696603405	403958.4462815745
1.5133857824431078	419029.2082682813
1.5159080920805128	452692.7453899742
1.518434605567314	531621.740380386
1.5209653299099262	648511.7075330212
1.5235002721264426	758568.8802264084
1.5260394392466536	849629.2296042157
1.5285828383120648	940377.6300764946
1.5311304763759181	1048697.9832378386
1.5336823605032115	1167428.8363927947
1.5362384977707166	1284178.9174088717
1.5387988952670015	1398502.2165149073
1.5413635600924465	1528034.6637805046
1.5439324993592671	1694175.7686435853
1.5465057201915329	1870602.6133037815
1.5490832297251855	2021919.319334298
1.5516650351080608	2153954.22693037
1.5542511434999076	2310291.2698482587
1.5568415620724074	2510300.2256215666
1.559436298009195	2725426.076203145
1.5620353585058768	2948987.248990381
1.5646387507700532	3178240.571858485
1.567246482021337	3412252.56730121
1.5698585594913725	3650123.058821207
1.5724749904238582	3864566.2812131983
1.5750957820745648	4023332.6533260485
1.5777209417113556	4160107.108759317
1.5803504766142082	4300184.428775348
1.5829843940752317	4435412.288970373
1.5856227013986908	4479142.713352682
1.5882654059010217	4375554.670692855
1.5909125149108567	4213050.639877416
1.5935640357690417	3992408.004590393
1.5962199758286568	3724682.8337186524
1.598880342455038	3362179.3175638723
1.6015451430257963	2894842.776345249
1.6042143849308395	2417389.1105090124
1.6068880755723909	1959591.8773508142
1.6095662223650118	1528930.231210465
1.6122488327356201	1188120.161931912
1.614935914123513	922911.9241995283
1.6176274739803853	702618.6242202019
1.6203235197703527	541270.8093846845
1.62302405896997	411139.56638469244
1.6257290990682536	329511.9690295904
1.6284386475667005	279814.90819112374
1.6311527119793119	262147.5766724997
1.6338712998326108	278278.86717882863
1.6365944186656651	299488.096497696
1.6393220760301082	319137.16285347217
1.642054279490158	337634.8145172545
1.644791036622642	353632.69506146654
1.6475323550170131	366986.3151166238
1.6502782422753748	372853.16168832564
1.6530287060125004	368005.3929701336
1.6557837538558546	373237.05646862945
1.6585433934456146	417928.70386409736
1.6613076324346907	467691.4455280758
1.6640764784887485	409163.0646812405
1.66684993928623	235850.4348473063
1.6696280225183737	109357.9024033032
1.6724107358892377	123304.25991883223
1.6751980871157197	188190.21559494326
1.6779900839275794	242825.1537339694
1.6807867340674587	285717.59167249297
1.6835880452909044	297355.5270257428
1.6863940253663894	263768.98716525565
1.6892046820753335	220395.9118397634
1.6920200232121256	182255.71407262117
1.694840056584146	148386.2893168042
1.6976647900117863	123846.34155648045
1.700494231328473	109919.75136031676
1.703328388380687	112047.76486446489
1.706167269027988	143985.69483310418
1.709010881143035	182137.19923334962
1.7118592326116067	199824.41027583773
1.714712331332626	202892.5142638673
1.7175701852181804	213462.1274094582
1.7204328021935444	236549.6251678172
1.7233001901972003	248356.70585702977
1.726172357180862	218295.88923287948
1.7290493111094971	170794.0251831572
1.7319310599613464	150649.44839282325
1.7348176117279486	160134.57652694426
1.737708974414162	177392.99036089174
1.7406051560381857	201086.4029860985
1.7435061646315826	225309.90954658363
1.746412008239302	242086.45103277767
1.749322694919701	251925.7657368164
1.7522382327445671	247532.67529359623
1.7551586297991415	223659.06819162023
1.7580838941821402	196190.65767864202
1.761014034005777	171863.66392748995
1.7639490573957866	149887.2879707714
1.7668889724914467	132435.94935131664
1.769833787445599	119779.44347919668
1.7727835104246752	112238.6449195078
1.7757381496087163	113386.42441407668
1.7786977131913975	115000.22330136146
1.7816622093800498	106226.7408629459
1.7846316463956833	89816.0676820964
1.7876060324730094	71331.67614191894
1.7905853758604646	51093.13151566783
1.793569684820232	36127.95655221141
1.7965589676282658	36915.919728636814
1.7995532325743133	44211.27440507509
1.802552487961937	43781.50794169169
1.8055567421085403	35576.41594757707
1.8085660033453879	29175.708663467063
1.8115802800176304	28453.02948220053
1.8145995804843267	29874.59831103745
1.8176239131184673	32081.00983044412
1.820653286306998	34272.306957363064
1.823687708450843	31693.07830660114
1.8267271879649278	22663.68529933758
1.8297717332782029	14143.886518988877
1.8328213528336663	10964.301913684782
1.8358760550883895	11071.056222336047
1.8389358485135368	15080.661957058574
1.8420007415943929	22586.68908476579
1.8450707428303834	28216.12035066356
1.848145860735101	29360.976208979297
1.851226103836326	28519.8971990998
1.8543114806760534	25809.81940016155
1.8574019998105136	21816.49029663971
1.8604976698101978	17554.64385915722
1.8635984992598815	13111.966877624815
1.8667044967586481	9568.893500252208
1.8698156709199125	8512.136419183904
1.8729320303714458	10886.576068747807
1.8760535837553982	25575.793785208927
1.879180339728324	51075.13671639895
1.8823123069612047	67660.16872468704
1.8854494941394733	65145.36030973404
1.8885919099630393	59140.30518141865
1.8917395631463112	63222.65522965176
1.8948924624182215	72610.89195506941
1.8980506165222522	70275.54132646568
1.9012140342164559	52288.223881821395
1.9043827242734832	35613.897411622354
1.907556695480606	30927.359895464768
1.9107359566397404	31863.918352636698
1.9139205165674735	33235.89960028206
1.9171103840950858	34648.837025886955
1.9203055680685779	33856.78274140385
1.923506077348692	29096.860939934017
1.92671192081094	23710.47109816539
1.9299231073456249	20611.336297958052
1.9331396458578678	19186.000755645764
1.9363615452676308	19270.652935752856
1.9395888145097437	21149.667272996237
1.9428214625339266	23910.875172210086
1.9460594983048167	27944.52817073264
1.9493029308019916	32311.78500675545
1.952551769019995	35421.74912596436
1.9558060219683617	37618.44854521233
1.9590656986716424	42679.00006223199
1.9623308081694284	52946.16165314088
1.9656013595163775	63660.856682772006
1.9688773617822382	49985.798189295965
1.9721588240518755	83743.97151002508
1.975445755425295	78860.8261877745
1.9787381650176707	86884.79276929445
1.9820360619593669	96782.6160024965
1.985339455395966	110101.70432805651
1.9886483544882927	125371.37619146562
1.99196276841244	142831.66759671067
1.9952827063597942	161793.31108960728
1.9986081775370603	176283.3657605338
2.001939191166289	182798.66343193068
2.0052757564848993	188298.3690840995
2.0086178827457077	198513.98550752702
2.011965579216951	210852.02141183728
2.0153188551823122	217201.92347908174
2.01867771994095	216218.59949094852
2.022042182807518	216740.86525182144
2.0254122531121976	224268.66702177172
2.0287879402007176	235810.76306810553
2.0321692534343856	252251.80230768258
2.0355562021901097	272755.5815017764
2.038948795860427	292891.594567342
2.0423470438535274	311559.9503337374
2.0457509555932836	328488.72455035715
2.049160540519272	340989.2892078272
2.0525758080868046	350934.8242182369
2.0559967677669495	361608.550120867
2.059423429046561	373239.2831864222
2.0628558014283054	383022.5482394563
2.066293894430686	388067.5768015937
2.0697377175880702	390684.3268461586
2.073187280450717	391176.2693660033
2.0766425925848018	390005.56921563303
2.0801036635724435	389479.0746537253
2.083570503011731	390281.9305993654
2.0870431205167503	390221.0041322421
2.090521525717612	386107.9435697059
2.0940057282604747	379662.5315657336
2.0974957378075754	373571.54974863114
2.1009915640372547	368031.31734602584
2.1044932166439834	362005.07771552063
2.10800070533839	354651.20390088524
2.1115140398472874	346382.2712799211
2.1150332299137	336407.7077723737
2.1185582852968894	325068.1413443902
2.1220892157723843	313849.2147684675
2.125626031132005	303089.59797739476
2.1291687411838915	293115.20436503843
2.1327173557525314	285256.64558675437
2.136271884678786	277978.2092956874
2.1398323378199176	266416.9091748959
2.143398725049617	250103.44369741695
2.1469710562580335	235746.3825118348
2.150549341351797	227590.6838110263
2.15413359025405	220021.55155674147
2.1577238129044733	203974.06457861222
2.1613200192593145	181891.3476393893
2.1649222192914133	167762.57265224023
2.1685304229902322	166977.06757729425
2.172144640361883	166691.15022375455
2.175764881429153	156821.36518781036
2.1793911562315347	141725.03864498707
2.183023474825254	127637.74268704907
2.1866618472832964	114720.87492706004
2.1903062836954352	97184.42829032808
2.193956794168261	69286.90702590757
2.197613388825208	40872.122133715035
2.201276077806584	27952.676245907882
2.2049448712695945	27406.773423932285
2.2086197793883775	29747.298166082626
2.212300812354025	34519.81465116433
2.215987980374615	38101.91785575999
2.2196812936752393	36152.75814001571
2.2233807624980315	31232.827471054286
2.227086397102195	26661.369534499394
2.230798207764032	22658.677998979518
2.2345162047769724	19001.042713119565
2.2382403984516004	15880.08475220754
2.2419707991156868	13155.718484349361
2.245707417114213	11267.060436835556
2.249450262809403	10036.680463791745
2.2531993465807525	9092.311756349232
2.256954678825054	8491.523034273292
2.260716269956429	8328.191457593313
2.2644841304063563	9197.469868216713
2.2682582706237007	10459.159571577906
2.2720387010747403	10733.876230898355
2.275825432243198	9942.176370825433
2.27961847463027	9022.167496609447
2.283417838754654	8192.069525169727
2.2872235351525787	7412.829614748808
2.291035574377833	6709.79064323117
2.294853967001796	6246.007868443796
2.298678723613466	7536.539790145117
2.302509854819488	11341.406675999802
2.3063473712441875	15502.943306225066
2.3101912835295946	18893.04563190067
2.314041602335477	21174.216535697196
2.31789833833937	19181.88137388389
2.321761502236602	12936.550460744167
2.3256311047403297	7897.286190351565
2.3295071565815637	6633.240114963374
2.3333896685092	4060.1977842482834
2.3372786512900485	6520.313298011365
2.3411741157088657	5169.566620315638
2.3450760725683804	4886.956097244684
2.348984532689328	5478.40660000181
2.3528995069104766	6799.886327609719
2.356821006088661	9575.267160726982
2.360749041098809	12511.297659546031
2.3646836228339736	12049.830963610035
2.3686247622053638	8277.159968449805
2.3725724701423725	6046.190888639425
2.37652675759261	7820.939706666817
2.380487635521931	10826.670401346737
2.3844551149144677	13139.953173665592
2.388429206772659	14943.985332162289
2.39240992211728	16716.805354131968
2.3963972719874755	18533.474653796966
2.400391267440788	21024.602310522907
2.4043919195531895	25327.243054216637
2.408399239419112	30025.876908736616
2.412413238151477	31848.71872747194
2.4164339268817296	30891.113595495655
2.420461316759866	30719.203298686396
2.4244954189544656	32832.88124697457
2.428536244652723	35929.545285073094
2.432583805060478	39799.36191966641
2.4366381114022455	44104.85060314929
2.440699174921249	47630.51880979558
2.4447670068794514	50116.01452959846
2.4488416185575836	54078.63244542328
2.4529230212551796	62603.72925708697
2.457011226290605	72580.9029763295
2.4611062450010897	78342.81671284257
2.465208088742758	79922.6239811798
2.4693167688906628	80300.78349324508
2.4734322968388143	79523.52804142266
2.4775546840002125	78258.40848201935
2.4816839418068795	76607.70282687267
2.4858200817098908	74678.70169065385
2.4899631151794077	70864.55652823352
2.4941130537047065	43921.444699621585
