0.7011666666666666	14756.865848042175
0.7023352777777778	15913.001513195191
0.7035058365740741	16521.917667118712
0.7046783463016977	17169.258135874206
0.7058528102122005	17854.843464418213
0.7070292315625542	18561.408354317417
0.7082076136151585	19266.416223960576
0.7093879596378504	19968.255119950456
0.7105702729039134	20667.79731828706
0.7117545566920868	21362.514298404883
0.7129408142865735	22039.663656110337
0.7141290489770512	22647.821432592053
0.7153192640586796	23198.710656419727
0.7165114628321108	23699.32249169436
0.7177056486034976	24132.39124288162
0.7189018246845036	24524.811250529445
0.7200999943923111	24857.157420390413
0.7213001610496316	22780.745100187236
0.7225023279847144	27096.613718971075
0.7237064985313556	25143.513982481123
0.7249126760289079	25044.73932582064
0.7261208638222895	24898.923471612987
0.7273310652619932	24709.918798986506
0.7285432837040966	24402.038877296967
0.72975752251027	24005.261150987793
0.7309737850477873	23599.25641485071
0.7321920746895336	23192.079027244738
0.7334123948140163	22772.688460421366
0.7346347488053729	22319.899223159235
0.7358591400533818	21847.79727901959
0.7370855719534709	21365.84890411956
0.7383140479067267	20872.73875103036
0.7395445713199046	20347.623633427702
0.7407771456054377	19762.333153337768
0.7420117741814469	19155.661790192433
0.7432484604717493	18552.07315970159
0.744487207905869	17949.53625561807
0.7457280199190454	17334.776440921985
0.7469708999522439	16701.555835903877
0.7482158514521644	16031.159109199976
0.7494628778712513	15270.437476367566
0.7507119826677034	14468.632372654147
0.7519631693054829	13698.103681784203
0.7532164412543255	12961.371531122952
0.7544718019897494	12230.385042787504
0.7557292549930656	11500.715883632822
0.7569888037513873	10732.136152541058
0.7582504517576398	9809.929757348194
0.7595142025105692	8744.332049780458
0.7607800595147535	7371.795886136743
0.7620480262806114	5594.468712117257
0.7633181063244125	3822.3055156894607
0.7645903031682866	2327.469869437316
0.7658646203402337	1078.4811656744905
0.7671410613741342	447.7857621811148
0.7684196298097576	432.39120337216184
0.7697003291927741	703.3387046401793
0.770983163074762	1351.3143079049717
0.77226813501322	2209.5741283115044
0.7735552485715754	3377.7527321117823
0.7748445073191947	4799.642939478589
0.7761359148313933	6573.675483010523
0.7774294746894457	8797.774248031275
0.7787251904805949	11157.651987647187
0.7800230657980626	13602.019583923144
0.7813231042410594	16088.447815344069
0.7826253094147945	18573.758534498866
0.7839296849304858	21064.461737742848
0.7852362344053699	23667.87182464961
0.7865449614627122	26479.587148662693
0.7878558697318168	29427.756450859637
0.7891689628480365	32619.878023292604
0.7904842444527834	36006.18351290091
0.791801718193538	39636.871816951854
0.7931213877238606	43576.07918599218
0.7944432567034004	47730.61311733623
0.795767328797906	52261.350174804065
0.7970936076792359	57030.75172188928
0.7984220970253681	62113.07946116039
0.7997528005204104	67494.29079042819
0.801085721854611	73074.39759472208
0.8024208647243688	78939.96976463217
0.8037582328322427	84989.95855275652
0.8050978298869632	91360.71169838167
0.8064396596034414	97972.99894320208
0.8077837257027807	104818.06402697435
0.8091300319122853	111943.02130150903
0.8104785819654725	119234.23653382568
0.8118293796020817	126784.29277819039
0.8131824285680851	134620.0779143939
0.8145377326156986	143305.28339647705
0.8158952955033916	152778.6487849526
0.8172551209958971	162521.78884595266
0.8186172128642236	172570.79845061596
0.819981574885664	183548.96339666107
0.8213482108438068	197475.38627472773
0.8227171245285466	213455.0151424876
0.8240883197360943	230628.4588605959
0.8254618002689877	249110.80813690252
0.8268375699361028	267766.4990078367
0.828215632552663	286148.5116933002
0.8295959919402508	304547.39092121006
0.830978651926818	323607.2868772157
0.832363616346696	343272.5673334127
0.8337508890406071	363106.7987327159
0.8351404738556749	383084.9875684061
0.8365323746454344	403168.23304775223
0.8379265952698435	423415.9836786418
0.8393231395952933	443727.419975332
0.8407220114946187	463677.643213011
0.8421232148471098	483162.201017263
0.8435267535385217	502438.2526980356
0.8449326314610859	521407.48565024935
0.8463408525135211	540407.6865125381
0.8477514206010437	560176.1705997398
0.8491643396353787	580816.1167197984
0.8505796135347711	603860.1995237235
0.8519972462239958	630837.7223407687
0.8534172416343692	660398.4686831479
0.8548396037037598	694664.6085488203
0.8562643363765994	731793.2765966825
0.8576914436038937	768699.970689038
0.8591209293432337	804842.1367177675
0.8605527975588058	835971.0342976702
0.8619870522214037	855600.8592632544
0.8634236973084395	876149.5259816119
0.8648627368039535	924971.2317720872
0.8663041746986269	997565.3115155591
0.8677480149897913	1066583.3794818537
0.8691942616814409	1124950.2183419405
0.8706429187842434	1182151.369472679
0.8720939903155505	1245662.1368352205
0.8735474802994098	1313217.446073887
0.8750033927665755	1382363.9036046064
0.8764617317545198	1453139.896478598
0.8779225013074441	1525680.6103459394
0.8793857054762898	1601479.8102707136
0.8808513483187503	1678688.9940467484
0.8823194338992816	1755909.2145705894
0.8837899662891138	1832742.0439391811
0.8852629495662623	1905354.7752541518
0.8867383878155394	1971053.607178921
0.8882162851285654	2032638.3553467148
0.8896966456037797	2087122.259770839
0.8911794733464526	2137925.4020851813
0.8926647724686968	2191754.0897392756
0.894152547089478	2249755.030186483
0.8956428013346271	2316081.0626022294
0.8971355393368516	2399424.803607992
0.8986307652357465	2495719.478171866
0.9001284831778059	2619492.593091009
0.9016286973164357	2764710.782005481
0.9031314118119631	2903136.230027686
0.9046366308316498	3026773.702758061
0.9061443585497025	3141681.898991266
0.9076545991472854	3241664.221212286
0.9091673568125309	3333889.0801723744
0.9106826357405519	3430804.9694340285
0.9122004401334528	3533175.146879263
0.9137207742003418	3630135.297000812
0.9152436421573426	3713023.5185724795
0.9167690482276047	3797913.413249278
0.9182969966413176	3916582.9697867758
0.9198274916357196	4060081.160646277
0.9213605374551126	4182731.8560039136
0.9228961383508711	4266085.0646400405
0.924434298581456	4251325.8056226205
0.9259750224124251	3966865.374143263
0.9275183141164459	3554276.0285082697
0.9290641779733066	3286822.4878473436
0.9306126182699289	3191931.0931271515
0.9321636393003788	3194165.6683696425
0.9337172453658794	3342082.354589118
0.9352734407748227	3569639.468541185
0.9368322298427807	3898635.95006954
0.9383936168925188	4291235.690504287
0.9399576062540064	4544939.471814673
0.9415242022644297	4577842.922336454
0.9430934092682037	4555153.541880558
0.9446652316169841	4538301.504490673
0.9462396736696792	4528606.76170809
0.947816739792462	4543403.086443616
0.9493964343587827	4584986.168872498
0.9509787617493808	4643296.788329577
0.9525637263522965	4727097.787769488
0.9541513325628838	4801907.651523101
0.9557415847838219	4797267.4057224635
0.9573344874251283	4738674.733760185
0.9589300449041701	4739807.281315903
0.9605282616456772	4837551.737931347
0.9621291420817533	4965057.966143865
0.9637326906518895	5107892.8788131
0.9653389118029762	5260113.227773077
0.9669478099893144	5419925.751837948
0.96855938967263	5583942.57528339
0.9701736553220844	5696684.047911766
0.971790611414288	5702872.096842235
0.9734102624333119	5673733.518175703
0.9750326128707006	5660322.222914299
0.9766576672254852	5657904.706088519
0.9782854300041944	5644258.639465618
0.9799159057208682	5612663.940288703
0.9815490988970695	5571614.599524614
0.9831850140618982	5516210.332010514
0.9848236557520013	5451657.974773919
0.986465028511588	5376918.845970501
0.9881091368924407	5291392.060734402
0.9897559854539281	5192785.86137144
0.991405578763018	5071205.520226611
0.9930579213942898	4926968.746142815
0.994713017929947	4724606.951383227
0.9963708729598303	4467531.635525211
0.9980314910814301	4090439.595406603
0.9996948768998991	3553964.592662178
1.0013610350280657	3071050.9353921865
1.0030299700864458	2844775.2386696003
1.0047016867032565	2748867.4593709656
1.0063761895144285	2657804.7390046045
1.0080534831636194	2565525.9033538345
1.0097335723022256	2473051.025854411
1.011416461589396	2380641.801218372
1.013102155692045	2287751.1183446506
1.014790659284865	2193111.6505747084
1.01648197705034	2097774.8312914465
1.018176113678757	2007446.980870143
1.0198730738682218	1924266.9176531194
1.021572862324669	1844933.0340220518
1.0232754837618767	1771717.5308269311
1.0249809429014798	1701901.8301223246
1.0266892444729823	1634511.830925332
1.0284003932137706	1569111.5914913537
1.030114393869127	1500420.95334995
1.0318312511922423	1425030.8695074285
1.0335509699442293	1350341.5034510402
1.0352735548941365	1287287.9732430112
1.0369990108189602	1232438.8135036177
1.0387273425036585	1179540.9364064075
1.0404585547411644	1128426.0964146464
1.0421926523323999	1078715.6043684445
1.0439296400862872	1031764.7516121625
1.0456695228197646	986508.0534692956
1.0474123053577973	943433.5411121083
1.0491579925333938	902478.6416676826
1.0509065891876161	863051.9800891335
1.0526581001695956	825975.2757738912
1.0544125303365448	790034.6207493034
1.0561698845537726	755537.6209294503
1.0579301676946955	722118.128509325
1.0596933846408534	689796.811546605
1.0614595402819214	658848.977140222
1.0632286395157247	628706.9881272819
1.065000687248251	599933.7099035295
1.0667756883936648	572065.1056084831
1.068553647874321	545702.5884403238
1.070334570620778	520806.9641412005
1.072118461571813	497259.35013627686
1.0739053256744326	475846.73434183403
1.07569516788389	455754.2691327219
1.0774879931636965	438033.0300535846
1.079283806485636	422047.7822762076
1.0810826128297788	407674.6503703725
1.0828844171844951	395238.82135494053
1.0846892245464692	383661.7122418463
1.0864970399207134	373244.28144081304
1.0883078683205814	363355.30749440996
1.0901217147677824	353488.4612859892
1.0919385842923954	343623.0640159556
1.0937584819328827	333755.9522135308
1.0955814127361043	323888.03510563745
1.0974073817573313	313723.2339127807
1.09923639406026	302523.99204451416
1.1010684547170273	290566.8594574597
1.1029035688082225	277876.06914366485
1.1047417414229028	264342.43031883833
1.1065829776586076	250837.48381549696
1.108427282621372	237850.78533457508
1.110274661425741	224961.86414748273
1.112125119194784	211431.88564283005
1.1139786610601086	197744.0335016677
1.1158352921618757	189269.091816204
1.117695017648812	189888.4056510959
1.1195578426782267	192888.44892355092
1.1214237724160239	194533.83482236732
1.1232928120367172	195858.75890207296
1.1251649667234453	201302.7036956214
1.1270402416679843	211546.5611648847
1.1289186420707642	216350.4964776165
1.1308001731408823	205741.7464476305
1.1326848400961171	192579.05956998654
1.1345726481629441	200089.697521323
1.136463602576549	225227.7243789872
1.1383577085808434	245914.3353523174
1.1402549714284782	255413.65728067915
1.1421553963808588	260591.5988350647
1.1440589887081603	262328.89668123715
1.1459657536893408	261887.54790393554
1.1478756966121564	260677.29772975238
1.1497888227731765	258757.8646482102
1.1517051374777987	257554.91830488478
1.1536246460402617	258366.13137789187
1.155547353783662	260356.56888838037
1.1574732660399685	263922.09943335725
1.1594023881500348	269065.80221018876
1.1613347254636184	277427.7350372931
1.163270283339391	290803.7236710761
1.1652090671449569	305018.1702522233
1.1671510822568651	317196.1840502819
1.1690963340606266	328005.61962040025
1.1710448279507277	337679.46581283107
1.1729965693306457	346140.9758800093
1.1749515636128636	354868.330962748
1.176909816218885	364706.82249049
1.17887133257925	374400.36315714166
1.1808361181335487	381211.4763783489
1.182804178330438	385455.90062808536
1.1847755186276552	387568.59581151226
1.1867501444920348	386669.36669137597
1.1887280613995215	384309.4665909261
1.1907092748351875	379958.18362049677
1.1926937902932462	374572.47421105276
1.1946816132770681	370013.3418626752
1.1966727492991969	366512.6690261686
1.1986672038813622	363826.8395480638
1.2006649825544977	362554.6242708562
1.2026660908587554	362310.4875169146
1.20467053434352	364181.3314329978
1.206678318567426	367875.8761251626
1.2086894490983717	373078.0246931871
1.2107039315135357	380374.8650852953
1.2127217713993916	388914.8667115073
1.214742974351724	399559.33272000717
1.2167675459756435	411502.6510884884
1.218795491885603	424154.1520416286
1.2208268177054122	437545.3083088593
1.2228615290682547	451586.8881411151
1.2248996316167018	466755.33621307364
1.2269411310027298	482338.6895699883
1.2289860328877344	497755.57374177483
1.2310343429425474	513143.0105507352
1.2330860668474517	529658.4167890584
1.2351412102921975	547938.7508457805
1.2371997789760178	567546.382947953
1.2392617786076445	589760.082460602
1.241327214905324	613870.9502874004
1.243396093596833	640922.9836763025
1.2454684204194943	670992.4706956226
1.2475442011201936	699893.2764682567
1.249623441455394	725184.6558573307
1.251706147191153	750357.5558745287
1.2537923241031383	780975.3313930791
1.2558819779766437	816206.8415631355
1.2579751146066047	855665.7605089342
1.2600717397976158	900799.9434952425
1.262171859363945	947374.0277112868
1.2642754791295518	993801.0916472573
1.266382604928101	1039805.0069559645
1.2684932426029811	1083482.2907050676
1.2706073980073196	1124574.4663640228
1.2727250770039986	1163512.588197123
1.274846285465672	1198754.7988680196
1.2769710292747813	1231670.872405397
1.2790993143235727	1260442.6064374594
1.2812311465141122	1286036.0200963018
1.2833665317583023	1310565.3658660087
1.2855054759778997	1333979.0233609516
1.2876479851045295	1357862.9883071647
1.2897940650797037	1383891.119794262
1.2919437218548366	1411552.0091634071
1.2940969613912614	1442257.3461865776
1.2962537896602468	1476144.2732512117
1.298414212643014	1511705.4237935499
1.3005782363307525	1549648.3127620143
1.302745866724637	1589667.5409823689
1.304917109835845	1634618.7285074363
1.3070919716855713	1682922.0399503761
1.3092704583050472	1728804.7729339725
1.3114525757355557	1770816.98850182
1.3136383300284484	1814383.2970394848
1.3158277272451624	1864983.7964820792
1.3180207734572378	1917529.2405904243
1.3202174747463333	1959898.2405799588
1.3224178372042439	1990542.912821645
1.3246218669329177	2000997.7903329679
1.3268295700444726	1974431.6543258058
1.3290409526612135	1920029.2816566066
1.3312560209156488	1805931.5698109707
1.3334747809505083	1644124.097588397
1.3356972389187591	1433517.009930426
1.3379234009836238	1161185.752422289
1.3401532733185966	903974.1101368538
1.342386862107461	729841.7089621882
1.344624173544307	602535.6340218959
1.3468652138335475	506545.94390495156
1.3491099891899365	439796.9806460479
1.3513585058385866	376415.51687802013
1.3536107700149842	311588.94254075654
1.3558667879650093	257694.3133994166
1.358126565944951	249109.18150727893
1.360390110221526	274667.4826401341
1.3626574270718954	323385.5088874195
1.3649285227836818	399573.8661429337
1.367203403654988	469690.29701132
1.369482075994413	506133.02096218825
1.3717645461210706	535003.6642369395
1.3740508203646056	614233.8769916137
1.3763409050652133	736890.5751115769
1.3786348065736556	777167.4946012605
1.3809325312512784	649563.305239328
1.3832340854700305	496610.52080702287
1.3855394756124806	462922.21551652125
1.3878487080718347	507737.74056506064
1.3901617892519544	524978.681309871
1.3924787255673745	497438.978815383
1.3947995234433201	480409.7277764444
1.3971241893157258	517589.7837550221
1.399452729631252	576992.3168211308
1.401785150847304	616431.5225343854
1.40412145943205	634568.2442175754
1.4064616618644366	630523.0859309882
1.4088057646342107	590786.4986832738
1.4111537742419344	549726.5380873908
1.4135056971990045	547490.1119404552
1.4158615400276693	571658.7907652324
1.418221309261049	600206.5472754503
1.4205850114431506	632449.7832152772
1.4229526531288894	680002.3042379156
1.425324240884104	765084.9907474264
1.4276997812855778	856614.3253260665
1.4300792809210539	888652.029188974
1.4324627463892556	866488.3927964829
1.4348501842999046	858194.0310472937
1.4372416012737377	888069.246939879
1.4396370039425272	938298.8329087482
1.442036398949098	1018634.7951227879
1.4444397929473467	1117942.7025113148
1.4468471926022592	1213181.5589645882
1.4492586045899296	1301092.8818190857
1.4516740355975797	1381289.9454578597
1.4540934923235755	1445638.613648514
1.4565169814774481	1494241.4494635316
1.4589445097799105	1497618.0223595824
1.4613760839628773	1459901.8353995432
1.4638117107694821	1412500.899465948
1.466251396954098	1357205.321143315
1.4686951492823548	1304400.8330416367
1.471142974531159	1269323.2345851895
1.4735948794887108	1246261.4928947722
1.4760508709545253	1229461.4560362634
1.4785109557394496	1219686.930631037
1.4809751406656821	1215948.3298163123
1.4834434325667916	1223638.0743574747
1.4859158382877364	1234934.3881475914
1.4883923646848827	1238849.0249729764
1.490873018626024	1237096.0143840816
1.493357806990401	1247313.0595300966
1.4958467366687183	1279303.6133555765
1.4983398145631663	1311837.0537165734
1.5008370475874384	1323423.3389270965
1.5033384426667507	1319567.2213441785
1.505844006737862	1296821.617989789
1.5083537467490917	1252469.5864226087
1.5108676696603405	1210298.8622740873
1.5133857824431078	1183604.2974963987
1.5159080920805128	1168526.230383284
1.518434605567314	1178207.3030672816
1.5209653299099262	1208270.1302809413
1.5235002721264426	1230454.9747254518
1.5260394392466536	1235280.876262406
1.5285828383120648	1235070.216726903
1.5311304763759181	1234981.2527256159
1.5336823605032115	1234516.4767151386
1.5362384977707166	1230560.874696701
1.5387988952670015	1222464.6321460905
1.5413635600924465	1213910.8096551884
1.5439324993592671	1206127.921106542
1.5465057201915329	1198751.8141236932
1.5490832297251855	1191804.5545346898
1.5516650351080608	1185234.3826493348
1.5542511434999076	1178983.2775645903
1.5568415620724074	1173181.4167083942
1.559436298009195	1167017.7221989222
1.5620353585058768	1159249.4669764373
1.5646387507700532	1150200.7417593962
1.567246482021337	1138778.735334044
1.5698585594913725	1124608.1266642637
1.5724749904238582	1108740.2714346917
1.5750957820745648	1090151.4133605491
1.5777209417113556	1070452.892061724
1.5803504766142082	1050831.8012116568
1.5829843940752317	1031235.5233611955
1.5856227013986908	1010965.697991249
1.5882654059010217	989618.5599667841
1.5909125149108567	967912.8603988133
1.5935640357690417	946060.3182694865
1.5962199758286568	924076.706401857
1.598880342455038	901834.96196241
1.6015451430257963	879293.9989846869
1.6042143849308395	856387.7003622234
1.6068880755723909	832813.1643243558
1.6095662223650118	808880.9218709004
1.6122488327356201	784600.8263559407
1.614935914123513	759998.3706179303
1.6176274739803853	734901.6902551918
1.6203235197703527	709112.4103168191
1.62302405896997	683646.9587954213
1.6257290990682536	659838.973503571
1.6284386475667005	637168.0581764422
1.6311527119793119	615958.2689773843
1.6338712998326108	596357.5825293815
1.6365944186656651	577776.3799002117
1.6393220760301082	560854.7160960075
1.642054279490158	545257.7623615436
1.644791036622642	532738.6932005512
1.6475323550170131	522464.5665830756
1.6502782422753748	510710.88280908053
1.6530287060125004	496347.041919813
1.6557837538558546	481520.80545454007
1.6585433934456146	467402.8562090045
1.6613076324346907	452966.65959899634
1.6640764784887485	433957.577822911
1.66684993928623	410302.4412551012
1.6696280225183737	391508.96461827384
1.6724107358892377	384731.56213623914
1.6751980871157197	381476.55171445373
1.6779900839275794	373731.8086127727
1.6807867340674587	362431.51820032595
1.6835880452909044	350528.53478125716
1.6863940253663894	338251.26979112625
1.6892046820753335	326053.56526871515
1.6920200232121256	314402.38147736853
1.694840056584146	303138.6689342256
1.6976647900117863	292512.46005324344
1.700494231328473	282581.9709636688
1.703328388380687	273330.9389412931
1.706167269027988	265272.79794465
1.709010881143035	257566.45534285007
1.7118592326116067	249503.629089459
1.714712331332626	241164.08207269598
1.7175701852181804	232797.0347948037
1.7204328021935444	224435.04540439177
1.7233001901972003	216147.27586513013
1.726172357180862	208088.27296049165
1.7290493111094971	200228.76606817494
1.7319310599613464	192886.18424727407
1.7348176117279486	186074.7213675297
1.737708974414162	179365.09067995573
1.7406051560381857	172705.48852442377
1.7435061646315826	166188.07866787512
1.746412008239302	160200.43911940185
1.749322694919701	154565.6777139096
1.7522382327445671	148645.73658072724
1.7551586297991415	142275.1773850656
1.7580838941821402	135816.76786033905
1.761014034005777	129428.97928230549
1.7639490573957866	123222.15858933066
1.7668889724914467	117899.44102106981
1.769833787445599	113440.71821468763
1.7727835104246752	108672.2498979003
1.7757381496087163	103040.6778552503
1.7786977131913975	97206.6460421674
1.7816622093800498	91792.25752859842
1.7846316463956833	86653.73048683674
1.7876060324730094	81296.09011031988
1.7905853758604646	75621.94454682275
1.793569684820232	70431.99417081077
1.7965589676282658	66796.09110502849
1.7995532325743133	63834.13117433726
1.802552487961937	60307.03407885596
1.8055567421085403	56233.68235695458
1.8085660033453879	52747.726218025884
1.8115802800176304	50556.796275834065
1.8145995804843267	48881.73873301965
1.8176239131184673	47495.836813614755
1.820653286306998	46215.70953870626
1.823687708450843	44144.1057424944
1.8267271879649278	40990.14939365666
1.8297717332782029	37901.615170868405
1.8328213528336663	35658.13223179476
1.8358760550883895	34017.31772604477
1.8389358485135368	33464.26201877796
1.8420007415943929	33912.08800624033
1.8450707428303834	34033.90779476274
1.848145860735101	33273.629344540306
1.851226103836326	32127.020998772914
1.8543114806760534	30631.688630332806
1.8574019998105136	28872.857050849252
1.8604976698101978	26859.75905400462
1.8635984992598815	24548.363218202376
1.8667044967586481	22477.296116650657
1.8698156709199125	21216.40541387116
1.8729320303714458	20656.1740630055
1.8760535837553982	21830.304721923247
1.879180339728324	24537.972053393005
1.8823123069612047	26250.879878882653
1.8854494941394733	25745.32154104774
1.8885919099630393	24543.42326844791
1.8917395631463112	23434.103555014095
1.8948924624182215	22350.8369472542
1.8980506165222522	20929.78597580854
1.9012140342164559	19080.54135307489
1.9043827242734832	17491.354343359144
1.907556695480606	16807.453650773925
1.9107359566397404	16506.06542388407
1.9139205165674735	16014.34218311295
1.9171103840950858	15336.663658499834
1.9203055680685779	14686.645215610544
1.923506077348692	14131.714956396014
1.92671192081094	13650.941993785364
1.9299231073456249	13330.8123991608
1.9331396458578678	13106.503165984635
1.9363615452676308	12821.702965877897
1.9395888145097437	12456.808199199064
1.9428214625339266	12208.245774644718
1.9460594983048167	12292.942315062815
1.9493029308019916	12495.89656244664
1.952551769019995	12532.45969531919
1.9558060219683617	12422.272497241418
1.9590656986716424	12393.194093912567
1.9623308081694284	12538.354784126672
1.9656013595163775	12696.168701349936
1.9688773617822382	12708.988355173482
1.9721588240518755	12628.227076350286
1.975445755425295	12533.491225223157
1.9787381650176707	12430.657475916534
1.9820360619593669	12348.388949810109
1.985339455395966	12320.36880135873
1.9886483544882927	12296.270736828112
1.99196276841244	12171.887263341792
1.9952827063597942	11957.633973025084
1.9986081775370603	11721.928389806828
2.001939191166289	11468.551787334362
2.0052757564848993	11219.256883705551
2.0086178827457077	11002.769170624399
2.011965579216951	10803.570421826178
2.0153188551823122	10583.003479388277
2.01867771994095	10336.208030596867
2.022042182807518	10108.236220164043
2.0254122531121976	9937.673440398792
2.0287879402007176	9788.86602459086
2.0321692534343856	9626.37537465686
2.0355562021901097	9450.75236605097
2.038948795860427	9265.655727087336
2.0423470438535274	9067.347777512156
2.0457509555932836	8863.33297993413
2.049160540519272	8653.590395168687
2.0525758080868046	8438.783238097914
2.0559967677669495	8212.758097957238
2.059423429046561	7973.705467084982
2.0628558014283054	7730.0792457935
2.066293894430686	7481.904384721859
2.0697377175880702	7232.648578311857
2.073187280450717	6988.059333383824
2.0766425925848018	6748.153901333482
2.0801036635724435	6517.254345072487
2.083570503011731	6300.617346056789
2.0870431205167503	6094.712137630745
2.090521525717612	5911.061391656182
2.0940057282604747	5743.859019924783
2.0974957378075754	5601.111461981997
2.1009915640372547	5486.510886586273
2.1044932166439834	5392.36705966195
2.10800070533839	5333.1894293245905
2.1115140398472874	5295.329082714392
2.1150332299137	5290.203679666287
2.1185582852968894	5313.275526530712
2.1220892157723843	5357.311674038669
2.125626031132005	5430.161810974814
2.1291687411838915	5517.956355471769
2.1327173557525314	5627.760496232598
2.136271884678786	5751.3448662070095
2.1398323378199176	5882.666966916659
2.143398725049617	6021.694833257048
2.1469710562580335	6159.54556918739
2.150549341351797	6291.514169847719
2.15413359025405	6416.121975575436
2.1577238129044733	6517.709500460065
2.1613200192593145	6600.070292628859
2.1649222192914133	6671.665721102135
2.1685304229902322	6729.125734484985
2.172144640361883	6769.623482851452
2.175764881429153	6769.214379463164
2.1793911562315347	6744.169071835567
2.183023474825254	6707.584811021061
2.1866618472832964	6657.7987063322835
2.1903062836954352	6572.834264471293
2.193956794168261	6416.944411486446
2.197613388825208	6246.849707472471
2.201276077806584	6135.87588610252
2.2049448712695945	6072.997488450672
2.2086197793883775	6028.016619276616
2.212300812354025	6002.553520095306
2.215987980374615	5969.873484856295
2.2196812936752393	5899.993334774942
2.2233807624980315	5811.711308190213
2.227086397102195	5736.072187516936
2.230798207764032	5674.542194412522
2.2345162047769724	5603.628158951193
2.2382403984516004	5508.091802260635
2.2419707991156868	5406.816232899431
2.245707417114213	5321.154234865075
2.249450262809403	5245.747920687031
2.2531993465807525	5153.413793225954
2.256954678825054	5035.027034658176
2.260716269956429	4928.658621936664
2.2644841304063563	4877.490321287681
2.2682582706237007	4852.426032357374
2.2720387010747403	4806.662202350095
2.275825432243198	4737.678390214978
2.27961847463027	4667.719919708088
2.283417838754654	4603.474557284041
2.2872235351525787	4538.023946585067
2.291035574377833	4458.936222427456
2.294853967001796	4372.7632397204525
2.298678723613466	4315.859188374758
2.302509854819488	4301.49543963895
2.3063473712441875	4266.429811890134
2.3101912835295946	4141.654799577108
2.314041602335477	3983.925039897599
2.31789833833937	3909.7209271757188
2.321761502236602	3922.154953297534
2.3256311047403297	3922.6255634640893
2.3295071565815637	3872.020527866569
2.3333896685092	3807.8986712593946
2.3372786512900485	3763.652930454608
2.3411741157088657	3735.240063833704
2.3450760725683804	3718.108856702147
2.348984532689328	3715.1490940688004
2.3528995069104766	3719.147660581651
2.356821006088661	3733.08876244476
2.360749041098809	3743.713308291277
2.3646836228339736	3705.2564416452824
2.3686247622053638	3621.0281069332345
2.3725724701423725	3585.61693264673
2.37652675759261	3667.518704802126
2.380487635521931	2140.299085140274
2.3844551149144677	4539.595270505241
2.388429206772659	3906.528147671612
2.39240992211728	3986.822693762808
2.3963972719874755	4087.310365147707
2.400391267440788	4206.494718760753
2.4043919195531895	4362.1003057844155
2.408399239419112	4538.604620984692
2.412413238151477	4730.750527281341
2.4164339268817296	4939.802265300738
2.420461316759866	5184.208709977565
2.4244954189544656	5491.621991641156
2.428536244652723	5828.098949497958
2.432583805060478	6192.822124917277
2.4366381114022455	6580.680571126759
2.440699174921249	7001.107358671641
2.4447670068794514	7464.635964079901
2.4488416185575836	7977.490631317416
2.4529230212551796	8595.021254571795
2.457011226290605	9264.2321482209
2.4611062450010897	9937.076929626652
2.465208088742758	10614.764661847985
2.4693167688906628	11339.478623172774
2.4734322968388143	12149.983343367572
2.4775546840002125	12975.088110480301
2.4816839418068795	13745.701365956455
2.4858200817098908	14495.591055356808
2.4899631151794077	14965.72048434614
2.4941130537047065	9889.388226180474
