0.7011666666666666	2429911.928635834
0.7023352777777778	2560209.254067468
0.7035058365740741	2577383.657592014
0.7046783463016977	2585165.5312807476
0.7058528102122005	2568288.537297771
0.7070292315625542	2539967.4696941515
0.7082076136151585	2524866.1235093498
0.7093879596378504	2525155.276750617
0.7105702729039134	2533275.7041509445
0.7117545566920868	2552503.211276075
0.7129408142865735	2580920.684600576
0.7141290489770512	2630443.060891757
0.7153192640586796	2696452.008612932
0.7165114628321108	2767795.0742672053
0.7177056486034976	2844248.940843406
0.7189018246845036	2912260.315968645
0.7200999943923111	2951463.905350103
0.7213001610496316	2974127.155378142
0.7225023279847144	2989714.066896396
0.7237064985313556	2998109.0191224297
0.7249126760289079	2995686.996997313
0.7261208638222895	2973362.7758230045
0.7273310652619932	2940218.3960308144
0.7285432837040966	2892856.020303174
0.72975752251027	2834205.8119672793
0.7309737850477873	2767365.257237651
0.7321920746895336	2690176.8291961257
0.7334123948140163	2609475.5644400683
0.7346347488053729	2526244.0497439816
0.7358591400533818	2441403.7353272876
0.7370855719534709	2355063.0444250433
0.7383140479067267	2267057.4215058438
0.7395445713199046	2175779.69478941
0.7407771456054377	2078563.0338756263
0.7420117741814469	1979456.3809441759
0.7432484604717493	1881650.5747607115
0.744487207905869	1784809.7243967017
0.7457280199190454	1688150.0776948007
0.7469708999522439	1591580.5945294562
0.7482158514521644	1491232.162553103
0.7494628778712513	1800670.735208081
0.7507119826677034	-2157081.87725772
0.7519631693054829	1199930.7889084814
0.7532164412543255	1080175.1329298462
0.7544718019897494	987551.0144758413
0.7557292549930656	899351.8414878183
0.7569888037513873	810283.8671220884
0.7582504517576398	711771.23423219
0.7595142025105692	604650.8467699215
0.7607800595147535	480808.12020762113
0.7620480262806114	335443.26264564664
0.7633181063244125	200792.9014176756
0.7645903031682866	109488.62057732156
0.7658646203402337	45201.695607016205
0.7671410613741342	12248.940486965128
0.7684196298097576	9638.246831185492
0.7697003291927741	18864.704869721838
0.770983163074762	42351.47381481912
0.77226813501322	76861.89277874163
0.7735552485715754	134919.30123777819
0.7748445073191947	213366.8746449307
0.7761359148313933	327746.74774123693
0.7774294746894457	488906.40642383514
0.7787251904805949	668627.948187343
0.7800230657980626	869115.1003166146
0.7813231042410594	1080392.4869022558
0.7826253094147945	1295063.5551395768
0.7839296849304858	1513341.449957684
0.7852362344053699	1742660.5852499618
0.7865449614627122	1991569.1837349925
0.7878558697318168	2252283.987428365
0.7891689628480365	2532125.8545895787
0.7904842444527834	2827158.854508495
0.791801718193538	3141080.386288386
0.7931213877238606	3478697.524535365
0.7944432567034004	3830229.2972285515
0.795767328797906	4203762.280616433
0.7970936076792359	4590631.237714542
0.7984220970253681	4992120.111722501
0.7997528005204104	5407032.326223848
0.801085721854611	5825038.331443241
0.8024208647243688	6244996.542926776
0.8037582328322427	6668650.715729918
0.8050978298869632	7102482.9514759835
0.8064396596034414	7544509.857404536
0.8077837257027807	7997346.828110082
0.8091300319122853	8463383.744582059
0.8104785819654725	8935974.76080986
0.8118293796020817	9417240.685444444
0.8131824285680851	9901393.102439864
0.8145377326156986	10378211.15844965
0.8158952955033916	10846918.54250559
0.8172551209958971	11298378.990144273
0.8186172128642236	11721040.314194772
0.819981574885664	12157779.59190852
0.8213482108438068	12676378.57777121
0.8227171245285466	13246563.158357173
0.8240883197360943	13806222.40168789
0.8254618002689877	14346944.847783482
0.8268375699361028	14873995.863302903
0.828215632552663	15376058.00952477
0.8295959919402508	15869397.570339132
0.830978651926818	16374154.76395336
0.832363616346696	16888838.48161311
0.8337508890406071	17395946.196486596
0.8351404738556749	17887150.98830991
0.8365323746454344	18372803.31828671
0.8379265952698435	18855054.82370581
0.8393231395952933	19328049.487536997
0.8407220114946187	19745171.11969216
0.8421232148471098	20091467.112664208
0.8435267535385217	20378208.415257864
0.8449326314610859	20555136.416688655
0.8463408525135211	20729873.716972534
0.8477514206010437	21133228.587796915
0.8491643396353787	21738182.298920825
0.8505796135347711	22367213.463005558
0.8519972462239958	22994603.906893466
0.8534172416343692	23624419.423751634
0.8548396037037598	24262822.55398388
0.8562643363765994	24842364.378850468
0.8576914436038937	24947214.667465474
0.8591209293432337	24456513.07619461
0.8605527975588058	23357225.752309643
0.8619870522214037	21099038.64727087
0.8634236973084395	18807391.924673475
0.8648627368039535	18766475.495077647
0.8663041746986269	20589333.185138937
0.8677480149897913	21766239.354694158
0.8691942616814409	21504627.182048365
0.8706429187842434	21057378.406177856
0.8720939903155505	21387091.847036563
0.8735474802994098	22206274.239823557
0.8750033927665755	23182228.058145322
0.8764617317545198	24298763.623658564
0.8779225013074441	25313089.357274294
0.8793857054762898	26029192.944214355
0.8808513483187503	26670013.895965427
0.8823194338992816	27541337.21945562
0.8837899662891138	28576399.177201957
0.8852629495662623	29271326.59775949
0.8867383878155394	29387727.50309392
0.8882162851285654	29553381.405122705
0.8896966456037797	30409104.753946964
0.8911794733464526	31628875.721544452
0.8926647724686968	32568130.024478085
0.894152547089478	33162173.023909103
0.8956428013346271	33807569.1467622
0.8971355393368516	34709151.7941286
0.8986307652357465	35641242.12400046
0.9001284831778059	36231196.84005792
0.9016286973164357	36542561.66147366
0.9031314118119631	36855757.80556009
0.9046366308316498	37223968.0497672
0.9061443585497025	37730169.95793568
0.9076545991472854	38622999.38410864
0.9091673568125309	39711937.48625254
0.9106826357405519	40633439.131081544
0.9122004401334528	41355053.99144805
0.9137207742003418	42094451.94794582
0.9152436421573426	42949524.09822528
0.9167690482276047	43834143.89964222
0.9182969966413176	44643011.23307402
0.9198274916357196	45387556.03138335
0.9213605374551126	46092762.8082497
0.9228961383508711	46742814.430571474
0.924434298581456	47246630.428984
0.9259750224124251	47344537.76853526
0.9275183141164459	47252824.0910536
0.9290641779733066	47398948.8609234
0.9306126182699289	47824721.272442386
0.9321636393003788	48379131.16943217
0.9337172453658794	49106729.33805154
0.9352734407748227	49910980.2180893
0.9368322298427807	50755498.53928518
0.9383936168925188	51622322.14818858
0.9399576062540064	52410944.89374141
0.9415242022644297	53076925.57579114
0.9430934092682037	53712129.04463647
0.9446652316169841	54349566.97164169
0.9462396736696792	54981645.35244628
0.947816739792462	55569381.9741095
0.9493964343587827	56110201.800760955
0.9509787617493808	56655422.01617665
0.9525637263522965	57224983.4080663
0.9541513325628838	57770324.218026936
0.9557415847838219	58171842.18250832
0.9573344874251283	58469762.074467555
0.9589300449041701	58814888.15918843
0.9605282616456772	59245853.8535166
0.9621291420817533	59727311.991549484
0.9637326906518895	60292175.82266027
0.9653389118029762	60902378.669391215
0.9669478099893144	61517826.98590064
0.96855938967263	62130514.93693146
0.9701736553220844	62651451.41136435
0.971790611414288	62984715.30270785
0.9734102624333119	63257028.10311151
0.9750326128707006	63561438.010827504
0.9766576672254852	63891877.77391678
0.9782854300041944	64234417.176336884
0.9799159057208682	64587490.49301876
0.9815490988970695	64852286.37974034
0.9831850140618982	64856386.21465594
0.9848236557520013	64441214.12193314
0.986465028511588	62317127.398899585
0.9881091368924407	58440642.928214416
0.9897559854539281	54123349.3997811
0.991405578763018	49480248.4248351
0.9930579213942898	45382980.78335524
0.994713017929947	43979424.52483593
0.9963708729598303	44503516.72005657
0.9980314910814301	44942402.45367773
0.9996948768998991	45014925.49698004
1.0013610350280657	45025352.86520746
1.0030299700864458	45106551.99395495
1.0047016867032565	45344214.7120071
1.0063761895144285	46286766.63106126
1.0080534831636194	47893338.914306745
1.0097335723022256	49024862.73134448
1.011416461589396	49034621.73008718
1.013102155692045	48739643.967865266
1.014790659284865	48784182.73533601
1.01648197705034	49083017.400439486
1.018176113678757	49481756.27947134
1.0198730738682218	49987632.14110272
1.021572862324669	50505873.62258362
1.0232754837618767	50989202.47590654
1.0249809429014798	51415940.42472884
1.0266892444729823	51617250.06321446
1.0284003932137706	51608986.48245357
1.030114393869127	51711680.345850825
1.0318312511922423	52084762.22429128
1.0335509699442293	52609149.4595614
1.0352735548941365	53361879.42721197
1.0369990108189602	54233468.37021324
1.0387273425036585	54785766.75731094
1.0404585547411644	54896774.288122855
1.0421926523323999	55012516.17548748
1.0439296400862872	55404060.37802182
1.0456695228197646	55882338.22049386
1.0474123053577973	56105367.84144789
1.0491579925333938	56087228.70978008
1.0509065891876161	56142660.69724901
1.0526581001695956	56396461.62489636
1.0544125303365448	56657609.990273744
1.0561698845537726	56699805.63557293
1.0579301676946955	56605204.2897738
1.0596933846408534	56597526.09421603
1.0614595402819214	56714753.36354426
1.0632286395157247	56756038.376503855
1.065000687248251	56529636.878674656
1.0667756883936648	56217903.02717807
1.068553647874321	56123443.13023005
1.070334570620778	56236255.7925462
1.072118461571813	56376805.62318545
1.0739053256744326	56516405.079312734
1.07569516788389	56616339.076043814
1.0774879931636965	56571896.87111588
1.079283806485636	56448007.00977418
1.0810826128297788	56445308.64984019
1.0828844171844951	56606635.059342735
1.0846892245464692	56794267.90887494
1.0864970399207134	56960414.186809495
1.0883078683205814	57087334.21105143
1.0901217147677824	57059517.93797248
1.0919385842923954	56891800.4594177
1.0937584819328827	56716085.38907768
1.0955814127361043	56558521.329801455
1.0974073817573313	56411480.450085685
1.09923639406026	56282113.11030218
1.1010684547170273	56153556.220120594
1.1029035688082225	55943394.88005461
1.1047417414229028	55630291.22262028
1.1065829776586076	55298054.80641186
1.108427282621372	54971061.45174637
1.110274661425741	54643960.88165252
1.112125119194784	54305400.336222805
1.1139786610601086	53977129.481330074
1.1158352921618757	53905942.86835546
1.117695017648812	54279393.817292236
1.1195578426782267	54783904.410454564
1.1214237724160239	55272416.39876743
1.1232928120367172	55765331.82756848
1.1251649667234453	56372748.34983983
1.1270402416679843	57100755.11623655
1.1289186420707642	57435266.3870525
1.1308001731408823	56762844.91211946
1.1326848400961171	55892540.51602817
1.1345726481629441	56218432.57317487
1.136463602576549	57571242.61460021
1.1383577085808434	58733999.651048854
1.1402549714284782	59363317.65081657
1.1421553963808588	59800778.88257273
1.1440589887081603	60122025.312462516
1.1459657536893408	60344997.733116455
1.1478756966121564	60356870.65486836
1.1497888227731765	60124443.0938184
1.1517051374777987	59891804.47120295
1.1536246460402617	59769585.44516451
1.155547353783662	59721459.187310554
1.1574732660399685	59806021.78908914
1.1594023881500348	60016267.47214077
1.1613347254636184	60405187.29164576
1.163270283339391	61062558.78699855
1.1652090671449569	61661850.20648401
1.1671510822568651	61811347.29286344
1.1690963340606266	61662096.93975838
1.1710448279507277	61287859.04103218
1.1729965693306457	60684101.411064886
1.1749515636128636	60289711.87790768
1.176909816218885	60476362.56118448
1.17887133257925	60963206.20826131
1.1808361181335487	61733301.174348176
1.182804178330438	62718483.861707866
1.1847755186276552	63565083.24064
1.1867501444920348	64144921.251415096
1.1887280613995215	64549561.81742082
1.1907092748351875	64628413.914767705
1.1926937902932462	64505715.575733446
1.1946816132770681	64292409.01269319
1.1966727492991969	63994637.21139704
1.1986672038813622	63788335.50399619
1.2006649825544977	63822167.852387
1.2026660908587554	63973567.49610477
1.20467053434352	64220849.532293305
1.206678318567426	64537786.425588086
1.2086894490983717	64796443.919758126
1.2107039315135357	64952254.270375185
1.2127217713993916	65127695.03175352
1.214742974351724	65452904.20855832
1.2167675459756435	65853473.17584836
1.218795491885603	66189163.782695405
1.2208268177054122	66451358.59326331
1.2228615290682547	66779761.23375877
1.2248996316167018	67280747.46136348
1.2269411310027298	67829413.57880467
1.2289860328877344	68286688.05260481
1.2310343429425474	68672472.47413085
1.2330860668474517	69072997.73436162
1.2351412102921975	69506461.8095764
1.2371997789760178	69917772.65625495
1.2392617786076445	70233216.19463617
1.241327214905324	70538481.515056
1.243396093596833	71123257.5277906
1.2454684204194943	72009354.1929899
1.2475442011201936	72835054.68241183
1.249623441455394	73422688.2075581
1.251706147191153	73962526.04543655
1.2537923241031383	74689710.04633038
1.2558819779766437	75557573.86360742
1.2579751146066047	76378419.2113933
1.2600717397976158	77106734.11004142
1.262171859363945	77812933.75659396
1.2642754791295518	78522642.43624763
1.266382604928101	79220646.01301931
1.2684932426029811	79829469.8665421
1.2706073980073196	80342513.37421526
1.2727250770039986	80830434.50206192
1.274846285465672	81297394.70481713
1.2769710292747813	81744614.93310246
1.2790993143235727	82139685.75056
1.2812311465141122	82491695.43992428
1.2833665317583023	82801239.95647888
1.2855054759778997	83054414.80363938
1.2876479851045295	83308237.76379298
1.2897940650797037	83604613.98536097
1.2919437218548366	83926077.46544799
1.2940969613912614	84263309.72158045
1.2962537896602468	84614750.73502721
1.298414212643014	84952232.10559493
1.3005782363307525	85256108.78103778
1.302745866724637	85538774.14472908
1.304917109835845	85783133.3153161
1.3070919716855713	85997369.55567
1.3092704583050472	86188757.11375792
1.3114525757355557	86351029.54647093
1.3136383300284484	86506408.65982711
1.3158277272451624	86661926.50933416
1.3180207734572378	86791251.53267686
1.3202174747463333	86761944.848429
1.3224178372042439	86552755.39100136
1.3246218669329177	86031401.88645634
1.3268295700444726	84935316.27470282
1.3290409526612135	83237725.38664217
1.3312560209156488	79929215.61797592
1.3334747809505083	75411113.92921773
1.3356972389187591	70318535.81035393
1.3379234009836238	64579293.583186254
1.3401532733185966	59005157.33432168
1.342386862107461	54325618.7365597
1.344624173544307	50297616.193800665
1.3468652138335475	47478255.770407856
1.3491099891899365	45835959.4749752
1.3513585058385866	44293454.223043405
1.3536107700149842	42622058.43728798
1.3558667879650093	41374067.270783015
1.358126565944951	41977822.32542758
1.360390110221526	43957520.16667545
1.3626574270718954	46703365.88935278
1.3649285227836818	50325899.2095549
1.367203403654988	53660374.3743724
1.369482075994413	55661205.46201113
1.3717645461210706	57006806.42352784
1.3740508203646056	58321320.7686706
1.3763409050652133	59504273.07235736
1.3786348065736556	58832067.95230713
1.3809325312512784	54678874.16542107
1.3832340854700305	50172868.685849726
1.3855394756124806	48809025.31832858
1.3878487080718347	49512394.73065003
1.3901617892519544	49507927.96308484
1.3924787255673745	48351430.26522816
1.3947995234433201	47535973.36943271
1.3971241893157258	48303462.87090313
1.399452729631252	49734075.42248029
1.401785150847304	50661469.67870177
1.40412145943205	51024511.83632733
1.4064616618644366	50498224.81238258
1.4088057646342107	48469303.54416819
1.4111537742419344	46397738.359872855
1.4135056971990045	46010711.83285447
1.4158615400276693	46749792.87718385
1.418221309261049	47515483.290573634
1.4205850114431506	48205614.29986148
1.4229526531288894	48960520.48900705
1.425324240884104	49923622.78721279
1.4276997812855778	50861946.60492736
1.4300792809210539	51142119.79960795
1.4324627463892556	50834171.21058786
1.4348501842999046	50791209.69490942
1.4372416012737377	51369840.099927254
1.4396370039425272	52213077.05007511
1.442036398949098	53301597.86845159
1.4444397929473467	54518903.45426393
1.4468471926022592	55496786.28623721
1.4492586045899296	56153334.59383501
1.4516740355975797	56719797.41393737
1.4540934923235755	57225557.56165919
1.4565169814774481	57626868.54033885
1.4589445097799105	57622463.31804053
1.4613760839628773	57247978.98855357
1.4638117107694821	56782793.91064538
1.466251396954098	56241237.15320791
1.4686951492823548	55759578.152062364
1.471142974531159	55577298.25807022
1.4735948794887108	55570081.85515136
1.4760508709545253	55447576.82139504
1.4785109557394496	55166862.16951653
1.4809751406656821	54897916.43727567
1.4834434325667916	54736821.129461356
1.4859158382877364	54606989.295493826
1.4883923646848827	54394202.465495296
1.490873018626024	54111663.74514587
1.493357806990401	53883990.389669135
1.4958467366687183	53764857.968986265
1.4983398145631663	53623056.27330974
1.5008370475874384	53289148.28725157
1.5033384426667507	52824818.02138333
1.505844006737862	52273416.602763824
1.5083537467490917	51627755.83437251
1.5108676696603405	51000170.29140728
1.5133857824431078	50461437.382995695
1.5159080920805128	49983518.12090533
1.518434605567314	49619640.819102705
1.5209653299099262	49348030.02626936
1.5235002721264426	49023483.639413916
1.5260394392466536	48591492.68217739
1.5285828383120648	48128187.95231415
1.5311304763759181	47666233.22752398
1.5336823605032115	47204105.73365126
1.5362384977707166	46735163.51767967
1.5387988952670015	46258036.47417161
1.5413635600924465	45776334.15050409
1.5439324993592671	45288175.018228926
1.5465057201915329	44790152.87131043
1.5490832297251855	44258977.14278159
1.5516650351080608	43700571.39256195
1.5542511434999076	43148237.438797265
1.5568415620724074	42611462.63172058
1.559436298009195	42080293.221386075
1.5620353585058768	41554238.94823794
1.5646387507700532	41029542.18336927
1.567246482021337	40494788.0572052
1.5698585594913725	39947991.340300664
1.5724749904238582	39393511.140907936
1.5750957820745648	38827255.29888211
1.5777209417113556	38256563.70175953
1.5803504766142082	37689378.102744065
1.5829843940752317	37124261.32426623
1.5856227013986908	36550048.22333137
1.5882654059010217	35961109.96526284
1.5909125149108567	35363649.54368328
1.5935640357690417	34753181.32432724
1.5962199758286568	34131600.05367252
1.598880342455038	33486726.253298216
1.6015451430257963	32815339.939488195
1.6042143849308395	32126015.736655425
1.6068880755723909	31407956.696529
1.6095662223650118	30675682.64211769
1.6122488327356201	29932945.604050547
1.614935914123513	29182907.27409685
1.6176274739803853	28443461.9798344
1.6203235197703527	27723209.593294896
1.62302405896997	27034070.933699846
1.6257290990682536	26427919.984434262
1.6284386475667005	25875911.577035848
1.6311527119793119	25376595.56738623
1.6338712998326108	24934603.38344376
1.6365944186656651	24532114.15815667
1.6393220760301082	24195194.635211855
1.642054279490158	23894207.891697045
1.644791036622642	23640629.67161988
1.6475323550170131	23418306.797023207
1.6502782422753748	23141266.825818725
1.6530287060125004	22775442.749046087
1.6557837538558546	22389115.821126018
1.6585433934456146	22012032.65945008
1.6613076324346907	21595870.722171396
1.6640764784887485	20892605.39760314
1.66684993928623	19895563.629177254
1.6696280225183737	19150292.350626983
1.6724107358892377	19045971.981322706
1.6751980871157197	19149144.666919094
1.6779900839275794	19097321.671547618
1.6807867340674587	18916188.042329464
1.6835880452909044	18661283.46773615
1.6863940253663894	18314458.573681906
1.6892046820753335	17943169.02841008
1.6920200232121256	17569434.090116616
1.694840056584146	17201228.613068424
1.6976647900117863	16877322.307433885
1.700494231328473	16602234.59395916
1.703328388380687	16363941.24873967
1.706167269027988	16186091.145034458
1.709010881143035	16017458.626041805
1.7118592326116067	15793690.79467076
1.714712331332626	15530291.862024995
1.7175701852181804	15284344.691393912
1.7204328021935444	15068925.474768138
1.7233001901972003	14841330.123493927
1.726172357180862	14556765.712916447
1.7290493111094971	14246419.237272264
1.7319310599613464	13961512.438299598
1.7348176117279486	13705104.791080697
1.737708974414162	13463042.082514366
1.7406051560381857	13241449.008951522
1.7435061646315826	13026536.297555791
1.746412008239302	12809338.071673589
1.749322694919701	12588738.650532665
1.7522382327445671	12353163.666570865
1.7551586297991415	12096478.605163865
1.7580838941821402	11829341.523266058
1.761014034005777	11547461.92534262
1.7639490573957866	11264311.082848215
1.7668889724914467	11019288.715082198
1.769833787445599	10812246.19994995
1.7727835104246752	10596374.973710287
1.7757381496087163	10351912.070136745
1.7786977131913975	10092777.026834568
1.7816622093800498	9815724.321046436
1.7846316463956833	9524417.43446919
1.7876060324730094	9218688.518429372
1.7905853758604646	8896130.792626692
1.793569684820232	8608944.246177996
1.7965589676282658	8431041.743305756
1.7995532325743133	8297929.137065862
1.802552487961937	8109760.2010585265
1.8055567421085403	7867900.652136257
1.8085660033453879	7663162.018340324
1.8115802800176304	7545598.516605992
1.8145995804843267	7461990.177424591
1.8176239131184673	7394753.957109833
1.820653286306998	7331513.315923497
1.823687708450843	7206231.224598623
1.8267271879649278	6997031.196276781
1.8297717332782029	6804498.956057395
1.8328213528336663	6708681.63561359
1.8358760550883895	6668027.595194346
1.8389358485135368	6673686.625065108
1.8420007415943929	6718958.925499177
1.8450707428303834	6724539.481620653
1.848145860735101	6644338.260416086
1.851226103836326	6519591.629362109
1.8543114806760534	6334377.187156237
1.8574019998105136	6109401.614683966
1.8604976698101978	5892673.319500455
1.8635984992598815	5693166.310083465
1.8667044967586481	5541471.350517934
1.8698156709199125	5505999.878664633
1.8729320303714458	5548923.03804534
1.8760535837553982	5719286.3917078
1.879180339728324	5999336.800712624
1.8823123069612047	6178942.581536786
1.8854494941394733	6145867.712508364
1.8885919099630393	6050754.797094952
1.8917395631463112	5981988.648615107
1.8948924624182215	5923474.835302618
1.8980506165222522	5801062.340218216
1.9012140342164559	5596011.192568403
1.9043827242734832	5415930.700838902
1.907556695480606	5345568.036221717
1.9107359566397404	5313774.501717597
1.9139205165674735	5217492.824836926
1.9171103840950858	5062417.26779865
1.9203055680685779	4931219.076694267
1.923506077348692	4857014.661353923
1.92671192081094	4802912.624046825
1.9299231073456249	4756445.682185965
1.9331396458578678	4713306.808334654
1.9363615452676308	4658566.987038667
1.9395888145097437	4590074.892840846
1.9428214625339266	4548428.609469453
1.9460594983048167	4581192.671263045
1.9493029308019916	4637695.328971503
1.952551769019995	4643222.572893057
1.9558060219683617	4604251.884208554
1.9590656986716424	4590994.712712278
1.9623308081694284	4632549.803448532
1.9656013595163775	4678764.126725319
1.9688773617822382	4681765.668899504
1.9721588240518755	4659626.8334396565
1.975445755425295	4654648.755021029
1.9787381650176707	4673039.058561538
1.9820360619593669	4690546.783263594
1.985339455395966	4694390.038810632
1.9886483544882927	4692459.8839617865
1.99196276841244	4691727.263991177
1.9952827063597942	4691727.210938576
1.9986081775370603	4685803.824028082
2.001939191166289	4669526.36157576
2.0052757564848993	4649008.336281643
2.0086178827457077	4624639.0671926495
2.011965579216951	4597638.976729839
2.0153188551823122	4568645.271697716
2.01867771994095	4537514.0338399485
2.022042182807518	4507329.805567792
2.0254122531121976	4480445.938431387
2.0287879402007176	4455263.883806063
2.0321692534343856	4431553.91593397
2.0355562021901097	4408935.138008176
2.038948795860427	4381914.231908188
2.0423470438535274	5139125.02481534
2.0457509555932836	2534935.90996406
2.049160540519272	4310006.949586202
2.0525758080868046	4271947.629006614
2.0559967677669495	4241023.121955493
2.059423429046561	4208449.6399947265
2.0628558014283054	4175141.9489607126
2.066293894430686	4140889.287997432
2.0697377175880702	4106070.3467794172
2.073187280450717	4070542.133892156
2.0766425925848018	4034463.0304026734
2.0801036635724435	3998781.3109869696
2.083570503011731	3963885.154034559
2.0870431205167503	3929357.9420722174
2.090521525717612	3895382.917351783
2.0940057282604747	3861954.7111608526
2.0974957378075754	3830205.215658124
2.1009915640372547	3800422.003673732
2.1044932166439834	3771811.5724460264
2.10800070533839	3745091.8473156365
2.1115140398472874	3719486.933191346
2.1150332299137	3695544.5781701156
2.1185582852968894	3673031.4145362615
2.1220892157723843	3651608.6022103564
2.125626031132005	3631711.860582417
2.1291687411838915	3612711.2717064037
2.1327173557525314	3595260.5875849966
2.136271884678786	3578677.4709359356
2.1398323378199176	3562016.2284634584
2.143398725049617	3545207.2023302577
2.1469710562580335	3528308.673759662
2.150549341351797	3511285.7305718716
2.15413359025405	3493554.2029497446
2.1577238129044733	3472897.6723740357
2.1613200192593145	3450064.5055002663
2.1649222192914133	3428811.3541784994
2.1685304229902322	3410341.316341721
2.172144640361883	3390692.3712210143
2.175764881429153	3365105.6394648524
2.1793911562315347	3336105.9538408355
2.183023474825254	3306613.144262781
2.1866618472832964	3276052.887528441
2.1903062836954352	3232709.7647994407
2.193956794168261	3162236.518470215
2.197613388825208	3086861.4760427596
2.201276077806584	3036467.150715789
2.2049448712695945	3007295.119191896
2.2086197793883775	2995118.2566734445
2.212300812354025	3005360.560956821
2.215987980374615	3013441.6640048344
2.2196812936752393	2997231.338511358
2.2233807624980315	2967315.075767161
2.227086397102195	2934772.8495238987
2.230798207764032	2900103.090541393
2.2345162047769724	2863714.3396702316
2.2382403984516004	2824513.212615106
2.2419707991156868	2786073.5600837977
2.245707417114213	2755561.208038325
2.249450262809403	2730653.696566664
2.2531993465807525	2701666.7889356185
2.256954678825054	2666065.4735973775
2.260716269956429	2636637.5600154274
2.2644841304063563	2630435.8442009967
2.2682582706237007	2634517.7870722236
2.2720387010747403	2625502.329173118
2.275825432243198	2602075.9404682987
2.27961847463027	2577171.4694074453
2.283417838754654	2554044.0295910533
2.2872235351525787	2533089.4660234987
2.291035574377833	2518524.8433345226
2.294853967001796	2510296.9674999574
2.298678723613466	2517561.897275979
2.302509854819488	2546033.009980991
2.3063473712441875	2565783.8879361395
2.3101912835295946	2545334.958781779
2.314041602335477	2504709.937316278
2.31789833833937	2509899.5484253205
2.321761502236602	626883.5118663462
2.3256311047403297	2448624.0144941993
2.3295071565815637	2392984.9922754695
2.3333896685092	2372854.5990793663
2.3372786512900485	2356728.1314263283
2.3411741157088657	2345039.0287495633
2.3450760725683804	2347156.1131023914
2.348984532689328	2368426.758741205
2.3528995069104766	2395933.6298223664
2.356821006088661	2427955.5506384275
2.360749041098809	2454340.330387155
2.3646836228339736	2434158.8801312465
2.3686247622053638	2369377.6921366444
2.3725724701423725	2331882.032111397
2.37652675759261	2361183.3922237754
2.380487635521931	2412844.581280992
2.3844551149144677	2460209.429828086
2.388429206772659	2503436.661869378
2.39240992211728	2539273.965336826
2.3963972719874755	2565373.2353296336
2.400391267440788	2590758.296732413
2.4043919195531895	2620361.4199182885
2.408399239419112	2651610.559771319
2.412413238151477	2680217.7447829028
2.4164339268817296	2706420.787462709
2.420461316759866	2736278.3914860743
2.4244954189544656	2773783.39888137
2.428536244652723	2813834.862804867
2.432583805060478	2853532.0578503576
2.4366381114022455	2893046.111500065
2.440699174921249	2933226.6790048755
2.4447670068794514	2974442.95857157
2.4488416185575836	3018945.9506476014
2.4529230212551796	3071513.794499109
2.457011226290605	3127278.615761574
2.4611062450010897	3178964.569110153
2.465208088742758	3225957.50132547
2.4693167688906628	3263901.474482482
2.4734322968388143	3286132.864527113
2.4775546840002125	3305423.6420369837
2.4816839418068795	3333264.5494086854
2.4858200817098908	3368112.8493502536
2.4899631151794077	3327143.4532762095
2.4941130537047065	2127867.7237067255
