0.7011666666666666	19480.002684732444
0.7023352777777778	21058.81134855599
0.7035058365740741	21905.325504935754
0.7046783463016977	22792.750863844907
0.7058528102122005	23711.691276574922
0.7070292315625542	24650.28755819575
0.7082076136151585	25601.736345180532
0.7093879596378504	26566.800766431083
0.7105702729039134	27549.879921959102
0.7117545566920868	28563.53529735102
0.7129408142865735	29496.455067087678
0.7141290489770512	30032.590171257696
0.7153192640586796	30280.92193734447
0.7165114628321108	30659.34215320058
0.7177056486034976	31280.59841320735
0.7189018246845036	32139.334178038756
0.7200999943923111	33511.468663144515
0.7213001610496316	35073.13086121196
0.7225023279847144	36104.6468959883
0.7237064985313556	36573.99331011066
0.7249126760289079	37136.913746687394
0.7261208638222895	38077.95806803517
0.7273310652619932	39033.19825736233
0.7285432837040966	39461.56374367308
0.72975752251027	39543.63336818129
0.7309737850477873	40065.769020148786
0.7321920746895336	41271.137728278096
0.7334123948140163	42470.68644954157
0.7346347488053729	43163.077275812546
0.7358591400533818	43594.85124973294
0.7370855719534709	44051.90515232026
0.7383140479067267	44546.34347654631
0.7395445713199046	45007.685480159904
0.7407771456054377	45389.707093596844
0.7420117741814469	45715.99685729779
0.7432484604717493	45931.66107014008
0.744487207905869	46060.5835665218
0.7457280199190454	46123.676115460934
0.7469708999522439	46100.24944810855
0.7482158514521644	45946.1432948699
0.7494628778712513	45485.00416557901
0.7507119826677034	44857.60674247987
0.7519631693054829	44174.167401535924
0.7532164412543255	43436.52167091324
0.7544718019897494	42609.44516319144
0.7557292549930656	41621.26193493365
0.7569888037513873	40426.53236627393
0.7582504517576398	38642.75780817498
0.7595142025105692	36290.732057224
0.7607800595147535	32585.820309076676
0.7620480262806114	27058.845113791547
0.7633181063244125	20818.532691492586
0.7645903031682866	13810.909590151965
0.7658646203402337	7018.185732461467
0.7671410613741342	3639.158042511
0.7684196298097576	3725.8749345732494
0.7697003291927741	5641.535403260167
0.770983163074762	10088.245116822767
0.77226813501322	15523.465281520452
0.7735552485715754	21409.243814766043
0.7748445073191947	27647.843443626134
0.7761359148313933	34019.2554117264
0.7774294746894457	91331.12789501587
0.7787251904805949	40485.71072662553
0.7800230657980626	55665.346324954495
0.7813231042410594	62371.71947374473
0.7826253094147945	68861.02831896774
0.7839296849304858	75131.12344664989
0.7852362344053699	81506.5240164652
0.7865449614627122	88133.21787217804
0.7878558697318168	94965.50847125071
0.7891689628480365	102237.93391864884
0.7904842444527834	109850.5179844408
0.791801718193538	117810.88220374142
0.7931213877238606	126194.29037736043
0.7944432567034004	134697.6161034372
0.795767328797906	143255.5927222845
0.7970936076792359	151938.44806766743
0.7984220970253681	161129.08750659862
0.7997528005204104	170803.6365446643
0.801085721854611	180651.2829055015
0.8024208647243688	190682.3265202058
0.8037582328322427	200662.80213743716
0.8050978298869632	210215.24592418916
0.8064396596034414	219278.01712713888
0.8077837257027807	226636.50849972415
0.8091300319122853	231803.59973219404
0.8104785819654725	235952.2863400693
0.8118293796020817	238706.0513915807
0.8131824285680851	242011.01667131894
0.8145377326156986	251579.50211327436
0.8158952955033916	266834.6452722778
0.8172551209958971	281806.58923759125
0.8186172128642236	294917.6107085001
0.819981574885664	307504.5122014818
0.8213482108438068	320291.8688937385
0.8227171245285466	334219.86605099734
0.8240883197360943	356001.77032085473
0.8254618002689877	387418.1160933092
0.8268375699361028	416145.99099773413
0.828215632552663	433198.1546817037
0.8295959919402508	445763.6344830219
0.830978651926818	462225.3296369645
0.832363616346696	482306.03620563
0.8337508890406071	502269.98768691195
0.8351404738556749	521251.3660805585
0.8365323746454344	541753.7752999989
0.8379265952698435	568565.5408408472
0.8393231395952933	599458.6607310785
0.8407220114946187	631154.6941419229
0.8421232148471098	663510.5894956669
0.8435267535385217	696783.9315503587
0.8449326314610859	731906.3653737276
0.8463408525135211	767948.0610561352
0.8477514206010437	804417.91903222
0.8491643396353787	841372.6997275025
0.8505796135347711	879945.5549990328
0.8519972462239958	921149.7935208188
0.8534172416343692	963398.7609345239
0.8548396037037598	1006420.0142254904
0.8562643363765994	1050059.547096714
0.8576914436038937	1094667.6113746187
0.8591209293432337	1140401.5091463185
0.8605527975588058	1186664.8794032752
0.8619870522214037	1233594.0663943887
0.8634236973084395	1281131.221546744
0.8648627368039535	1330094.6394384787
0.8663041746986269	1380267.2338204847
0.8677480149897913	1430473.5717483817
0.8691942616814409	1480482.7949523055
0.8706429187842434	1531394.8618815013
0.8720939903155505	1585377.5260114104
0.8735474802994098	1641401.0617400012
0.8750033927665755	1698700.7345772963
0.8764617317545198	1757361.3347185801
0.8779225013074441	1816700.0325467219
0.8793857054762898	1876921.046282342
0.8808513483187503	1937140.1340678553
0.8823194338992816	1995432.8510007644
0.8837899662891138	2050722.50746299
0.8852629495662623	2090132.2519328569
0.8867383878155394	2103553.830682102
0.8882162851285654	2086055.9940903448
0.8896966456037797	1992395.4064421735
0.8911794733464526	1863583.6453492562
0.8926647724686968	1799839.6575328314
0.894152547089478	1813878.337500727
0.8956428013346271	1839860.33206205
0.8971355393368516	1860959.625947739
0.8986307652357465	1904293.122386075
0.9001284831778059	2059031.6088613558
0.9016286973164357	2301644.4075895003
0.9031314118119631	2520028.4090007218
0.9046366308316498	2683601.214008481
0.9061443585497025	2806218.701432886
0.9076545991472854	2847014.591013228
0.9091673568125309	2843767.7191251623
0.9106826357405519	2857804.2756196717
0.9122004401334528	2892921.757338177
0.9137207742003418	2906083.310184229
0.9152436421573426	2863119.5081199026
0.9167690482276047	2833459.4878867953
0.9182969966413176	2963448.562403881
0.9198274916357196	3210014.923192556
0.9213605374551126	3351819.504104176
0.9228961383508711	3306978.749151484
0.924434298581456	3064688.084995649
0.9259750224124251	2368869.9352174876
0.9275183141164459	1476467.3917160213
0.9290641779733066	951724.5703852008
0.9306126182699289	847865.9517748062
0.9321636393003788	848638.2559760995
0.9337172453658794	920126.2795460718
0.9352734407748227	1048807.5431357464
0.9368322298427807	1307729.2764580473
0.9383936168925188	1655021.2526464432
0.9399576062540064	1884055.3427316756
0.9415242022644297	1919617.851907226
0.9430934092682037	1900710.5577819692
0.9446652316169841	1869616.254388213
0.9462396736696792	1831524.050798793
0.947816739792462	1790361.163185107
0.9493964343587827	1748293.4678931432
0.9509787617493808	1738815.8049276497
0.9525637263522965	1797653.0543418517
0.9541513325628838	1852757.2421047182
0.9557415847838219	1782138.9863087477
0.9573344874251283	1627333.914661503
0.9589300449041701	1580692.0943497282
0.9605282616456772	1707419.5842046158
0.9621291420817533	1897408.8655316688
0.9637326906518895	2143877.189139166
0.9653389118029762	2427332.2014979925
0.9669478099893144	2753971.0657714014
0.96855938967263	3118045.216885167
0.9701736553220844	3391543.541785276
0.971790611414288	3467177.5430004722
0.9734102624333119	3494260.814847088
0.9750326128707006	3621171.0777509846
0.9766576672254852	3826008.9390716273
0.9782854300041944	4062590.977240446
0.9799159057208682	4334651.212768491
0.9815490988970695	4621193.080993234
0.9831850140618982	4923682.243216679
0.9848236557520013	5246920.432254919
0.986465028511588	5644370.020169524
0.9881091368924407	6115101.281496079
0.9897559854539281	6563752.35287894
0.991405578763018	6944974.643312534
0.9930579213942898	7296455.457631688
0.994713017929947	7624148.364604636
0.9963708729598303	7927084.527951444
0.9980314910814301	8155285.384305785
0.9996948768998991	8284540.093511999
1.0013610350280657	8493425.082791412
1.0030299700864458	8990173.622399818
1.0047016867032565	9620949.427075412
1.0063761895144285	10183569.140896205
1.0080534831636194	10673501.027424805
1.0097335723022256	11186205.970925009
1.011416461589396	11763791.30881387
1.013102155692045	12351354.589994978
1.014790659284865	12887582.556179097
1.01648197705034	13386840.28372023
1.018176113678757	13878644.33217184
1.0198730738682218	14365400.56597857
1.021572862324669	14878480.884294698
1.0232754837618767	15465554.455892835
1.0249809429014798	16090046.181339681
1.0266892444729823	16718119.203133302
1.0284003932137706	17343290.43163753
1.030114393869127	17899586.012251142
1.0318312511922423	18325111.175666977
1.0335509699442293	18735714.24314109
1.0352735548941365	19258520.743943673
1.0369990108189602	19851678.27785779
1.0387273425036585	20382387.77289793
1.0404585547411644	20820401.350109644
1.0421926523323999	21235819.18058497
1.0439296400862872	21645754.14826985
1.0456695228197646	22051987.14968609
1.0474123053577973	22450986.11200248
1.0491579925333938	22843265.339310087
1.0509065891876161	23235694.201636434
1.0526581001695956	23629074.602580704
1.0544125303365448	23989692.358548157
1.0561698845537726	24225199.10029542
1.0579301676946955	24381306.295918707
1.0596933846408534	24573118.54901926
1.0614595402819214	24818478.38780772
1.0632286395157247	25030317.966481388
1.065000687248251	25124507.829495206
1.0667756883936648	25165850.68192126
1.068553647874321	25219415.4237821
1.070334570620778	25283560.040217917
1.072118461571813	25311218.58098238
1.0739053256744326	25270261.225769915
1.07569516788389	25228864.22331561
1.0774879931636965	25266733.814928863
1.079283806485636	25329363.774448454
1.0810826128297788	25170838.128582943
1.0828844171844951	24711216.728184514
1.0846892245464692	23895862.84738009
1.0864970399207134	22340783.68366202
1.0883078683205814	20335703.35490847
1.0901217147677824	17749493.151151434
1.0919385842923954	14676565.30382267
1.0937584819328827	11946707.941715444
1.0955814127361043	9942700.142949663
1.0974073817573313	8213241.711763236
1.09923639406026	6657666.5461991215
1.1010684547170273	5251302.922688194
1.1029035688082225	4163585.5874088914
1.1047417414229028	3466227.7133554956
1.1065829776586076	2879318.117753377
1.108427282621372	2369318.7065153304
1.110274661425741	1912440.8770523868
1.112125119194784	1553229.8372391819
1.1139786610601086	1289142.4801555187
1.1158352921618757	1151935.0998458695
1.117695017648812	1215124.4156204276
1.1195578426782267	1350592.405351978
1.1214237724160239	1525090.9020029714
1.1232928120367172	1724456.4654557277
1.1251649667234453	1930363.0211683544
1.1270402416679843	2133412.3252582927
1.1289186420707642	2154832.221022618
1.1308001731408823	1739586.6681870648
1.1326848400961171	1235211.7393172728
1.1345726481629441	1233467.9375656005
1.136463602576549	1665884.6658075133
1.1383577085808434	2048868.3163625947
1.1402549714284782	2258909.396274341
1.1421553963808588	2403006.336807038
1.1440589887081603	2496721.5576632107
1.1459657536893408	2545274.4826961323
1.1478756966121564	2484222.7004768522
1.1497888227731765	2294513.7898437055
1.1517051374777987	2077166.0592256766
1.1536246460402617	1853292.876403864
1.155547353783662	1652472.736781325
1.1574732660399685	1577522.527847176
1.1594023881500348	1612876.4383614825
1.1613347254636184	1699128.869817769
1.163270283339391	1848247.817057675
1.1652090671449569	2000567.7091880187
1.1671510822568651	2103193.3967959154
1.1690963340606266	2173464.426567777
1.1710448279507277	2223574.8383451784
1.1729965693306457	2257797.1059057172
1.1749515636128636	2393844.269760562
1.176909816218885	2771303.1331771426
1.17887133257925	3295122.8306959798
1.1808361181335487	4037914.9276851206
1.182804178330438	4953800.637978683
1.1847755186276552	5816740.501606255
1.1867501444920348	6562970.963180039
1.1887280613995215	7308909.260433379
1.1907092748351875	8157819.38376639
1.1926937902932462	9083257.223357484
1.1946816132770681	10122320.292873472
1.1966727492991969	11286176.637176106
1.1986672038813622	12463589.194642175
1.2006649825544977	13619902.009502053
1.2026660908587554	14804247.246085742
1.20467053434352	16153306.621415878
1.206678318567426	17611243.70842343
1.2086894490983717	18808007.795515817
1.2107039315135357	19576242.346378975
1.2127217713993916	20373761.165842015
1.214742974351724	21629595.151274256
1.2167675459756435	23104491.507593587
1.218795491885603	24301385.929256573
1.2208268177054122	25179277.809511036
1.2228615290682547	26147026.822904177
1.2248996316167018	27431711.056139193
1.2269411310027298	28818920.92979638
1.2289860328877344	30104417.60300901
1.2310343429425474	31310863.34743594
1.2330860668474517	32547403.029295266
1.2351412102921975	33833867.01744499
1.2371997789760178	34862909.15931931
1.2392617786076445	35057033.53592851
1.241327214905324	34948137.966388084
1.243396093596833	35874779.45649903
1.2454684204194943	37905936.40858729
1.2475442011201936	39231357.660672165
1.249623441455394	38652938.471352525
1.251706147191153	37878902.97164631
1.2537923241031383	39434118.768001676
1.2558819779766437	42689017.11914071
1.2579751146066047	44943145.28719442
1.2600717397976158	45426197.0606427
1.262171859363945	45349533.07382495
1.2642754791295518	44958163.08900216
1.266382604928101	44314579.32572174
1.2684932426029811	43140755.06768391
1.2706073980073196	41431481.07680378
1.2727250770039986	39963900.345842496
1.274846285465672	39182200.17333171
1.2769710292747813	38441031.33991041
1.2790993143235727	36785892.20843767
1.2812311465141122	34446296.56385913
1.2833665317583023	32143487.10515378
1.2855054759778997	29999187.42218227
1.2876479851045295	28099591.46576317
1.2897940650797037	26804702.948550723
1.2919437218548366	25830693.017179828
1.2940969613912614	24879676.30207503
1.2962537896602468	23939751.89526743
1.298414212643014	23057158.72381376
1.3005782363307525	22289855.297125302
1.302745866724637	21603763.01337224
1.304917109835845	21083391.65749143
1.3070919716855713	20652732.185549982
1.3092704583050472	19927707.971665695
1.3114525757355557	18772675.611802816
1.3136383300284484	17686333.905034672
1.3158277272451624	17095841.005040504
1.3180207734572378	16622882.605081404
1.3202174747463333	15328048.108718282
1.3224178372042439	13182042.265930928
1.3246218669329177	10861474.211490912
1.3268295700444726	8452324.282668367
1.3290409526612135	6097915.5589913
1.3312560209156488	4098523.4798819134
1.3334747809505083	2405644.688999453
1.3356972389187591	1209863.2104242728
1.3379234009836238	680024.5921089216
1.3401532733185966	365146.7231625775
1.342386862107461	214254.37188312376
1.344624173544307	149301.58390149535
1.3468652138335475	107887.02331817744
1.3491099891899365	86237.73717347955
1.3513585058385866	67236.23086945375
1.3536107700149842	47871.45482542304
1.3558667879650093	31218.56327939826
1.358126565944951	25821.37921697313
1.360390110221526	28716.137933996768
1.3626574270718954	35664.162258764445
1.3649285227836818	47125.95991268974
1.367203403654988	56746.11740735781
1.369482075994413	58542.21816891673
1.3717645461210706	60105.05930005978
1.3740508203646056	82082.16150826939
1.3763409050652133	122418.35457004812
1.3786348065736556	141978.53819898985
1.3809325312512784	117185.74882317102
1.3832340854700305	83742.063423021
1.3855394756124806	74259.79913396081
1.3878487080718347	80731.5321159133
1.3901617892519544	82957.1993823223
1.3924787255673745	77845.37179749623
1.3947995234433201	73636.88699838311
1.3971241893157258	76139.67921603232
1.399452729631252	82042.29483303128
1.401785150847304	89075.64330977554
1.40412145943205	96753.75147129063
1.4064616618644366	100231.0430430701
1.4088057646342107	95754.57889730524
1.4111537742419344	89830.09044437371
1.4135056971990045	88216.69351384652
1.4158615400276693	89725.5218389433
1.418221309261049	93236.9436248262
1.4205850114431506	99486.44140302381
1.4229526531288894	116299.31719794698
1.425324240884104	158933.31480670712
1.4276997812855778	206632.47749746393
1.4300792809210539	216848.91042906875
1.4324627463892556	192839.61192151555
1.4348501842999046	177008.6060286819
1.4372416012737377	184278.8873061558
1.4396370039425272	206046.922381366
1.442036398949098	254036.48947430396
1.4444397929473467	321561.7743297535
1.4468471926022592	410033.27363928204
1.4492586045899296	523570.7683073833
1.4516740355975797	642613.1024265335
1.4540934923235755	762180.7002018157
1.4565169814774481	866512.4931087104
1.4589445097799105	889164.7407961875
1.4613760839628773	838050.1596930801
1.4638117107694821	780682.0323490847
1.466251396954098	729136.3897671998
1.4686951492823548	700627.8945252397
1.471142974531159	748082.0403366514
1.4735948794887108	843096.0583814488
1.4760508709545253	933790.158799595
1.4785109557394496	1014100.6002971112
1.4809751406656821	1076131.9105723454
1.4834434325667916	1098122.9980245752
1.4859158382877364	1117547.8173220872
1.4883923646848827	1214194.5567732318
1.490873018626024	1379325.7102766878
1.493357806990401	1548072.2097860794
1.4958467366687183	1708370.8667745804
1.4983398145631663	1855475.7312824188
1.5008370475874384	1965095.8130391522
1.5033384426667507	2055393.8682558264
1.505844006737862	2174726.893793109
1.5083537467490917	2332073.700565973
1.5108676696603405	2514070.1401173496
1.5133857824431078	2737488.614664931
1.5159080920805128	2994391.4379053214
1.518434605567314	3328498.7951465407
1.5209653299099262	3728096.3715651934
1.5235002721264426	4125340.636281423
1.5260394392466536	4505889.792150795
1.5285828383120648	4902346.068222689
1.5311304763759181	5368433.203896353
1.5336823605032115	5877003.552054414
1.5362384977707166	6387267.676732264
1.5387988952670015	6900948.110521402
1.5413635600924465	7511391.391067271
1.5439324993592671	8346534.637857635
1.5465057201915329	9218355.405460121
1.5490832297251855	9808491.084651645
1.5516650351080608	10167209.741399309
1.5542511434999076	10600848.821575174
1.5568415620724074	11200858.389395583
1.559436298009195	11848628.996571677
1.5620353585058768	12496411.446286399
1.5646387507700532	13143709.612734325
1.567246482021337	13786577.20720259
1.5698585594913725	14421767.874643132
1.5724749904238582	15009979.042523725
1.5750957820745648	15492998.11077104
1.5777209417113556	15962484.105046134
1.5803504766142082	16569678.911656827
1.5829843940752317	17265742.36434952
1.5856227013986908	17681773.921980396
1.5882654059010217	17630141.011904817
1.5909125149108567	17448845.827014662
1.5935640357690417	17267155.86077955
1.5962199758286568	17046299.612506706
1.598880342455038	16552933.047514584
1.6015451430257963	15746563.131886873
1.6042143849308395	14816392.834980909
1.6068880755723909	13734224.611812405
1.6095662223650118	12604985.606340842
1.6122488327356201	11541505.439484343
1.614935914123513	10535570.714840006
1.6176274739803853	9573995.102652112
1.6203235197703527	8675753.335233353
1.62302405896997	7869365.765963214
1.6257290990682536	7299670.447714454
1.6284386475667005	6900349.120298256
1.6311527119793119	6754940.745164588
1.6338712998326108	6883787.041733481
1.6365944186656651	7074201.147871035
1.6393220760301082	7296397.80848117
1.642054279490158	7524282.1576977
1.644791036622642	7721565.334467406
1.6475323550170131	7883004.039952334
1.6502782422753748	7919932.79937576
1.6530287060125004	7771860.565997075
1.6557837538558546	7610609.973235806
1.6585433934456146	7557763.672487654
1.6613076324346907	7443992.674836214
1.6640764784887485	6544398.66225608
1.66684993928623	4828977.50870394
1.6696280225183737	3649155.680411559
1.6724107358892377	3900212.18535867
1.6751980871157197	4666094.969234896
1.6779900839275794	5308954.967298134
1.6807867340674587	5814638.436145491
1.6835880452909044	5967190.960551196
1.6863940253663894	5609829.105687086
1.6892046820753335	5154750.377552874
1.6920200232121256	4796303.031064841
1.694840056584146	4502487.748596899
1.6976647900117863	4290430.630855465
1.700494231328473	4168891.9405426453
1.703328388380687	4171072.0589795103
1.706167269027988	4399747.763987354
1.709010881143035	4651042.720095652
1.7118592326116067	4642812.0775409965
1.714712331332626	4446635.01385207
1.7175701852181804	4312947.981834342
1.7204328021935444	4294471.148065547
1.7233001901972003	4234572.354269992
1.726172357180862	3971277.2993057356
1.7290493111094971	3616772.355840803
1.7319310599613464	3355829.41769351
1.7348176117279486	3196841.9616494584
1.737708974414162	3049071.709456261
1.7406051560381857	2892402.357657408
1.7435061646315826	2743127.990648713
1.746412008239302	2637966.0779069136
1.749322694919701	2558334.2760394975
1.7522382327445671	2416719.594615128
1.7551586297991415	2183356.8890841464
1.7580838941821402	1938557.1587172651
1.761014034005777	1724365.9288526948
1.7639490573957866	1530091.046684463
1.7668889724914467	1362098.2314026486
1.769833787445599	1220662.089761905
1.7727835104246752	1093607.922036598
1.7757381496087163	987369.9350769557
1.7786977131913975	889758.9200582051
1.7816622093800498	797699.3498145209
1.7846316463956833	707929.8682685355
1.7876060324730094	604116.2469897243
1.7905853758604646	481648.5260674352
1.793569684820232	387687.39194436546
1.7965589676282658	384832.8265597966
1.7995532325743133	417948.26785559766
1.802552487961937	396771.6934692262
1.8055567421085403	322190.5659527684
1.8085660033453879	272330.6399132561
1.8115802800176304	285273.7667136062
1.8145995804843267	317368.6753803673
1.8176239131184673	340240.5219086356
1.820653286306998	352092.6626033894
1.823687708450843	324966.0361403518
1.8267271879649278	246396.4179570625
1.8297717332782029	172670.00561048137
1.8328213528336663	143645.45935101117
1.8358760550883895	141131.1642269668
1.8389358485135368	165676.1564589573
1.8420007415943929	214222.41179799638
1.8450707428303834	248461.94858340657
1.848145860735101	249241.33669006886
1.851226103836326	236134.37336959335
1.8543114806760534	212648.34578083927
1.8574019998105136	182133.83567409148
1.8604976698101978	150756.19568558194
1.8635984992598815	119365.48625008955
1.8667044967586481	96967.2228095185
1.8698156709199125	98325.08236029807
1.8729320303714458	122600.98815486267
1.8760535837553982	210580.51205494787
1.879180339728324	354228.6974017024
1.8823123069612047	450927.64346160874
1.8854494941394733	447381.3606583703
1.8885919099630393	427629.1427148259
1.8917395631463112	468635.5165198154
1.8948924624182215	541634.0910947996
1.8980506165222522	544583.2979374215
1.9012140342164559	453825.7705728255
1.9043827242734832	367463.663983893
1.907556695480606	343949.68079327873
1.9107359566397404	349910.23694220564
1.9139205165674735	358126.3032482225
1.9171103840950858	365955.0793631447
1.9203055680685779	354644.28502419626
1.923506077348692	309065.69100700953
1.92671192081094	257889.97106654028
1.9299231073456249	225803.57336014655
1.9331396458578678	207559.44338972794
1.9363615452676308	200898.09164622222
1.9395888145097437	208017.81435422503
1.9428214625339266	224284.722346071
1.9460594983048167	256263.82925339104
1.9493029308019916	291567.67826997914
1.952551769019995	307299.03337587696
1.9558060219683617	307186.4521998302
1.9590656986716424	330345.7933484263
1.9623308081694284	397683.57384327555
1.9656013595163775	467943.79305574775
1.9688773617822382	500360.566656129
1.9721588240518755	511756.9181681125
1.975445755425295	545738.8931337906
1.9787381650176707	609616.1862228338
1.9820360619593669	676704.1454942599
1.985339455395966	736875.6645896239
1.9886483544882927	798895.9447011404
1.99196276841244	885321.2875927268
1.9952827063597942	991494.4575766795
1.9986081775370603	1077880.7837894047
2.001939191166289	1126261.6600956223
2.0052757564848993	1170758.9473461832
2.0086178827457077	1240973.427686208
2.011965579216951	1326454.6849202835
2.0153188551823122	1406966.7848785354
2.01867771994095	1479531.3344090064
2.022042182807518	1538424.1588241595
2.0254122531121976	1568390.5481281322
2.0287879402007176	1595886.599456762
2.0321692534343856	1671998.7411900414
2.0355562021901097	1789954.2600915032
2.038948795860427	1909135.383722679
2.0423470438535274	2021698.6720822435
2.0457509555932836	2119299.5467544487
2.049160540519272	2173051.1986990543
2.0525758080868046	2202975.999444647
2.0559967677669495	2251099.6888115252
2.059423429046561	2322168.9647510443
2.0628558014283054	2386706.5623204564
2.066293894430686	2400085.892929079
2.0697377175880702	5235334.69380676
2.073187280450717	2287641.574967485
2.0766425925848018	2429797.8351317346
2.0801036635724435	2428266.350531262
2.083570503011731	2459298.302965635
2.0870431205167503	2489906.2328056293
2.090521525717612	2489303.991320575
2.0940057282604747	2470108.3585877614
2.0974957378075754	2449296.0089434055
2.1009915640372547	2428055.600374719
2.1044932166439834	2408712.36249289
2.10800070533839	2393855.3897707392
2.1115140398472874	2377999.884012527
2.1150332299137	2349063.6909146938
2.1185582852968894	2310121.7288296293
2.1220892157723843	2278557.9904732117
2.125626031132005	2260497.689774487
2.1291687411838915	2243537.013706315
2.1327173557525314	2218231.1867339513
2.136271884678786	2187239.6080789906
2.1398323378199176	2150276.4318469116
2.143398725049617	2106759.074813273
2.1469710562580335	2059409.4538414076
2.150549341351797	2006179.0350093406
2.15413359025405	1948265.487338111
2.1577238129044733	1879949.9211443015
2.1613200192593145	1804933.593605817
2.1649222192914133	1746076.9432029354
2.1685304229902322	1713372.6351535846
2.172144640361883	1679398.6262331514
2.175764881429153	1619735.6229443331
2.1793911562315347	1544841.1422965268
2.183023474825254	1464641.9437123188
2.1866618472832964	1377223.8228649097
2.1903062836954352	1249461.2388616868
2.193956794168261	1037575.9513908243
2.197613388825208	817749.9297115792
2.201276077806584	707259.8641951154
2.2049448712695945	686307.9884829588
2.2086197793883775	707778.9403650168
2.212300812354025	779440.9357231939
2.215987980374615	841873.5879827228
2.2196812936752393	836555.2052711346
2.2233807624980315	793491.3269111917
2.227086397102195	746016.2031403031
2.230798207764032	695912.3168058619
2.2345162047769724	644426.2111311662
2.2382403984516004	591049.9552386112
2.2419707991156868	539928.7029548672
2.245707417114213	501671.2998649235
2.249450262809403	473292.20727716887
2.2531993465807525	446181.0807624705
2.256954678825054	419847.1936707751
2.260716269956429	402609.06377586426
2.2644841304063563	411645.6665727743
2.2682582706237007	431889.79744633514
2.2720387010747403	434745.6806684032
2.275825432243198	386760.8192985706
2.27961847463027	642789.650369087
2.283417838754654	376849.448641582
2.2872235351525787	359561.46702851227
2.291035574377833	346292.8390790246
2.294853967001796	340569.9606953522
2.298678723613466	367277.3779350004
2.302509854819488	439548.58954612
2.3063473712441875	504725.05892782495
2.3101912835295946	516957.93359373277
2.314041602335477	497078.90615282103
2.31789833833937	449846.2678351027
2.321761502236602	377161.6598562592
2.3256311047403297	320009.24098753976
2.3295071565815637	302120.3945293685
2.3333896685092	297175.4680498229
2.3372786512900485	287462.74219969305
2.3411741157088657	275561.05774443015
2.3450760725683804	277112.18497864786
2.348984532689328	298327.93182868394
2.3528995069104766	330114.2508398209
2.356821006088661	378216.57815408363
2.360749041098809	424274.047689832
2.3646836228339736	409613.67248639674
2.3686247622053638	335596.30024340353
2.3725724701423725	283053.7636395991
2.37652675759261	290344.5260779989
2.380487635521931	322238.50283223635
2.3844551149144677	368435.52413957135
2.388429206772659	423352.7839277435
2.39240992211728	468131.48225035524
2.3963972719874755	497592.48346018855
2.400391267440788	520213.5566955844
2.4043919195531895	533854.2656119298
2.408399239419112	540461.1155151664
2.412413238151477	532332.803320592
2.4164339268817296	511471.64658000675
2.420461316759866	510579.0788115878
2.4244954189544656	551379.295833321
2.428536244652723	597851.8900971912
2.432583805060478	611158.5470528854
2.4366381114022455	600665.0331089161
2.440699174921249	583536.5215461259
2.4447670068794514	560817.4412372172
2.4488416185575836	553947.4996957243
2.4529230212551796	592753.3831539842
2.457011226290605	646929.8082827315
2.4611062450010897	663664.5592688051
2.465208088742758	642767.7637987067
2.4693167688906628	605927.1232744438
2.4734322968388143	549313.9901803049
2.4775546840002125	494643.60615308426
2.4816839418068795	472146.10230285634
2.4858200817098908	470088.7020461407
2.4899631151794077	447010.53073423187
2.4941130537047065	271882.0129992129
