0.7011666666666666	76854.17795043436
0.7023352777777778	82863.50378481526
0.7035058365740741	86101.91953086635
0.7046783463016977	89526.22612451462
0.7058528102122005	93040.88261628496
0.7070292315625542	96599.61226095264
0.7082076136151585	100115.61335202781
0.7093879596378504	103582.2240551074
0.7105702729039134	107043.51483623243
0.7117545566920868	110500.77149355794
0.7129408142865735	113538.15793061502
0.7141290489770512	114781.81356674741
0.7153192640586796	114721.320935827
0.7165114628321108	115211.7390146902
0.7177056486034976	116728.35063175092
0.7189018246845036	118800.42762634782
0.7200999943923111	121727.82540599498
0.7213001610496316	124848.26706967068
0.7225023279847144	126326.84405281702
0.7237064985313556	126075.81990580638
0.7249126760289079	125942.17188449706
0.7261208638222895	126622.69187609955
0.7273310652619932	127181.18753644958
0.7285432837040966	125974.48528257027
0.72975752251027	123579.86349990885
0.7309737850477873	122376.56568058448
0.7321920746895336	123059.0360859443
0.7334123948140163	123721.41528520982
0.7346347488053729	122977.57253022747
0.7358591400533818	121535.55330548369
0.7370855719534709	120319.01383855214
0.7383140479067267	119365.08801215203
0.7395445713199046	118326.48099448108
0.7407771456054377	117035.21786042613
0.7420117741814469	115611.71380397171
0.7432484604717493	114025.96061325919
0.744487207905869	112311.11294397549
0.7457280199190454	110480.78600355718
0.7469708999522439	108495.68380888464
0.7482158514521644	106254.41042478241
0.7494628778712513	103404.92860812238
0.7507119826677034	100267.43854392933
0.7519631693054829	97266.84976649596
0.7532164412543255	94407.20960996514
0.7544718019897494	91391.89231831877
0.7557292549930656	88026.09088350457
0.7569888037513873	84185.5867523951
0.7582504517576398	78966.54990737661
0.7595142025105692	72467.22341565622
0.7607800595147535	63247.06163263449
0.7620480262806114	50406.94029670915
0.7633181063244125	36812.77240202029
0.7645903031682866	23508.051992938563
0.7658646203402337	11391.600274396811
0.7671410613741342	5377.522345015031
0.7684196298097576	-5554.813358816443
0.7697003291927741	8697.973984481556
0.770983163074762	15832.966852905385
0.77226813501322	25683.001468644776
0.7735552485715754	38411.116752682035
0.7748445073191947	53194.47916335194
0.7761359148313933	68675.96072299866
0.7774294746894457	84851.96674357282
0.7787251904805949	100959.96555128056
0.7800230657980626	116436.05467988939
0.7813231042410594	131587.90792326964
0.7826253094147945	146595.13098172203
0.7839296849304858	161513.6275391568
0.7852362344053699	176930.14160298405
0.7865449614627122	193294.81556504776
0.7878558697318168	210363.49524998938
0.7891689628480365	228845.00325201915
0.7904842444527834	248438.71451418058
0.791801718193538	269336.645462635
0.7931213877238606	291852.58035206364
0.7944432567034004	315056.81953802553
0.795767328797906	339083.86174221575
0.7970936076792359	363865.7643960169
0.7984220970253681	390544.8089199421
0.7997528005204104	419032.2705608081
0.801085721854611	448325.47669693164
0.8024208647243688	478604.97547808633
0.8037582328322427	508929.11888393154
0.8050978298869632	538167.7810355182
0.8064396596034414	566238.1606729627
0.8077837257027807	590579.0272215207
0.8091300319122853	610200.3290087379
0.8104785819654725	629150.0806068871
0.8118293796020817	648949.390677235
0.8131824285680851	672329.6177434467
0.8145377326156986	712380.4458056202
0.8158952955033916	766982.3889342978
0.8172551209958971	814249.3291051562
0.8186172128642236	845047.5800162053
0.819981574885664	875772.8435099463
0.8213482108438068	924794.9870871662
0.8227171245285466	987860.3858814461
0.8240883197360943	1068271.4142134597
0.8254618002689877	1168728.3310112297
0.8268375699361028	1260410.7359687032
0.828215632552663	1319869.162596086
0.8295959919402508	1368146.315122875
0.830978651926818	1433277.2797325798
0.832363616346696	1513451.1276533925
0.8337508890406071	1588846.586486973
0.8351404738556749	1652643.0343391092
0.8365323746454344	1719305.3077564032
0.8379265952698435	1808259.2844377356
0.8393231395952933	1911866.1323704855
0.8407220114946187	2019961.2656127003
0.8421232148471098	2132441.62839894
0.8435267535385217	2249081.8309879266
0.8449326314610859	2373480.942112319
0.8463408525135211	2501861.650017142
0.8477514206010437	2632726.7600623174
0.8491643396353787	2766381.7776918244
0.8505796135347711	2908772.4090967425
0.8519972462239958	3065365.8292687805
0.8534172416343692	3226675.458874075
0.8548396037037598	3389171.4007962495
0.8562643363765994	3552081.4244083674
0.8576914436038937	3712370.0110023306
0.8591209293432337	3868943.8512980915
0.8605527975588058	4015760.8815336972
0.8619870522214037	4141064.987141382
0.8634236973084395	4264991.309459554
0.8648627368039535	4426536.6819378985
0.8663041746986269	4619528.641683517
0.8677480149897913	4804615.375878078
0.8691942616814409	4970312.417854507
0.8706429187842434	5135343.341431445
0.8720939903155505	5316552.125571097
0.8735474802994098	5508172.151502117
0.8750033927665755	5704195.393900473
0.8764617317545198	5904708.394014118
0.8779225013074441	6108590.678578171
0.8793857054762898	6317983.105412339
0.8808513483187503	6528185.672755769
0.8823194338992816	6730730.610062221
0.8837899662891138	6921320.86914642
0.8852629495662623	7048883.413985687
0.8867383878155394	7073557.518527224
0.8882162851285654	6983711.167296751
0.8896966456037797	6617898.177642566
0.8911794733464526	6135486.259439605
0.8926647724686968	5963583.730944989
0.894152547089478	6156427.518165035
0.8956428013346271	6355794.052400102
0.8971355393368516	6420196.431695458
0.8986307652357465	6503462.4725932935
0.9001284831778059	6926182.786906414
0.9016286973164357	7618113.112231891
0.9031314118119631	8239937.113209095
0.9046366308316498	8700885.707200605
0.9061443585497025	9053599.306685744
0.9076545991472854	9203979.862334581
0.9091673568125309	9235724.171605617
0.9106826357405519	9244335.856129507
0.9122004401334528	9231430.581287373
0.9137207742003418	9155063.614238596
0.9152436421573426	8948672.883276474
0.9167690482276047	8792074.703468127
0.9182969966413176	9090715.397562152
0.9198274916357196	9720918.148030404
0.9213605374551126	10046135.567178736
0.9228961383508711	9830783.092454094
0.924434298581456	9087761.179140713
0.9259750224124251	7167397.788908525
0.9275183141164459	4759351.1299850065
0.9290641779733066	3454010.3565087127
0.9306126182699289	3397928.3070041155
0.9321636393003788	3541039.466075967
0.9337172453658794	3654111.946783214
0.9352734407748227	3813996.5372398724
0.9368322298427807	4228897.34715402
0.9383936168925188	4825732.775529647
0.9399576062540064	5269380.602464742
0.9415242022644297	5452119.323060832
0.9430934092682037	5568298.255452009
0.9446652316169841	5688484.856716652
0.9462396736696792	5794041.381462893
0.947816739792462	5791249.2103727
0.9493964343587827	5679886.031803294
0.9509787617493808	5675512.8124566255
0.9525637263522965	5931803.308221904
0.9541513325628838	6177000.401126299
0.9557415847838219	5955822.44722905
0.9573344874251283	5415528.950342349
0.9589300449041701	5209587.904267717
0.9605282616456772	5545206.590449356
0.9621291420817533	5992438.945618293
0.9637326906518895	6364224.785692471
0.9653389118029762	6707790.242466721
0.9669478099893144	7124744.53453478
0.96855938967263	7612386.335597422
0.9701736553220844	7980353.216735134
0.971790611414288	8079906.7680305885
0.9734102624333119	8110688.6614058195
0.9750326128707006	8264814.884709212
0.9766576672254852	8517837.232616436
0.9782854300041944	8833700.18533519
0.9799159057208682	9227117.39281524
0.9815490988970695	9642505.333102662
0.9831850140618982	10065445.231354998
0.9848236557520013	10518198.170190673
0.986465028511588	11125467.203089403
0.9881091368924407	11884719.89349116
0.9897559854539281	12578277.835646467
0.991405578763018	13092929.739241313
0.9930579213942898	13562540.349201085
0.994713017929947	14107473.30831509
0.9963708729598303	14690359.027658194
0.9980314910814301	15114241.129238533
0.9996948768998991	15313961.012456423
1.0013610350280657	15624023.438400857
1.0030299700864458	16390912.984013412
1.0047016867032565	17365832.69555682
1.0063761895144285	18205287.499458555
1.0080534831636194	18903871.751666624
1.0097335723022256	19660974.15159512
1.011416461589396	20572512.17931557
1.013102155692045	21531048.12235144
1.014790659284865	22460357.648254808
1.01648197705034	23365549.263693962
1.018176113678757	24241794.84224912
1.0198730738682218	25079252.894003432
1.021572862324669	25877674.722915772
1.0232754837618767	26592749.78383424
1.0249809429014798	27278993.894849647
1.0266892444729823	28032567.23083986
1.0284003932137706	28851813.358523604
1.030114393869127	29654026.263196547
1.0318312511922423	30404889.963124778
1.0335509699442293	31141471.128884844
1.0352735548941365	31888210.3870036
1.0369990108189602	32629685.852592964
1.0387273425036585	33261536.236383803
1.0404585547411644	33745046.62394673
1.0421926523323999	34186852.20117642
1.0439296400862872	34605516.159986906
1.0456695228197646	35006878.41549844
1.0474123053577973	35372662.94767747
1.0491579925333938	35706807.03437741
1.0509065891876161	36062364.02800341
1.0526581001695956	36464670.827985875
1.0544125303365448	36832184.32824724
1.0561698845537726	37010165.17968011
1.0579301676946955	37077273.59428183
1.0596933846408534	37279072.63711341
1.0614595402819214	37666912.41735374
1.0632286395157247	38010845.018710084
1.065000687248251	38135065.16501767
1.0667756883936648	38163260.73852509
1.068553647874321	38228838.769525625
1.070334570620778	38330658.57518752
1.072118461571813	38405174.75207957
1.0739053256744326	38421475.290589005
1.07569516788389	38439315.06561757
1.0774879931636965	38531312.44695969
1.079283806485636	38628774.10992385
1.0810826128297788	38375633.15293011
1.0828844171844951	37651753.753185965
1.0846892245464692	36438775.172375426
1.0864970399207134	34239178.56547119
1.0883078683205814	31420410.678584535
1.0901217147677824	27727408.050028615
1.0919385842923954	23313351.864622753
1.0937584819328827	19585025.421643265
1.0955814127361043	17247103.81851028
1.0974073817573313	15394185.346687006
1.09923639406026	13724842.823228456
1.1010684547170273	12193242.018572077
1.1029035688082225	10853726.049913153
1.1047417414229028	9745354.06586777
1.1065829776586076	8702586.727201069
1.108427282621372	7707043.45307271
1.110274661425741	6753185.441673845
1.112125119194784	5907730.265406042
1.1139786610601086	5186159.966164018
1.1158352921618757	4828971.772910026
1.117695017648812	5078269.014310602
1.1195578426782267	5491925.637770062
1.1214237724160239	5834267.098314917
1.1232928120367172	6141316.304175531
1.1251649667234453	6525824.932341605
1.1270402416679843	6985442.11148753
1.1289186420707642	6974874.842137045
1.1308001731408823	5794437.017716202
1.1326848400961171	4345507.960213711
1.1345726481629441	4095562.393540084
1.136463602576549	4888161.431989205
1.1383577085808434	5627722.316380001
1.1402549714284782	6064866.7802826995
1.1421553963808588	6424976.413004164
1.1440589887081603	6826832.544670487
1.1459657536893408	7200545.20357062
1.1478756966121564	7173694.192493992
1.1497888227731765	6668484.966698241
1.1517051374777987	6118055.989696376
1.1536246460402617	5678295.809491266
1.155547353783662	5334834.70557327
1.1574732660399685	5232198.2908300795
1.1594023881500348	5338549.209000603
1.1613347254636184	5533866.78567707
1.163270283339391	5834971.183749405
1.1652090671449569	6104111.94508564
1.1671510822568651	6165867.7559921015
1.1690963340606266	6090939.760853928
1.1710448279507277	5919720.527795504
1.1729965693306457	5660120.462585648
1.1749515636128636	5668355.57084081
1.176909816218885	6331301.062020068
1.17887133257925	7311227.831639823
1.1808361181335487	8508460.994065156
1.182804178330438	9865994.810835747
1.1847755186276552	11085592.691437664
1.1867501444920348	12054244.532041041
1.1887280613995215	13037854.479049077
1.1907092748351875	14294686.899581056
1.1926937902932462	15705804.750254368
1.1946816132770681	17082688.3278647
1.1966727492991969	18410493.25347495
1.1986672038813622	19754799.355120085
1.2006649825544977	21154667.813336242
1.2026660908587554	22637041.896844
1.20467053434352	24392052.824602395
1.206678318567426	26325728.500658505
1.2086894490983717	27819622.27604897
1.2107039315135357	28592315.855969593
1.2127217713993916	29387948.658828307
1.214742974351724	30872993.001316227
1.2167675459756435	32693116.136046175
1.218795491885603	34133506.32094086
1.2208268177054122	35135305.87272238
1.2228615290682547	36249299.906927705
1.2248996316167018	37774321.728883356
1.2269411310027298	39420908.3225827
1.2289860328877344	40884864.11039069
1.2310343429425474	42208429.62351346
1.2330860668474517	43591712.87138783
1.2351412102921975	45074805.26616156
1.2371997789760178	46132494.42863168
1.2392617786076445	45797664.573772326
1.241327214905324	44987979.27044689
1.243396093596833	46107911.25050112
1.2454684204194943	49285938.82532013
1.2475442011201936	51239186.419835545
1.249623441455394	49836415.82278875
1.251706147191153	47931343.36980203
1.2537923241031383	49444746.35988984
1.2558819779766437	53458244.45081405
1.2579751146066047	56023891.09053728
1.2600717397976158	56027462.47749881
1.262171859363945	55403533.77541639
1.2642754791295518	54872216.48727284
1.266382604928101	54319074.48217411
1.2684932426029811	53303723.346182704
1.2706073980073196	51818165.20705847
1.2727250770039986	50668509.82953918
1.274846285465672	50379198.398790106
1.2769710292747813	50178417.90972167
1.2790993143235727	48989869.72458484
1.2812311465141122	47058792.11390905
1.2833665317583023	45144908.38326601
1.2855054759778997	43366418.064457215
1.2876479851045295	41765431.561717585
1.2897940650797037	40588612.74945514
1.2919437218548366	39654569.49357756
1.2940969613912614	38847152.00216993
1.2962537896602468	38158338.31954919
1.298414212643014	37459572.86132939
1.3005782363307525	36703679.91992269
1.302745866724637	35938897.32775517
1.304917109835845	35225365.397460386
1.3070919716855713	34522158.73631118
1.3092704583050472	33557495.541587435
1.3114525757355557	32218698.572083168
1.3136383300284484	30900837.61808564
1.3158277272451624	29904150.671770614
1.3180207734572378	28937629.931583412
1.3202174747463333	27163958.01193465
1.3224178372042439	24537472.863763746
1.3246218669329177	21413537.62713918
1.3268295700444726	17557211.04945672
1.3290409526612135	13477806.713487705
1.3312560209156488	9553434.249203904
1.3334747809505083	5857434.360141929
1.3356972389187591	3238014.0978140067
1.3379234009836238	2113486.587745373
1.3401532733185966	1440240.2469486475
1.342386862107461	1047868.5246705208
1.344624173544307	808919.3830682605
1.3468652138335475	647309.5677325316
1.3491099891899365	556039.6819553581
1.3513585058385866	469798.41939732013
1.3536107700149842	373789.51906059514
1.3558667879650093	288574.88340433105
1.358126565944951	259518.47190287246
1.360390110221526	273177.8670559015
1.3626574270718954	318901.07138312835
1.3649285227836818	402764.0942832115
1.367203403654988	467194.9755365263
1.369482075994413	454990.2359072894
1.3717645461210706	419417.3949283458
1.3740508203646056	463818.84139537264
1.3763409050652133	583124.2465201432
1.3786348065736556	651153.1725787389
1.3809325312512784	601817.0947749428
1.3832340854700305	529062.5989631861
1.3855394756124806	517646.08295938553
1.3878487080718347	545479.1779405063
1.3901617892519544	548437.3374482497
1.3924787255673745	514033.4173270932
1.3947995234433201	480408.99610928516
1.3971241893157258	470835.3149581116
1.399452729631252	475555.0042257533
1.401785150847304	496082.3540650865
1.40412145943205	529584.2919007612
1.4064616618644366	542633.0145233352
1.4088057646342107	514512.43881252565
1.4111537742419344	479604.20160243486
1.4135056971990045	469681.4575436764
1.4158615400276693	476751.48055854463
1.418221309261049	486241.8722472492
1.4205850114431506	498032.97869788227
1.4229526531288894	530161.5839731713
1.425324240884104	613654.9365375161
1.4276997812855778	708816.1370288946
1.4300792809210539	738010.1891368278
1.4324627463892556	707554.4358442544
1.4348501842999046	700681.5612018788
1.4372416012737377	750882.9619424262
1.4396370039425272	826412.3792435362
1.442036398949098	928235.0676173796
1.4444397929473467	1053819.4321905028
1.4468471926022592	1234962.050611688
1.4492586045899296	1485605.9387492558
1.4516740355975797	1759452.3483678505
1.4540934923235755	2054958.3865363924
1.4565169814774481	2321398.04392647
1.4589445097799105	2382662.0626298157
1.4613760839628773	2259885.697748166
1.4638117107694821	2141642.093350323
1.466251396954098	2073265.161589413
1.4686951492823548	2057351.842965833
1.471142974531159	2173950.0419563134
1.4735948794887108	2377995.0111721656
1.4760508709545253	2610464.7249166714
1.4785109557394496	2867940.601612546
1.4809751406656821	3066380.4146875013
1.4834434325667916	3106416.4453005446
1.4859158382877364	3110416.675737053
1.4883923646848827	3287585.374530773
1.490873018626024	3617498.8376497533
1.493357806990401	3934144.8303564806
1.4958467366687183	4195265.221056361
1.4983398145631663	4425330.067872596
1.5008370475874384	4604689.633924764
1.5033384426667507	4769280.887198569
1.505844006737862	5059628.040937802
1.5083537467490917	5505628.273312155
1.5108676696603405	5985368.218101786
1.5133857824431078	6472764.2386141755
1.5159080920805128	6962108.013466551
1.518434605567314	7443142.668086507
1.5209653299099262	7920931.271012078
1.5235002721264426	8446233.103356453
1.5260394392466536	9052300.150993003
1.5285828383120648	9689595.476095641
1.5311304763759181	10351303.187244467
1.5336823605032115	11032563.502254706
1.5362384977707166	11748120.394076604
1.5387988952670015	12511279.125263559
1.5413635600924465	13447342.955625169
1.5439324993592671	14766843.371309198
1.5465057201915329	16152528.07806229
1.5490832297251855	17075242.77538612
1.5516650351080608	17621002.003748268
1.5542511434999076	18331566.92969809
1.5568415620724074	19382770.513971973
1.559436298009195	20493231.34616705
1.5620353585058768	21476772.882710814
1.5646387507700532	22384547.50813702
1.567246482021337	23284642.681898654
1.5698585594913725	24181161.314431753
1.5724749904238582	25080742.700174224
1.5750957820745648	25987881.34616877
1.5777209417113556	26938772.189389702
1.5803504766142082	28078500.35988921
1.5829843940752317	29329185.267947424
1.5856227013986908	30087040.391212888
1.5882654059010217	30031089.023308516
1.5909125149108567	29796487.063951787
1.5935640357690417	29712444.52869126
1.5962199758286568	29647838.997759495
1.598880342455038	29112182.987330716
1.6015451430257963	28027593.005752757
1.6042143849308395	26691032.87573501
1.6068880755723909	25009536.88126929
1.6095662223650118	23222777.059578903
1.6122488327356201	21590031.36045422
1.614935914123513	20086760.022545945
1.6176274739803853	18628501.29105204
1.6203235197703527	17223682.25152905
1.62302405896997	15926885.954960208
1.6257290990682536	14926944.596024562
1.6284386475667005	14171096.989818152
1.6311527119793119	13939240.153556388
1.6338712998326108	14282016.594285997
1.6365944186656651	14787899.695641771
1.6393220760301082	15434161.965125062
1.642054279490158	16068751.17648226
1.644791036622642	16405166.81914724
1.6475323550170131	16489050.08327517
1.6502782422753748	16371097.231009886
1.6530287060125004	15984189.097391158
1.6557837538558546	15606256.030251902
1.6585433934456146	15472409.024304114
1.6613076324346907	15252964.404741272
1.6640764784887485	13601200.246004926
1.66684993928623	10454493.372831259
1.6696280225183737	8173006.127722917
1.6724107358892377	8266818.079552729
1.6751980871157197	9289430.186357806
1.6779900839275794	10431158.247998595
1.6807867340674587	11582257.642259486
1.6835880452909044	12053751.758276459
1.6863940253663894	11502182.928029431
1.6892046820753335	10698723.953001611
1.6920200232121256	9922240.897348242
1.694840056584146	9197594.770235227
1.6976647900117863	8710017.431620188
1.700494231328473	8486923.591944562
1.703328388380687	8535865.426241316
1.706167269027988	9060498.376179503
1.709010881143035	9591144.426730553
1.7118592326116067	9400996.809732813
1.714712331332626	8702546.134286474
1.7175701852181804	8304296.287815016
1.7204328021935444	8410058.284693824
1.7233001901972003	8443885.250994636
1.726172357180862	7905370.371068435
1.7290493111094971	7105447.274189173
1.7319310599613464	6539210.533408431
1.7348176117279486	6232569.531366249
1.737708974414162	6005861.514666013
1.7406051560381857	5860391.381875594
1.7435061646315826	5752938.228931988
1.746412008239302	5681805.860802012
1.749322694919701	5624680.846300249
1.7522382327445671	5454012.6261869585
1.7551586297991415	5118648.708529032
1.7580838941821402	4741013.647900756
1.761014034005777	4356504.7519357195
1.7639490573957866	3972484.223712524
1.7668889724914467	3613388.483921531
1.769833787445599	3283207.7596834362
1.7727835104246752	3010410.58513426
1.7757381496087163	2842998.39711927
1.7786977131913975	2703655.983966033
1.7816622093800498	2528794.855672634
1.7846316463956833	2322461.629802608
1.7876060324730094	2063299.8315836363
1.7905853758604646	1737620.5021145162
1.793569684820232	1490096.016994492
1.7965589676282658	1502267.865376871
1.7995532325743133	1616482.1212939331
1.802552487961937	1573040.7097156562
1.8055567421085403	1375288.1425653454
1.8085660033453879	1259074.258010015
1.8115802800176304	1343653.4842065303
1.8145995804843267	1478566.026469748
1.8176239131184673	1541266.4596315215
1.820653286306998	1542494.7945779369
1.823687708450843	1448986.2651729677
1.8267271879649278	1234408.423787361
1.8297717332782029	1032434.538967164
1.8328213528336663	938977.9999887925
1.8358760550883895	912923.0846434716
1.8389358485135368	969757.3817771415
1.8420007415943929	1100794.1770129385
1.8450707428303834	1189854.3937479157
1.848145860735101	1179624.6057578013
1.851226103836326	1121552.7861848641
1.8543114806760534	1007440.6754819304
1.8574019998105136	858679.1705330992
1.8604976698101978	735673.0298757756
1.8635984992598815	652196.5324484876
1.8667044967586481	608861.9858630055
1.8698156709199125	648451.984149408
1.8729320303714458	754378.1816691429
1.8760535837553982	1007874.2014526826
1.879180339728324	1390815.0104648066
1.8823123069612047	1678274.2133160252
1.8854494941394733	1757626.4268942885
1.8885919099630393	1797580.144594359
1.8917395631463112	1942096.0310664924
1.8948924624182215	2136097.7380656297
1.8980506165222522	2162436.735156326
1.9012140342164559	1967664.0120420936
1.9043827242734832	1794702.0464647927
1.907556695480606	1799330.5286188507
1.9107359566397404	1879846.0867950497
1.9139205165674735	1927173.1003088348
1.9171103840950858	1935787.8277606221
1.9203055680685779	1870657.4839409578
1.923506077348692	1682157.4319077025
1.92671192081094	1470766.1153823612
1.9299231073456249	1318248.6197651078
1.9331396458578678	1207613.0964542688
1.9363615452676308	1126060.9873360347
1.9395888145097437	1079994.7241498898
1.9428214625339266	1090534.2969452315
1.9460594983048167	1224313.2839056284
1.9493029308019916	1390549.1276524628
1.952551769019995	1436633.0121510432
1.9558060219683617	1379897.6932737946
1.9590656986716424	1400529.7797228722
1.9623308081694284	1579350.3785795015
1.9656013595163775	1778501.3602833666
1.9688773617822382	1877052.6035394305
1.9721588240518755	1917630.2323937886
1.975445755425295	2002625.9845569988
1.9787381650176707	2147673.1433520354
1.9820360619593669	2295031.6631564936
1.985339455395966	2418391.458371453
1.9886483544882927	2545474.8974049254
1.99196276841244	2743994.601181919
1.9952827063597942	3001190.2262408
1.9986081775370603	3210595.733981038
2.001939191166289	3325895.306605768
2.0052757564848993	3430245.5095304735
2.0086178827457077	3593703.9565889263
2.011965579216951	3799960.2274570283
2.0153188551823122	4052447.456626668
2.01867771994095	4353931.670740466
2.022042182807518	4589229.703984491
2.0254122531121976	4643795.180230389
2.0287879402007176	4652985.693677818
2.0321692534343856	4819789.391144705
2.0355562021901097	5123023.161061764
2.038948795860427	5427757.844256718
2.0423470438535274	5707149.929282623
2.0457509555932836	5949824.122978083
2.049160540519272	6093785.459305366
2.0525758080868046	6185013.18603242
2.0559967677669495	6323603.146988162
2.059423429046561	6521630.499835541
2.0628558014283054	6710910.259868232
2.066293894430686	6853260.809647714
2.0697377175880702	6956575.320207123
2.073187280450717	6967194.733830316
2.0766425925848018	6905728.966221983
2.0801036635724435	6896030.418108292
2.083570503011731	6983912.33429688
2.0870431205167503	7077150.562714966
2.090521525717612	7097154.490757929
2.0940057282604747	7073417.086770101
2.0974957378075754	7045208.150185084
2.1009915640372547	7014712.112745338
2.1044932166439834	6979253.656561324
2.10800070533839	6933420.374659533
2.1115140398472874	6872609.307390681
2.1150332299137	6762163.542091827
2.1185582852968894	6614035.001113439
2.1220892157723843	6494277.469124944
2.125626031132005	6426433.132330987
2.1291687411838915	6367143.329661596
2.1327173557525314	6289525.027228245
2.136271884678786	6199562.96299169
2.1398323378199176	6097675.187350416
2.143398725049617	5982420.972631691
2.1469710562580335	5853263.483982889
2.150549341351797	5698615.0008508
2.15413359025405	5524644.187286346
2.1577238129044733	5309768.814349647
2.1613200192593145	5068678.063976032
2.1649222192914133	4892240.062277158
2.1685304229902322	4820529.380432764
2.172144640361883	4751246.658331845
2.175764881429153	4602253.912832596
2.1793911562315347	4401490.428402488
2.183023474825254	4154488.854921737
2.1866618472832964	3853938.6374828736
2.1903062836954352	3451407.5894882022
2.193956794168261	2849358.233817611
2.197613388825208	2225709.808934043
2.201276077806584	1849524.1396084467
2.2049448712695945	1684373.4935008849
2.2086197793883775	1700636.3364096463
2.212300812354025	1958940.0553709033
2.215987980374615	2207820.8402542244
2.2196812936752393	2236184.026226795
2.2233807624980315	2139819.227971964
2.227086397102195	2017239.373301791
2.230798207764032	1873515.570286423
2.2345162047769724	1726277.0708559295
2.2382403984516004	1579318.6439692527
2.2419707991156868	1439761.2296899462
2.245707417114213	1331838.0736311774
2.249450262809403	1248866.5658337066
2.2531993465807525	1175875.3001506857
2.256954678825054	1114771.3023941657
2.260716269956429	1073588.477125267
2.2644841304063563	1082317.7117511127
2.2682582706237007	1111853.764406425
2.2720387010747403	1105208.8129775466
2.275825432243198	1058631.6117285152
2.27961847463027	999492.4084452336
2.283417838754654	927870.8377984003
2.2872235351525787	859708.3282798978
2.291035574377833	825387.3461083377
2.294853967001796	824458.5932540683
2.298678723613466	902677.2045884611
2.302509854819488	1090342.9681566972
2.3063473712441875	1268849.3423362277
2.3101912835295946	1342798.0330480465
2.314041602335477	1341860.059130336
2.31789833833937	1217569.2340749467
2.321761502236602	973538.5886972409
2.3256311047403297	777492.3122207182
2.3295071565815637	715682.8466121205
2.3333896685092	702591.7493756111
2.3372786512900485	691341.090562594
2.3411741157088657	683616.7274839497
2.3450760725683804	702368.725490445
2.348984532689328	758736.201293611
2.3528995069104766	833867.0589464548
2.356821006088661	936095.4767994334
2.360749041098809	1032448.0683396802
2.3646836228339736	1013365.175594182
2.3686247622053638	880274.6350184267
2.3725724701423725	769518.1118591713
2.37652675759261	736796.2899628978
2.380487635521931	753221.496186389
2.3844551149144677	855914.1665641774
2.388429206772659	1016143.3896834503
2.39240992211728	1148851.3493755748
2.3963972719874755	1235874.0023376723
2.400391267440788	1303482.071916109
2.4043919195531895	1347005.7009017214
2.408399239419112	1371733.7363512758
2.412413238151477	1357309.0615171602
2.4164339268817296	1307582.9437859824
2.420461316759866	1289946.4029343922
2.4244954189544656	1343453.7249898405
2.428536244652723	1407220.8154189903
2.432583805060478	1416674.509688001
2.4366381114022455	1388108.219314536
2.440699174921249	1357064.306820115
2.4447670068794514	1328220.4538846128
2.4488416185575836	1329295.3504029778
2.4529230212551796	1408859.1109813587
2.457011226290605	1515904.9863748355
2.4611062450010897	1564493.7329656594
2.465208088742758	1553723.104924159
2.4693167688906628	1511667.2657768454
2.4734322968388143	1426966.0125381341
2.4775546840002125	1344183.1401143642
2.4816839418068795	1322161.9233119437
2.4858200817098908	1339388.275749707
2.4899631151794077	1309241.8529425524
2.4941130537047065	820722.9546871902
