0.7011666666666666	16249.158188579488
0.7023352777777778	17629.749872612567
0.7035058365740741	18417.865966837337
0.7046783463016977	19255.80299002665
0.7058528102122005	20154.922050639256
0.7070292315625542	21089.589132766578
0.7082076136151585	22034.800893215408
0.7093879596378504	22989.377161046727
0.7105702729039134	23948.63398846994
0.7117545566920868	24913.05955829502
0.7129408142865735	25868.13466604542
0.7141290489770512	26772.29645973653
0.7153192640586796	27632.109076303383
0.7165114628321108	28433.820900371342
0.7177056486034976	29153.7066737427
0.7189018246845036	29814.806175411326
0.7200999943923111	30363.42158280405
0.7213001610496316	30824.05129306115
0.7225023279847144	31110.6279072867
0.7237064985313556	31214.719330287222
0.7249126760289079	31248.429430547676
0.7261208638222895	31197.799593076863
0.7273310652619932	31079.96703093387
0.7285432837040966	30813.158004041175
0.72975752251027	30367.512577568436
0.7309737850477873	39776.564392564054
0.7321920746895336	28549.246784762305
0.7334123948140163	29163.183280303365
0.7346347488053729	28675.796053485752
0.7358591400533818	28169.01567882205
0.7370855719534709	27650.51318845873
0.7383140479067267	27118.754928872833
0.7395445713199046	26549.369801210683
0.7407771456054377	25909.22384068655
0.7420117741814469	25243.875915326113
0.7432484604717493	24581.78150582876
0.744487207905869	23921.56871841475
0.7457280199190454	23255.258031084202
0.7469708999522439	22578.973551828112
0.7482158514521644	21863.50792417678
0.7494628778712513	21046.442002102092
0.7507119826677034	20183.116216975515
0.7519631693054829	19354.59526491519
0.7532164412543255	18564.13375878245
0.7544718019897494	17786.358063259504
0.7557292549930656	17022.189606363165
0.7569888037513873	16217.01982781064
0.7582504517576398	15232.975231848917
0.7595142025105692	14062.097491400287
0.7607800595147535	12357.1804655253
0.7620480262806114	9932.606582651468
0.7633181063244125	7329.913462088003
0.7645903031682866	4707.50946684177
0.7658646203402337	2285.5144425124495
0.7671410613741342	1066.8932526925526
0.7684196298097576	1059.3071123475165
0.7697003291927741	1623.2943590270213
0.770983163074762	2942.9467344246814
0.77226813501322	4591.7351120184585
0.7735552485715754	6506.026413184962
0.7748445073191947	8651.589439947891
0.7761359148313933	11231.509088820834
0.7774294746894457	14374.755393375772
0.7787251904805949	17660.316916759773
0.7800230657980626	20977.330897875527
0.7813231042410594	24306.99147594219
0.7826253094147945	27612.592819818125
0.7839296849304858	30907.14910894584
0.7852362344053699	34373.848388954095
0.7865449614627122	38164.569107590505
0.7878558697318168	42176.562763353795
0.7891689628480365	46603.34714330309
0.7904842444527834	51359.480946485724
0.791801718193538	56526.32121295201
0.7931213877238606	62212.22099222779
0.7944432567034004	68271.73190764074
0.795767328797906	74995.31411176536
0.7970936076792359	82139.98613945665
0.7984220970253681	89839.85158738345
0.7997528005204104	98071.34255220955
0.801085721854611	106673.31812068204
0.8024208647243688	115815.32013752263
0.8037582328322427	125314.39350863679
0.8050978298869632	135455.08615932852
0.8064396596034414	146085.473927154
0.8077837257027807	157241.53785782648
0.8091300319122853	169038.5959470654
0.8104785819654725	181248.24297886365
0.8118293796020817	194138.10251917093
0.8131824285680851	207551.3667849181
0.8145377326156986	222024.19944495847
0.8158952955033916	237496.84358510358
0.8172551209958971	253593.6386058121
0.8186172128642236	270576.21878831065
0.819981574885664	288785.9073811489
0.8213482108438068	310335.07762107917
0.8227171245285466	334275.2087972878
0.8240883197360943	360072.94914188306
0.8254618002689877	387991.1112157549
0.8268375699361028	416338.88000865065
0.828215632552663	444615.69356857426
0.8295959919402508	473129.76442413527
0.830978651926818	502934.94228482473
0.832363616346696	533947.6766842351
0.8337508890406071	565695.8061683718
0.8351404738556749	598438.4530278763
0.8365323746454344	631812.5861437576
0.8379265952698435	666241.3133383468
0.8393231395952933	701391.5235997189
0.8407220114946187	736901.7688819056
0.8421232148471098	772791.0398428154
0.8435267535385217	808919.9059793232
0.8449326314610859	845390.1929610929
0.8463408525135211	882322.4624041761
0.8477514206010437	920698.9480377506
0.8491643396353787	960576.5990733084
0.8505796135347711	1003466.7002735452
0.8519972462239958	1051187.8680376532
0.8534172416343692	1102118.2066457507
0.8548396037037598	1158918.552537167
0.8562643363765994	1219021.2375548554
0.8576914436038937	1276821.6703269484
0.8591209293432337	1331212.5609120685
0.8605527975588058	1378487.0513962572
0.8619870522214037	1410500.0414277199
0.8634236973084395	1443663.0918221737
0.8648627368039535	1513995.6837188427
0.8663041746986269	1615648.4680148708
0.8677480149897913	1713357.1108724917
0.8691942616814409	1798304.9761942278
0.8706429187842434	1882067.710003527
0.8720939903155505	1974056.4670221081
0.8735474802994098	2071495.0837943554
0.8750033927665755	2172256.676577177
0.8764617317545198	2276599.978742004
0.8779225013074441	2383411.6128642038
0.8793857054762898	2494208.2041464294
0.8808513483187503	2607009.8868485712
0.8823194338992816	2721098.3697109963
0.8837899662891138	2835917.2534225886
0.8852629495662623	2947240.089792171
0.8867383878155394	3052566.1594677726
0.8882162851285654	3153186.390304877
0.8896966456037797	3243863.571472568
0.8911794733464526	3329349.400549079
0.8926647724686968	3418799.8773983996
0.894152547089478	3513734.3521652515
0.8956428013346271	3619470.9185952134
0.8971355393368516	3747224.8706590715
0.8986307652357465	3891098.378621715
0.9001284831778059	4067537.7691777074
0.9016286973164357	4269372.326704912
0.9031314118119631	4463063.655785526
0.9046366308316498	4639057.967584938
0.9061443585497025	4804474.20923478
0.9076545991472854	4951553.238764711
0.9091673568125309	5089156.1368256975
0.9106826357405519	5232814.4838748025
0.9122004401334528	5383598.14450106
0.9137207742003418	5529607.475576814
0.9152436421573426	5662233.762124862
0.9167690482276047	5797675.299201598
0.9182969966413176	5969177.39660816
0.9198274916357196	6166703.527073145
0.9213605374551126	6336949.739477799
0.9228961383508711	6456896.877182544
0.924434298581456	6450935.590290267
0.9259750224124251	6098730.1466472745
0.9275183141164459	5580799.8845143905
0.9290641779733066	5241090.609909988
0.9306126182699289	5114784.078837484
0.9321636393003788	5124533.446769447
0.9337172453658794	5348731.038148167
0.9352734407748227	5687074.112856977
0.9368322298427807	6161227.638242108
0.9383936168925188	6719622.343558905
0.9399576062540064	7084122.284920789
0.9415242022644297	7141067.650050661
0.9430934092682037	7120000.669774357
0.9446652316169841	7105309.674236334
0.9462396736696792	7101168.933760773
0.947816739792462	7140874.031317297
0.9493964343587827	7228069.172854681
0.9509787617493808	7335348.810322678
0.9525637263522965	7467913.712330218
0.9541513325628838	7590474.911277828
0.9557415847838219	7629466.9505818635
0.9573344874251283	7611742.333178237
0.9589300449041701	7656956.425350826
0.9605282616456772	7804029.687009709
0.9621291420817533	7985264.935031804
0.9637326906518895	8190731.226998903
0.9653389118029762	8412294.690361612
0.9669478099893144	8653565.3125905
0.96855938967263	8910617.145752305
0.9701736553220844	9104979.724325897
0.971790611414288	9165518.81363312
0.9734102624333119	9181427.35050894
0.9750326128707006	9215853.623346098
0.9766576672254852	9263106.42446276
0.9782854300041944	9295429.338467736
0.9799159057208682	9304084.798374549
0.9815490988970695	9299723.31776858
0.9831850140618982	9274764.070178786
0.9848236557520013	9237092.506329704
0.986465028511588	9187124.859121822
0.9881091368924407	9123861.410243008
0.9897559854539281	9039326.507219758
0.991405578763018	8915956.409324842
0.9930579213942898	8750803.11116523
0.994713017929947	8473066.948594667
0.9963708729598303	8095880.382891789
0.9980314910814301	7546419.610025928
0.9996948768998991	6771046.172913012
1.0013610350280657	6078327.572204198
1.0030299700864458	5768196.056406798
1.0047016867032565	5651009.293312499
1.0063761895144285	5532773.271907673
1.0080534831636194	5404333.17524837
1.0097335723022256	5272573.254791484
1.011416461589396	5137393.934514358
1.013102155692045	4998374.501723966
1.014790659284865	4849253.565433775
1.01648197705034	4693726.941587645
1.018176113678757	4544605.760278709
1.0198730738682218	4405343.424271132
1.021572862324669	4272209.384712283
1.0232754837618767	4149799.8643873623
1.0249809429014798	4032488.811261875
1.0266892444729823	3914512.3132960033
1.0284003932137706	3795042.158769107
1.030114393869127	3666559.894738503
1.0318312511922423	3521515.6872461895
1.0335509699442293	3376129.9751691413
1.0352735548941365	3251423.2050440796
1.0369990108189602	3141217.6260146494
1.0387273425036585	3033680.2748521883
1.0404585547411644	2928233.232735983
1.0421926523323999	2824750.6178888567
1.0439296400862872	2725429.621576357
1.0456695228197646	2628675.922069379
1.0474123053577973	2535370.936219353
1.0491579925333938	2445446.0483834837
1.0509065891876161	2358306.250934538
1.0526581001695956	2275587.96059106
1.0544125303365448	2194901.8695322177
1.0561698845537726	2116569.557752179
1.0579301676946955	2040019.9699557782
1.0596933846408534	1965560.256865177
1.0614595402819214	1893737.9864344273
1.0632286395157247	1823222.7709695469
1.065000687248251	1754733.8716470054
1.0667756883936648	1687813.3440886498
1.068553647874321	1624437.2175894137
1.070334570620778	1564524.271235958
1.072118461571813	1507658.2666423365
1.0739053256744326	1455585.7711063826
1.07569516788389	1406490.8340783655
1.0774879931636965	1362779.1983146402
1.079283806485636	1323034.056662811
1.0810826128297788	1287164.0197076488
1.0828844171844951	1255966.5537944678
1.0846892245464692	1226723.8463118374
1.0864970399207134	1199984.8059577227
1.0883078683205814	1174259.6342924573
1.0901217147677824	1147928.9162121185
1.0919385842923954	1120994.9359325818
1.0937584819328827	1093841.653390888
1.0955814127361043	1066438.7404189082
1.0974073817573313	1037923.0657012517
1.09923639406026	1005782.3010712554
1.1010684547170273	970984.6740287726
1.1029035688082225	933582.2916381836
1.1047417414229028	893128.0449725436
1.1065829776586076	851604.2182248969
1.108427282621372	809042.6930778645
1.110274661425741	765689.1474398932
1.112125119194784	720785.5515366883
1.1139786610601086	675885.3437718208
1.1158352921618757	648040.2674865078
1.117695017648812	649860.2999311535
1.1195578426782267	660431.0457803622
1.1214237724160239	670010.788976985
1.1232928120367172	680784.4521653965
1.1251649667234453	705769.2444512605
1.1270402416679843	746952.3025376037
1.1289186420707642	765925.5779742479
1.1308001731408823	723588.9577198944
1.1326848400961171	670120.8060408459
1.1345726481629441	694051.9093896204
1.136463602576549	784040.367861279
1.1383577085808434	857583.0900580473
1.1402549714284782	889609.242708503
1.1421553963808588	905699.9042634896
1.1440589887081603	909373.7884202668
1.1459657536893408	905148.9809116058
1.1478756966121564	897876.1183677719
1.1497888227731765	887769.308577983
1.1517051374777987	881214.8218045265
1.1536246460402617	884331.4200126863
1.155547353783662	892160.2397861537
1.1574732660399685	902948.9772651908
1.1594023881500348	917011.6079176301
1.1613347254636184	941482.8933404653
1.163270283339391	982513.1057707621
1.1652090671449569	1025968.3336642431
1.1671510822568651	1061566.5513423416
1.1690963340606266	1091827.7024039533
1.1710448279507277	1117311.3579218874
1.1729965693306457	1137717.6026625372
1.1749515636128636	1160221.3850824193
1.176909816218885	1189670.8520835615
1.17887133257925	1220122.2014414335
1.1808361181335487	1241662.1558648797
1.182804178330438	1255293.4613811136
1.1847755186276552	1263021.0258819591
1.1867501444920348	1262545.3332485522
1.1887280613995215	1257905.0022321835
1.1907092748351875	1247234.6622215598
1.1926937902932462	1233365.9527370913
1.1946816132770681	1221538.8264779116
1.1966727492991969	1212359.2305355598
1.1986672038813622	1204981.46736941
1.2006649825544977	1200608.615253227
1.2026660908587554	1198527.1883457757
1.20467053434352	1201434.449430958
1.206678318567426	1208634.0991114287
1.2086894490983717	1219260.5183006148
1.2107039315135357	1234629.6618135867
1.2127217713993916	1253007.571783888
1.214742974351724	1276764.1751063804
1.2167675459756435	1303863.4646161937
1.218795491885603	1332936.1254912608
1.2208268177054122	1364096.9109491382
1.2228615290682547	1397218.1273454265
1.2248996316167018	1433803.3203196793
1.2269411310027298	1471775.9690765967
1.2289860328877344	1509768.3494371523
1.2310343429425474	1547995.163950239
1.2330860668474517	1588736.56252337
1.2351412102921975	1633355.9771354254
1.2371997789760178	1680718.9693953004
1.2392617786076445	1733267.569802742
1.241327214905324	1789611.7045921222
1.243396093596833	1851917.030456157
1.2454684204194943	1920500.3206083071
1.2475442011201936	1989491.7998595454
1.249623441455394	2057041.6715015925
1.251706147191153	2126155.8579656905
1.2537923241031383	2204327.864358333
1.2558819779766437	2290047.7597067887
1.2579751146066047	2381738.0456655715
1.2600717397976158	2481250.015870875
1.262171859363945	2582235.4240487083
1.2642754791295518	2681409.4581323583
1.266382604928101	2778720.6119765346
1.2684932426029811	2870079.822346508
1.2706073980073196	2954904.1244227756
1.2727250770039986	3034766.765881134
1.274846285465672	3106325.703714219
1.2769710292747813	3172658.093633036
1.2790993143235727	3229699.130591378
1.2812311465141122	3279612.09218647
1.2833665317583023	3327133.3818927016
1.2855054759778997	3372150.413322766
1.2876479851045295	3418257.041668921
1.2897940650797037	3469291.0427616737
1.2919437218548366	3523724.621544596
1.2940969613912614	3582999.9332793406
1.2962537896602468	3647208.267841632
1.298414212643014	3712711.703275332
1.3005782363307525	3779239.1711813533
1.302745866724637	3848169.8912168164
1.304917109835845	3925358.9208911653
1.3070919716855713	4008000.0484910626
1.3092704583050472	4084892.1733930586
1.3114525757355557	4152887.173285522
1.3136383300284484	4223177.015319484
1.3158277272451624	4306043.192231621
1.3180207734572378	4390908.05504124
1.3202174747463333	4448700.130160296
1.3224178372042439	4476007.071532003
1.3246218669329177	4458193.1997593725
1.3268295700444726	4358891.938382028
1.3290409526612135	4192380.705583072
1.3312560209156488	3870525.544558097
1.3334747809505083	3427569.1301119565
1.3356972389187591	2886694.5762895187
1.3379234009836238	2225684.812095505
1.3401532733185966	1610226.1618320784
1.342386862107461	1201652.9703352165
1.344624173544307	910718.6560161168
1.3468652138335475	703739.0150940582
1.3491099891899365	576252.8667934913
1.3513585058385866	469195.76609775366
1.3536107700149842	379856.87580333126
1.3558667879650093	312777.0146118422
1.358126565944951	309768.30213945964
1.360390110221526	355922.23416558723
1.3626574270718954	443403.0327369766
1.3649285227836818	581519.97156799
1.367203403654988	715915.4107519272
1.369482075994413	808558.1196517131
1.3717645461210706	891265.4110198508
1.3740508203646056	1033147.7200364664
1.3763409050652133	1222176.4194511198
1.3786348065736556	1257473.5408583835
1.3809325312512784	988596.4934377354
1.3832340854700305	677449.862022045
1.3855394756124806	596573.1478725963
1.3878487080718347	668720.9387200577
1.3901617892519544	700901.0317935396
1.3924787255673745	664285.4499977598
1.3947995234433201	650697.0881889822
1.3971241893157258	738634.2364637787
1.399452729631252	864590.8307597609
1.401785150847304	933144.1203303495
1.40412145943205	943580.9268974068
1.4064616618644366	920777.9306443501
1.4088057646342107	851116.926820025
1.4111537742419344	783412.452459918
1.4135056971990045	780589.8450071657
1.4158615400276693	822047.8459709745
1.418221309261049	872401.2913720643
1.4205850114431506	931024.1733746453
1.4229526531288894	1016515.4547343994
1.425324240884104	1166884.4082894283
1.4276997812855778	1329411.581129934
1.4300792809210539	1394556.3280489543
1.4324627463892556	1370956.9205552214
1.4348501842999046	1370500.0561834786
1.4372416012737377	1433329.7877739908
1.4396370039425272	1530482.7819343857
1.442036398949098	1679625.1332735114
1.4444397929473467	1861765.3045355766
1.4468471926022592	2038725.4556397686
1.4492586045899296	2205308.5709879524
1.4516740355975797	2357435.1262127673
1.4540934923235755	2478110.0240648235
1.4565169814774481	2571325.0744827674
1.4589445097799105	2594706.949932435
1.4613760839628773	2553950.083191395
1.4638117107694821	2487922.126721386
1.466251396954098	2391668.903252279
1.4686951492823548	2299092.7915133946
1.471142974531159	2253192.7049202677
1.4735948794887108	2236902.7684117015
1.4760508709545253	2220755.1351397736
1.4785109557394496	2202594.6204681126
1.4809751406656821	2192988.75161153
1.4834434325667916	2205522.2874536957
1.4859158382877364	2226229.2905226853
1.4883923646848827	2238726.183118146
1.490873018626024	2245089.0427150535
1.493357806990401	2268403.0029774206
1.4958467366687183	2322124.783583663
1.4983398145631663	2375510.899368303
1.5008370475874384	2395815.0911972136
1.5033384426667507	2391418.779870389
1.505844006737862	2354744.7273016167
1.5083537467490917	2280999.381256806
1.5108676696603405	2210707.3985085096
1.5133857824431078	2166263.1204432477
1.5159080920805128	2140603.2300863205
1.518434605567314	2153224.4041897985
1.5209653299099262	2197318.954619628
1.5235002721264426	2229015.850175046
1.5260394392466536	2233520.917010532
1.5285828383120648	2230333.528318326
1.5311304763759181	2228012.293002542
1.5336823605032115	2225461.110415706
1.5362384977707166	2217085.6598166763
1.5387988952670015	2201787.4906348707
1.5413635600924465	2186039.8239207463
1.5439324993592671	2172321.3299885923
1.5465057201915329	2159049.09217442
1.5490832297251855	2143858.931172494
1.5516650351080608	2127108.4958079495
1.5542511434999076	2111141.4953722893
1.5568415620724074	2096759.011674475
1.559436298009195	2082369.3958271074
1.5620353585058768	2066499.5043539978
1.5646387507700532	2049278.225485152
1.567246482021337	2028684.1701118299
1.5698585594913725	2004144.3774232036
1.5724749904238582	1977051.2640158879
1.5750957820745648	1945790.7740511172
1.5777209417113556	1912893.7098864594
1.5803504766142082	1880419.943663941
1.5829843940752317	1848223.6148085622
1.5856227013986908	1814892.309491161
1.5882654059010217	1779704.546355595
1.5909125149108567	1743926.162767701
1.5935640357690417	1707979.0504547826
1.5962199758286568	1671843.5883219112
1.598880342455038	1635181.2834708744
1.6015451430257963	1597911.6015735995
1.6042143849308395	1560088.540617316
1.6068880755723909	1521318.4383724902
1.6095662223650118	1482011.9233972502
1.6122488327356201	1442093.0969153743
1.614935914123513	1401634.7336580683
1.6176274739803853	1360625.2999393546
1.6203235197703527	1318884.4822150778
1.62302405896997	1277579.4342830468
1.6257290990682536	1238350.2367395326
1.6284386475667005	1200621.6362641894
1.6311527119793119	1165269.1997782576
1.6338712998326108	1132554.0430599244
1.6365944186656651	1101474.192209916
1.6393220760301082	1073038.928838709
1.642054279490158	1046886.2559480865
1.644791036622642	1026408.552628407
1.6475323550170131	1010107.8215006548
1.6502782422753748	991440.3867095172
1.6530287060125004	968502.1379684509
1.6557837538558546	944648.100950633
1.6585433934456146	921464.8230571597
1.6613076324346907	897340.41265925
1.6640764784887485	864737.6555143541
1.66684993928623	823525.9021466783
1.6696280225183737	791072.2841068329
1.6724107358892377	780347.8215354098
1.6751980871157197	776001.9829619617
1.6779900839275794	763571.7212689827
1.6807867340674587	744702.5890933066
1.6835880452909044	724377.9355157871
1.6863940253663894	702827.7634342511
1.6892046820753335	681294.6141720734
1.6920200232121256	660786.9050880603
1.694840056584146	640997.9739118911
1.6976647900117863	622347.6217590019
1.700494231328473	604933.362696544
1.703328388380687	588650.3441549562
1.706167269027988	574327.7731381919
1.709010881143035	560521.2247416095
1.7118592326116067	545868.8055257808
1.714712331332626	530550.4808755404
1.7175701852181804	515016.586096128
1.7204328021935444	499269.07950268476
1.7233001901972003	483538.1857016534
1.726172357180862	468040.5668645306
1.7290493111094971	452805.25188645034
1.7319310599613464	438481.7655225732
1.7348176117279486	425090.0705063143
1.737708974414162	411724.9294824038
1.7406051560381857	398140.3122611145
1.7435061646315826	384681.5160074016
1.746412008239302	372104.31723705825
1.749322694919701	360107.63223082846
1.7522382327445671	347565.9344716443
1.7551586297991415	334165.5649189455
1.7580838941821402	320315.16029331577
1.761014034005777	305800.25792499876
1.7639490573957866	291283.4213450131
1.7668889724914467	278821.0269832942
1.769833787445599	268385.2054309454
1.7727835104246752	257218.27870157344
1.7757381496087163	244013.3532709651
1.7786977131913975	230063.10423549215
1.7816622093800498	216030.6752266758
1.7846316463956833	201896.46104051394
1.7876060324730094	187324.8046363258
1.7905853758604646	172220.02756712845
1.793569684820232	158568.0224965142
1.7965589676282658	149305.99377653096
1.7995532325743133	141929.56761016964
1.802552487961937	132848.25154822142
1.8055567421085403	122117.5031642326
1.8085660033453879	113043.83571471368
1.8115802800176304	107655.28926649924
1.8145995804843267	103859.9831634017
1.8176239131184673	101375.08345204759
1.820653286306998	99494.31516785432
1.823687708450843	95048.88476446448
1.8267271879649278	87067.0518899233
1.8297717332782029	79331.79936059882
1.8328213528336663	74441.83475808126
1.8358760550883895	71515.91905160701
1.8389358485135368	71877.77844319739
1.8420007415943929	75249.99497661507
1.8450707428303834	77507.10692642031
1.848145860735101	76852.63075874462
1.851226103836326	74839.46566011952
1.8543114806760534	71352.42225513874
1.8574019998105136	66783.04004352834
1.8604976698101978	61420.92615286324
1.8635984992598815	55155.938915426115
1.8667044967586481	49637.65223273377
1.8698156709199125	46621.47178350875
1.8729320303714458	45892.42582022097
1.8760535837553982	51190.62793139469
1.879180339728324	61815.72097291014
1.8823123069612047	68875.60760452026
1.8854494941394733	68026.43854424798
1.8885919099630393	64729.50212611286
1.8917395631463112	61889.203948685106
1.8948924624182215	59207.38530259417
1.8980506165222522	55168.277345261464
1.9012140342164559	49398.388685001104
1.9043827242734832	44576.59301088431
1.907556695480606	43146.52847852424
1.9107359566397404	43120.982429417265
1.9139205165674735	42226.923682147535
1.9171103840950858	40488.94516948439
1.9203055680685779	38784.023753409354
1.923506077348692	37341.774859599194
1.92671192081094	36135.90797706254
1.9299231073456249	35487.542628130046
1.9331396458578678	35179.08656433868
1.9363615452676308	34716.96947197163
1.9395888145097437	34045.76967228331
1.9428214625339266	33746.5910419006
1.9460594983048167	34487.791446836534
1.9493029308019916	35575.399890808185
1.952551769019995	36024.389536892006
1.9558060219683617	35913.672526595285
1.9590656986716424	36115.82955854432
1.9623308081694284	36988.15264775099
1.9656013595163775	37897.971040261946
1.9688773617822382	38209.992525965135
1.9721588240518755	38142.79576391919
1.975445755425295	38067.55856695077
1.9787381650176707	38018.72178888509
1.9820360619593669	38037.44011489374
1.985339455395966	38207.85028855226
1.9886483544882927	38377.907548273135
1.99196276841244	38209.846653527726
1.9952827063597942	37738.75836524756
1.9986081775370603	37189.86519945693
2.001939191166289	36571.64961024083
2.0052757564848993	35959.409049867674
2.0086178827457077	35440.53667844369
2.011965579216951	34966.31474953095
2.0153188551823122	34396.62543451045
2.01867771994095	33711.800539876516
2.022042182807518	33100.970880690926
2.0254122531121976	32720.967086216155
2.0287879402007176	32428.473125974517
2.0321692534343856	32080.238567180273
2.0355562021901097	31677.359291774665
2.038948795860427	31221.483716837014
2.0423470438535274	30687.681280570287
2.0457509555932836	30126.783975127895
2.049160540519272	29552.62423540688
2.0525758080868046	28965.414008685595
2.0559967677669495	28342.432581661687
2.059423429046561	27677.568973791298
2.0628558014283054	26996.587837360315
2.066293894430686	26297.52512769698
2.0697377175880702	25591.682161597324
2.073187280450717	24891.71270931042
2.0766425925848018	24198.73034370011
2.0801036635724435	23528.74003409482
2.083570503011731	22896.13534707045
2.0870431205167503	22290.811267635258
2.090521525717612	21741.19249943309
2.0940057282604747	21233.51625529775
2.0974957378075754	20792.767443745328
2.1009915640372547	20429.285461735784
2.1044932166439834	20121.860802564614
2.10800070533839	19910.265158388273
2.1115140398472874	19756.828122013645
2.1150332299137	19692.024982065584
2.1185582852968894	19703.47740491032
2.1220892157723843	19770.89804944557
2.125626031132005	19915.0958988783
2.1291687411838915	20098.68139447834
2.1327173557525314	20339.64512924167
2.136271884678786	20615.983193429598
2.1398323378199176	20908.900962341788
2.143398725049617	21217.84047540544
2.1469710562580335	21522.5236285345
2.150549341351797	21810.90310962742
2.15413359025405	22078.854681421937
2.1577238129044733	22283.108103849838
2.1613200192593145	22434.70355135293
2.1649222192914133	22562.429610602278
2.1685304229902322	22660.09859203616
2.172144640361883	22708.183181161665
2.175764881429153	22627.43809223503
2.1793911562315347	22471.413754187568
2.183023474825254	22294.617139999384
2.1866618472832964	22093.38798016222
2.1903062836954352	21783.837023580254
2.193956794168261	21249.94679776542
2.197613388825208	20670.86015787878
2.201276077806584	20277.71371020522
2.2049448712695945	20037.46900745935
2.2086197793883775	19870.282604487904
2.212300812354025	19789.62262660772
2.215987980374615	19685.632584775736
2.2196812936752393	19442.844364282086
2.2233807624980315	19135.524006500596
2.227086397102195	18901.80659587858
2.230798207764032	18748.518557608317
2.2345162047769724	18553.710238444826
2.2382403984516004	18243.446875241058
2.2419707991156868	17901.786413588798
2.245707417114213	17613.75568075965
2.249450262809403	17360.352896061242
2.2531993465807525	17040.920824774184
2.256954678825054	16620.563776864445
2.260716269956429	16245.495663742848
2.2644841304063563	16080.453990933987
2.2682582706237007	16018.235328521812
2.2720387010747403	15898.927246914176
2.275825432243198	15714.095945482091
2.27961847463027	15529.540745546159
2.283417838754654	15367.280372149417
2.2872235351525787	15200.618845935438
2.291035574377833	14981.752160945904
2.294853967001796	14734.034711227097
2.298678723613466	14581.662896103191
2.302509854819488	14568.639214941883
2.3063473712441875	14488.315985267524
2.3101912835295946	14115.539380803899
2.314041602335477	13633.359722787032
2.31789833833937	13411.479231106205
2.321761502236602	13460.048729846554
2.3256311047403297	13473.089513075416
2.3295071565815637	13330.247446679643
2.3333896685092	13141.250963321374
2.3372786512900485	12992.980990126594
2.3411741157088657	12881.345292891368
2.3450760725683804	12829.363500391433
2.348984532689328	12858.150495766246
2.3528995069104766	12919.475557513915
2.356821006088661	13017.44985584734
2.360749041098809	13101.016437005072
2.3646836228339736	12990.759606007576
2.3686247622053638	12698.196463567512
2.3725724701423725	12574.651711221051
2.37652675759261	12836.716446680428
2.380487635521931	13215.308501134987
2.3844551149144677	11961.118662732455
2.388429206772659	36974.41939020235
2.39240992211728	13752.704291276292
2.3963972719874755	14247.161386965296
2.400391267440788	14592.665000440818
2.4043919195531895	15046.520853244216
2.408399239419112	15558.59150029649
2.412413238151477	16096.057664451473
2.4164339268817296	16663.43055187683
2.420461316759866	17338.21090481144
2.4244954189544656	18210.12987008758
2.428536244652723	19155.621752062623
2.432583805060478	20122.785695213366
2.4366381114022455	21111.19218583102
2.440699174921249	22157.675590848474
2.4447670068794514	23285.44844801944
2.4488416185575836	24557.085576066256
2.4529230212551796	26161.226491223446
2.457011226290605	27909.556635053115
2.4611062450010897	29559.991917766147
2.465208088742758	31118.005109310885
2.4693167688906628	32773.13773971239
2.4734322968388143	34631.0310406698
2.4775546840002125	36471.9011372545
2.4816839418068795	37990.544471372596
2.4858200817098908	39331.05771748352
2.4899631151794077	39920.0396686238
2.4941130537047065	26092.495150475537
