0.7011666666666666	10462128.80580564
0.7023352777777778	11242745.615996107
0.7035058365740741	11692352.420271406
0.7046783463016977	12073104.955940021
0.7058528102122005	12142616.847475316
0.7070292315625542	12052966.925855417
0.7082076136151585	12036593.554153835
0.7093879596378504	12110601.477903767
0.7105702729039134	12216499.579681281
0.7117545566920868	12357419.021996293
0.7129408142865735	12511122.297304086
0.7141290489770512	12662086.221727889
0.7153192640586796	12812888.764109902
0.7165114628321108	12984541.050724277
0.7177056486034976	13186351.187888993
0.7189018246845036	13371256.286080625
0.7200999943923111	13483368.674476098
0.7213001610496316	13559941.502379578
0.7225023279847144	13657359.023146622
0.7237064985313556	13777554.757316206
0.7249126760289079	13879921.243275207
0.7261208638222895	13937738.187176343
0.7273310652619932	13971888.059810381
0.7285432837040966	13976221.77414238
0.72975752251027	13954230.340254655
0.7309737850477873	13889421.823530491
0.7321920746895336	13764774.557639696
0.7334123948140163	13592984.936536815
0.7346347488053729	13329022.353719812
0.7358591400533818	13012418.289550459
0.7370855719534709	12669331.323569123
0.7383140479067267	12300627.652424576
0.7395445713199046	11913762.198901562
0.7407771456054377	11498923.98003435
0.7420117741814469	11072718.221027622
0.7432484604717493	10645075.869787896
0.744487207905869	9373138.912618099
0.7457280199190454	19612701.075277742
0.7469708999522439	9250867.698119435
0.7482158514521644	8871127.008749492
0.7494628778712513	8371457.22523549
0.7507119826677034	7855083.834152756
0.7519631693054829	7363120.00275282
0.7532164412543255	6896063.139599188
0.7544718019897494	6422645.854991791
0.7557292549930656	5929420.547477094
0.7569888037513873	5405336.537307497
0.7582504517576398	4788199.911185405
0.7595142025105692	4092585.1877961745
0.7607800595147535	3284894.72228936
0.7620480262806114	2335031.0764763555
0.7633181063244125	1445112.3277601586
0.7645903031682866	811938.6367792975
0.7658646203402337	346075.0966794936
0.7671410613741342	107520.97293632479
0.7684196298097576	91514.74917622966
0.7697003291927741	177799.01343343675
0.770983163074762	398475.0916077858
0.77226813501322	718632.0457994429
0.7735552485715754	1243748.5014204897
0.7748445073191947	1929696.54760923
0.7761359148313933	2785213.8346811705
0.7774294746894457	3852696.922007579
0.7787251904805949	4977970.701583861
0.7800230657980626	6126570.432694854
0.7813231042410594	7281179.503823442
0.7826253094147945	8403087.439872332
0.7839296849304858	9494045.842305051
0.7852362344053699	10593390.568947306
0.7865449614627122	11715623.6271841
0.7878558697318168	12850347.281115597
0.7891689628480365	14000435.728033217
0.7904842444527834	15168404.943413127
0.791801718193538	16396450.023640191
0.7931213877238606	17701508.091169257
0.7944432567034004	19014831.06072934
0.795767328797906	20303183.706887215
0.7970936076792359	21596240.17831312
0.7984220970253681	22974479.381587133
0.7997528005204104	24434776.367403634
0.801085721854611	25927643.00652972
0.8024208647243688	27458184.38892892
0.8037582328322427	29006288.769546054
0.8050978298869632	30570059.938182816
0.8064396596034414	32146148.33707556
0.8077837257027807	33734657.43104274
0.8091300319122853	35338558.241654985
0.8104785819654725	36970769.5692455
0.8118293796020817	38663519.95231909
0.8131824285680851	40327145.5227979
0.8145377326156986	41686021.230475664
0.8158952955033916	42719289.094501585
0.8172551209958971	43132572.24650663
0.8186172128642236	42527824.170419656
0.819981574885664	42185622.06642345
0.8213482108438068	43934731.95931054
0.8227171245285466	46961307.110080115
0.8240883197360943	49431326.308831446
0.8254618002689877	51063038.04707338
0.8268375699361028	52328923.8580153
0.828215632552663	53117955.595467836
0.8295959919402508	53799294.92837823
0.830978651926818	55025170.08447604
0.832363616346696	56730460.72598015
0.8337508890406071	58303179.4861701
0.8351404738556749	59537161.242707655
0.8365323746454344	60696776.176646434
0.8379265952698435	61958445.684923895
0.8393231395952933	63197285.04622039
0.8407220114946187	63765889.30087294
0.8421232148471098	63488692.96233534
0.8435267535385217	62709206.678782724
0.8449326314610859	61129327.473400384
0.8463408525135211	59543068.12595042
0.8477514206010437	59679359.576767534
0.8491643396353787	61329674.70968038
0.8505796135347711	63109819.49298572
0.8519972462239958	64795119.66474065
0.8534172416343692	66549398.97246699
0.8548396037037598	68631155.6153191
0.8562643363765994	70766365.19427429
0.8576914436038937	71807575.49462137
0.8591209293432337	71425337.08561489
0.8605527975588058	68940914.7035394
0.8619870522214037	62157764.70294929
0.8634236973084395	54947042.25231624
0.8648627368039535	54609189.13174186
0.8663041746986269	59957756.19707839
0.8677480149897913	63173657.72959649
0.8691942616814409	61731769.06581016
0.8706429187842434	59664061.2342677
0.8720939903155505	60031374.59482652
0.8735474802994098	61951354.45241484
0.8750033927665755	64496522.86460666
0.8764617317545198	67647174.74264248
0.8779225013074441	70653580.88867623
0.8793857054762898	73060251.87869006
0.8808513483187503	75371039.36689974
0.8823194338992816	78404606.81720638
0.8837899662891138	81821416.48123905
0.8852629495662623	82744272.96532826
0.8867383878155394	79575216.4046595
0.8882162851285654	76634368.94670017
0.8896966456037797	78194488.46783903
0.8911794733464526	82189026.89599149
0.8926647724686968	84779745.16413206
0.894152547089478	85607311.95779124
0.8956428013346271	86841373.66961037
0.8971355393368516	89712926.66777818
0.8986307652357465	92974577.41322948
0.9001284831778059	94955534.65803915
0.9016286973164357	95878096.07519986
0.9031314118119631	96707428.02800614
0.9046366308316498	97589559.02812372
0.9061443585497025	99048851.67320961
0.9076545991472854	102281051.26791771
0.9091673568125309	106398665.14924048
0.9106826357405519	109656460.51225734
0.9122004401334528	111894356.67653212
0.9137207742003418	114190291.19407628
0.9152436421573426	117007151.15223132
0.9167690482276047	120004537.91220658
0.9182969966413176	122876540.82910392
0.9198274916357196	125565901.51369701
0.9213605374551126	127412889.44989987
0.9228961383508711	127967674.54921214
0.924434298581456	127791802.49453355
0.9259750224124251	126432894.87245068
0.9275183141164459	124541327.46103126
0.9290641779733066	123472974.77107112
0.9306126182699289	123380909.63239464
0.9321636393003788	124006287.00603423
0.9337172453658794	125814716.55973843
0.9352734407748227	128110422.04137602
0.9368322298427807	130531267.12325895
0.9383936168925188	133040603.5902164
0.9399576062540064	135550985.4899091
0.9415242022644297	138052718.5405118
0.9430934092682037	140705862.9595317
0.9446652316169841	143815424.42099416
0.9462396736696792	147047033.80881664
0.947816739792462	149467190.85994947
0.9493964343587827	151019654.61953923
0.9509787617493808	152697159.3919746
0.9525637263522965	154932278.0559705
0.9541513325628838	157130498.2798174
0.9557415847838219	158270298.42010644
0.9573344874251283	158622399.46908978
0.9589300449041701	159101069.39623022
0.9605282616456772	159890584.9580764
0.9621291420817533	161023692.79335314
0.9637326906518895	162931371.69540924
0.9653389118029762	165260692.65872645
0.9669478099893144	167651525.38379967
0.96855938967263	169976444.99897078
0.9701736553220844	170588044.20684746
0.971790611414288	167717930.29723662
0.9734102624333119	164180092.6402411
0.9750326128707006	163185126.57912058
0.9766576672254852	164098796.28625518
0.9782854300041944	165187563.14439794
0.9799159057208682	166259582.6451121
0.9815490988970695	167049236.79866657
0.9831850140618982	167040963.70295596
0.9848236557520013	166265902.37286028
0.986465028511588	163364565.0425672
0.9881091368924407	158177592.73444027
0.9897559854539281	150629843.86400253
0.991405578763018	139096459.9034176
0.9930579213942898	127732597.08429614
0.994713017929947	122856168.51252523
0.9963708729598303	122580863.16880518
0.9980314910814301	121576455.22800596
0.9996948768998991	118990566.41396026
1.0013610350280657	117063063.17487428
1.0030299700864458	118031280.40282506
1.0047016867032565	120613636.14810702
1.0063761895144285	124076717.42413269
1.0080534831636194	128312102.07074995
1.0097335723022256	132079326.98371382
1.011416461589396	134702592.79027778
1.013102155692045	136945335.72277594
1.014790659284865	139252179.1890975
1.01648197705034	141590322.9102486
1.018176113678757	143755634.75198746
1.0198730738682218	145675457.9595499
1.021572862324669	147502207.35514227
1.0232754837618767	149226455.92843735
1.0249809429014798	150719128.18226498
1.0266892444729823	151176339.11514387
1.0284003932137706	150661619.8119617
1.030114393869127	150540351.5604366
1.0318312511922423	151449016.21195063
1.0335509699442293	153336766.47441956
1.0352735548941365	157645499.1619939
1.0369990108189602	163416405.53250077
1.0387273425036585	167501461.36927807
1.0404585547411644	169168327.43356496
1.0421926523323999	170989434.5710455
1.0439296400862872	174660671.04687983
1.0456695228197646	178840327.78908405
1.0474123053577973	180898516.49894977
1.0491579925333938	181014679.77605122
1.0509065891876161	182492774.11485243
1.0526581001695956	186999034.8798563
1.0544125303365448	191869663.7689331
1.0561698845537726	194342969.13265738
1.0579301676946955	195203045.25985676
1.0596933846408534	196064431.7698754
1.0614595402819214	197079497.62180114
1.0632286395157247	197720211.27743664
1.065000687248251	197301928.22498512
1.0667756883936648	196623513.4346764
1.068553647874321	197220469.85084358
1.070334570620778	199103627.04462317
1.072118461571813	202200131.16355905
1.0739053256744326	207178945.01311854
1.07569516788389	212212456.98501357
1.0774879931636965	215219143.82141984
1.079283806485636	216988925.57591343
1.0810826128297788	219503817.61539564
1.0828844171844951	223083127.253101
1.0846892245464692	226459139.67766362
1.0864970399207134	228744165.38817203
1.0883078683205814	230321363.44977075
1.0901217147677824	230795760.46989605
1.0919385842923954	230255950.03500834
1.0937584819328827	229249755.10182196
1.0955814127361043	227655014.97019535
1.0974073817573313	226217330.16819686
1.09923639406026	226001483.76641166
1.1010684547170273	226358093.00942364
1.1029035688082225	225074318.53221384
1.1047417414229028	221693393.90523693
1.1065829776586076	218448107.7491512
1.108427282621372	216604711.06156084
1.110274661425741	215493727.8364363
1.112125119194784	214936329.09302258
1.1139786610601086	214948696.65094322
1.1158352921618757	216228558.33954751
1.117695017648812	219588012.52206495
1.1195578426782267	223602438.4831717
1.1214237724160239	227684625.96864948
1.1232928120367172	231770620.80368018
1.1251649667234453	235581197.72921485
1.1270402416679843	238913067.70558816
1.1289186420707642	239299120.6303016
1.1308001731408823	232805199.8097281
1.1326848400961171	224300763.15320292
1.1345726481629441	220699170.91464072
1.136463602576549	221468244.74422503
1.1383577085808434	223016715.8558601
1.1402549714284782	225032499.91205215
1.1421553963808588	228536821.2529815
1.1440589887081603	236620653.72114882
1.1459657536893408	246985436.10836783
1.1478756966121564	253598303.41681665
1.1497888227731765	255481238.51481915
1.1517051374777987	256029023.46019736
1.1536246460402617	255565177.21444577
1.155547353783662	254789049.3233766
1.1574732660399685	254580730.96612924
1.1594023881500348	254854385.69686458
1.1613347254636184	255048448.8558903
1.163270283339391	254947362.72196764
1.1652090671449569	252098470.2983702
1.1671510822568651	240430630.51538286
1.1690963340606266	224776128.26813787
1.1710448279507277	218121237.01524898
1.1729965693306457	222140241.87915328
1.1749515636128636	223737563.94276863
1.176909816218885	215234934.29071185
1.17887133257925	206112578.68650892
1.1808361181335487	213799300.34604064
1.182804178330438	235163846.53222254
1.1847755186276552	253839765.69653207
1.1867501444920348	265633471.6951515
1.1887280613995215	273735849.6174157
1.1907092748351875	276117369.7845373
1.1926937902932462	274615565.6300025
1.1946816132770681	269109681.1972239
1.1966727492991969	259436472.33896306
1.1986672038813622	252175550.964674
1.2006649825544977	252032944.72868326
1.2026660908587554	255448519.60953835
1.20467053434352	262046452.420001
1.206678318567426	270787669.87506056
1.2086894490983717	275668421.26214767
1.2107039315135357	274119062.4832839
1.2127217713993916	272470993.9441474
1.214742974351724	276032395.9239945
1.2167675459756435	281999884.1401512
1.218795491885603	284267109.21016425
1.2208268177054122	282353746.4657595
1.2228615290682547	282181660.60492665
1.2248996316167018	287410720.11347884
1.2269411310027298	293839400.8048246
1.2289860328877344	296125949.26095045
1.2310343429425474	295125224.8421716
1.2330860668474517	294140216.18828964
1.2351412102921975	293615466.34560484
1.2371997789760178	290389835.42525536
1.2392617786076445	278484721.2991795
1.241327214905324	263818199.38119057
1.243396093596833	262510927.40091398
1.2454684204194943	275605871.6996724
1.2475442011201936	283401985.1863261
1.249623441455394	274709948.61447924
1.251706147191153	263281050.13377556
1.2537923241031383	267475448.5802597
1.2558819779766437	283332261.7879483
1.2579751146066047	294926541.4349648
1.2600717397976158	298356773.8844875
1.262171859363945	300501041.87564945
1.2642754791295518	305074079.13614625
1.266382604928101	310513161.19941163
1.2684932426029811	313095910.2416634
1.2706073980073196	312591853.73627424
1.2727250770039986	312079783.52520865
1.274846285465672	312596971.0847582
1.2769710292747813	313595710.10406595
1.2790993143235727	315011430.53536266
1.2812311465141122	316444017.62625504
1.2833665317583023	315001609.5978792
1.2855054759778997	309352483.57512707
1.2876479851045295	303851082.684841
1.2897940650797037	301865036.79826754
1.2919437218548366	301976277.9687364
1.2940969613912614	303630292.3235604
1.2962537896602468	306785240.615662
1.298414212643014	310024360.8848524
1.3005782363307525	312947197.89354247
1.302745866724637	315361359.4776305
1.304917109835845	316130777.63043725
1.3070919716855713	315796307.87356377
1.3092704583050472	316383668.0637943
1.3114525757355557	318427969.3460737
1.3136383300284484	320320459.6513915
1.3158277272451624	320767771.25581425
1.3180207734572378	320125734.14221066
1.3202174747463333	317387995.4897259
1.3224178372042439	312445842.4516951
1.3246218669329177	305506187.74353826
1.3268295700444726	295196505.70711267
1.3290409526612135	280325583.7577141
1.3312560209156488	251829892.3536667
1.3334747809505083	214326415.67837536
1.3356972389187591	183398211.60698405
1.3379234009836238	162941866.65849736
1.3401532733185966	146993212.41375676
1.342386862107461	136788578.64071757
1.344624173544307	129788721.21966046
1.3468652138335475	124762557.30149016
1.3491099891899365	121486347.85924868
1.3513585058385866	117193613.60072206
1.3536107700149842	110464769.26040258
1.3558667879650093	104985947.5640331
1.358126565944951	107771970.040341
1.360390110221526	116344933.1857078
1.3626574270718954	125084857.70901205
1.3649285227836818	133320849.29355128
1.367203403654988	139829466.20506677
1.369482075994413	141937810.3409919
1.3717645461210706	142698341.5766668
1.3740508203646056	148007350.97449225
1.3763409050652133	157444874.60527647
1.3786348065736556	162045681.2291003
1.3809325312512784	156356152.22306103
1.3832340854700305	148469969.3963737
1.3855394756124806	145413079.47326034
1.3878487080718347	145404541.83285022
1.3901617892519544	143049759.2485282
1.3924787255673745	137258570.87296346
1.3947995234433201	131954363.27274588
1.3971241893157258	129969540.36729139
1.399452729631252	129896395.50816198
1.401785150847304	131668156.85705929
1.40412145943205	134857406.78514385
1.4064616618644366	134430007.84063298
1.4088057646342107	126952965.78578706
1.4111537742419344	118722197.89185004
1.4135056971990045	116310761.17689061
1.4158615400276693	117745540.3757939
1.418221309261049	118861733.13738897
1.4205850114431506	119197794.17311308
1.4229526531288894	120023856.39811094
1.425324240884104	122550539.55750239
1.4276997812855778	125455020.22928016
1.4300792809210539	126130746.76295489
1.4324627463892556	124816856.04227154
1.4348501842999046	124640591.47464985
1.4372416012737377	127009032.7839019
1.4396370039425272	130596747.06977029
1.442036398949098	135686547.36061323
1.4444397929473467	141722363.40980273
1.4468471926022592	147559202.8312385
1.4492586045899296	153056967.5635838
1.4516740355975797	158669481.30315632
1.4540934923235755	164738218.1019417
1.4565169814774481	170335426.5746896
1.4589445097799105	172351851.38663304
1.4613760839628773	171139389.6933694
1.4638117107694821	169797454.3138703
1.466251396954098	168966919.85230643
1.4686951492823548	169303402.1878072
1.471142974531159	173245329.19825587
1.4735948794887108	179321108.2374027
1.4760508709545253	184212319.9726975
1.4785109557394496	187412961.7283511
1.4809751406656821	189989885.10073397
1.4834434325667916	191860483.92326903
1.4859158382877364	193590484.1498805
1.4883923646848827	196191535.9623729
1.490873018626024	199572427.96593374
1.493357806990401	203044586.56903118
1.4958467366687183	206507208.6063096
1.4983398145631663	209898893.74816248
1.5008370475874384	213045435.15472478
1.5033384426667507	216015555.9794446
1.505844006737862	218784698.07840073
1.5083537467490917	221346516.01916027
1.5108676696603405	224407442.64004865
1.5133857824431078	228763670.2198095
1.5159080920805128	233651403.36497116
1.518434605567314	238396424.493824
1.5209653299099262	242958349.48857406
1.5235002721264426	246947922.74188453
1.5260394392466536	249997858.7641724
1.5285828383120648	252613234.22169328
1.5311304763759181	254679082.20445096
1.5336823605032115	256490024.68635085
1.5362384977707166	258854595.47077858
1.5387988952670015	261925055.27537042
1.5413635600924465	265589457.90925404
1.5439324993592671	270329484.32801235
1.5465057201915329	275103221.45540684
1.5490832297251855	277838869.23047286
1.5516650351080608	278829887.63146114
1.5542511434999076	279474919.1029496
1.5568415620724074	279882788.35469997
1.559436298009195	280649833.6177095
1.5620353585058768	282826104.143077
1.5646387507700532	285760255.6879007
1.567246482021337	288164467.89614177
1.5698585594913725	289882730.2253376
1.5724749904238582	291284155.3356422
1.5750957820745648	292244336.33906114
1.5777209417113556	293115616.49448043
1.5803504766142082	294416746.911488
1.5829843940752317	296035688.75997156
1.5856227013986908	297228326.8623069
1.5882654059010217	297676508.19930327
1.5909125149108567	297911589.9145053
1.5935640357690417	298123245.1175984
1.5962199758286568	298301682.2217056
1.598880342455038	298338174.63667655
1.6015451430257963	298215370.7867895
1.6042143849308395	298082988.89907444
1.6068880755723909	297992175.03904015
1.6095662223650118	297903062.6796684
1.6122488327356201	297745971.23131853
1.614935914123513	297515142.87078565
1.6176274739803853	297075330.9224722
1.6203235197703527	296320485.4472122
1.62302405896997	295542452.26133484
1.6257290990682536	294959602.85083896
1.6284386475667005	294498676.51924306
1.6311527119793119	294120978.11267316
1.6338712998326108	293821580.3049115
1.6365944186656651	293407272.5264006
1.6393220760301082	292713583.39514905
1.642054279490158	291942918.6050918
1.644791036622642	291316077.2862947
1.6475323550170131	290786788.10051566
1.6502782422753748	290084306.66269
1.6530287060125004	289098782.13514304
1.6557837538558546	287980071.34606975
1.6585433934456146	286682770.00190204
1.6613076324346907	285274499.29681736
1.6640764784887485	283784601.9340815
1.66684993928623	282224904.9761385
1.6696280225183737	280870434.8674007
1.6724107358892377	279980299.2273145
1.6751980871157197	279293967.3043524
1.6779900839275794	278730032.9910751
1.6807867340674587	278185111.4899532
1.6835880452909044	276915874.10695297
1.6863940253663894	274559456.9793431
1.6892046820753335	272038286.31407243
1.6920200232121256	269856436.3091822
1.694840056584146	267870849.5770903
1.6976647900117863	265982582.0720116
1.700494231328473	264163667.454686
1.703328388380687	261961633.74681026
1.706167269027988	258937101.658137
1.709010881143035	255259755.41091603
1.7118592326116067	250115754.70225602
1.714712331332626	243993399.00409436
1.7175701852181804	238946917.21682137
1.7204328021935444	235598268.26053998
1.7233001901972003	232111687.41392574
1.726172357180862	227008069.7497035
1.7290493111094971	221131628.27364126
1.7319310599613464	215716947.05954883
1.7348176117279486	210779522.04310402
1.737708974414162	205225756.98781028
1.7406051560381857	198284243.09775826
1.7435061646315826	191331493.9835153
1.746412008239302	186413443.43563694
1.749322694919701	182849330.77716544
1.7522382327445671	178054615.0432264
1.7551586297991415	171328804.13682622
1.7580838941821402	164312094.88353297
1.761014034005777	157800921.44047433
1.7639490573957866	151774183.7395624
1.7668889724914467	147117565.9705981
1.769833787445599	143752584.30512092
1.7727835104246752	139332468.26594713
1.7757381496087163	132450452.36132626
1.7786977131913975	125190492.75331324
1.7816622093800498	119904043.4717079
1.7846316463956833	115968887.4121744
1.7876060324730094	111502304.78171378
1.7905853758604646	106176031.01163268
1.793569684820232	101872336.27809988
1.7965589676282658	100961552.37594724
1.7995532325743133	101316314.02268033
1.802552487961937	99223268.34949522
1.8055567421085403	94785097.12717243
1.8085660033453879	92156459.63498455
1.8115802800176304	93685478.39339297
1.8145995804843267	96416747.9997233
1.8176239131184673	98279077.35467242
1.820653286306998	99237169.27743265
1.823687708450843	97652337.8042929
1.8267271879649278	92747271.25582305
1.8297717332782029	88537118.52081959
1.8328213528336663	88241778.7469009
1.8358760550883895	89609418.03740083
1.8389358485135368	89635499.10861877
1.8420007415943929	88248363.10035534
1.8450707428303834	86091115.64772804
1.848145860735101	82846654.500655
1.851226103836326	78887707.60800578
1.8543114806760534	73596995.52981038
1.8574019998105136	67784876.56733921
1.8604976698101978	65211136.873701565
1.8635984992598815	67018866.62278147
1.8667044967586481	69607277.23822087
1.8698156709199125	71708386.98657648
1.8729320303714458	74039570.36984706
1.8760535837553982	78882817.95042934
1.879180339728324	85978883.01829647
1.8823123069612047	91669148.63403796
1.8854494941394733	94209691.32812378
1.8885919099630393	96243251.49449666
1.8917395631463112	100187491.5651034
1.8948924624182215	105000918.96887119
1.8980506165222522	106471368.52367765
1.9012140342164559	103553433.74049424
1.9043827242734832	101277778.18241246
1.907556695480606	103060471.52968433
1.9107359566397404	106105137.46668702
1.9139205165674735	105876518.55332671
1.9171103840950858	102583089.88094132
1.9203055680685779	99128595.793586
1.923506077348692	96107101.0754209
1.92671192081094	93251385.76669487
1.9299231073456249	90506754.7440416
1.9331396458578678	87711173.37940358
1.9363615452676308	83950912.26691967
1.9395888145097437	79064208.16824394
1.9428214625339266	76119974.45338896
1.9460594983048167	78627198.00896011
1.9493029308019916	82740815.80147089
1.952551769019995	82433600.67439388
1.9558060219683617	78282513.79866396
1.9590656986716424	76374933.82943904
1.9623308081694284	79246270.88909048
1.9656013595163775	82708433.71691976
1.9688773617822382	83055151.69974041
1.9721588240518755	81599188.44497244
1.975445755425295	81468845.73518535
1.9787381650176707	83137441.06211115
1.9820360619593669	84865677.15961888
1.985339455395966	85853907.79642966
1.9886483544882927	86645752.41949898
1.99196276841244	88084350.99934842
1.9952827063597942	90102974.42388177
1.9986081775370603	92204014.76077895
2.001939191166289	94319277.38303183
2.0052757564848993	96257949.87398767
2.0086178827457077	97570715.66719338
2.011965579216951	98650802.01388194
2.0153188551823122	100871254.5481603
2.01867771994095	104449843.83642101
2.022042182807518	107268083.84558566
2.0254122531121976	107639875.39911968
2.0287879402007176	107276808.83325598
2.0321692534343856	108457668.84569919
2.0355562021901097	110967630.64685398
2.038948795860427	113315812.29055819
2.0423470438535274	115130224.38146937
2.0457509555932836	116826775.46679102
2.049160540519272	118646821.46404395
2.0525758080868046	120461532.2260985
2.0559967677669495	121687709.07130611
2.059423429046561	122227706.1715183
2.0628558014283054	122927314.99235423
2.066293894430686	124297356.67168187
2.0697377175880702	125769768.36145423
2.073187280450717	126388555.80249996
2.0766425925848018	126306524.53498745
2.0801036635724435	126407787.65040304
2.083570503011731	126937060.5398567
2.0870431205167503	127510324.68821532
2.090521525717612	127828864.14275573
2.0940057282604747	127996846.15329202
2.0974957378075754	128160323.73228414
2.1009915640372547	128325842.15309907
2.1044932166439834	128426113.11561754
2.10800070533839	128376836.28707066
2.1115140398472874	128228254.20825472
2.1150332299137	127902784.57780741
2.1185582852968894	127435449.79026745
2.1220892157723843	126974722.08587982
2.125626031132005	126549498.55138694
2.1291687411838915	126128043.35462931
2.1327173557525314	125688242.51292516
2.136271884678786	125241917.15234497
2.1398323378199176	124824419.91008885
2.143398725049617	124433680.37733993
2.1469710562580335	123931211.02116826
2.150549341351797	123171391.27635829
2.15413359025405	122318877.37319872
2.1577238129044733	121512999.34676114
2.1613200192593145	120746822.22383043
2.1649222192914133	119988504.93207851
2.1685304229902322	119235483.04655704
2.172144640361883	118451983.12279902
2.175764881429153	117571180.97729866
2.1793911562315347	116636212.61741726
2.183023474825254	115706074.71399222
2.1866618472832964	114779539.24197434
2.1903062836954352	113762782.24453253
2.193956794168261	112551260.07972796
2.197613388825208	111296409.73625757
2.201276077806584	110187112.77672845
2.2049448712695945	109208552.96333079
2.2086197793883775	108400683.082631
2.212300812354025	107832706.53979778
2.215987980374615	107293020.52627172
2.2196812936752393	106650192.98242986
2.2233807624980315	105951255.83977106
2.227086397102195	105256883.14434098
2.230798207764032	104563986.45077877
2.2345162047769724	103758770.1149362
2.2382403984516004	102717597.8526188
2.2419707991156868	101639368.2773922
2.245707417114213	100787946.48791407
2.249450262809403	100105754.46317197
2.2531993465807525	99384676.610332
2.256954678825054	98580390.25290453
2.260716269956429	97726904.55572824
2.2644841304063563	96792477.78863588
2.2682582706237007	95839718.85076304
2.2720387010747403	95044174.0813121
2.275825432243198	94414620.68543518
2.27961847463027	93780641.68023601
2.283417838754654	93073449.31447466
2.2872235351525787	91685450.69272113
2.291035574377833	87573994.95336871
2.294853967001796	81658425.01201025
2.298678723613466	77773584.64842765
2.302509854819488	77095186.67408942
2.3063473712441875	77110649.05469508
2.3101912835295946	76841120.9161336
2.314041602335477	76322994.51137328
2.31789833833937	75207024.2854175
2.321761502236602	73526284.8876161
2.3256311047403297	72404562.72080089
2.3295071565815637	72584140.42067955
2.3333896685092	73133646.15133695
2.3372786512900485	73283143.51871258
2.3411741157088657	73148195.66594528
2.3450760725683804	73116670.88654208
2.348984532689328	73263476.69651441
2.3528995069104766	73304287.32157587
2.356821006088661	72927478.22717611
2.360749041098809	72343993.71211858
2.3646836228339736	71794756.31812136
2.3686247622053638	71281659.1583249
2.3725724701423725	70651914.16056122
2.37652675759261	69784583.66302569
2.380487635521931	68921917.58569033
2.3844551149144677	68409673.18201692
2.388429206772659	68173847.79117559
2.39240992211728	68188730.40758848
2.3963972719874755	68507247.50642464
2.400391267440788	68601881.35836439
2.4043919195531895	67890009.85112938
2.408399239419112	66852895.246123105
2.412413238151477	66244515.881933436
2.4164339268817296	66063644.12775155
2.420461316759866	65786039.66296037
2.4244954189544656	65201149.99505871
2.428536244652723	64356778.80078013
2.432583805060478	62918356.34547706
2.4366381114022455	61040582.0340482
2.440699174921249	58901330.10680044
2.4447670068794514	56479334.80507622
2.4488416185575836	54515820.448175065
2.4529230212551796	53950179.89990017
2.457011226290605	53923931.24238977
2.4611062450010897	53138969.78674084
2.465208088742758	51557483.68810717
2.4693167688906628	49313093.36946648
2.4734322968388143	46049557.264541164
2.4775546840002125	42991577.93912834
2.4816839418068795	41988793.10587124
2.4858200817098908	42348067.865622
2.4899631151794077	41460293.23181472
2.4941130537047065	26144163.50638756
