0.7011666666666666	3562.9269308628723
0.7023352777777778	3912.345932768665
0.7035058365740741	4129.985160388254
0.7046783463016977	4357.433731293926
0.7058528102122005	4598.572363430449
0.7070292315625542	4848.8759330252005
0.7082076136151585	5109.092367882402
0.7093879596378504	5379.945152497279
0.7105702729039134	5659.981049360854
0.7117545566920868	5955.133382926165
0.7129408142865735	6248.334522564425
0.7141290489770512	6507.855028027437
0.7153192640586796	6743.5347502601335
0.7165114628321108	6996.380666435158
0.7177056486034976	7279.3179225060085
0.7189018246845036	7601.21700388419
0.7200999943923111	8014.338903109883
0.7213001610496316	8464.645504338307
0.7225023279847144	8841.87506466443
0.7237064985313556	9141.216702908867
0.7249126760289079	9457.378091526361
0.7261208638222895	9833.57755162309
0.7273310652619932	10214.972312706102
0.7285432837040966	10524.327489594545
0.72975752251027	10787.474202112182
0.7309737850477873	11121.475221439858
0.7321920746895336	11564.132855078056
0.7334123948140163	12009.17715303796
0.7346347488053729	12382.581084183088
0.7358591400533818	12719.423866138985
0.7370855719534709	13060.53394264418
0.7383140479067267	13407.623025444573
0.7395445713199046	13750.251672329494
0.7407771456054377	14081.540166674342
0.7420117741814469	14403.598425398155
0.7432484604717493	14703.993240851209
0.744487207905869	14987.154392970715
0.7457280199190454	15254.670561560091
0.7469708999522439	15501.12900269803
0.7482158514521644	15718.629894781841
0.7494628778712513	15868.898727827092
0.7507119826677034	15981.50731048145
0.7519631693054829	16073.717085437
0.7532164412543255	16145.203919379628
0.7544718019897494	16186.022411124399
0.7557292549930656	16171.883027883707
0.7569888037513873	16088.021579174698
0.7582504517576398	15805.320309399413
0.7595142025105692	15304.410938760353
0.7607800595147535	14111.04728115727
0.7620480262806114	11974.282731383037
0.7633181063244125	9432.804159631389
0.7645903031682866	6395.99673514798
0.7658646203402337	3375.7797732516997
0.7671410613741342	1859.8413919769314
0.7684196298097576	1872.8398550761074
0.7697003291927741	2666.3146238980507
0.770983163074762	4527.080574113144
0.77226813501322	6871.23832439476
0.7735552485715754	9661.200557777376
0.7748445073191947	12982.537624324217
0.7761359148313933	2208.7023141544128
0.7774294746894457	19466.020655024276
0.7787251904805949	22199.65763262349
0.7800230657980626	24939.152162939674
0.7813231042410594	27487.54516599721
0.7826253094147945	29890.937234570778
0.7839296849304858	32164.429137794392
0.7852362344053699	34452.76991092468
0.7865449614627122	36801.77662358269
0.7878558697318168	39206.854124781
0.7891689628480365	41740.482183030595
0.7904842444527834	44375.35560222093
0.791801718193538	47126.04814119916
0.7931213877238606	50020.09943704153
0.7944432567034004	52982.62482106217
0.795767328797906	56035.99037853211
0.7970936076792359	59163.78264861495
0.7984220970253681	62451.72205131992
0.7997528005204104	65892.94319652894
0.801085721854611	69415.32973399218
0.8024208647243688	73044.5861580156
0.8037582328322427	76720.11328849236
0.8050978298869632	80428.89565231562
0.8064396596034414	84125.2424474632
0.8077837257027807	87535.41443262568
0.8091300319122853	90566.9041058021
0.8104785819654725	93363.6417108883
0.8118293796020817	95766.61618504014
0.8131824285680851	98209.40849185208
0.8145377326156986	101807.85662444688
0.8158952955033916	106447.11781682688
0.8172551209958971	110895.66953021183
0.8186172128642236	114767.03950343252
0.819981574885664	119044.82504205729
0.8213482108438068	125417.76872922017
0.8227171245285466	133316.64823886493
0.8240883197360943	142582.31754552736
0.8254618002689877	153384.37823503333
0.8268375699361028	163440.80565796242
0.828215632552663	170840.32766134196
0.8295959919402508	177162.80603289595
0.830978651926818	184074.59414224373
0.832363616346696	191551.15459460698
0.8337508890406071	199059.26429093498
0.8351404738556749	206504.00857098238
0.8365323746454344	214504.68109093455
0.8379265952698435	224492.49740251765
0.8393231395952933	235773.54729910748
0.8407220114946187	247366.16802897933
0.8421232148471098	259239.29201514774
0.8435267535385217	271437.9317741389
0.8449326314610859	284269.3165254677
0.8463408525135211	297402.7159655415
0.8477514206010437	310617.75335365155
0.8491643396353787	323945.61739604233
0.8505796135347711	337863.6785224916
0.8519972462239958	352757.67992205557
0.8534172416343692	368138.89965444413
0.8548396037037598	384146.37219762325
0.8562643363765994	400582.3295288774
0.8576914436038937	417309.40080670425
0.8591209293432337	434358.1721663805
0.8605527975588058	451651.5241081415
0.8619870522214037	469348.6823822703
0.8634236973084395	487207.8112334502
0.8648627368039535	504961.40597920556
0.8663041746986269	522618.31469961035
0.8677480149897913	540217.4038413916
0.8691942616814409	557737.7973015817
0.8706429187842434	575710.7968054046
0.8720939903155505	595220.6732989193
0.8735474802994098	615703.8761077125
0.8750033927665755	636505.254210618
0.8764617317545198	657551.8662803781
0.8779225013074441	677679.6992584994
0.8793857054762898	695542.8169945629
0.8808513483187503	711673.2581130046
0.8823194338992816	724033.5013737917
0.8837899662891138	731915.2017873029
0.8852629495662623	724186.9160050703
0.8867383878155394	691828.3813854996
0.8882162851285654	650392.7272137105
0.8896966456037797	602276.7516426381
0.8911794733464526	556372.7418077782
0.8926647724686968	552859.2147939857
0.894152547089478	596969.413172046
0.8956428013346271	626037.0804559571
0.8971355393368516	601713.8049941341
0.8986307652357465	571151.5276217945
0.9001284831778059	611968.714962292
0.9016286973164357	710495.305488118
0.9031314118119631	803821.9391706262
0.9046366308316498	878505.9978503247
0.9061443585497025	940538.2327000585
0.9076545991472854	978731.5492673126
0.9091673568125309	1004558.7056242537
0.9106826357405519	1038458.4028862644
0.9122004401334528	1081969.2672099648
0.9137207742003418	1120932.193493671
0.9152436421573426	1146190.5599787529
0.9167690482276047	1174235.8996899575
0.9182969966413176	1239092.556156059
0.9198274916357196	1330852.1745465177
0.9213605374551126	1398554.9562408167
0.9228961383508711	1422588.317480521
0.924434298581456	1376669.811609314
0.9259750224124251	1151456.2741723745
0.9275183141164459	843356.9798124864
0.9290641779733066	646774.1774625385
0.9306126182699289	580445.5223617658
0.9321636393003788	565353.2358393108
0.9337172453658794	612761.2032463552
0.9352734407748227	699013.856074705
0.9368322298427807	849272.7795302377
0.9383936168925188	1041406.5898550843
0.9399576062540064	1161597.8138337333
0.9415242022644297	1165984.9500859901
0.9430934092682037	1139175.9596058053
0.9446652316169841	1109331.4243877511
0.9462396736696792	1079887.2683780615
0.947816739792462	1063103.718600635
0.9493964343587827	1060623.8037685328
0.9509787617493808	1071126.0787941238
0.9525637263522965	1103752.285473789
0.9541513325628838	1133794.5814587418
0.9557415847838219	1117226.5664063615
0.9573344874251283	1069789.9813360274
0.9589300449041701	1065606.3242036258
0.9605282616456772	1130432.8960857217
0.9621291420817533	1223290.2337368235
0.9637326906518895	1346949.351961641
0.9653389118029762	1489945.6748052181
0.9669478099893144	1651294.119711911
0.96855938967263	1828396.0720780361
0.9701736553220844	1967668.6182313957
0.971790611414288	2024189.9389841724
0.9734102624333119	2057549.7378877562
0.9750326128707006	2120729.9530974193
0.9766576672254852	2207200.9536472126
0.9782854300041944	2301926.2526819343
0.9799159057208682	2405548.545801191
0.9815490988970695	2515716.0128906155
0.9831850140618982	2638144.98500762
0.9848236557520013	2769220.144674478
0.986465028511588	2913745.411288522
0.9881091368924407	3070239.958404687
0.9897559854539281	3206329.1851219465
0.991405578763018	3297678.789195639
0.9930579213942898	3370581.5216101105
0.994713017929947	3433337.527198939
0.9963708729598303	3489923.800522164
0.9980314910814301	3554650.16505005
0.9996948768998991	3631571.189622378
1.0013610350280657	3708974.970947932
1.0030299700864458	3779466.338343573
1.0047016867032565	3852063.6564989304
1.0063761895144285	3957176.6760882568
1.0080534831636194	4094814.6794099626
1.0097335723022256	4235247.099220413
1.011416461589396	4371344.925731483
1.013102155692045	4495959.392487203
1.014790659284865	4580852.976980734
1.01648197705034	4641067.231383153
1.018176113678757	4729452.330256223
1.0198730738682218	4859765.11817256
1.021572862324669	5000157.618168408
1.0232754837618767	5141320.909452132
1.0249809429014798	5285340.067015384
1.0266892444729823	5443035.56589775
1.0284003932137706	5611385.186978869
1.030114393869127	5743018.866484417
1.0318312511922423	5801852.806278315
1.0335509699442293	5856015.274220676
1.0352735548941365	5987087.872240359
1.0369990108189602	6169152.158559165
1.0387273425036585	6333580.557655516
1.0404585547411644	6468060.235089141
1.0421926523323999	6588776.697556842
1.0439296400862872	6690549.91762759
1.0456695228197646	6781325.2060391465
1.0474123053577973	6861297.06779885
1.0491579925333938	6931444.023538797
1.0509065891876161	7001933.456381695
1.0526581001695956	7075379.561610957
1.0544125303365448	7142280.673277775
1.0561698845537726	7180774.864687827
1.0579301676946955	7199118.601391683
1.0596933846408534	7207903.4947819635
1.0614595402819214	7205900.776603377
1.0632286395157247	7195300.26434211
1.065000687248251	7168489.772660433
1.0667756883936648	7133334.221406072
1.068553647874321	7094250.674129313
1.070334570620778	7051206.907511399
1.072118461571813	6999993.412837379
1.0739053256744326	6934973.659942429
1.07569516788389	6868428.966064758
1.0774879931636965	6812712.945178603
1.079283806485636	6761317.335748665
1.0810826128297788	6687410.693691942
1.0828844171844951	6582792.588808249
1.0846892245464692	6444017.663004757
1.0864970399207134	6235233.37735109
1.0883078683205814	5973986.406314299
1.0901217147677824	5606131.408553274
1.0919385842923954	5142390.36270387
1.0937584819328827	4668945.493104679
1.0955814127361043	4200478.71152406
1.0974073817573313	3724478.995172978
1.09923639406026	3217150.5283225807
1.1010684547170273	2699059.707963814
1.1029035688082225	2255242.3232589536
1.1047417414229028	1907006.395652772
1.1065829776586076	1592691.548351153
1.108427282621372	1314523.126279292
1.110274661425741	1061322.1229466528
1.112125119194784	854157.9951651401
1.1139786610601086	692156.7322518703
1.1158352921618757	594059.2226477423
1.117695017648812	597438.997730648
1.1195578426782267	634328.0993873016
1.1214237724160239	680282.2711016577
1.1232928120367172	736468.2965039404
1.1251649667234453	828929.2180142865
1.1270402416679843	961259.3611181661
1.1289186420707642	1018937.6182089872
1.1308001731408823	877407.9175907962
1.1326848400961171	685173.6948486104
1.1345726481629441	672112.9684479722
1.136463602576549	815547.9529764167
1.1383577085808434	955890.4812151999
1.1402549714284782	1058492.4319341169
1.1421553963808588	1128440.4282281403
1.1440589887081603	1125280.4545728557
1.1459657536893408	1070252.313639124
1.1478756966121564	960121.1040144255
1.1497888227731765	788530.0570482655
1.1517051374777987	620819.7387989934
1.1536246460402617	490366.9438413221
1.155547353783662	387375.06481553725
1.1574732660399685	341344.16210347856
1.1594023881500348	347424.11899608385
1.1613347254636184	407435.5208657034
1.163270283339391	546305.7245344522
1.1652090671449569	685635.3739884475
1.1671510822568651	750978.5828129918
1.1690963340606266	759815.4812196314
1.1710448279507277	679013.4290190428
1.1729965693306457	502645.9911090492
1.1749515636128636	419923.99698869686
1.176909816218885	593642.2902427572
1.17887133257925	868583.3640685308
1.1808361181335487	1120590.5340421721
1.182804178330438	1350503.8267906834
1.1847755186276552	1571337.5644055977
1.1867501444920348	1781097.591207219
1.1887280613995215	1981848.2134363565
1.1907092748351875	2163034.758582185
1.1926937902932462	2342495.4984505484
1.1946816132770681	2588188.291555865
1.1966727492991969	2910619.9737616573
1.1986672038813622	3254510.8767343964
1.2006649825544977	3615277.0749531817
1.2026660908587554	3986748.40379343
1.20467053434352	4375136.918086976
1.206678318567426	4775692.029063938
1.2086894490983717	5161485.042400674
1.2107039315135357	5521593.561532501
1.2127217713993916	5875604.3231535265
1.214742974351724	6231662.402977213
1.2167675459756435	6587157.476904518
1.218795491885603	6929736.008973137
1.2208268177054122	7259258.304316017
1.2228615290682547	7613196.771027771
1.2248996316167018	8025054.179646526
1.2269411310027298	8446150.900701622
1.2289860328877344	8805538.802997751
1.2310343429425474	9115140.104048712
1.2330860668474517	9413783.496584916
1.2351412102921975	9703263.479019955
1.2371997789760178	9992927.346784266
1.2392617786076445	10289982.403955793
1.241327214905324	10602572.84840635
1.243396093596833	10989298.170222232
1.2454684204194943	11451516.398153652
1.2475442011201936	11840414.758978982
1.249623441455394	12045311.390674787
1.251706147191153	12238525.025009537
1.2537923241031383	12687701.348386953
1.2558819779766437	13325570.893686919
1.2579751146066047	13874152.349421717
1.2600717397976158	14258179.939413242
1.262171859363945	14566208.059098022
1.2642754791295518	14772344.02895732
1.266382604928101	14901954.908571241
1.2684932426029811	14892633.33067245
1.2706073980073196	14738213.80110573
1.2727250770039986	14557819.307048444
1.274846285465672	14371743.533282816
1.2769710292747813	14137301.711499404
1.2790993143235727	13706276.846988693
1.2812311465141122	13128041.955775656
1.2833665317583023	12549122.763980892
1.2855054759778997	11991303.677958768
1.2876479851045295	11472632.192744227
1.2897940650797037	11054239.106920464
1.2919437218548366	10688390.926590936
1.2940969613912614	10322880.608941939
1.2962537896602468	9954268.59543209
1.298414212643014	9572908.86341594
1.3005782363307525	9167090.065793227
1.302745866724637	8761889.201750569
1.304917109835845	8397241.800679378
1.3070919716855713	8057325.36140939
1.3092704583050472	7670153.953720289
1.3114525757355557	7213413.9285949385
1.3136383300284484	6786365.619069223
1.3158277272451624	6493120.957089852
1.3180207734572378	6248819.433066424
1.3202174747463333	5886914.767794387
1.3224178372042439	5391479.886522532
1.3246218669329177	4712044.503793489
1.3268295700444726	3707294.644846245
1.3290409526612135	2651073.287060434
1.3312560209156488	1854679.5837096286
1.3334747809505083	1259024.2395957047
1.3356972389187591	795217.9643578932
1.3379234009836238	494326.3242456834
1.3401532733185966	271769.35367598524
1.342386862107461	161412.5474947047
1.344624173544307	110259.88588371311
1.3468652138335475	77475.71930668002
1.3491099891899365	60496.56373203135
1.3513585058385866	46138.29499798027
1.3536107700149842	32461.809644120007
1.3558667879650093	20794.425349611556
1.358126565944951	16171.97143618077
1.360390110221526	16883.24747918197
1.3626574270718954	21460.64911351414
1.3649285227836818	30653.08193177869
1.367203403654988	38461.36002318789
1.369482075994413	39629.180387981505
1.3717645461210706	39370.416005973566
1.3740508203646056	49441.430406870255
1.3763409050652133	68772.46896130007
1.3786348065736556	76392.54150352062
1.3809325312512784	59316.708696852205
1.3832340854700305	38065.93896690825
1.3855394756124806	32637.36430498583
1.3878487080718347	37707.82829692339
1.3901617892519544	39789.90915221472
1.3924787255673745	36785.2549935225
1.3947995234433201	34406.3413401486
1.3971241893157258	36677.79866673658
1.399452729631252	41331.66836844179
1.401785150847304	46914.8542002837
1.40412145943205	53124.31873330934
1.4064616618644366	57018.06969693852
1.4088057646342107	56461.74879285378
1.4111537742419344	55314.021723633356
1.4135056971990045	57394.8434904282
1.4158615400276693	61702.79660595882
1.418221309261049	66597.69818781092
1.4205850114431506	72357.54864536603
1.4229526531288894	85892.73569799397
1.425324240884104	119071.69567588018
1.4276997812855778	156789.2283457809
1.4300792809210539	169686.28656609243
1.4324627463892556	159815.3651838768
1.4348501842999046	154489.34679667748
1.4372416012737377	162965.6239098326
1.4396370039425272	183759.3356557899
1.442036398949098	233593.65816216642
1.4444397929473467	303966.8334838829
1.4468471926022592	388364.49199610815
1.4492586045899296	488799.08941209875
1.4516740355975797	592009.2199603155
1.4540934923235755	693611.0439163983
1.4565169814774481	782036.3160410785
1.4589445097799105	804736.013360457
1.4613760839628773	767804.9530003631
1.4638117107694821	721895.3834022614
1.466251396954098	673665.1473135324
1.4686951492823548	638838.3463258374
1.471142974531159	654542.0710284658
1.4735948794887108	702478.9233320634
1.4760508709545253	752219.9037527742
1.4785109557394496	801208.8392099834
1.4809751406656821	846448.2298234312
1.4834434325667916	882756.4596508988
1.4859158382877364	922016.1698755163
1.4883923646848827	996432.4559482805
1.490873018626024	1103264.1433947878
1.493357806990401	1228835.6602286065
1.4958467366687183	1379699.9648708785
1.4983398145631663	1525825.1717716185
1.5008370475874384	1628657.9655531151
1.5033384426667507	1700383.5958143703
1.505844006737862	1738775.3728872626
1.5083537467490917	1739856.1506933775
1.5108676696603405	1755943.7527193879
1.5133857824431078	1825767.6535297115
1.5159080920805128	1936487.4111518497
1.518434605567314	2135442.9639631687
1.5209653299099262	2407455.4642623193
1.5235002721264426	2656087.1987198
1.5260394392466536	2850740.636951581
1.5285828383120648	3036556.248094716
1.5311304763759181	3245476.9046905367
1.5336823605032115	3467320.1361949462
1.5362384977707166	3680395.853283395
1.5387988952670015	3882526.1627782905
1.5413635600924465	4095044.258270711
1.5439324993592671	4336416.547121708
1.5465057201915329	4576362.7113321815
1.5490832297251855	4750028.874645019
1.5516650351080608	4868782.976096819
1.5542511434999076	4996859.307540205
1.5568415620724074	5150419.894219192
1.559436298009195	5311187.853682018
1.5620353585058768	5471453.466421353
1.5646387507700532	5633125.066894868
1.567246482021337	5806669.521509467
1.5698585594913725	5992242.461671574
1.5724749904238582	6146477.210565237
1.5750957820745648	6223525.578104597
1.5777209417113556	6266621.499288213
1.5803504766142082	6298398.263559374
1.5829843940752317	6314988.748948067
1.5856227013986908	6256373.910078698
1.5882654059010217	6078610.852133468
1.5909125149108567	5849720.207603803
1.5935640357690417	5562819.846025865
1.5962199758286568	5228290.06507217
1.598880342455038	4795040.482124802
1.6015451430257963	4252006.493089957
1.6042143849308395	3688950.0915601943
1.6068880755723909	3125444.2018627855
1.6095662223650118	2580365.2327582403
1.6122488327356201	2122324.9528557
1.614935914123513	1738542.3136961788
1.6176274739803853	1408028.351336737
1.6203235197703527	1150158.4691608232
1.62302405896997	935120.2636742385
1.6257290990682536	793668.3062022068
1.6284386475667005	702323.3538320321
1.6311527119793119	670761.911740838
1.6338712998326108	703001.1574522643
1.6365944186656651	747004.1484506086
1.6393220760301082	792799.9434177841
1.642054279490158	836834.8407473873
1.644791036622642	869734.0497568104
1.6475323550170131	892301.763246751
1.6502782422753748	897530.619654686
1.6530287060125004	878302.8031938473
1.6557837538558546	872908.0834398941
1.6585433934456146	929518.9753912231
1.6613076324346907	990384.1932152812
1.6640764784887485	856872.3864841956
1.66684993928623	518380.3102251881
1.6696280225183737	277109.68984076026
1.6724107358892377	315650.7953273796
1.6751980871157197	454215.12946453027
1.6779900839275794	565931.7323445141
1.6807867340674587	649868.0917111941
1.6835880452909044	676692.6537244166
1.6863940253663894	621698.2534997461
1.6892046820753335	546046.0450165918
1.6920200232121256	471041.77642356174
1.694840056584146	399509.6655879153
1.6976647900117863	347830.39158500684
1.700494231328473	318912.49926618533
1.703328388380687	322094.06282032374
1.706167269027988	384360.3168390714
1.709010881143035	458464.51545818325
1.7118592326116067	489988.62521721155
1.714712331332626	491316.1048856398
1.7175701852181804	510281.6435404081
1.7204328021935444	558299.4384934801
1.7233001901972003	585158.551106568
1.726172357180862	529464.3769523071
1.7290493111094971	438599.4652442065
1.7319310599613464	396873.6890437872
1.7348176117279486	408643.41532504454
1.737708974414162	435680.3838529485
1.7406051560381857	476841.1775116406
1.7435061646315826	519621.5106628024
1.746412008239302	547968.0317510002
1.749322694919701	563273.5822049776
1.7522382327445671	554922.0499847061
1.7551586297991415	514368.0936258369
1.7580838941821402	467405.7603507761
1.761014034005777	424317.09055134014
1.7639490573957866	384574.43746204086
1.7668889724914467	353114.9477097573
1.769833787445599	330513.655339938
1.7727835104246752	317838.30553601903
1.7757381496087163	322136.513231012
1.7786977131913975	326511.9365857381
1.7816622093800498	307245.3959989345
1.7846316463956833	270371.1936071926
1.7876060324730094	226604.2766116181
1.7905853758604646	175891.88123508374
1.793569684820232	138173.2095764846
1.7965589676282658	140967.64742137314
1.7995532325743133	160732.5399083795
1.802552487961937	161988.01478663695
1.8055567421085403	144571.78817271185
1.8085660033453879	131733.83482975228
1.8115802800176304	132998.50696235627
1.8145995804843267	139323.33915851935
1.8176239131184673	146551.2394017762
1.820653286306998	152623.07963754202
1.823687708450843	143359.03626973132
1.8267271879649278	113479.7842811244
1.8297717332782029	85106.66271748887
1.8328213528336663	73472.73207362626
1.8358760550883895	72276.8801493585
1.8389358485135368	84089.71886891277
1.8420007415943929	107554.2544232429
1.8450707428303834	124440.76020144226
1.848145860735101	125781.54840810504
1.851226103836326	120816.45779763212
1.8543114806760534	111581.97835838598
1.8574019998105136	99278.32626840363
1.8604976698101978	85046.57213386914
1.8635984992598815	68756.04686740141
1.8667044967586481	56463.38354374405
1.8698156709199125	55927.50336482434
1.8729320303714458	66580.47879667568
1.8760535837553982	107927.41460152276
1.879180339728324	176127.34514049592
1.8823123069612047	222195.31235001475
1.8854494941394733	220788.91968551834
1.8885919099630393	208501.40937726284
1.8917395631463112	213089.68439770586
1.8948924624182215	226394.0708828879
1.8980506165222522	218413.04375416925
1.9012140342164559	182135.39541524556
1.9043827242734832	148899.2585588039
1.907556695480606	139054.88934943857
1.9107359566397404	140017.21962535134
1.9139205165674735	140949.99251986953
1.9171103840950858	141095.9676408468
1.9203055680685779	136100.3603627822
1.923506077348692	122066.17928058696
1.92671192081094	106799.37780648531
1.9299231073456249	97453.54329198736
1.9331396458578678	92345.66776662132
1.9363615452676308	90414.2778663535
1.9395888145097437	92251.91995717422
1.9428214625339266	97278.62363727017
1.9460594983048167	108323.23240931719
1.9493029308019916	121001.11893553767
1.952551769019995	128046.8744508073
1.9558060219683617	130453.81088123037
1.9590656986716424	138815.86209799582
1.9623308081694284	158607.68490350212
1.9656013595163775	179090.90108301843
1.9688773617822382	189549.45235686706
1.9721588240518755	194330.50661225838
1.975445755425295	168723.1355395102
1.9787381650176707	558569.1721007965
1.9820360619593669	231636.4090686125
1.985339455395966	250355.5125666915
1.9886483544882927	266957.3480792869
1.99196276841244	285174.5913538183
1.9952827063597942	304455.95747752296
1.9986081775370603	319601.7197381655
2.001939191166289	327420.92471539666
2.0052757564848993	333635.51536932786
2.0086178827457077	341872.57674219593
2.011965579216951	350822.55864918616
2.0153188551823122	355665.3307498198
2.01867771994095	355532.66098109976
2.022042182807518	356306.0438470955
2.0254122531121976	361554.79712018144
2.0287879402007176	369171.37519602117
2.0321692534343856	378954.4559279896
2.0355562021901097	390468.2723381427
2.038948795860427	401223.70568609034
2.0423470438535274	410329.8066973914
2.0457509555932836	417925.2436809938
2.049160540519272	422057.6998239993
2.0525758080868046	424115.61710010516
2.0559967677669495	426201.45175112184
2.059423429046561	428416.1617065656
2.0628558014283054	429420.62166417995
2.066293894430686	427548.5137428405
2.0697377175880702	424233.24312226486
2.073187280450717	419790.59614088706
2.0766425925848018	414472.30477188615
2.0801036635724435	409535.95147677965
2.083570503011731	405375.7616363017
2.0870431205167503	400869.7100126597
2.090521525717612	394524.889802129
2.0940057282604747	387175.972811317
2.0974957378075754	380384.9294309955
2.1009915640372547	374305.1533327444
2.1044932166439834	368127.3164991347
2.10800070533839	361438.604528714
2.1115140398472874	354392.3619465885
2.1150332299137	346675.6212613993
2.1185582852968894	338428.50818837545
2.1220892157723843	330305.6112048868
2.125626031132005	322495.4793984337
2.1291687411838915	315286.23402210145
2.1327173557525314	309729.2840755321
2.136271884678786	304716.0450841427
2.1398323378199176	296973.6797868583
2.143398725049617	286192.8501729206
2.1469710562580335	276681.3323098094
2.150549341351797	271172.61763579317
2.15413359025405	265739.01921178255
2.1577238129044733	253464.08435734943
2.1613200192593145	236350.42838676652
2.1649222192914133	225898.1281417162
2.1685304229902322	226579.6798651728
2.172144640361883	227522.23147345876
2.175764881429153	219981.8754338588
2.1793911562315347	207469.00144978525
2.183023474825254	193554.93171148593
2.1866618472832964	177981.97189487328
2.1903062836954352	155024.07811951856
2.193956794168261	116798.0863392207
2.197613388825208	77618.42833291543
2.201276077806584	60424.90102195259
2.2049448712695945	60924.35364425948
2.2086197793883775	66870.10452055885
2.212300812354025	78261.32124324632
2.215987980374615	87094.79257196403
2.2196812936752393	83866.69888324018
2.2233807624980315	74131.30626974952
2.227086397102195	64966.121418394774
2.230798207764032	56833.44382712873
2.2345162047769724	49364.47343071601
2.2382403984516004	42949.68393891597
2.2419707991156868	37289.78365790084
2.245707417114213	33169.00463969426
2.249450262809403	30258.87572836766
2.2531993465807525	27864.420647268213
2.256954678825054	26095.627755010515
2.260716269956429	25383.94446777251
2.2644841304063563	27321.65956712991
2.2682582706237007	30291.079364633788
2.2720387010747403	30883.114820818715
2.275825432243198	28895.55744410908
2.27961847463027	26500.51506245174
2.283417838754654	24124.226466131506
2.2872235351525787	21880.35844013691
2.291035574377833	20166.89527085338
2.294853967001796	19222.08996560238
2.298678723613466	21876.894359134807
2.302509854819488	29643.6168725541
2.3063473712441875	37880.47493866117
2.3101912835295946	43816.11348274219
2.314041602335477	47262.66558572566
2.31789833833937	42911.44086307712
2.321761502236602	30839.252081786337
2.3256311047403297	21211.646059529732
2.3295071565815637	18923.61034051336
2.3333896685092	18985.27191349355
2.3372786512900485	18207.73408307086
2.3411741157088657	-1127.6885719369627
2.3450760725683804	15817.257579334628
2.348984532689328	16862.18081329566
2.3528995069104766	19631.119869928993
2.356821006088661	24879.395729122058
2.360749041098809	30275.199033726603
2.3646836228339736	29132.092381173617
2.3686247622053638	21621.55366376888
2.3725724701423725	17046.128001669465
2.37652675759261	20118.22201710799
2.380487635521931	25667.414368980415
2.3844551149144677	30397.80872086997
2.388429206772659	34502.15714368418
2.39240992211728	38464.013907497385
2.3963972719874755	42331.74628258902
2.400391267440788	46937.59697559981
2.4043919195531895	53612.79642707139
2.408399239419112	60593.148601268986
2.412413238151477	63444.648506963145
2.4164339268817296	62307.791297187665
2.420461316759866	62187.70557663686
2.4244954189544656	65137.54507017229
2.428536244652723	69585.7927280564
2.432583805060478	75758.84858521269
2.4366381114022455	83051.96583218896
2.440699174921249	89825.74126415103
2.4447670068794514	95827.14886226182
2.4488416185575836	103199.84037978058
2.4529230212551796	114683.89370933146
2.457011226290605	127259.80100730112
2.4611062450010897	134826.63210255158
2.465208088742758	137539.86555929045
2.4693167688906628	140067.50882872092
2.4734322968388143	143509.78680389762
2.4775546840002125	146783.0117981003
2.4816839418068795	148268.58850735784
2.4858200817098908	148659.32320743747
2.4899631151794077	146212.03681090125
2.4941130537047065	93539.58223027388
