0.7011666666666666	5711.228216558882
0.7023352777777778	6272.092470775783
0.7035058365740741	6627.015337471487
0.7046783463016977	7003.121995961503
0.7058528102122005	7413.260396539952
0.7070292315625542	7844.90765027338
0.7082076136151585	8293.789959836296
0.7093879596378504	8692.370399802821
0.7105702729039134	12105.486752988261
0.7117545566920868	9676.411459896282
0.7129408142865735	10224.09905893283
0.7141290489770512	10711.628430670675
0.7153192640586796	11192.109183541857
0.7165114628321108	11661.319653566245
0.7177056486034976	12114.167145358262
0.7189018246845036	12552.871846289718
0.7200999943923111	12961.455394831297
0.7213001610496316	13342.557457424624
0.7225023279847144	13651.999226526517
0.7237064985313556	13885.551997203465
0.7249126760289079	14086.198524159243
0.7261208638222895	14244.043765106806
0.7273310652619932	14370.165274111432
0.7285432837040966	14430.009951972648
0.72975752251027	14438.772101516088
0.7309737850477873	14426.143533544884
0.7321920746895336	14389.11235138132
0.7334123948140163	14334.854752784122
0.7346347488053729	14248.709928641872
0.7358591400533818	14142.706254424287
0.7370855719534709	14017.603515473202
0.7383140479067267	13872.224416000008
0.7395445713199046	13700.731839961072
0.7407771456054377	13483.28422873835
0.7420117741814469	13244.31396083782
0.7432484604717493	12986.041320292641
0.744487207905869	12711.841362713998
0.7457280199190454	12418.065332235878
0.7469708999522439	12097.88490929066
0.7482158514521644	11750.75628985055
0.7494628778712513	11346.702070142892
0.7507119826677034	10912.618955918473
0.7519631693054829	10473.776658152181
0.7532164412543255	10031.37264226824
0.7544718019897494	9585.184668864704
0.7557292549930656	9132.802733763994
0.7569888037513873	8659.67009445454
0.7582504517576398	8114.387448672588
0.7595142025105692	7486.295636256669
0.7607800595147535	6576.413389430178
0.7620480262806114	5285.045471499775
0.7633181063244125	3904.1759089863854
0.7645903031682866	2526.2923185008985
0.7658646203402337	1258.909273246225
0.7671410613741342	615.640576520116
0.7684196298097576	599.0080906531426
0.7697003291927741	862.2867386426337
0.770983163074762	1486.5683213595587
0.77226813501322	2288.6810433018995
0.7735552485715754	3296.9722882349533
0.7748445073191947	4469.306645790527
0.7761359148313933	5838.274135619601
0.7774294746894457	7453.50586514081
0.7787251904805949	9088.31823829455
0.7800230657980626	10622.78574019545
0.7813231042410594	12097.344475141977
0.7826253094147945	13505.307651117282
0.7839296849304858	14854.825622019884
0.7852362344053699	16243.565736170845
0.7865449614627122	17720.46379305844
0.7878558697318168	19257.352550772084
0.7891689628480365	20905.185573980092
0.7904842444527834	22640.971967989473
0.791801718193538	24484.146974293162
0.7931213877238606	26462.54844911311
0.7944432567034004	28536.52095577125
0.795767328797906	30778.045225197937
0.7970936076792359	33123.23222024107
0.7984220970253681	35592.906948043994
0.7997528005204104	38179.600137445814
0.801085721854611	40824.471517102815
0.8024208647243688	43544.02824332142
0.8037582328322427	46295.75593625273
0.8050978298869632	49069.627543861214
0.8064396596034414	51859.30587479233
0.8077837257027807	54652.42227569238
0.8091300319122853	57449.39373514176
0.8104785819654725	60293.35666292471
0.8118293796020817	63250.35950821458
0.8131824285680851	66343.07995265628
0.8145377326156986	69865.15201389737
0.8158952955033916	73817.5354614612
0.8172551209958971	78314.85500630146
0.8186172128642236	83686.8158928504
0.819981574885664	89628.70420541098
0.8213482108438068	96603.4310521823
0.8227171245285466	104367.04453936085
0.8240883197360943	113103.8396414885
0.8254618002689877	123004.35604802652
0.8268375699361028	133288.8846312346
0.828215632552663	143909.86941189753
0.8295959919402508	154699.57932662207
0.830978651926818	165545.4099228917
0.832363616346696	176416.46051100257
0.8337508890406071	187032.0082299953
0.8351404738556749	197178.69300450897
0.8365323746454344	206861.05530649837
0.8379265952698435	215405.9284141511
0.8393231395952933	223113.96594647842
0.8407220114946187	229857.33065862287
0.8421232148471098	235460.77579259043
0.8435267535385217	240511.18677839186
0.8449326314610859	244771.11050987252
0.8463408525135211	248827.97551867933
0.8477514206010437	253589.5206371719
0.8491643396353787	259129.7358349585
0.8505796135347711	266562.9595809282
0.8519972462239958	277083.03523655114
0.8534172416343692	289630.9142194851
0.8548396037037598	305896.9696834226
0.8562643363765994	324903.35020298767
0.8576914436038937	347293.71144536993
0.8591209293432337	373631.04894511536
0.8605527975588058	402303.9179677081
0.8619870522214037	434641.75204706093
0.8634236973084395	469189.52622366534
0.8648627368039535	506745.87997103453
0.8663041746986269	546965.4409234881
0.8677480149897913	588980.0972508561
0.8691942616814409	633444.0645937308
0.8706429187842434	679292.4921854065
0.8720939903155505	727260.039447568
0.8735474802994098	776673.054085745
0.8750033927665755	827226.3366346859
0.8764617317545198	879004.3695298115
0.8779225013074441	930992.3044048736
0.8793857054762898	982851.9724355337
0.8808513483187503	1034308.5908313922
0.8823194338992816	1083962.7739064028
0.8837899662891138	1131758.9677314158
0.8852629495662623	1175315.5556801485
0.8867383878155394	1212240.6856139514
0.8882162851285654	1245796.139839875
0.8896966456037797	1274459.2751002822
0.8911794733464526	1302203.7771415066
0.8926647724686968	1343270.646023656
0.894152547089478	1399699.381459638
0.8956428013346271	1456717.8077696534
0.8971355393368516	1508729.1609901828
0.8986307652357465	1565197.0836723077
0.9001284831778059	1651404.0237491205
0.9016286973164357	1761558.2489007998
0.9031314118119631	1870112.1527749188
0.9046366308316498	1971779.983721336
0.9061443585497025	2068902.0794113327
0.9076545991472854	2157462.9997795457
0.9091673568125309	2241225.958112732
0.9106826357405519	2325243.2681993153
0.9122004401334528	2409814.9366654144
0.9137207742003418	2493720.203269725
0.9152436421573426	2575853.7934395396
0.9167690482276047	2659414.339895308
0.9182969966413176	2752292.4398690187
0.9198274916357196	2851249.050708159
0.9213605374551126	2936393.2963862084
0.9228961383508711	2997686.1863735956
0.924434298581456	3010018.091007939
0.9259750224124251	2891224.1981525477
0.9275183141164459	2707483.4114627438
0.9290641779733066	2576859.239679094
0.9306126182699289	2511709.8225751165
0.9321636393003788	2502508.7626949125
0.9337172453658794	2589684.152993675
0.9352734407748227	2726462.4662807235
0.9368322298427807	2916903.211715137
0.9383936168925188	3140480.978556256
0.9399576062540064	3286789.421587221
0.9415242022644297	3310565.53224552
0.9430934092682037	3302206.8778213602
0.9446652316169841	3293221.2154888404
0.9462396736696792	3286750.254959994
0.947816739792462	3297967.0098458235
0.9493964343587827	3328034.3294966873
0.9509787617493808	3359432.4135493664
0.9525637263522965	3386969.3716169503
0.9541513325628838	3407270.536061713
0.9557415847838219	3402868.894305184
0.9573344874251283	3380698.6238918416
0.9589300449041701	3366557.5759454444
0.9605282616456772	3366896.1718066167
0.9621291420817533	3370378.9963810816
0.9637326906518895	3372330.537139093
0.9653389118029762	3372863.0044115353
0.9669478099893144	3369681.939701211
0.96855938967263	3361386.2715184786
0.9701736553220844	3332151.7036429625
0.971790611414288	3261687.1164133223
0.9734102624333119	3174753.674942466
0.9750326128707006	3082478.5366996303
0.9766576672254852	2985687.130673228
0.9782854300041944	2881317.8249267894
0.9799159057208682	2766581.6544592394
0.9815490988970695	2647754.1743925097
0.9831850140618982	2524738.128923022
0.9848236557520013	2399424.878780016
0.986465028511588	2273703.770111251
0.9881091368924407	2147682.537002567
0.9897559854539281	2021571.8693251763
0.991405578763018	1895487.7770002002
0.9930579213942898	1767305.079681189
0.994713017929947	1630927.0258048999
0.9963708729598303	1484272.1722529372
0.9980314910814301	1297482.3329423512
0.9996948768998991	1056704.0200685079
1.0013610350280657	841765.6842275676
1.0030299700864458	735349.9277865433
1.0047016867032565	684905.6265380931
1.0063761895144285	641496.425383718
1.0080534831636194	602643.1663662245
1.0097335723022256	565713.6473269043
1.011416461589396	531267.2557093146
1.013102155692045	498053.7030182858
1.014790659284865	466382.1771460301
1.01648197705034	436011.3826352052
1.018176113678757	407778.9027419867
1.0198730738682218	382396.52786277945
1.021572862324669	358491.58738287934
1.0232754837618767	336859.1327103147
1.0249809429014798	316532.9061185246
1.0266892444729823	297337.63795571483
1.0284003932137706	279208.0128712097
1.030114393869127	261356.11083870003
1.0318312511922423	243771.91288356722
1.0335509699442293	226842.54939336193
1.0352735548941365	212128.76852662535
1.0369990108189602	199017.32355309481
1.0387273425036585	186682.21198488245
1.0404585547411644	175236.24522526978
1.0421926523323999	164315.88047558605
1.0439296400862872	154282.2119903523
1.0456695228197646	144782.03291339814
1.0474123053577973	135907.27193645638
1.0491579925333938	127636.5253138145
1.0509065891876161	119780.5593038981
1.0526581001695956	112552.30211182144
1.0544125303365448	105642.19595833783
1.0561698845537726	99166.10613367103
1.0579301676946955	93011.24752314868
1.0596933846408534	87150.0400917573
1.0614595402819214	81651.36733488036
1.0632286395157247	76364.83485607052
1.065000687248251	71433.47922420858
1.0667756883936648	66726.04323429264
1.068553647874321	62343.143297352304
1.070334570620778	58274.21500316322
1.072118461571813	54480.53424783321
1.0739053256744326	51117.91509443881
1.07569516788389	48006.34449499893
1.0774879931636965	45314.478523309765
1.079283806485636	42928.34451945039
1.0810826128297788	40814.88527268606
1.0828844171844951	39027.6005792907
1.0846892245464692	37380.95288636857
1.0864970399207134	35919.10585865604
1.0883078683205814	34550.9383385494
1.0901217147677824	33235.35209789992
1.0919385842923954	31966.058530861257
1.0937584819328827	30719.660075887034
1.0955814127361043	29504.604567918235
1.0974073817573313	28301.766679454362
1.09923639406026	27110.465117352094
1.1010684547170273	25927.30979626229
1.1029035688082225	24754.59539055186
1.1047417414229028	23594.98243481511
1.1065829776586076	22443.82069814858
1.108427282621372	21308.782864785626
1.110274661425741	20177.664005113762
1.112125119194784	19033.311836973444
1.1139786610601086	17893.860885647762
1.1158352921618757	16966.29066020719
1.117695017648812	16407.81578964521
1.1195578426782267	16003.796342580745
1.1214237724160239	15747.407316508392
1.1232928120367172	15624.321566591629
1.1251649667234453	15822.388566871614
1.1270402416679843	16393.63932657147
1.1289186420707642	16799.57130879644
1.1308001731408823	16628.346019798442
1.1326848400961171	16377.11312453792
1.1345726481629441	16977.081739831476
1.136463602576549	18304.959998100476
1.1383577085808434	19483.41215917581
1.1402549714284782	20256.643217278433
1.1421553963808588	20813.580504198922
1.1440589887081603	21042.040443659207
1.1459657536893408	21061.623856714377
1.1478756966121564	21008.78326358501
1.1497888227731765	20887.882166744515
1.1517051374777987	20803.5184054255
1.1536246460402617	20836.471616806488
1.155547353783662	20956.48897935962
1.1574732660399685	21257.408892486772
1.1594023881500348	21739.45280405783
1.1613347254636184	22575.156915906347
1.163270283339391	23961.370662979945
1.1652090671449569	25473.70830903015
1.1671510822568651	26875.514584513818
1.1690963340606266	28159.167901934332
1.1710448279507277	29066.76422001916
1.1729965693306457	29555.20765266916
1.1749515636128636	30259.586049104928
1.176909816218885	31637.54638523656
1.17887133257925	33143.08822851154
1.1808361181335487	33932.4818876093
1.182804178330438	34107.78850267252
1.1847755186276552	34066.73272894585
1.1867501444920348	33784.559371604984
1.1887280613995215	33399.52697154811
1.1907092748351875	32900.97848747912
1.1926937902932462	32347.13922423429
1.1946816132770681	31866.306742610053
1.1966727492991969	31479.364427479864
1.1986672038813622	31218.05969990222
1.2006649825544977	31202.375129536213
1.2026660908587554	31352.00210114669
1.20467053434352	31807.22376874743
1.206678318567426	32527.24094981682
1.2086894490983717	33482.72797406841
1.2107039315135357	34768.120892286046
1.2127217713993916	36229.818225899406
1.214742974351724	37961.26310850594
1.2167675459756435	39858.60808666421
1.218795491885603	41841.91475094375
1.2208268177054122	43911.57148358189
1.2228615290682547	46009.37873307883
1.2248996316167018	48133.245382471505
1.2269411310027298	50264.496170788756
1.2289860328877344	52376.876534260606
1.2310343429425474	54490.86178449756
1.2330860668474517	56776.1513197465
1.2351412102921975	59330.03952219672
1.2371997789760178	62130.175907219535
1.2392617786076445	65463.39951037634
1.241327214905324	69187.65426473024
1.243396093596833	73536.48545321361
1.2454684204194943	78521.56371484711
1.2475442011201936	83164.30431666774
1.249623441455394	86842.05939336913
1.251706147191153	90395.25386172859
1.2537923241031383	95006.79642333506
1.2558819779766437	100547.45723199678
1.2579751146066047	107226.96628617487
1.2600717397976158	115487.91090750557
1.262171859363945	124248.74353939576
1.2642754791295518	133273.27028779645
1.266382604928101	142412.83539462913
1.2684932426029811	151355.2007339341
1.2706073980073196	160063.04159630366
1.2727250770039986	168479.87984401136
1.274846285465672	176354.1051723353
1.2769710292747813	183860.18796161798
1.2790993143235727	190636.75809860416
1.2812311465141122	196848.92231638348
1.2833665317583023	202826.50249961746
1.2855054759778997	208539.58214502942
1.2876479851045295	214378.01706976505
1.2897940650797037	220764.99008719705
1.2919437218548366	227597.29757602522
1.2940969613912614	235380.45491752174
1.2962537896602468	244172.43262417492
1.298414212643014	253675.60101002848
1.3005782363307525	264304.2721603501
1.302745866724637	275698.237164742
1.304917109835845	288545.93887996336
1.3070919716855713	302474.6632208989
1.3092704583050472	316605.0638696159
1.3114525757355557	330883.94995760533
1.3136383300284484	345407.2001090145
1.3158277272451624	360497.9627775641
1.3180207734572378	375812.7403179747
1.3202174747463333	390675.3305592136
1.3224178372042439	404853.6055652933
1.3246218669329177	415705.5784507575
1.3268295700444726	420097.7627851059
1.3290409526612135	421340.1547461741
1.3312560209156488	419057.8561752158
1.3334747809505083	412704.1035556733
1.3356972389187591	391614.29453040764
1.3379234009836238	350195.2681275967
1.3401532733185966	302266.0773105254
1.342386862107461	249585.31890018494
1.344624173544307	196441.5623287422
1.3468652138335475	154666.436862521
1.3491099891899365	124534.19912860745
1.3513585058385866	99585.16504661301
1.3536107700149842	81512.15872667181
1.3558667879650093	68149.20577995214
1.358126565944951	64092.654834110435
1.360390110221526	67589.35125825099
1.3626574270718954	80957.41706196683
1.3649285227836818	107022.40254617251
1.367203403654988	135310.8745268743
1.369482075994413	161727.79594850703
1.3717645461210706	186582.66226478695
1.3740508203646056	207657.99246661967
1.3763409050652133	223570.34571713986
1.3786348065736556	216795.97073485528
1.3809325312512784	168433.46238333132
1.3832340854700305	117990.2180599524
1.3855394756124806	113302.91142274585
1.3878487080718347	138527.2682412822
1.3901617892519544	151990.0565973712
1.3924787255673745	146715.4421635625
1.3947995234433201	145515.20447952137
1.3971241893157258	166124.91388639217
1.399452729631252	194240.63708973257
1.401785150847304	206354.95478276713
1.40412145943205	202938.8363150057
1.4064616618644366	198040.80343194687
1.4088057646342107	194333.5463715113
1.4111537742419344	193234.3003996139
1.4135056971990045	200477.58835409523
1.4158615400276693	213742.29777821942
1.418221309261049	231058.7436217153
1.4205850114431506	253188.44603321518
1.4229526531288894	278669.04217746586
1.425324240884104	310116.6765805666
1.4276997812855778	341943.53860815056
1.4300792809210539	360768.7722159391
1.4324627463892556	367849.4292393187
1.4348501842999046	378842.6779582312
1.4372416012737377	399723.0955307865
1.4396370039425272	424627.64949937904
1.442036398949098	452727.3552837678
1.4444397929473467	482713.3048127365
1.4468471926022592	511274.6929746618
1.4492586045899296	537726.9996086106
1.4516740355975797	561709.8210512982
1.4540934923235755	580499.7196929348
1.4565169814774481	594626.9687067486
1.4589445097799105	596551.1594449057
1.4613760839628773	587228.9381235776
1.4638117107694821	573044.7362693473
1.466251396954098	552771.5569332392
1.4686951492823548	531659.869554869
1.471142974531159	514313.5604736603
1.4735948794887108	499755.75719069794
1.4760508709545253	488363.82871465804
1.4785109557394496	480742.39201671904
1.4809751406656821	474643.9277097643
1.4834434325667916	470448.3673360904
1.4859158382877364	466975.7208793689
1.4883923646848827	462915.2899797043
1.490873018626024	458567.01754902105
1.493357806990401	457404.3399382831
1.4958467366687183	461795.2688931821
1.4983398145631663	466709.70247204835
1.5008370475874384	467631.5003164771
1.5033384426667507	465162.9900650946
1.505844006737862	455690.9126210011
1.5083537467490917	438005.14504498057
1.5108676696603405	420853.01715420745
1.5133857824431078	408870.30471051094
1.5159080920805128	400513.2052178037
1.518434605567314	399169.75230272644
1.5209653299099262	403625.6588295054
1.5235002721264426	406278.2056757631
1.5260394392466536	404732.9417039996
1.5285828383120648	401851.48184584564
1.5311304763759181	398604.8646935615
1.5336823605032115	395043.3476071311
1.5362384977707166	390753.2788505744
1.5387988952670015	385600.30211366486
1.5413635600924465	388470.67412572243
1.5439324993592671	-5308.940891025971
1.5465057201915329	378435.71886436304
1.5490832297251855	366559.85285524704
1.5516650351080608	361706.68175748363
1.5542511434999076	356876.0191401111
1.5568415620724074	352145.24437944323
1.559436298009195	347282.6416401393
1.5620353585058768	341901.206968275
1.5646387507700532	336155.29406136234
1.567246482021337	330006.48485489574
1.5698585594913725	323400.2630552927
1.5724749904238582	316462.2897409031
1.5750957820745648	308964.6745644428
1.5777209417113556	301238.5498796787
1.5803504766142082	293537.91819261096
1.5829843940752317	285855.94928139047
1.5856227013986908	278107.81510317023
1.5882654059010217	270255.51304082596
1.5909125149108567	262372.50336608343
1.5935640357690417	254500.89157248172
1.5962199758286568	246620.9733134078
1.598880342455038	238662.92500524165
1.6015451430257963	230614.15783196472
1.6042143849308395	222486.19832796828
1.6068880755723909	214227.725145152
1.6095662223650118	205861.98306410736
1.6122488327356201	197267.47200234424
1.614935914123513	188475.96333277063
1.6176274739803853	179534.39389157962
1.6203235197703527	170399.6979039042
1.62302405896997	161364.7981552043
1.6257290990682536	152826.00060059334
1.6284386475667005	144674.53634078312
1.6311527119793119	137281.38930962532
1.6338712998326108	130736.52218682114
1.6365944186656651	124742.34851823637
1.6393220760301082	119646.99769833853
1.642054279490158	115276.13813085109
1.644791036622642	112591.886448657
1.6475323550170131	111164.84718665782
1.6502782422753748	109201.55852889502
1.6530287060125004	106215.59465339627
1.6557837538558546	102837.7757923797
1.6585433934456146	99087.27063499276
1.6613076324346907	94825.14529582651
1.6640764784887485	88567.4520322949
1.66684993928623	80324.07770673724
1.6696280225183737	74555.65757684053
1.6724107358892377	74764.57697062784
1.6751980871157197	76633.92082485763
1.6779900839275794	75860.73688209639
1.6807867340674587	73011.62295525576
1.6835880452909044	69899.27196719272
1.6863940253663894	66698.14188791101
1.6892046820753335	63543.619463564886
1.6920200232121256	60602.00154916091
1.694840056584146	57807.6829104448
1.6976647900117863	55233.58021796381
1.700494231328473	52903.80860428361
1.703328388380687	50888.6363543989
1.706167269027988	49448.70305940623
1.709010881143035	48171.01370990307
1.7118592326116067	46683.315509771724
1.714712331332626	45031.70272011445
1.7175701852181804	43339.588697971216
1.7204328021935444	41610.77312509553
1.7233001901972003	39852.26463825151
1.726172357180862	38037.237823175776
1.7290493111094971	36238.07494555723
1.7319310599613464	34723.46581474945
1.7348176117279486	33506.05690640127
1.737708974414162	32349.931549366996
1.7406051560381857	31226.423574666518
1.7435061646315826	30120.44890614845
1.746412008239302	29041.28833464419
1.749322694919701	27978.805132841564
1.7522382327445671	26894.17795171806
1.7551586297991415	25776.467167389837
1.7580838941821402	24657.29651825184
1.761014034005777	23558.713110974877
1.7639490573957866	22484.007710496
1.7668889724914467	21492.537730721633
1.769833787445599	20585.981113005204
1.7727835104246752	19709.246903790176
1.7757381496087163	18867.189050694604
1.7786977131913975	18018.936267932786
1.7816622093800498	17099.154456499175
1.7846316463956833	16127.477230786362
1.7876060324730094	15149.366999628908
1.7905853758604646	14170.964118305226
1.793569684820232	13243.10310318019
1.7965589676282658	12457.021598371997
1.7995532325743133	11734.652007348459
1.802552487961937	10975.064132506472
1.8055567421085403	10179.16874480926
1.8085660033453879	9429.155106009674
1.8115802800176304	8779.31020839388
1.8145995804843267	8183.9448337765825
1.8176239131184673	7669.198617675501
1.820653286306998	7203.611745121451
1.823687708450843	6683.329458455622
1.8267271879649278	6084.779092183583
1.8297717332782029	5517.902397252721
1.8328213528336663	5085.528415694657
1.8358760550883895	4757.532901873814
1.8389358485135368	4650.4445171038915
1.8420007415943929	4749.917696059964
1.8450707428303834	4819.665914414627
1.848145860735101	4778.276153505221
1.851226103836326	4679.635269886992
1.8543114806760534	4504.2564031117345
1.8574019998105136	4270.900437936953
1.8604976698101978	3983.4568798806854
1.8635984992598815	3630.4531129512065
1.8667044967586481	3274.304701056376
1.8698156709199125	2948.7131500670007
1.8729320303714458	2705.481921337074
1.8760535837553982	2834.266677825447
1.879180339728324	3297.869731023645
1.8823123069612047	3594.13988273297
1.8854494941394733	3498.0782094432034
1.8885919099630393	3277.662811416212
1.8917395631463112	3069.1616148058383
1.8948924624182215	2865.082067288084
1.8980506165222522	2624.148361667549
1.9012140342164559	2337.5080275737064
1.9043827242734832	2105.4173863408596
1.907556695480606	2038.8372398186955
1.9107359566397404	2039.4383015425124
1.9139205165674735	1990.4187949802133
1.9171103840950858	1894.4037572994014
1.9203055680685779	1810.4511918952683
1.923506077348692	1759.4096794358047
1.92671192081094	1721.749808877206
1.9299231073456249	1694.9301174030948
1.9331396458578678	1673.6150633676477
1.9363615452676308	1777.4357263311595
1.9395888145097437	1113.79611160903
1.9428214625339266	1580.5299709436872
1.9460594983048167	1574.9902712168061
1.9493029308019916	1582.183788708421
1.952551769019995	1578.8353424999007
1.9558060219683617	1565.6375261598582
1.9590656986716424	1551.5238826963193
1.9623308081694284	1537.9875788488198
1.9656013595163775	1524.4815177469748
1.9688773617822382	1510.4870678131065
1.9721588240518755	1495.283021869518
1.975445755425295	1473.153695461806
1.9787381650176707	1442.6565810860732
1.9820360619593669	1413.8496174360084
1.985339455395966	1393.315990473053
1.9886483544882927	1374.0770873658792
1.99196276841244	1343.0997190053258
1.9952827063597942	1301.7277890579405
1.9986081775370603	1259.687499609378
2.001939191166289	1218.7375784519227
2.0052757564848993	1179.451387900498
2.0086178827457077	1144.8483986553717
2.011965579216951	1113.014312452406
2.0153188551823122	1080.4409191431355
2.01867771994095	1046.8521319706729
2.022042182807518	1015.1787682839566
2.0254122531121976	988.5921713887872
2.0287879402007176	963.9662884139495
2.0321692534343856	938.323176995187
2.0355562021901097	911.6817435738191
2.038948795860427	884.2067754889289
2.0423470438535274	855.5454812774295
2.0457509555932836	826.287823615949
2.049160540519272	796.2597621993366
2.0525758080868046	765.7375609136406
2.0559967677669495	735.0750757536401
2.059423429046561	704.2973563206752
2.0628558014283054	673.6103513353108
2.066293894430686	643.2323544248258
2.0697377175880702	613.1813016658698
2.073187280450717	584.1600651748921
2.0766425925848018	556.1081126340891
2.0801036635724435	529.4213957416938
2.083570503011731	504.8393275597786
2.0870431205167503	481.76501655196245
2.090521525717612	461.71085309633025
2.0940057282604747	443.8481066774787
2.0974957378075754	429.003330126419
2.1009915640372547	417.6181137547402
2.1044932166439834	408.72212579111795
2.10800070533839	404.0631027311519
2.1115140398472874	402.01301366793814
2.1150332299137	404.04201583760477
2.1185582852968894	409.592945369503
2.1220892157723843	417.82982395678056
2.125626031132005	429.77509471996296
2.1291687411838915	443.73491560263517
2.1327173557525314	460.8117464140795
2.136271884678786	479.8517589748844
2.1398323378199176	500.05951365063015
2.143398725049617	521.4485402781784
2.1469710562580335	542.8508103892294
2.150549341351797	563.782110327519
2.15413359025405	583.9170318114362
2.1577238129044733	601.244678646435
2.1613200192593145	616.236193353249
2.1649222192914133	630.01593750148
2.1685304229902322	642.2234717000052
2.172144640361883	652.3556159257791
2.175764881429153	657.3404947467692
2.1793911562315347	659.1868501653117
2.183023474825254	659.3114821264428
2.1866618472832964	657.323548524684
2.1903062836954352	648.2201978262416
2.193956794168261	624.5594711302166
2.197613388825208	598.4415054772189
2.201276077806584	586.4480973879946
2.2049448712695945	585.5391344020807
2.2086197793883775	584.893050642289
2.212300812354025	582.8692391655012
2.215987980374615	578.5460935290505
2.2196812936752393	568.3685911323604
2.2233807624980315	555.3167279674586
2.227086397102195	544.3743870466488
2.230798207764032	535.8572566607801
2.2345162047769724	527.1433528203968
2.2382403984516004	517.1823715738891
2.2419707991156868	507.2870511735427
2.245707417114213	499.7210599317941
2.249450262809403	493.5424346551635
2.2531993465807525	483.5684302850961
2.256954678825054	467.8546068021431
2.260716269956429	454.1434503606151
2.2644841304063563	450.67152214236376
2.2682582706237007	451.86142698889296
2.2720387010747403	448.06964399878007
2.275825432243198	438.7965922620073
2.27961847463027	429.60823791680707
2.283417838754654	422.40898739251526
2.2872235351525787	415.19892418665916
2.291035574377833	404.90308388533845
2.294853967001796	392.85680964638544
2.298678723613466	386.044632382108
2.302509854819488	386.97074601468836
2.3063473712441875	386.06147772125007
2.3101912835295946	374.373572635449
2.314041602335477	358.4748576480161
2.31789833833937	351.08984528653053
2.321761502236602	352.55375544450226
2.3256311047403297	352.41657138642483
2.3295071565815637	346.28272337394026
2.3333896685092	337.4574578374014
2.3372786512900485	326.48136752283665
2.3411741157088657	314.4060260337077
2.3450760725683804	306.2965952819747
2.348984532689328	304.0392623810201
2.3528995069104766	304.6976520814441
2.356821006088661	309.58519957904525
2.360749041098809	314.6550087574186
2.3646836228339736	308.186253948579
2.3686247622053638	290.74652316454564
2.3725724701423725	282.35345612235227
2.37652675759261	291.14201263354255
2.380487635521931	796.6504454911908
2.3844551149144677	280.1047143139034
2.388429206772659	328.66262254631033
2.39240992211728	336.8228568599296
2.3963972719874755	350.0454001971027
2.400391267440788	366.1408918669249
2.4043919195531895	386.9213243590846
2.408399239419112	410.45924297676333
2.412413238151477	436.4024258375868
2.4164339268817296	464.8585862598952
2.420461316759866	497.2356343693743
2.4244954189544656	536.4437506812266
2.428536244652723	580.21495307329
2.432583805060478	632.4772899551722
2.4366381114022455	691.3258156961512
2.440699174921249	756.5471228640874
2.4447670068794514	829.8771292018787
2.4488416185575836	910.4182634948229
2.4529230212551796	1005.1638632283466
2.457011226290605	1108.3648022467257
2.4611062450010897	1220.0072799788934
2.465208088742758	1340.2456554014448
2.4693167688906628	1472.1528657892964
2.4734322968388143	1623.5481544285615
2.4775546840002125	1782.4485722140594
2.4816839418068795	1944.788614430021
2.4858200817098908	2111.7969425445685
2.4899631151794077	2234.926215645957
2.4941130537047065	1498.4549510300853
