0.7011666666666666	9091.301604126013
0.7023352777777778	9894.51977444676
0.7035058365740741	10419.92356850572
0.7046783463016977	10978.973885778069
0.7058528102122005	11546.546340963301
0.7070292315625542	12120.406782896296
0.7082076136151585	12703.369324210305
0.7093879596378504	13296.47910794698
0.7105702729039134	13902.883328024842
0.7117545566920868	14531.414907363744
0.7129408142865735	15061.343904560004
0.7141290489770512	15133.056337930566
0.7153192640586796	14878.902626074514
0.7165114628321108	14839.19008223011
0.7177056486034976	15172.65795066038
0.7189018246845036	15736.923696592188
0.7200999943923111	16697.309068754737
0.7213001610496316	17816.295139840164
0.7225023279847144	18603.807547673106
0.7237064985313556	19043.839298641393
0.7249126760289079	19642.20303428216
0.7261208638222895	20679.654775587955
0.7273310652619932	21728.667896183142
0.7285432837040966	22145.52737830827
0.72975752251027	22161.30868365664
0.7309737850477873	22841.432268643297
0.7321920746895336	24536.52331223639
0.7334123948140163	26233.807107906956
0.7346347488053729	27208.99234001846
0.7358591400533818	27845.321139368018
0.7370855719534709	28711.576495531528
0.7383140479067267	29836.097997339144
0.7395445713199046	31028.95330331151
0.7407771456054377	32275.84635534587
0.7420117741814469	33525.68155510777
0.7432484604717493	34704.94618668383
0.744487207905869	35838.03636663733
0.7457280199190454	37015.77239896459
0.7469708999522439	38259.72150974463
0.7482158514521644	39445.162898092545
0.7494628778712513	40419.725179451736
0.7507119826677034	41279.55337651072
0.7519631693054829	42093.96391293852
0.7532164412543255	42860.19688629621
0.7544718019897494	43506.12642232944
0.7557292549930656	43926.55423667801
0.7569888037513873	44098.5259735643
0.7582504517576398	43601.90113177641
0.7595142025105692	42429.13083247362
0.7607800595147535	39437.499065221724
0.7620480262806114	33974.145467089475
0.7633181063244125	27288.44029369668
0.7645903031682866	18862.53041730721
0.7658646203402337	10324.498055788774
0.7671410613741342	6095.875099059647
0.7684196298097576	6265.571810067511
0.7697003291927741	8830.13516649356
0.770983163074762	14751.29623651318
0.77226813501322	22143.790585169525
0.7735552485715754	31480.83385458676
0.7748445073191947	-18764.821303655706
0.7761359148313933	51175.03277256753
0.7774294746894457	57269.47093071102
0.7787251904805949	64923.14646644891
0.7800230657980626	71575.37893023508
0.7813231042410594	77661.49879878027
0.7826253094147945	83265.27050638953
0.7839296849304858	88431.38677598184
0.7852362344053699	93609.09087843199
0.7865449614627122	98923.30423480492
0.7878558697318168	104477.47372799105
0.7891689628480365	110748.19814282669
0.7904842444527834	117540.77509260803
0.791801718193538	124641.14651979264
0.7931213877238606	132066.42632555374
0.7944432567034004	138996.92968976608
0.795767328797906	144441.5440706105
0.7970936076792359	149401.5053675352
0.7984220970253681	155524.0508970585
0.7997528005204104	162762.1830690551
0.801085721854611	170113.60014179585
0.8024208647243688	177371.30761659352
0.8037582328322427	183931.8462604258
0.8050978298869632	188033.60323403988
0.8064396596034414	190081.17811219383
0.8077837257027807	188598.31054842693
0.8091300319122853	182766.87452255187
0.8104785819654725	176613.86281785596
0.8118293796020817	172031.869019727
0.8131824285680851	169964.30063693644
0.8145377326156986	177296.8378559293
0.8158952955033916	192937.65806570297
0.8172551209958971	206015.46065883545
0.8186172128642236	212555.4817309244
0.819981574885664	217703.9472106294
0.8213482108438068	225261.99094122264
0.8227171245285466	235681.80665467476
0.8240883197360943	256229.18142189187
0.8254618002689877	289009.40347038396
0.8268375699361028	316988.7964326515
0.828215632552663	326719.93783715356
0.8295959919402508	329863.7642109149
0.830978651926818	341319.0174969559
0.832363616346696	360138.48397333705
0.8337508890406071	375515.9257349839
0.8351404738556749	383311.2245515356
0.8365323746454344	391998.9177039106
0.8379265952698435	411921.345080334
0.8393231395952933	439003.1550517838
0.8407220114946187	466680.91087951727
0.8421232148471098	494497.7896402284
0.8435267535385217	523325.3132588948
0.8449326314610859	554488.7675348265
0.8463408525135211	586833.3650612629
0.8477514206010437	619857.1765800571
0.8491643396353787	653773.3613203509
0.8505796135347711	691677.4544420234
0.8519972462239958	736156.3249284518
0.8534172416343692	782347.7351589383
0.8548396037037598	827553.0742050611
0.8562643363765994	872122.2300724054
0.8576914436038937	916408.600749971
0.8591209293432337	960384.6673711014
0.8605527975588058	1004139.0740746515
0.8619870522214037	1047445.5716934691
0.8634236973084395	1090467.3589599323
0.8648627368039535	1132910.6767916377
0.8663041746986269	1174642.8093416719
0.8677480149897913	1213667.7275888233
0.8691942616814409	1248330.018070286
0.8706429187842434	1283166.8937484203
0.8720939903155505	1322725.2269473902
0.8735474802994098	1365121.9475891353
0.8750033927665755	1407429.0124074556
0.8764617317545198	1449324.7601487723
0.8779225013074441	1489746.542313629
0.8793857054762898	1526865.7235868452
0.8808513483187503	1560481.9640474191
0.8823194338992816	1583955.780274802
0.8837899662891138	1595429.8508335107
0.8852629495662623	1565801.3756862585
0.8867383878155394	1470888.7911421668
0.8882162851285654	1335166.3521123827
0.8896966456037797	1127593.909756583
0.8911794733464526	896759.0079714519
0.8926647724686968	796030.0039280249
0.894152547089478	845832.9348979816
0.8956428013346271	889805.6530478966
0.8971355393368516	858878.8459480108
0.8986307652357465	823772.5954221837
0.9001284831778059	909834.2191838572
0.9016286973164357	1093121.1875095097
0.9031314118119631	1261115.9644807072
0.9046366308316498	1386979.8066861872
0.9061443585497025	1477572.784011823
0.9076545991472854	1493320.40048155
0.9091673568125309	1465407.5752823637
0.9106826357405519	1430698.1914830878
0.9122004401334528	1390408.0547945017
0.9137207742003418	1334032.5316982334
0.9152436421573426	1244860.4999453758
0.9167690482276047	1173539.585760366
0.9182969966413176	1240881.620671556
0.9198274916357196	1409160.8474742032
0.9213605374551126	1484615.4172098073
0.9228961383508711	1397544.886936649
0.924434298581456	1213971.0978505425
0.9259750224124251	867745.5602831462
0.9275183141164459	457758.0222743825
0.9290641779733066	223539.7332174074
0.9306126182699289	187811.86301068484
0.9321636393003788	187781.49079832254
0.9337172453658794	191675.5676383871
0.9352734407748227	203738.70681645971
0.9368322298427807	244856.94939757427
0.9383936168925188	306424.2382420293
0.9399576062540064	348252.23466965766
0.9415242022644297	357014.6953730347
0.9430934092682037	359848.94763740373
0.9446652316169841	370748.8820739903
0.9462396736696792	383661.14262714103
0.947816739792462	381320.4169146563
0.9493964343587827	363276.4189656905
0.9509787617493808	357268.09979446343
0.9525637263522965	381801.837558523
0.9541513325628838	405728.9073239572
0.9557415847838219	377978.7093010187
0.9573344874251283	315499.8406091952
0.9589300449041701	296408.3605948509
0.9605282616456772	346610.57078180683
0.9621291420817533	410807.8635089952
0.9637326906518895	464498.91323853965
0.9653389118029762	514634.9976478723
0.9669478099893144	577283.1980800147
0.96855938967263	651945.7795255523
0.9701736553220844	706681.5622410323
0.971790611414288	716626.8256618385
0.9734102624333119	713392.1960873611
0.9750326128707006	723682.7464823226
0.9766576672254852	745954.6663543499
0.9782854300041944	785153.1994175356
0.9799159057208682	847211.7575599903
0.9815490988970695	914225.7073305558
0.9831850140618982	979219.8418893608
0.9848236557520013	1048809.4492677646
0.986465028511588	1152146.3519479362
0.9881091368924407	1289198.6565781822
0.9897559854539281	1418436.1538948189
0.991405578763018	1521617.859676584
0.9930579213942898	1624200.5927930255
0.994713017929947	1761808.1642747263
0.9963708729598303	1923457.1120823664
0.9980314910814301	2073128.6266033505
0.9996948768998991	2204101.3587353323
1.0013610350280657	2368393.7222109404
1.0030299700864458	2637867.6430121753
1.0047016867032565	2954180.5877228808
1.0063761895144285	3232870.710037244
1.0080534831636194	3474361.500872207
1.0097335723022256	3753238.677215084
1.011416461589396	4115739.3646307522
1.013102155692045	4508342.726487345
1.014790659284865	4903831.305573599
1.01648197705034	5303703.854245612
1.018176113678757	5726742.09358998
1.0198730738682218	6180089.01274628
1.021572862324669	6614248.8559201425
1.0232754837618767	6976232.711043284
1.0249809429014798	7314844.414371325
1.0266892444729823	7721703.230911263
1.0284003932137706	8198309.103427007
1.030114393869127	8706970.082617112
1.0318312511922423	9257397.050007759
1.0335509699442293	9834805.031094428
1.0352735548941365	10460119.832023233
1.0369990108189602	11104597.47258104
1.0387273425036585	11630276.654099708
1.0404585547411644	11993235.429788562
1.0421926523323999	12328978.85830611
1.0439296400862872	12688905.73512556
1.0456695228197646	13056942.138652494
1.0474123053577973	13404305.771539604
1.0491579925333938	13735190.141019557
1.0509065891876161	14114920.621942421
1.0526581001695956	14588377.850681797
1.0544125303365448	15030386.69904088
1.0561698845537726	15237016.29377525
1.0579301676946955	15299482.194106087
1.0596933846408534	15475986.576175261
1.0614595402819214	15813775.368354524
1.0632286395157247	16079632.312280905
1.065000687248251	16067179.069806501
1.0667756883936648	15940968.328665739
1.068553647874321	15905061.526584484
1.070334570620778	15955871.930796167
1.072118461571813	15987551.612601949
1.0739053256744326	15963408.050355589
1.07569516788389	15930301.875631358
1.0774879931636965	15930217.537782889
1.079283806485636	15907156.159941955
1.0810826128297788	15521205.339088822
1.0828844171844951	14656166.572713455
1.0846892245464692	13405336.394530805
1.0864970399207134	11435084.332479041
1.0883078683205814	9147674.937041651
1.0901217147677824	6928594.9214567775
1.0919385842923954	4820913.590102158
1.0937584819328827	3217511.7307315315
1.0955814127361043	2487858.543103289
1.0974073817573313	2050304.9295843458
1.09923639406026	1681113.9720170074
1.1010684547170273	1361058.6625862275
1.1029035688082225	1101166.7342015344
1.1047417414229028	913264.8874576074
1.1065829776586076	750130.4823070944
1.108427282621372	612155.1173803227
1.110274661425741	489690.6167671573
1.112125119194784	389558.32158917596
1.1139786610601086	311192.8476813894
1.1158352921618757	263364.8478470423
1.117695017648812	264010.8591689631
1.1195578426782267	281524.71317692293
1.1214237724160239	306370.2891881164
1.1232928120367172	336576.43913052144
1.1251649667234453	373449.466799854
1.1270402416679843	416335.035115834
1.1289186420707642	424291.26027880365
1.1308001731408823	345110.78193131625
1.1326848400961171	244693.72488553863
1.1345726481629441	227394.34233368965
1.136463602576549	283004.65734085196
1.1383577085808434	341765.6946628322
1.1402549714284782	390874.7944335607
1.1421553963808588	432214.71971100796
1.1440589887081603	456786.8442648052
1.1459657536893408	466784.8640677307
1.1478756966121564	444257.47449606255
1.1497888227731765	383829.1503674737
1.1517051374777987	318905.19145832164
1.1536246460402617	260652.16066188406
1.155547353783662	212028.37112381196
1.1574732660399685	196558.96011499676
1.1594023881500348	210226.91519259792
1.1613347254636184	239342.33884187165
1.163270283339391	288326.0920396283
1.1652090671449569	337028.53428672644
1.1671510822568651	365749.4078077315
1.1690963340606266	377086.5502901715
1.1710448279507277	348942.0383060007
1.1729965693306457	278382.16541393194
1.1749515636128636	253612.55189296533
1.176909816218885	352411.1984969125
1.17887133257925	504332.1719735904
1.1808361181335487	665689.1332268987
1.182804178330438	833005.6108486672
1.1847755186276552	993229.8411414623
1.1867501444920348	1141218.6711472727
1.1887280613995215	1302011.4840674622
1.1907092748351875	1514893.5047059574
1.1926937902932462	1763314.1688747744
1.1946816132770681	2048159.9245751742
1.1966727492991969	2373702.0280095683
1.1986672038813622	2730476.5419049817
1.2006649825544977	3140873.6742372382
1.2026660908587554	3604549.44157054
1.20467053434352	4212825.579934841
1.206678318567426	4923426.784276725
1.2086894490983717	5486729.665321832
1.2107039315135357	5801728.291638476
1.2127217713993916	6138968.591446631
1.214742974351724	6758663.25479284
1.2167675459756435	7518953.420307952
1.218795491885603	8146251.9312502
1.2208268177054122	8623595.680476135
1.2228615290682547	9233062.295658812
1.2248996316167018	10188245.211265935
1.2269411310027298	11239050.877385305
1.2289860328877344	12107430.258668989
1.2310343429425474	12843577.898744881
1.2330860668474517	13720445.444034668
1.2351412102921975	14829022.528598635
1.2371997789760178	15791550.808075499
1.2392617786076445	16114111.498038521
1.241327214905324	16224399.74133703
1.243396093596833	17259760.844633676
1.2454684204194943	19276522.685982566
1.2475442011201936	20631982.551079847
1.249623441455394	20221651.395532433
1.251706147191153	19563380.910386633
1.2537923241031383	20774316.301000465
1.2558819779766437	23324509.37514619
1.2579751146066047	24801592.87218927
1.2600717397976158	24455437.650797904
1.262171859363945	23625726.30754308
1.2642754791295518	22751601.819023293
1.266382604928101	21809432.173816953
1.2684932426029811	20584046.182809703
1.2706073980073196	19083333.017733376
1.2727250770039986	17950507.461229082
1.274846285465672	17679671.30279523
1.2769710292747813	17545457.534476295
1.2790993143235727	16625758.951812033
1.2812311465141122	15113895.471940931
1.2833665317583023	13609081.633822327
1.2855054759778997	12205152.582423713
1.2876479851045295	11022499.818425637
1.2897940650797037	10416615.638291204
1.2919437218548366	10083054.210086789
1.2940969613912614	9560436.288001146
1.2962537896602468	8830183.845599098
1.298414212643014	8144147.115209434
1.3005782363307525	7615950.052272609
1.302745866724637	7174648.160195887
1.304917109835845	6857896.102651401
1.3070919716855713	6620540.570710502
1.3092704583050472	6280285.588983823
1.3114525757355557	5782876.323241194
1.3136383300284484	5291516.550739672
1.3158277272451624	4927097.333060785
1.3180207734572378	4601358.628226829
1.3202174747463333	4117569.8612930244
1.3224178372042439	3470048.123063373
1.3246218669329177	2799849.79793868
1.3268295700444726	2134832.8510547252
1.3290409526612135	1500686.0009988453
1.3312560209156488	985960.1911610169
1.3334747809505083	570219.8948507791
1.3356972389187591	284353.74054561125
1.3379234009836238	169931.5201004649
1.3401532733185966	105611.01017773057
1.342386862107461	68865.06662495052
1.344624173544307	47121.783489607464
1.3468652138335475	32627.86665320677
1.3491099891899365	24764.786476034777
1.3513585058385866	18345.88259823959
1.3536107700149842	12883.543610900748
1.3558667879650093	8399.876277316675
1.358126565944951	6496.219695464632
1.360390110221526	6553.6014440266945
1.3626574270718954	8120.888199600739
1.3649285227836818	11499.709096816945
1.367203403654988	14209.957487912201
1.369482075994413	13973.287201217467
1.3717645461210706	12945.348720295535
1.3740508203646056	15603.176779784117
1.3763409050652133	21655.141534857885
1.3786348065736556	24670.213736742127
1.3809325312512784	21015.363022160534
1.3832340854700305	16189.099531791926
1.3855394756124806	15464.941797922578
1.3878487080718347	17400.326701172762
1.3901617892519544	18007.02396864416
1.3924787255673745	16564.23704402328
1.3947995234433201	15328.772144533481
1.3971241893157258	15848.436253978978
1.399452729631252	17242.88633815349
1.401785150847304	18854.097458017943
1.40412145943205	20604.86103607129
1.4064616618644366	21889.812185967632
1.4088057646342107	22270.558333544253
1.4111537742419344	22267.457755294636
1.4135056971990045	21928.914950100858
1.4158615400276693	21469.72807329142
1.418221309261049	21852.871725226432
1.4205850114431506	23444.11294609659
1.4229526531288894	27382.20076082182
1.425324240884104	36724.41535435318
1.4276997812855778	47236.275799825424
1.4300792809210539	50492.761264458604
1.4324627463892556	47154.50232845991
1.4348501842999046	45894.46976379926
1.4372416012737377	49991.04236498654
1.4396370039425272	56915.64832999764
1.442036398949098	67960.10272437659
1.4444397929473467	82558.90486552796
1.4468471926022592	104432.28554231107
1.4492586045899296	135377.32664671843
1.4516740355975797	169640.17363166224
1.4540934923235755	207466.5874047848
1.4565169814774481	242298.11291028475
1.4589445097799105	252797.32550503965
1.4613760839628773	241275.0334108134
1.4638117107694821	227908.84279913327
1.466251396954098	216314.0703440669
1.4686951492823548	211427.8480055851
1.471142974531159	228569.9331161373
1.4735948794887108	259727.3548692582
1.4760508709545253	291391.7737656595
1.4785109557394496	322069.84355211665
1.4809751406656821	344255.85240996274
1.4834434325667916	345951.64359445375
1.4859158382877364	346209.0878118341
1.4883923646848827	385370.05622948345
1.490873018626024	458558.8879670848
1.493357806990401	527534.2160703813
1.4958467366687183	581925.8157759596
1.4983398145631663	627196.9448742565
1.5008370475874384	655826.2368492283
1.5033384426667507	679593.8330074744
1.505844006737862	744664.1767765406
1.5083537467490917	860532.02511382
1.5108676696603405	980398.6642310123
1.5133857824431078	1085933.4381691946
1.5159080920805128	1187401.4785351406
1.518434605567314	1298972.0570793147
1.5209653299099262	1420895.9067075977
1.5235002721264426	1561457.3256035093
1.5260394392466536	1731509.620192586
1.5285828383120648	1914909.314645281
1.5311304763759181	2113940.409300299
1.5336823605032115	2323902.348029436
1.5362384977707166	2544575.4787807334
1.5387988952670015	2779803.612360489
1.5413635600924465	3070145.838491016
1.5439324993592671	3482991.546563988
1.5465057201915329	3916489.9632690065
1.5490832297251855	4199719.111538584
1.5516650351080608	4362119.375078255
1.5542511434999076	4595703.461057408
1.5568415620724074	4968618.780952685
1.559436298009195	5362312.330286837
1.5620353585058768	5692777.0803461345
1.5646387507700532	5992456.422238624
1.567246482021337	6338541.435810447
1.5698585594913725	6741024.209724329
1.5724749904238582	7151655.229725578
1.5750957820745648	7557034.995177453
1.5777209417113556	7989607.21039903
1.5803504766142082	8559174.17309442
1.5829843940752317	9215990.300989734
1.5856227013986908	9591257.896872707
1.5882654059010217	9497107.188797068
1.5909125149108567	9286333.73887709
1.5935640357690417	9118833.57023627
1.5962199758286568	8931565.058604943
1.598880342455038	8431927.248502852
1.6015451430257963	7576803.079533602
1.6042143849308395	6672541.709111586
1.6068880755723909	5800314.622960362
1.6095662223650118	4965367.891785227
1.6122488327356201	4245473.400987181
1.614935914123513	3622726.885478091
1.6176274739803853	3062442.913193307
1.6203235197703527	2586064.598069688
1.62302405896997	2168263.82519775
1.6257290990682536	1864413.3261315213
1.6284386475667005	1645344.2712411683
1.6311527119793119	1567401.454023232
1.6338712998326108	1642918.597201703
1.6365944186656651	1760058.1882947604
1.6393220760301082	1910488.5512124933
1.642054279490158	2056877.7663873099
1.644791036622642	2126875.7586281793
1.6475323550170131	2134489.55269302
1.6502782422753748	2114638.7444593585
1.6530287060125004	2062886.0649427257
1.6557837538558546	2024843.756216252
1.6585433934456146	2054485.9070597459
1.6613076324346907	2071883.4185963406
1.6640764784887485	1766993.4644849442
1.66684993928623	1123596.0352219476
1.6696280225183737	645441.0772039766
1.6724107358892377	639753.4722909258
1.6751980871157197	825295.9172300033
1.6779900839275794	1062793.1014859376
1.6807867340674587	1322408.3996189833
1.6835880452909044	1433898.7415383367
1.6863940253663894	1319496.161973226
1.6892046820753335	1150184.2892896999
1.6920200232121256	988927.0455107355
1.694840056584146	840419.016785095
1.6976647900117863	745363.5534809595
1.700494231328473	709749.7780948156
1.703328388380687	733269.5006771865
1.706167269027988	859629.0191099673
1.709010881143035	994413.2194323244
1.7118592326116067	1003485.3593546575
1.714712331332626	925231.3429006034
1.7175701852181804	913328.1210608156
1.7204328021935444	1008831.1609643168
1.7233001901972003	1072595.1043945423
1.726172357180862	966521.1120731194
1.7290493111094971	784556.0561265178
1.7319310599613464	682021.7881957357
1.7348176117279486	666884.9471499799
1.737708974414162	675969.9621848633
1.7406051560381857	706750.0218827608
1.7435061646315826	742437.6255718619
1.746412008239302	766015.2048937571
1.749322694919701	777577.0029355559
1.7522382327445671	759551.0372339446
1.7551586297991415	700654.52825303
1.7580838941821402	632351.5611892265
1.761014034005777	565368.1965113861
1.7639490573957866	499717.9833249109
1.7668889724914467	438188.4416521676
1.769833787445599	381887.00659462827
1.7727835104246752	342788.400620063
1.7757381496087163	336206.13619417395
1.7786977131913975	335547.31885004806
1.7816622093800498	312821.10421319504
1.7846316463956833	273526.3292554879
1.7876060324730094	227234.7129225312
1.7905853758604646	173793.62654347694
1.793569684820232	135046.3542153497
1.7965589676282658	141648.7806561279
1.7995532325743133	166185.42409683857
1.802552487961937	163843.62883327043
1.8055567421085403	134907.10667440316
1.8085660033453879	116005.65332367596
1.8115802800176304	123964.54740550199
1.8145995804843267	139799.93870369103
1.8176239131184673	150454.53306966706
1.820653286306998	155491.59922908904
1.823687708450843	143433.0144327803
1.8267271879649278	108875.92286729891
1.8297717332782029	75816.60610526869
1.8328213528336663	60635.79519780107
1.8358760550883895	56756.12231927791
1.8389358485135368	67637.51465991925
1.8420007415943929	91842.13774067535
1.8450707428303834	109718.74290619593
1.848145860735101	112070.86776540412
1.851226103836326	107647.96712076815
1.8543114806760534	97139.2471024603
1.8574019998105136	82528.96362406477
1.8604976698101978	67682.51639504329
1.8635984992598815	53124.185746937415
1.8667044967586481	42428.970795423425
1.8698156709199125	41774.75827245574
1.8729320303714458	52103.08179134334
1.8760535837553982	96442.83131440308
1.879180339728324	170744.9852754503
1.8823123069612047	222633.92670743863
1.8854494941394733	225826.35505215815
1.8885919099630393	221407.43577140546
1.8917395631463112	247460.24179762456
1.8948924624182215	289120.0296791844
1.8980506165222522	292046.58063658146
1.9012140342164559	243384.0480012017
1.9043827242734832	197584.49892715624
1.907556695480606	187523.64867111645
1.9107359566397404	195029.60194857657
1.9139205165674735	208090.27972018544
1.9171103840950858	224404.74898666362
1.9203055680685779	224228.79173160924
1.923506077348692	193659.3284224336
1.92671192081094	157202.94167980156
1.9299231073456249	134318.32755838401
1.9331396458578678	121322.83629868731
1.9363615452676308	116831.72942914806
1.9395888145097437	122501.69303836851
1.9428214625339266	135268.0471648082
1.9460594983048167	160497.07617824816
1.9493029308019916	188048.93181177144
1.952551769019995	198452.76029879574
1.9558060219683617	194873.87458509204
1.9590656986716424	210169.72039218206
1.9623308081694284	261607.7985594929
1.9656013595163775	317933.4118496207
1.9688773617822382	352104.06294434826
1.9721588240518755	374066.75952581066
1.975445755425295	410122.67841528374
1.9787381650176707	464684.0446199786
1.9820360619593669	519878.16164364584
1.985339455395966	567488.039634648
1.9886483544882927	619513.8695432718
1.99196276841244	710374.373169271
1.9952827063597942	833127.3385965163
1.9986081775370603	930704.4966348384
2.001939191166289	978606.582182665
2.0052757564848993	1024429.2256621483
2.0086178827457077	1114186.0842410463
2.011965579216951	1236110.710054551
2.0153188551823122	1395424.7870497175
2.01867771994095	1595122.3961661917
2.022042182807518	1752321.1990017558
2.0254122531121976	1789349.52632831
2.0287879402007176	1800270.5480450785
2.0321692534343856	1935858.533145022
2.0355562021901097	2180192.118550855
2.038948795860427	2438593.0976921543
2.0423470438535274	2698242.096976549
2.0457509555932836	2929695.1251889146
2.049160540519272	3064994.7095759674
2.0525758080868046	3152313.0276463307
2.0559967677669495	3310596.3207377763
2.059423429046561	3555857.9832990556
2.0628558014283054	3793495.3652056484
2.066293894430686	3974618.4098986867
2.0697377175880702	4110110.006475686
2.073187280450717	4140495.2665338567
2.0766425925848018	4089459.4860224305
2.0801036635724435	4100299.6593654794
2.083570503011731	4226850.997016265
2.0870431205167503	4358544.776183301
2.090521525717612	4399404.290364254
2.0940057282604747	4386161.179988026
2.0974957378075754	4368338.1675318265
2.1009915640372547	4348599.026252643
2.1044932166439834	4319367.203183927
2.10800070533839	4269262.051467808
2.1115140398472874	4195136.119235878
2.1150332299137	4049359.1987580997
2.1185582852968894	3849308.2270326205
2.1220892157723843	3690952.3773282464
2.125626031132005	3608748.9052537302
2.1291687411838915	3541262.82715564
2.1327173557525314	3453748.308054939
2.136271884678786	3350268.710206474
2.1398323378199176	3217021.798481662
2.143398725049617	3051062.802744211
2.1469710562580335	2880262.9025381296
2.150549341351797	2711726.492389373
2.15413359025405	2536056.2188785295
2.1577238129044733	2324624.576008747
2.1613200192593145	2091891.3364510704
2.1649222192914133	1934987.0336258204
2.1685304229902322	1899590.0747715877
2.172144640361883	1875123.1154831583
2.175764881429153	1783222.8772501808
2.1793911562315347	1648224.6692470124
2.183023474825254	1478775.2206373552
2.1866618472832964	1272346.3762206186
2.1903062836954352	1035397.9501648049
2.193956794168261	746828.758248455
2.197613388825208	467531.9488113581
2.201276077806584	317945.968778788
2.2049448712695945	275120.7426197022
2.2086197793883775	291718.24467068404
2.212300812354025	381674.69601362315
2.215987980374615	464283.7903891719
2.2196812936752393	466461.48642598087
2.2233807624980315	424075.4612474683
2.227086397102195	378053.40961078886
2.230798207764032	330823.4928183723
2.2345162047769724	285379.1712235463
2.2382403984516004	244221.02326667824
2.2419707991156868	207107.48783726493
2.245707417114213	180469.49158694578
2.249450262809403	162077.1970337971
2.2531993465807525	147065.4186716433
2.256954678825054	136037.08886970018
2.260716269956429	129808.27840402255
2.2644841304063563	134757.35992948795
2.2682582706237007	144214.20156836841
2.2720387010747403	144617.63980897312
2.275825432243198	135101.75270683115
2.27961847463027	123002.48191025497
2.283417838754654	108899.88611554464
2.2872235351525787	95624.05869942794
2.291035574377833	88919.97009586751
2.294853967001796	88853.82444121888
2.298678723613466	105646.94072522061
2.302509854819488	145996.9452134916
2.3063473712441875	189371.58523635217
2.3101912835295946	224596.72734775743
2.314041602335477	247763.4262177956
2.31789833833937	223706.29634931558
2.321761502236602	152709.39889320455
2.3256311047403297	96068.97245555287
2.3295071565815637	83045.46025917193
2.3333896685092	84821.43515116123
2.3372786512900485	82993.90038995381
2.3411741157088657	78864.7700223516
2.3450760725683804	79549.76506673759
2.348984532689328	87527.29263108928
2.3528995069104766	100922.53735503141
2.356821006088661	124565.08339889579
2.360749041098809	148803.4967766568
2.3646836228339736	145941.90757481963
2.3686247622053638	116314.45697080671
2.3725724701423725	93279.47301698328
2.37652675759261	91184.87716095333
2.380487635521931	100011.73898632333
2.3844551149144677	123000.65450580441
2.388429206772659	155554.1992131481
2.39240992211728	184953.72561827148
2.3963972719874755	208749.02723982793
2.400391267440788	230196.7962721049
2.4043919195531895	248753.0508531371
2.408399239419112	262810.2296994146
2.412413238151477	259356.72261310052
2.4164339268817296	239699.98789563304
2.420461316759866	230902.52764924677
2.4244954189544656	247381.33010498065
2.428536244652723	268400.33012053435
2.432583805060478	273580.148290225
2.4366381114022455	267745.4252198466
2.440699174921249	261961.26960248954
2.4447670068794514	257897.52606190473
2.4488416185575836	263703.09069986123
2.4529230212551796	294786.4947484619
2.457011226290605	334154.16355995595
2.4611062450010897	351543.8183593557
2.465208088742758	346973.7149926861
2.4693167688906628	334414.6864030901
2.4734322968388143	312742.6786854144
2.4775546840002125	291598.90999841556
2.4816839418068795	283893.01594007324
2.4858200817098908	284542.2320786043
2.4899631151794077	272769.4029970698
2.4941130537047065	167286.3199371
