0.7011666666666666	1242126.3307125024
0.7023352777777778	1310377.698692626
0.7035058365740741	1317990.017734605
0.7046783463016977	1317323.9649912056
0.7058528102122005	1295984.266908581
0.7070292315625542	1266121.951074902
0.7082076136151585	1254179.843282589
0.7093879596378504	1262381.8395469526
0.7105702729039134	1276330.6153525575
0.7117545566920868	1295229.9639523681
0.7129408142865735	1315921.5152275746
0.7141290489770512	1336164.9985280056
0.7153192640586796	1356347.260941257
0.7165114628321108	1379555.4563464432
0.7177056486034976	1407158.7824881698
0.7189018246845036	1432648.1734457724
0.7200999943923111	1448559.9718942419
0.7213001610496316	1459666.7460634136
0.7225023279847144	1472716.3917878785
0.7237064985313556	1487870.748619553
0.7249126760289079	1499744.8209527072
0.7261208638222895	1504121.4345555576
0.7273310652619932	1503890.6986206644
0.7285432837040966	1496060.9694381794
0.72975752251027	1482104.773537879
0.7309737850477873	1463021.0686527316
0.7321920746895336	1437276.059001787
0.7334123948140163	1408235.773793677
0.7346347488053729	1374555.989937858
0.7358591400533818	1338023.4863611097
0.7370855719534709	1298989.5001657042
0.7383140479067267	1257382.9463335515
0.7395445713199046	1213406.4195136635
0.7407771456054377	1165532.7780803435
0.7420117741814469	1116338.87030566
0.7432484604717493	1067632.102779597
0.744487207905869	1019211.3752075756
0.7457280199190454	970115.1685841708
0.7469708999522439	919980.6660947683
0.7482158514521644	867890.1693440324
0.7494628778712513	811124.7977184298
0.7507119826677034	752583.9237303878
0.7519631693054829	697430.1343185416
0.7532164412543255	750702.4603726108
0.7544718019897494	-164069.3777783577
0.7557292549930656	551673.647033448
0.7569888037513873	494692.4282874887
0.7582504517576398	434604.0888110901
0.7595142025105692	367690.8431192679
0.7607800595147535	291650.9421770225
0.7620480262806114	204155.60242012588
0.7633181063244125	123207.67163100567
0.7645903031682866	67657.10860229783
0.7658646203402337	28099.223637669835
0.7671410613741342	7834.594662496847
0.7684196298097576	6370.61925625382
0.7697003291927741	13472.57781003239
0.770983163074762	31796.11452410119
0.77226813501322	59143.80385242064
0.7735552485715754	106369.19493854244
0.7748445073191947	169485.23988487208
0.7761359148313933	251515.33849441647
0.7774294746894457	357506.8647526319
0.7787251904805949	471816.0865062055
0.7800230657980626	593548.9541688183
0.7813231042410594	719336.4825365376
0.7826253094147945	847283.1662305329
0.7839296849304858	977576.9843040551
0.7852362344053699	1114008.1867619725
0.7865449614627122	1261218.333367181
0.7878558697318168	1414463.0762723603
0.7891689628480365	1576472.6958711804
0.7904842444527834	1745668.0225623408
0.791801718193538	1925347.2671220738
0.7931213877238606	2118284.531835147
0.7944432567034004	2318334.3360572364
0.795767328797906	2528938.5424333257
0.7970936076792359	2746601.5738269896
0.7984220970253681	2974747.880373428
0.7997528005204104	3212493.206519031
0.801085721854611	3450861.772474507
0.8024208647243688	3687784.092034964
0.8037582328322427	3926657.478575163
0.8050978298869632	4173819.026004232
0.8064396596034414	4426914.921126551
0.8077837257027807	4683080.904291111
0.8091300319122853	4942696.364068097
0.8104785819654725	5206723.671931993
0.8118293796020817	5479643.571664866
0.8131824285680851	5756418.845573044
0.8145377326156986	6031044.0512186205
0.8158952955033916	6299705.162420486
0.8172551209958971	6518303.859516775
0.8186172128642236	6649500.6185088055
0.819981574885664	6790371.790411944
0.8213482108438068	7064385.767996466
0.8227171245285466	7423563.287063667
0.8240883197360943	7776405.96769573
0.8254618002689877	8111714.452536572
0.8268375699361028	8416884.81775938
0.828215632552663	8655912.118370313
0.8295959919402508	8877165.627532545
0.830978651926818	9159096.99366336
0.832363616346696	9494781.980693154
0.8337508890406071	9817304.478210505
0.8351404738556749	10104677.16148638
0.8365323746454344	10384197.239014434
0.8379265952698435	10673474.72146524
0.8393231395952933	10951844.066087367
0.8407220114946187	11099253.641543053
0.8421232148471098	11081330.440369599
0.8435267535385217	10952243.36555594
0.8449326314610859	10635308.914409302
0.8463408525135211	10313912.895719144
0.8477514206010437	10381881.310926665
0.8491643396353787	10792625.394772975
0.8505796135347711	11238154.714671718
0.8519972462239958	11671477.660287978
0.8534172416343692	12127427.190749133
0.8548396037037598	12671764.424345644
0.8562643363765994	13239843.310014522
0.8576914436038937	13581539.29798493
0.8591209293432337	13628505.228009433
0.8605527975588058	13258611.230576836
0.8619870522214037	12041782.419683902
0.8634236973084395	10735063.979830641
0.8648627368039535	10754693.03846172
0.8663041746986269	11869003.05767601
0.8677480149897913	12537756.342528071
0.8691942616814409	12251943.055286443
0.8706429187842434	11845443.465397786
0.8720939903155505	11963040.055583997
0.8735474802994098	12414625.391274143
0.8750033927665755	12999782.058049383
0.8764617317545198	13712780.379934926
0.8779225013074441	14369321.729837857
0.8793857054762898	14839198.846349109
0.8808513483187503	15265836.69851408
0.8823194338992816	15855002.604924861
0.8837899662891138	16537904.503664056
0.8852629495662623	16739182.493455786
0.8867383878155394	16146778.146979058
0.8882162851285654	15605031.598101567
0.8896966456037797	15956917.350268167
0.8911794733464526	16803392.59491049
0.8926647724686968	17449302.587191325
0.894152547089478	17831525.49965742
0.8956428013346271	18250418.15637371
0.8971355393368516	18859610.69370146
0.8986307652357465	19515562.066715665
0.9001284831778059	20028435.84444467
0.9016286973164357	20419581.666612662
0.9031314118119631	20762508.12232101
0.9046366308316498	21053176.67893734
0.9061443585497025	21443825.282087896
0.9076545991472854	22194762.707798533
0.9091673568125309	23124490.942196466
0.9106826357405519	23871050.995475348
0.9122004401334528	24400865.967945077
0.9137207742003418	24940820.878515337
0.9152436421573426	25586735.69803924
0.9167690482276047	26282405.16361515
0.9182969966413176	27010814.6668559
0.9198274916357196	27744388.33244507
0.9213605374551126	28267702.690451052
0.9228961383508711	28456726.507014662
0.924434298581456	28352488.832537584
0.9259750224124251	27621252.029856157
0.9275183141164459	26615031.253175814
0.9290641779733066	26094957.451316793
0.9306126182699289	26138720.659266487
0.9321636393003788	26430707.05742571
0.9337172453658794	27049208.71485379
0.9352734407748227	27828077.25069161
0.9368322298427807	28754256.025346026
0.9383936168925188	29775057.232087687
0.9399576062540064	30624693.390027795
0.9415242022644297	31199480.162691753
0.9430934092682037	31708152.104788482
0.9446652316169841	32232282.75364999
0.9462396736696792	32749477.53806876
0.947816739792462	33166330.698796716
0.9493964343587827	33479739.810693815
0.9509787617493808	33851443.189190745
0.9525637263522965	34379727.86815381
0.9541513325628838	34884503.03802808
0.9557415847838219	35036329.622550346
0.9573344874251283	34933713.781008765
0.9589300449041701	34953157.729858086
0.9605282616456772	35192854.41526317
0.9621291420817533	35554544.71677643
0.9637326906518895	36109796.593079165
0.9653389118029762	36776114.8993297
0.9669478099893144	37493221.216029845
0.96855938967263	38239531.92757984
0.9701736553220844	38701192.45102866
0.971790611414288	38570537.85773564
0.9734102624333119	38304498.06916438
0.9750326128707006	38379596.59037964
0.9766576672254852	38715451.019550055
0.9782854300041944	39112352.04452752
0.9799159057208682	39558538.0975049
0.9815490988970695	39920274.214556284
0.9831850140618982	40004936.83389921
0.9848236557520013	39821587.105913766
0.986465028511588	38889223.601093285
0.9881091368924407	37170115.97987647
0.9897559854539281	34904909.817362554
0.991405578763018	31799266.595511697
0.9930579213942898	28841587.927556872
0.994713017929947	27707965.76176297
0.9963708729598303	27873314.44637448
0.9980314910814301	27894593.462436635
0.9996948768998991	27551670.9680528
1.0013610350280657	27279511.51130929
1.0030299700864458	27448127.24106445
1.0047016867032565	27894607.90204391
1.0063761895144285	28662939.186050937
1.0080534831636194	29725673.250547633
1.0097335723022256	30583181.319070805
1.011416461589396	30953230.000812534
1.013102155692045	31177092.27221265
1.014790659284865	31493210.433769535
1.01648197705034	31879068.47342847
1.018176113678757	32289918.818364095
1.0198730738682218	32725562.454753052
1.021572862324669	33135237.785985123
1.0232754837618767	33457692.95435101
1.0249809429014798	33707852.3653919
1.0266892444729823	33790289.696089156
1.0284003932137706	33716940.305940434
1.030114393869127	33709545.36825801
1.0318312511922423	33873058.445051014
1.0335509699442293	34212495.29304021
1.0352735548941365	35005424.67880518
1.0369990108189602	36063684.59824916
1.0387273425036585	36731425.0888765
1.0404585547411644	36846681.03095056
1.0421926523323999	36982531.6185313
1.0439296400862872	37502696.26996091
1.0456695228197646	38145698.88332817
1.0474123053577973	38444103.256519265
1.0491579925333938	38421693.906328805
1.0509065891876161	38568128.024701454
1.0526581001695956	39110484.09068261
1.0544125303365448	39693185.32634848
1.0561698845537726	39935186.25891998
1.0579301676946955	39949518.35485491
1.0596933846408534	39976840.38940443
1.0614595402819214	40042415.88773496
1.0632286395157247	40049345.71336167
1.065000687248251	39882496.787440106
1.0667756883936648	39664854.88543311
1.068553647874321	39613125.9089419
1.070334570620778	39725003.048827626
1.072118461571813	39936640.3133556
1.0739053256744326	40288689.17538882
1.07569516788389	40626782.741313115
1.0774879931636965	40747735.44508058
1.079283806485636	40738439.41913766
1.0810826128297788	40826625.48707808
1.0828844171844951	41051688.43943961
1.0846892245464692	41263980.517983325
1.0864970399207134	41370147.01506655
1.0883078683205814	41381749.49946217
1.0901217147677824	41151563.45206869
1.0919385842923954	40701505.9293297
1.0937584819328827	40208272.68569924
1.0955814127361043	39688653.18715318
1.0974073817573313	39139526.045625836
1.09923639406026	38515848.70397295
1.1010684547170273	37826111.5919998
1.1029035688082225	36992482.42463085
1.1047417414229028	35985284.34058742
1.1065829776586076	34980028.01220334
1.108427282621372	34068922.01208802
1.110274661425741	33191605.845977627
1.112125119194784	32275247.191819243
1.1139786610601086	31365071.35166307
1.1158352921618757	30981421.736143112
1.117695017648812	31511026.193717275
1.1195578426782267	32275261.311798878
1.1214237724160239	32886940.78449794
1.1232928120367172	33429387.08432461
1.1251649667234453	34180070.23870445
1.1270402416679843	35154009.54366548
1.1289186420707642	35354895.30901508
1.1308001731408823	33584661.60819681
1.1326848400961171	31404960.96183192
1.1345726481629441	31458273.983049475
1.136463602576549	33431771.51272071
1.1383577085808434	35076173.5187434
1.1402549714284782	35769461.35145633
1.1421553963808588	36168037.899954446
1.1440589887081603	36521245.455528304
1.1459657536893408	36768721.06621127
1.1478756966121564	36426434.267664686
1.1497888227731765	35386560.100407004
1.1517051374777987	34310773.21908079
1.1536246460402617	33467768.16263407
1.155547353783662	32817052.61426061
1.1574732660399685	32622821.69252855
1.1594023881500348	32848570.213494815
1.1613347254636184	33525525.559986167
1.163270283339391	34860846.38243091
1.1652090671449569	36037333.14242731
1.1671510822568651	36056990.641114615
1.1690963340606266	35349040.93794194
1.1710448279507277	34355481.014675304
1.1729965693306457	33107039.66395724
1.1749515636128636	32328870.411986396
1.176909816218885	32744713.096922036
1.17887133257925	33820059.71979632
1.1808361181335487	35678624.38741839
1.182804178330438	38137087.32453072
1.1847755186276552	40226024.759406686
1.1867501444920348	41602305.02123283
1.1887280613995215	42627869.4507586
1.1907092748351875	43162417.29967948
1.1926937902932462	43384698.50439421
1.1946816132770681	43407757.78414715
1.1966727492991969	43233657.98234785
1.1986672038813622	43217511.218942285
1.2006649825544977	43636279.742009014
1.2026660908587554	44272202.541202016
1.20467053434352	45100178.50846375
1.206678318567426	46056585.79792898
1.2086894490983717	46769577.916726835
1.2107039315135357	47077842.498331934
1.2127217713993916	47375659.59826373
1.214742974351724	47987151.823605396
1.2167675459756435	48745022.44187116
1.218795491885603	49288856.505000114
1.2208268177054122	49591299.94683298
1.2228615290682547	50011785.370793045
1.2248996316167018	50781847.416179836
1.2269411310027298	51626144.733030446
1.2289860328877344	52185819.56158417
1.2310343429425474	52520012.566412695
1.2330860668474517	52856869.203798205
1.2351412102921975	53229389.038407445
1.2371997789760178	53479814.378121845
1.2392617786076445	53324913.51389014
1.241327214905324	53071788.43420735
1.243396093596833	53642859.48392105
1.2454684204194943	55097156.88077922
1.2475442011201936	56208557.20620507
1.249623441455394	56269415.44113228
1.251706147191153	56138701.44503866
1.2537923241031383	56926514.56354649
1.2558819779766437	58398513.29867642
1.2579751146066047	59597903.75802656
1.2600717397976158	60283523.89386823
1.262171859363945	60871963.82028525
1.2642754791295518	61563537.88240743
1.266382604928101	62278935.48594407
1.2684932426029811	62788452.33697205
1.2706073980073196	63076144.872843534
1.2727250770039986	63339368.20347698
1.274846285465672	63625782.18734557
1.2769710292747813	63899132.33016955
1.2790993143235727	64079201.76696068
1.2812311465141122	64177854.28983291
1.2833665317583023	64161808.82309523
1.2855054759778997	63989247.72542149
1.2876479851045295	63820699.0876904
1.2897940650797037	63778524.64366596
1.2919437218548366	63811737.283719756
1.2940969613912614	63900253.694913715
1.2962537896602468	64041959.02167422
1.298414212643014	64176975.9868349
1.3005782363307525	64280815.99824315
1.302745866724637	64347251.41660243
1.304917109835845	64304987.711296186
1.3070919716855713	64178912.59373126
1.3092704583050472	64009169.48921782
1.3114525757355557	63788306.08477124
1.3136383300284484	63577280.80899523
1.3158277272451624	63430146.06529548
1.3180207734572378	63251728.12445394
1.3202174747463333	62688165.536175184
1.3224178372042439	61688876.07282489
1.3246218669329177	59970860.63260796
1.3268295700444726	56943840.238774255
1.3290409526612135	52986955.4612534
1.3312560209156488	47145219.3623976
1.3334747809505083	40049142.09648759
1.3356972389187591	33757380.71419562
1.3379234009836238	28777219.373064272
1.3401532733185966	24640534.004704237
1.342386862107461	22005140.053055372
1.344624173544307	20182378.36507653
1.3468652138335475	18728493.203024283
1.3491099891899365	17596676.91393268
1.3513585058385866	16340133.167116094
1.3536107700149842	14756100.529647969
1.3558667879650093	13373041.24930621
1.358126565944951	13232875.484407919
1.360390110221526	14008418.468156528
1.3626574270718954	15221177.328524392
1.3649285227836818	16914854.304553896
1.367203403654988	18323398.97570194
1.369482075994413	18655330.33279485
1.3717645461210706	18614349.533774156
1.3740508203646056	19441101.93020981
1.3763409050652133	21055549.72713837
1.3786348065736556	21680721.67491877
1.3809325312512784	20218067.80567816
1.3832340854700305	18390215.866505273
1.3855394756124806	17852919.18968971
1.3878487080718347	18145286.769638103
1.3901617892519544	17959450.173579402
1.3924787255673745	17050620.03666636
1.3947995234433201	16236632.7046131
1.3971241893157258	16100207.552735578
1.399452729631252	16334766.811922444
1.401785150847304	16838475.715323888
1.40412145943205	17545008.696204323
1.4064616618644366	17716035.667961385
1.4088057646342107	16844982.824476097
1.4111537742419344	15873554.955073403
1.4135056971990045	15803207.171470253
1.4158615400276693	16323427.676888375
1.418221309261049	16752416.382745113
1.4205850114431506	17009911.599600065
1.4229526531288894	17428144.49896635
1.425324240884104	18357201.21539675
1.4276997812855778	19401200.659195397
1.4300792809210539	19783046.10037905
1.4324627463892556	19564291.09831435
1.4348501842999046	19556009.48991913
1.4372416012737377	20073866.41734158
1.4396370039425272	20856434.943805486
1.442036398949098	21995674.765060097
1.4444397929473467	23363982.67982841
1.4468471926022592	24720056.89113216
1.4492586045899296	26037710.87911773
1.4516740355975797	27334082.49032603
1.4540934923235755	28593987.505143434
1.4565169814774481	29687572.398124862
1.4589445097799105	29990229.18670701
1.4613760839628773	29583560.854310386
1.4638117107694821	29173801.340927865
1.466251396954098	28919661.98729375
1.4686951492823548	28853772.26144828
1.471142974531159	29289119.516348183
1.4735948794887108	30027083.070528682
1.4760508709545253	30649189.44564936
1.4785109557394496	31097999.235066716
1.4809751406656821	31492213.39629207
1.4834434325667916	31836820.15212928
1.4859158382877364	32163436.33822399
1.4883923646848827	32509091.568160497
1.490873018626024	32876663.050781377
1.493357806990401	33302069.952211156
1.4958467366687183	33821095.11822522
1.4983398145631663	34298986.96030183
1.5008370475874384	34534570.64249387
1.5033384426667507	34611352.71531396
1.505844006737862	34619368.123953156
1.5083537467490917	34558637.06465302
1.5108676696603405	34539455.88971208
1.5133857824431078	34652846.94414963
1.5159080920805128	34852300.54594158
1.518434605567314	35195783.512753576
1.5209653299099262	35651625.50528096
1.5235002721264426	35991348.36318684
1.5260394392466536	36111938.878515795
1.5285828383120648	36157638.47259783
1.5311304763759181	36166338.39285636
1.5336823605032115	36153600.52459861
1.5362384977707166	36145430.312895276
1.5387988952670015	36144458.59783209
1.5413635600924465	36146265.309638016
1.5439324993592671	36151165.21134534
1.5465057201915329	36123029.710453734
1.5490832297251855	35928627.85977751
1.5516650351080608	35597587.827053905
1.5542511434999076	35295922.78176144
1.5568415620724074	35068094.10287438
1.559436298009195	34850460.81201961
1.5620353585058768	34597596.95361159
1.5646387507700532	34320812.20164323
1.567246482021337	34022735.68020363
1.5698585594913725	33700236.39928456
1.5724749904238582	33349035.520126272
1.5750957820745648	32942710.455119096
1.5777209417113556	32513689.164962877
1.5803504766142082	32085286.386403456
1.5829843940752317	31653277.9152026
1.5856227013986908	31169915.902023286
1.5882654059010217	30604092.202526174
1.5909125149108567	29993864.632859886
1.5935640357690417	29315429.274453174
1.5962199758286568	28582663.643547658
1.598880342455038	27746877.0492261
1.6015451430257963	26794048.565438803
1.6042143849308395	25767089.61518844
1.6068880755723909	24621904.85088822
1.6095662223650118	23432438.85772639
1.6122488327356201	22259777.992677838
1.614935914123513	21106923.00614354
1.6176274739803853	20016203.156137336
1.6203235197703527	19022946.279766332
1.62302405896997	18124462.0689672
1.6257290990682536	17443186.586083353
1.6284386475667005	16914498.333289832
1.6311527119793119	16594177.028077861
1.6338712998326108	16500314.541915255
1.6365944186656651	16495525.476991452
1.6393220760301082	16600629.87921358
1.642054279490158	16733183.940974219
1.644791036622642	16796903.056175105
1.6475323550170131	16795042.422896992
1.6502782422753748	16675599.348965866
1.6530287060125004	16386278.406006083
1.6557837538558546	16079676.99276416
1.6585433934456146	15857100.828853322
1.6613076324346907	15558888.99303103
1.6640764784887485	14466699.60903872
1.66684993928623	12553697.012868311
1.6696280225183737	11227209.79429466
1.6724107358892377	11441784.695954166
1.6751980871157197	12186392.420800218
1.6779900839275794	12692439.559481882
1.6807867340674587	12982900.751508692
1.6835880452909044	13025116.932553148
1.6863940253663894	12725154.52450601
1.6892046820753335	12326176.26867715
1.6920200232121256	11892390.809964186
1.694840056584146	11457394.318189284
1.6976647900117863	11133357.774333041
1.700494231328473	10934340.23773126
1.703328388380687	10860159.732170897
1.706167269027988	11003620.481734863
1.709010881143035	11181122.112316996
1.7118592326116067	11161528.028218886
1.714712331332626	11000701.435983224
1.7175701852181804	10904605.819485225
1.7204328021935444	10920087.00102339
1.7233001901972003	10878974.834930673
1.726172357180862	10592891.450181464
1.7290493111094971	10194336.547814693
1.7319310599613464	9892258.043994108
1.7348176117279486	9698180.25609602
1.737708974414162	9546544.069589486
1.7406051560381857	9447370.342078043
1.7435061646315826	9366403.209709927
1.746412008239302	9282766.769016663
1.749322694919701	9189706.07479641
1.7522382327445671	9028276.573796207
1.7551586297991415	8769884.207870817
1.7580838941821402	8483012.133706434
1.761014034005777	8182026.076890062
1.7639490573957866	7885305.170480248
1.7668889724914467	7657808.712622503
1.769833787445599	7500023.991612832
1.7727835104246752	7342563.111217483
1.7757381496087163	7165163.808468665
1.7786977131913975	6974783.988779807
1.7816622093800498	6760889.892650833
1.7846316463956833	6525186.899803429
1.7876060324730094	6242386.15679666
1.7905853758604646	5899261.212273408
1.793569684820232	5617933.336871656
1.7965589676282658	5547109.092415354
1.7995532325743133	5564757.236571213
1.802552487961937	5488204.549929336
1.8055567421085403	5318021.024826685
1.8085660033453879	5192945.372745958
1.8115802800176304	5181431.586183849
1.8145995804843267	5204306.177726635
1.8176239131184673	5209647.600548004
1.820653286306998	5192358.6071315445
1.823687708450843	5086003.963711698
1.8267271879649278	4862084.247802616
1.8297717332782029	4655493.745313805
1.8328213528336663	4568021.389579701
1.8358760550883895	4545922.663474707
1.8389358485135368	4566330.06940511
1.8420007415943929	4621403.460744146
1.8450707428303834	4624442.0418323865
1.848145860735101	4519832.269692566
1.851226103836326	4371272.757492923
1.8543114806760534	4192357.8306283182
1.8574019998105136	3996272.2589784204
1.8604976698101978	3826688.4539333615
1.8635984992598815	3696158.507308599
1.8667044967586481	3614620.3668472427
1.8698156709199125	3639624.6940821256
1.8729320303714458	3735216.790957115
1.8760535837553982	3940467.257307703
1.879180339728324	4239695.401296846
1.8823123069612047	4448522.583145731
1.8854494941394733	4467167.322864124
1.8885919099630393	4435164.167672759
1.8917395631463112	4444514.276764372
1.8948924624182215	4470280.404557648
1.8980506165222522	4401338.261365793
1.9012140342164559	4208789.110850465
1.9043827242734832	4031168.1906498917
1.907556695480606	3959965.9452803982
1.9107359566397404	3929501.4681439307
1.9139205165674735	3854205.058722329
1.9171103840950858	3736711.195467494
1.9203055680685779	3624664.9778791247
1.923506077348692	3532562.377404336
1.92671192081094	3452009.525980041
1.9299231073456249	3390614.3032772513
1.9331396458578678	3339750.937689183
1.9363615452676308	3274746.059501662
1.9395888145097437	3192522.527704222
1.9428214625339266	3146324.4343753373
1.9460594983048167	3199318.4796269196
1.9493029308019916	3283068.12981172
1.952551769019995	3294242.280803653
1.9558060219683617	3242512.4056122685
1.9590656986716424	3231865.935683315
1.9623308081694284	3306976.03388239
1.9656013595163775	3389119.8210812346
1.9688773617822382	3402729.4323483137
1.9721588240518755	3377115.298493408
1.975445755425295	3383687.934619034
1.9787381650176707	3433433.3863702794
1.9820360619593669	3482383.8225357844
1.985339455395966	3508110.038093529
1.9886483544882927	3524876.0536281555
1.99196276841244	3547902.436609858
1.9952827063597942	3576039.257378986
1.9986081775370603	3596311.8462103726
2.001939191166289	3601967.6371705625
2.0052757564848993	3602443.974093787
2.0086178827457077	3600187.0739363204
2.011965579216951	3596083.24467798
2.0153188551823122	3590577.2433699537
2.01867771994095	3583407.0199140497
2.022042182807518	3573735.6134938607
2.0254122531121976	3558896.997528916
2.0287879402007176	3543068.383695322
2.0321692534343856	3533300.183108928
2.0355562021901097	3528623.838993034
2.038948795860427	3522454.702156074
2.0423470438535274	3512736.6507522017
2.0457509555932836	3500192.6146070645
2.049160540519272	3481684.9381701737
2.0525758080868046	3459601.769391602
2.0559967677669495	3437619.8995669945
2.059423429046561	3415960.679630089
2.0628558014283054	3392802.6015091473
2.066293894430686	3377930.661144358
2.0697377175880702	495039.22425765696
2.073187280450717	5974217.611194086
2.0766425925848018	3263151.267766817
2.0801036635724435	3242799.867498454
2.083570503011731	3213962.377594741
2.0870431205167503	3184880.2655375386
2.090521525717612	3152697.756994282
2.0940057282604747	3118947.1398003628
2.0974957378075754	3087091.1135666487
2.1009915640372547	3057582.990279031
2.1044932166439834	3028900.517951282
2.10800070533839	3001159.123127081
2.1115140398472874	2973858.18085602
2.1150332299137	2946895.5542309885
2.1185582852968894	2920288.3932626285
2.1220892157723843	2894711.1317866226
2.125626031132005	2870757.3015426933
2.1291687411838915	2847848.0781053784
2.1327173557525314	2826883.875975057
2.136271884678786	2806771.1586569357
2.1398323378199176	2784939.771118109
2.143398725049617	2761124.701287524
2.1469710562580335	2737402.3019828605
2.150549341351797	2714678.025937903
2.15413359025405	2690648.367896299
2.1577238129044733	2658999.542612322
2.1613200192593145	2621976.379906299
2.1649222192914133	2592266.4628581926
2.1685304229902322	2574728.8029407184
2.172144640361883	2555095.79176473
2.175764881429153	2518847.6721704025
2.1793911562315347	2473030.80640964
2.183023474825254	2425619.325487579
2.1866618472832964	2374993.060951661
2.1903062836954352	2288820.3809791235
2.193956794168261	2127265.7423774274
2.197613388825208	1953330.5091056318
2.201276077806584	1854154.195174449
2.2049448712695945	1818075.1271187528
2.2086197793883775	1828929.6347224114
2.212300812354025	1900939.165111793
2.215987980374615	1965778.7572565745
2.2196812936752393	1960413.6938624615
2.2233807624980315	1915492.3799688655
2.227086397102195	1863190.4130138878
2.230798207764032	1805183.0256955405
2.2345162047769724	1745975.8306541052
2.2382403984516004	1686351.3970439609
2.2419707991156868	1629489.0870976185
2.245707417114213	1585291.2330905912
2.249450262809403	1550554.1259987592
2.2531993465807525	1514556.506113749
2.256954678825054	1475731.8113649273
2.260716269956429	1448043.6254306084
2.2644841304063563	1455372.7878447417
2.2682582706237007	1477601.8178327817
2.2720387010747403	1476293.1568263164
2.275825432243198	1449045.25315704
2.27961847463027	1415423.7024531746
2.283417838754654	1377348.3721813962
2.2872235351525787	1341422.9212106324
2.291035574377833	1321427.2557122225
2.294853967001796	1317015.584171692
2.298678723613466	1348670.3306908715
2.302509854819488	1429836.6611293512
2.3063473712441875	1501234.19730047
2.3101912835295946	962898.3277456121
2.314041602335477	1581598.2547704184
2.31789833833937	1388496.6646994196
2.321761502236602	1310679.6339900442
2.3256311047403297	1246205.5067241557
2.3295071565815637	1214618.3812773952
2.3333896685092	1196020.9925335888
2.3372786512900485	1182196.8656303699
2.3411741157088657	1173676.4193775668
2.3450760725683804	1183814.1813703403
2.348984532689328	1219972.4441794315
2.3528995069104766	1265919.5763251013
2.356821006088661	1321674.5940761343
2.360749041098809	1369899.7657939657
2.3646836228339736	1344632.3769700828
2.3686247622053638	1248129.1204693355
2.3725724701423725	1183127.2773044347
2.37652675759261	1201202.8167115946
2.380487635521931	1253328.1622334942
2.3844551149144677	1324850.262704634
2.388429206772659	1408030.7463225466
2.39240992211728	1476017.2988874582
2.3963972719874755	1521409.4529000183
2.400391267440788	1561423.7565864557
2.4043919195531895	1601074.307189453
2.408399239419112	1637898.6696095124
2.412413238151477	1659519.577578994
2.4164339268817296	1666792.7482506942
2.420461316759866	1680187.7935100982
2.4244954189544656	1709311.6679954904
2.428536244652723	1743989.2383091382
2.432583805060478	1779281.2110087755
2.4366381114022455	1815115.7171640457
2.440699174921249	1852391.5186013721
2.4447670068794514	1891700.049153123
2.4488416185575836	1935118.286560235
2.4529230212551796	1988193.8495854782
2.457011226290605	2044434.9257403552
2.4611062450010897	2092155.1077504023
2.465208088742758	2131176.5051589953
2.4693167688906628	2164527.913601896
2.4734322968388143	2189547.0182859283
2.4775546840002125	2213741.4561644928
2.4816839418068795	2245197.1578904246
2.4858200817098908	2282909.3285729764
2.4899631151794077	2272327.9712438616
2.4941130537047065	1462555.1618555135
