0.7011666666666666	6666225.941435659
0.7023352777777778	7384087.421800143
0.7035058365740741	7962415.608550177
0.7046783463016977	8474392.395209698
0.7058528102122005	8671044.992900047
0.7070292315625542	8691014.142729148
0.7082076136151585	8686664.696296612
0.7093879596378504	8668028.00123344
0.7105702729039134	8669275.396914504
0.7117545566920868	8717764.470608668
0.7129408142865735	8803935.320162019
0.7141290489770512	8973966.393471008
0.7153192640586796	9212436.164249321
0.7165114628321108	9501143.906506268
0.7177056486034976	9853086.63118742
0.7189018246845036	10184085.391696008
0.7200999943923111	10405197.373886747
0.7213001610496316	10569212.936475938
0.7225023279847144	10743282.25652464
0.7237064985313556	10928314.873870758
0.7249126760289079	11068903.9701477
0.7261208638222895	11113986.068810813
0.7273310652619932	11110153.568958541
0.7285432837040966	11050192.052363545
0.72975752251027	10944480.4902014
0.7309737850477873	10793831.069706295
0.7321920746895336	10583769.133095032
0.7334123948140163	10347096.20902251
0.7346347488053729	10076978.24310836
0.7358591400533818	9787590.649053415
0.7370855719534709	9488010.534279093
0.7383140479067267	9178185.88968914
0.7395445713199046	8856087.550763238
0.7407771456054377	8512934.159636954
0.7420117741814469	8162021.113558105
0.7432484604717493	7811424.446608761
0.744487207905869	7460477.479418325
0.7457280199190454	7104160.133095271
0.7469708999522439	6713842.911599264
0.7482158514521644	9868624.431045132
0.7494628778712513	5659618.210676172
0.7507119826677034	5552899.2309142165
0.7519631693054829	5159168.362122799
0.7532164412543255	4785664.532947901
0.7544718019897494	4414978.18966608
0.7557292549930656	4044246.159113624
0.7569888037513873	3659179.58466152
0.7582504517576398	3218516.229457145
0.7595142025105692	2729400.756165804
0.7607800595147535	2160099.7630358506
0.7620480262806114	1488542.9914761533
0.7633181063244125	870334.9611225289
0.7645903031682866	464699.35478190833
0.7658646203402337	188219.4741935051
0.7671410613741342	46273.63928621865
0.7684196298097576	34055.172324993684
0.7697003291927741	73286.49517570666
0.770983163074762	175188.96874364238
0.77226813501322	329570.34526410117
0.7735552485715754	602971.5182276809
0.7748445073191947	976332.7070869266
0.7761359148313933	1504292.9690699934
0.7774294746894457	2231523.0932580926
0.7787251904805949	3024515.5092317476
0.7800230657980626	3870406.8318201397
0.7813231042410594	4739706.640205155
0.7826253094147945	5594119.540023577
0.7839296849304858	6434853.687871066
0.7852362344053699	7296846.867103986
0.7865449614627122	8201622.670895935
0.7878558697318168	9131898.223056586
0.7891689628480365	10101973.957821349
0.7904842444527834	11104388.7998154
0.791801718193538	12151118.315258663
0.7931213877238606	13253322.111291524
0.7944432567034004	14380094.015347546
0.795767328797906	15537008.671433961
0.7970936076792359	16715526.677854247
0.7984220970253681	17930074.415458664
0.7997528005204104	19176212.7695431
0.801085721854611	20404172.448974732
0.8024208647243688	21589739.618390556
0.8037582328322427	22760655.087498564
0.8050978298869632	23925523.59183393
0.8064396596034414	25089927.21875089
0.8077837257027807	26278255.380576745
0.8091300319122853	27498042.252183147
0.8104785819654725	28742159.356106166
0.8118293796020817	30028819.260383945
0.8131824285680851	31319474.11114221
0.8145377326156986	32524083.202831894
0.8158952955033916	33637190.418641664
0.8172551209958971	34585624.126605526
0.8186172128642236	35264870.409447394
0.819981574885664	36049931.22790724
0.8213482108438068	37515953.06249931
0.8227171245285466	39399453.05292537
0.8240883197360943	41112174.44200153
0.8254618002689877	42564925.43604797
0.8268375699361028	43905490.823437944
0.828215632552663	45099708.196961746
0.8295959919402508	46249803.00385821
0.830978651926818	47507565.81032355
0.832363616346696	48860283.64265181
0.8337508890406071	50178262.34948945
0.8351404738556749	51413045.510479175
0.8365323746454344	52611730.541435964
0.8379265952698435	53771195.24500098
0.8393231395952933	54869989.46060744
0.8407220114946187	55689924.13075274
0.8421232148471098	56157166.39706892
0.8435267535385217	56308969.05980988
0.8449326314610859	55870280.04998777
0.8463408525135211	55410431.95892357
0.8477514206010437	56137393.60780293
0.8491643396353787	57912112.95565572
0.8505796135347711	59824929.81132489
0.8519972462239958	61751709.55185862
0.8534172416343692	63667706.66571967
0.8548396037037598	65528712.99163618
0.8562643363765994	67187588.06553456
0.8576914436038937	67599529.59396827
0.8591209293432337	66439254.00466311
0.8605527975588058	63446970.57434386
0.8619870522214037	56863092.78247189
0.8634236973084395	50032995.07762204
0.8648627368039535	49486021.76036753
0.8663041746986269	54078850.3806273
0.8677480149897913	56085179.658474915
0.8691942616814409	52794948.42834808
0.8706429187842434	49008730.15635165
0.8720939903155505	48709958.93751902
0.8735474802994098	50603749.64642922
0.8750033927665755	53187830.71372545
0.8764617317545198	56389369.23014348
0.8779225013074441	59158478.43819028
0.8793857054762898	60658186.68669633
0.8808513483187503	61833897.395528354
0.8823194338992816	63978508.40503627
0.8837899662891138	66819063.28743993
0.8852629495662623	68317256.02086852
0.8867383878155394	67523573.02199674
0.8882162851285654	66907572.28042521
0.8896966456037797	68971662.71834011
0.8911794733464526	72473230.90709321
0.8926647724686968	75052657.12241787
0.894152547089478	76479639.89363635
0.8956428013346271	78067939.25873813
0.8971355393368516	80488273.90257463
0.8986307652357465	82887382.1496462
0.9001284831778059	83623107.28948767
0.9016286973164357	82993820.29419592
0.9031314118119631	82220447.34254678
0.9046366308316498	81478997.38420182
0.9061443585497025	81485936.83362024
0.9076545991472854	83827568.46284296
0.9091673568125309	87363746.00742269
0.9106826357405519	89966001.63011047
0.9122004401334528	91449931.42544003
0.9137207742003418	93084667.25096478
0.9152436421573426	95483210.75018245
0.9167690482276047	98117974.86685202
0.9182969966413176	100446147.11891338
0.9198274916357196	102493710.1714824
0.9213605374551126	104196296.91892321
0.9228961383508711	105393745.64084479
0.924434298581456	106007481.97413409
0.9259750224124251	105239222.4351057
0.9275183141164459	103835409.62468971
0.9290641779733066	103308935.78667922
0.9306126182699289	103809789.13770902
0.9321636393003788	104778240.97632644
0.9337172453658794	106373666.00358532
0.9352734407748227	108248738.38310136
0.9368322298427807	110281903.48762189
0.9383936168925188	112426604.58146127
0.9399576062540064	114507612.87487245
0.9415242022644297	116474405.74965799
0.9430934092682037	118443368.6030721
0.9446652316169841	120504283.69635798
0.9462396736696792	122563213.45697942
0.947816739792462	124284631.01711851
0.9493964343587827	125643040.6386494
0.9509787617493808	126969297.56224194
0.9525637263522965	128350536.38574032
0.9541513325628838	129632445.61807147
0.9557415847838219	130399147.08216989
0.9573344874251283	130789806.72118802
0.9589300449041701	131300605.50412521
0.9605282616456772	132051679.25189589
0.9621291420817533	133090675.43246244
0.9637326906518895	134793559.68539146
0.9653389118029762	136847703.17019865
0.9669478099893144	138891646.3765194
0.96855938967263	140875278.7095852
0.9701736553220844	142371182.90288833
0.971790611414288	142886535.59066913
0.9734102624333119	143123341.10210028
0.9750326128707006	143696901.04035303
0.9766576672254852	144548097.92764524
0.9782854300041944	145629880.05964375
0.9799159057208682	146989349.35285243
0.9815490988970695	147912145.54502335
0.9831850140618982	147387946.5963026
0.9848236557520013	145362428.77982986
0.986465028511588	138817451.24194014
0.9881091368924407	127620524.88498777
0.9897559854539281	114684556.19404085
0.991405578763018	99752930.19138584
0.9930579213942898	86248947.73089254
0.994713017929947	81453411.82318477
0.9963708729598303	82960297.75549486
0.9980314910814301	84800929.52379178
0.9996948768998991	86299392.69762014
1.0013610350280657	87491261.72919515
1.0030299700864458	88053077.3700943
1.0047016867032565	88616912.67594557
1.0063761895144285	91050522.9762725
1.0080534831636194	95270251.01269616
1.0097335723022256	98313504.04019575
1.011416461589396	98537594.15616302
1.013102155692045	98016741.6300386
1.014790659284865	98431134.92449759
1.01648197705034	99546446.42701736
1.018176113678757	100950322.13092597
1.0198730738682218	102669064.43917613
1.021572862324669	104463188.70705195
1.0232754837618767	106260423.00519243
1.0249809429014798	107853033.72602357
1.0266892444729823	108267795.44691618
1.0284003932137706	107588874.31662641
1.030114393869127	107564837.78799422
1.0318312511922423	109098751.20023042
1.0335509699442293	111550820.90578847
1.0352735548941365	115498483.67801452
1.0369990108189602	120291275.32498111
1.0387273425036585	123565321.17422421
1.0404585547411644	124713420.20000708
1.0421926523323999	125995884.70119518
1.0439296400862872	128902245.50143872
1.0456695228197646	132281076.78131787
1.0474123053577973	133943947.72001895
1.0491579925333938	134018831.6279614
1.0509065891876161	134990418.12911198
1.0526581001695956	138035804.85873187
1.0544125303365448	141349288.03870738
1.0561698845537726	143090686.37702045
1.0579301676946955	143811878.64812797
1.0596933846408534	144851769.72377598
1.0614595402819214	146396281.0164086
1.0632286395157247	147497809.2475529
1.065000687248251	147163143.6012442
1.0667756883936648	146428937.9742081
1.068553647874321	147171739.48246557
1.070334570620778	149340874.5853709
1.072118461571813	152018347.59703934
1.0739053256744326	155263550.26655063
1.07569516788389	158307212.23434967
1.0774879931636965	159937379.10669845
1.079283806485636	160744788.5323296
1.0810826128297788	162380339.84816262
1.0828844171844951	165158549.82956973
1.0846892245464692	168006408.54139864
1.0864970399207134	170413662.1093395
1.0883078683205814	172325082.72810048
1.0901217147677824	172685101.36009595
1.0919385842923954	171650568.73770207
1.0937584819328827	170595833.9786382
1.0955814127361043	169828776.93446723
1.0974073817573313	169265861.242569
1.09923639406026	169112054.17289963
1.1010684547170273	169146495.07425436
1.1029035688082225	168613698.68575686
1.1047417414229028	167349715.33202013
1.1065829776586076	165981881.95465836
1.108427282621372	164729197.66103655
1.110274661425741	163550087.20733967
1.112125119194784	162488494.48029834
1.1139786610601086	161614380.22476038
1.1158352921618757	161813509.16361627
1.117695017648812	163838481.06289324
1.1195578426782267	166455818.64860266
1.1214237724160239	169195041.72063285
1.1232928120367172	171991536.58443657
1.1251649667234453	174663628.62835476
1.1270402416679843	177076508.9126968
1.1289186420707642	177363516.77377713
1.1308001731408823	172647627.25505006
1.1326848400961171	166959837.03008518
1.1345726481629441	167275744.15722248
1.136463602576549	172770543.87883067
1.1383577085808434	177621687.16896957
1.1402549714284782	180321802.755627
1.1421553963808588	182362007.69136852
1.1440589887081603	184319270.35584658
1.1459657536893408	186139155.2738695
1.1478756966121564	187285259.02592853
1.1497888227731765	187619523.36752415
1.1517051374777987	187594983.4728005
1.1536246460402617	187091868.65920687
1.155547353783662	186478200.6199552
1.1574732660399685	186313890.0987378
1.1594023881500348	186554652.42819086
1.1613347254636184	187051016.73352042
1.163270283339391	187872520.20226127
1.1652090671449569	187997766.0048732
1.1671510822568651	185505161.66315657
1.1690963340606266	181707453.90754086
1.1710448279507277	179709291.11009493
1.1729965693306457	179891324.9852365
1.1749515636128636	179745617.07465562
1.176909816218885	177925458.30433732
1.17887133257925	176543116.4856362
1.1808361181335487	180501778.92488492
1.182804178330438	188779867.25689048
1.1847755186276552	196067378.66944006
1.1867501444920348	200941716.78829002
1.1887280613995215	204248058.85410976
1.1907092748351875	204663001.88063374
1.1926937902932462	203119023.84784943
1.1946816132770681	199587579.44942045
1.1966727492991969	194005143.60269874
1.1986672038813622	189903268.48106202
1.2006649825544977	189964654.4332568
1.2026660908587554	192024961.16096228
1.20467053434352	195567992.2670256
1.206678318567426	200106029.22583333
1.2086894490983717	202884720.99282914
1.2107039315135357	202729502.4894659
1.2127217713993916	202528132.37629607
1.214742974351724	204699100.1604052
1.2167675459756435	207924664.28929096
1.218795491885603	209185684.77401707
1.2208268177054122	208239193.61387414
1.2228615290682547	208176835.62071723
1.2248996316167018	210888906.08259344
1.2269411310027298	214203290.43158996
1.2289860328877344	215327555.359655
1.2310343429425474	214718849.95723578
1.2330860668474517	214166752.5689939
1.2351412102921975	213950264.35452807
1.2371997789760178	212924227.91653046
1.2392617786076445	209135810.5357313
1.241327214905324	204566421.22501945
1.243396093596833	204891601.75679132
1.2454684204194943	210523936.737781
1.2475442011201936	214983068.40130624
1.249623441455394	215026202.91837978
1.251706147191153	214009330.07762265
1.2537923241031383	215740181.38114575
1.2558819779766437	219529375.42450604
1.2579751146066047	222537073.20872885
1.2600717397976158	224063033.33600092
1.262171859363945	225471936.23663285
1.2642754791295518	227668870.22427848
1.266382604928101	230113765.89531827
1.2684932426029811	231422279.26952258
1.2706073980073196	231507626.6920744
1.2727250770039986	231583087.53334546
1.274846285465672	232051543.30115753
1.2769710292747813	232671514.94670665
1.2790993143235727	233312075.07370928
1.2812311465141122	233880326.47714716
1.2833665317583023	233598438.6425513
1.2855054759778997	232083094.4040777
1.2876479851045295	230606286.92168593
1.2897940650797037	230145934.08777705
1.2919437218548366	230323997.23083818
1.2940969613912614	231145844.57061133
1.2962537896602468	232603491.0444984
1.298414212643014	234053659.9461383
1.3005782363307525	235281888.48362574
1.302745866724637	236282103.2656746
1.304917109835845	236666135.44499776
1.3070919716855713	236622756.72426704
1.3092704583050472	236786279.06865895
1.3114525757355557	237299788.97072715
1.3136383300284484	237768000.24690026
1.3158277272451624	237863798.7967632
1.3180207734572378	237582382.55668113
1.3202174747463333	236180075.1939456
1.3224178372042439	233562010.9520677
1.3246218669329177	229455795.1246247
1.3268295700444726	222713196.68578452
1.3290409526612135	212760820.04287443
1.3312560209156488	193598343.23815513
1.3334747809505083	168060379.7588873
1.3356972389187591	144288645.1476673
1.3379234009836238	123885029.36912568
1.3401532733185966	106444872.79382423
1.342386862107461	95097031.03206074
1.344624173544307	87211269.3573602
1.3468652138335475	81786041.76154089
1.3491099891899365	78646317.61621922
1.3513585058385866	75449808.00009926
1.3536107700149842	71523429.88142173
1.3558667879650093	68752542.38812141
1.358126565944951	71547274.2679619
1.360390110221526	78342156.33068444
1.3626574270718954	86206468.52160427
1.3649285227836818	95030987.4241546
1.367203403654988	102830977.69832449
1.369482075994413	107233189.59307733
1.3717645461210706	110309962.43519591
1.3740508203646056	115268548.72748527
1.3763409050652133	121738631.98661295
1.3786348065736556	122906350.3951449
1.3809325312512784	113607564.0859076
1.3832340854700305	102542233.86959924
1.3855394756124806	98198840.58026436
1.3878487080718347	98265033.2398339
1.3901617892519544	96625429.92106347
1.3924787255673745	92279327.13020076
1.3947995234433201	88950573.14576906
1.3971241893157258	89917720.44827858
1.399452729631252	92894608.57047483
1.401785150847304	95673798.78375897
1.40412145943205	97974324.49059455
1.4064616618644366	97232177.8305918
1.4088057646342107	90980128.8848235
1.4111537742419344	84288966.97975758
1.4135056971990045	82710183.28300531
1.4158615400276693	84528810.4954652
1.418221309261049	86237230.8490639
1.4205850114431506	87479505.8137142
1.4229526531288894	89155220.86477196
1.425324240884104	92209136.04919219
1.4276997812855778	95453134.12328969
1.4300792809210539	96261322.0508328
1.4324627463892556	94877718.7858577
1.4348501842999046	94399719.25036995
1.4372416012737377	96093016.70477013
1.4396370039425272	98882928.37385578
1.442036398949098	103161352.60792276
1.4444397929473467	108322957.83509853
1.4468471926022592	112839714.43240242
1.4492586045899296	116444907.9531157
1.4516740355975797	119916051.18961829
1.4540934923235755	123518924.33187082
1.4565169814774481	126846803.95347096
1.4589445097799105	128406132.47426485
1.4613760839628773	128360457.23885049
1.4638117107694821	128098682.30714037
1.466251396954098	127824148.64933458
1.4686951492823548	128164043.61846699
1.471142974531159	130712786.79763438
1.4735948794887108	134508244.91053855
1.4760508709545253	137093221.8688885
1.4785109557394496	138054196.83271754
1.4809751406656821	138848180.99697056
1.4834434325667916	140033298.6266831
1.4859158382877364	141395495.22715828
1.4883923646848827	142778030.73842406
1.490873018626024	144175813.94572878
1.493357806990401	145601421.63441262
1.4958467366687183	147067879.43934298
1.4983398145631663	148423294.50378644
1.5008370475874384	149345936.84160087
1.5033384426667507	149980529.68020272
1.505844006737862	150455304.2089914
1.5083537467490917	150768358.05632377
1.5108676696603405	151279226.5581642
1.5133857824431078	152341836.26339185
1.5159080920805128	153630692.50439912
1.518434605567314	154860478.0685571
1.5209653299099262	156005397.04022413
1.5235002721264426	156805910.95153594
1.5260394392466536	157039259.41705647
1.5285828383120648	157085556.88808754
1.5311304763759181	157059230.99388984
1.5336823605032115	156999011.27652737
1.5362384977707166	157007282.767055
1.5387988952670015	157104290.63679948
1.5413635600924465	157298152.1707691
1.5439324993592671	157679268.02294365
1.5465057201915329	158011135.0266382
1.5490832297251855	157722677.94421342
1.5516650351080608	156915697.0786483
1.5542511434999076	156135554.08944616
1.5568415620724074	155496406.41172668
1.559436298009195	154890980.76988938
1.5620353585058768	154265845.0206956
1.5646387507700532	153614601.36470252
1.567246482021337	152862461.01965082
1.5698585594913725	151993459.78848943
1.5724749904238582	151090086.21501762
1.5750957820745648	150158031.54797187
1.5777209417113556	149210185.53758523
1.5803504766142082	148246092.10489735
1.5829843940752317	147258811.90472195
1.5856227013986908	146158178.6909457
1.5882654059010217	144879667.6693524
1.5909125149108567	143556158.62664562
1.5935640357690417	142249189.91063887
1.5962199758286568	140939729.28105637
1.598880342455038	139550123.1975496
1.6015451430257963	138067192.66732392
1.6042143849308395	136530734.43113148
1.6068880755723909	134913547.54336858
1.6095662223650118	133269655.37648551
1.6122488327356201	131655881.53938273
1.614935914123513	130066707.956857
1.6176274739803853	128480135.10516553
1.6203235197703527	126895372.03328829
1.62302405896997	125332077.43824536
1.6257290990682536	123838049.82072693
1.6284386475667005	122393685.4571482
1.6311527119793119	121026571.33968228
1.6338712998326108	119744362.11744079
1.6365944186656651	118500723.91970658
1.6393220760301082	117311451.52444017
1.642054279490158	116152542.7105833
1.644791036622642	115038091.49378107
1.6475323550170131	113950797.39034915
1.6502782422753748	112791014.6159964
1.6530287060125004	111516157.64117028
1.6557837538558546	110208493.96140672
1.6585433934456146	108895405.6916951
1.6613076324346907	107532154.75878866
1.6640764784887485	105864936.86488381
1.66684993928623	103887150.73429586
1.6696280225183737	102173024.59301527
1.6724107358892377	101132778.47880001
1.6751980871157197	100343447.26312256
1.6779900839275794	99536179.07245013
1.6807867340674587	98693467.68921643
1.6835880452909044	97673962.22197944
1.6863940253663894	96395159.2046177
1.6892046820753335	95070724.11260082
1.6920200232121256	93809766.59950459
1.694840056584146	92595078.07230248
1.6976647900117863	91461700.7305984
1.700494231328473	90413375.36799693
1.703328388380687	89388532.2011264
1.706167269027988	88384818.20947053
1.709010881143035	87337075.97692953
1.7118592326116067	86072695.03665088
1.714712331332626	84655855.37194754
1.7175701852181804	83328912.72020519
1.7204328021935444	82153200.28134334
1.7233001901972003	80943065.93584546
1.726172357180862	79526252.2658551
1.7290493111094971	78007699.92258845
1.7319310599613464	76532367.44841596
1.7348176117279486	75101208.2784391
1.737708974414162	73580038.60801375
1.7406051560381857	71864623.02928828
1.7435061646315826	70120898.21237496
1.746412008239302	68553812.46387692
1.749322694919701	67097093.79492397
1.7522382327445671	65465235.57753054
1.7551586297991415	63566345.64318364
1.7580838941821402	61535961.98564893
1.761014034005777	59318555.72049357
1.7639490573957866	57105570.51361053
1.7668889724914467	55494397.19054864
1.769833787445599	54470679.4801932
1.7727835104246752	53143262.924132764
1.7757381496087163	51042135.29016221
1.7786977131913975	48735206.28624555
1.7816622093800498	46699010.00854135
1.7846316463956833	44847828.45271277
1.7876060324730094	42907252.71413832
1.7905853758604646	40834209.185364105
1.793569684820232	39104090.65402131
1.7965589676282658	38411671.02225794
1.7995532325743133	38129892.16616338
1.802552487961937	37237315.97489769
1.8055567421085403	35754574.73642787
1.8085660033453879	34709929.15078732
1.8115802800176304	34679848.55216444
1.8145995804843267	35013440.751148835
1.8176239131184673	35410888.66247893
1.820653286306998	35760596.00623967
1.823687708450843	35327828.611978576
1.8267271879649278	33845057.09089695
1.8297717332782029	32517995.288309067
1.8328213528336663	32256294.569489438
1.8358760550883895	32530413.89116845
1.8389358485135368	32908264.576567087
1.8420007415943929	33331222.351260364
1.8450707428303834	33280770.47938356
1.848145860735101	32322572.795627795
1.851226103836326	31001130.910460293
1.8543114806760534	29451937.99711334
1.8574019998105136	27812270.735559274
1.8604976698101978	26697456.624177102
1.8635984992598815	26303272.05759574
1.8667044967586481	26266701.41934732
1.8698156709199125	26754510.635484017
1.8729320303714458	27666378.15369329
1.8760535837553982	29535526.094640777
1.879180339728324	32236910.308425672
1.8823123069612047	34213899.79591439
1.8854494941394733	34647792.947703846
1.8885919099630393	34711409.46403071
1.8917395631463112	35260766.59671779
1.8948924624182215	36017500.68929059
1.8980506165222522	35796483.6786002
1.9012140342164559	34297120.43657435
1.9043827242734832	32991375.926475927
1.907556695480606	32885805.38177595
1.9107359566397404	33187557.232317414
1.9139205165674735	32704564.153597835
1.9171103840950858	31492538.796992116
1.9203055680685779	30364410.774120137
1.923506077348692	29560413.6995834
1.92671192081094	28894179.94685699
1.9299231073456249	28357021.293272316
1.9331396458578678	27877339.47312826
1.9363615452676308	27198481.181073375
1.9395888145097437	26281320.25719243
1.9428214625339266	25779486.824649725
1.9460594983048167	26441675.043116044
1.9493029308019916	27438439.199124128
1.952551769019995	27447294.52799281
1.9558060219683617	26603307.885047734
1.9590656986716424	26328546.868117075
1.9623308081694284	27238516.321382876
1.9656013595163775	28268795.504451945
1.9688773617822382	28434094.76252142
1.9721588240518755	28110849.71458783
1.975445755425295	28245779.525039356
1.9787381650176707	28986255.56512328
1.9820360619593669	29653989.845495243
1.985339455395966	29845679.205583252
1.9886483544882927	29878369.67293791
1.99196276841244	30164584.329256978
1.9952827063597942	30674404.033213317
1.9986081775370603	31142023.02180924
2.001939191166289	31489101.585280616
2.0052757564848993	31761462.7761671
2.0086178827457077	31900717.579929255
2.011965579216951	31965407.906873446
2.0153188551823122	32083620.267993867
2.01867771994095	32269252.10387352
2.022042182807518	32388312.64943739
2.0254122531121976	32317269.12111332
2.0287879402007176	32187296.179947875
2.0321692534343856	32168683.452703014
2.0355562021901097	32245834.301576752
2.038948795860427	32308437.09601559
2.0423470438535274	32327277.702618297
2.0457509555932836	32315845.106432304
2.049160540519272	32245866.737948723
2.0525758080868046	32139439.903604597
2.0559967677669495	32023788.480140388
2.059423429046561	31899994.279547635
2.0628558014283054	31774732.66432694
2.066293894430686	31649743.27372516
2.0697377175880702	31515882.131590962
2.073187280450717	31339611.104268096
2.0766425925848018	31129180.079147626
2.0801036635724435	30931860.445420027
2.083570503011731	30762330.067831453
2.0870431205167503	30594126.433871746
2.090521525717612	30404850.17718531
2.0940057282604747	30203380.582296208
2.0974957378075754	30004004.858566694
2.1009915640372547	29808143.457338195
2.1044932166439834	29615713.87809327
2.10800070533839	29429883.642872643
2.1115140398472874	29245769.51370158
2.1150332299137	29057648.283008933
2.1185582852968894	28866494.71895218
2.1220892157723843	28678833.165939994
2.125626031132005	28497417.621788494
2.1291687411838915	28317290.335655425
2.1327173557525314	28136156.615565754
2.136271884678786	27954419.63419885
2.1398323378199176	27773121.80352932
2.143398725049617	27592153.286890917
2.1469710562580335	27406880.356847033
2.150549341351797	27212183.575443033
2.15413359025405	27012871.526370406
2.1577238129044733	26810235.204971027
2.1613200192593145	26605414.24258243
2.1649222192914133	26405035.998356324
2.1685304229902322	26211929.64843181
2.172144640361883	26015195.637317736
2.175764881429153	25801556.16299373
2.1793911562315347	25579433.448215
2.183023474825254	25364500.091016106
2.1866618472832964	25156303.867439467
2.1903062836954352	24918152.50107414
2.193956794168261	24613129.505238213
2.197613388825208	24291452.66910209
2.201276077806584	24011626.792498637
2.2049448712695945	23771650.03270132
2.2086197793883775	23602974.48878211
2.212300812354025	23536465.14296248
2.215987980374615	23475697.198421326
2.2196812936752393	23351579.56716272
2.2233807624980315	23191544.620218955
2.227086397102195	23023968.588424154
2.230798207764032	22849742.107178714
2.2345162047769724	22664778.954092808
2.2382403984516004	22459786.954898283
2.2419707991156868	22252722.961756647
2.245707417114213	22069830.493150786
2.249450262809403	21904325.571602013
2.2531993465807525	21728819.910004333
2.256954678825054	21536495.616080616
2.260716269956429	21355209.642981093
2.2644841304063563	21219456.393420957
2.2682582706237007	21105465.556457773
2.2720387010747403	20976139.576113597
2.275825432243198	20829485.025852285
2.27961847463027	20682040.337316953
2.283417838754654	20538959.86811544
2.2872235351525787	20402458.29614963
2.291035574377833	20287059.061317127
2.294853967001796	20193374.248479664
2.298678723613466	20158466.852950368
2.302509854819488	20204763.182353236
2.3063473712441875	20229036.063808043
2.3101912835295946	20132161.641995702
2.314041602335477	19968582.20734201
2.31789833833937	19783644.685711324
2.321761502236602	19581590.263120268
2.3256311047403297	19401655.0419603
2.3295071565815637	19271831.238278154
2.3333896685092	19161941.081816792
2.3372786512900485	19060111.708322912
2.3411741157088657	18970037.97352726
2.3450760725683804	18937299.7113525
2.348984532689328	18984872.585985143
2.3528995069104766	19055586.379030205
2.356821006088661	19136905.495304618
2.360749041098809	19203452.489088215
2.3646836228339736	19151672.702774975
2.3686247622053638	18983117.477731526
2.3725724701423725	18832692.013225865
2.37652675759261	18753053.37426595
2.380487635521931	18728498.94274921
2.3844551149144677	18823883.646045063
2.388429206772659	18999632.067330156
2.39240992211728	19139083.510183044
2.3963972719874755	19217889.048625756
2.400391267440788	19274319.61040166
2.4043919195531895	19308147.313424226
2.408399239419112	19325807.898129646
2.412413238151477	19315116.6046522
2.4164339268817296	19280953.23773019
2.420461316759866	19298202.093221292
2.4244954189544656	19419757.1515395
2.428536244652723	19532839.820515
2.432583805060478	19475524.432253335
2.4366381114022455	19294670.26912933
2.440699174921249	19065592.548945013
2.4447670068794514	18787771.951816197
2.4488416185575836	18562593.112684704
2.4529230212551796	18507767.039104372
2.457011226290605	18520260.40743151
2.4611062450010897	18449021.975141007
2.465208088742758	18282184.864046425
2.4693167688906628	17940965.643441327
2.4734322968388143	17300881.884539712
2.4775546840002125	16676200.028874457
2.4816839418068795	16484807.47437684
2.4858200817098908	16583207.650953693
2.4899631151794077	16247037.956527688
2.4941130537047065	10288033.196098927
