0.7011666666666666	5698.682099709526
0.7023352777777778	6271.097849763793
0.7035058365740741	6658.80305826106
0.7046783463016977	7068.009214988818
0.7058528102122005	7495.62570671837
0.7070292315625542	7935.123019567599
0.7082076136151585	8384.961056760972
0.7093879596378504	8845.944648947456
0.7105702729039134	9320.00654318277
0.7117545566920868	9816.422490040992
0.7129408142865735	10275.382592483558
0.7141290489770512	10536.922889383884
0.7153192640586796	10656.165367464508
0.7165114628321108	10849.456671922779
0.7177056486034976	11176.942820860622
0.7189018246845036	11614.635678949524
0.7200999943923111	12274.299117486784
0.7213001610496316	13016.062067568388
0.7225023279847144	13529.488699376036
0.7237064985313556	13801.495680744332
0.7249126760289079	14125.599830199084
0.7261208638222895	14636.279331656146
0.7273310652619932	15147.652661962627
0.7285432837040966	15372.690149248752
0.72975752251027	15411.785419565706
0.7309737850477873	15710.390529842283
0.7321920746895336	16409.313436684235
0.7334123948140163	17103.319436165504
0.7346347488053729	17495.87342119655
0.7358591400533818	17738.22401315071
0.7370855719534709	18023.94972012356
0.7383140479067267	18362.13724190124
0.7395445713199046	18701.628746667244
0.7407771456054377	19026.55373859321
0.7420117741814469	19333.605317815385
0.7432484604717493	19588.71145219209
0.744487207905869	19803.842471503805
0.7457280199190454	19995.723156500255
0.7469708999522439	20157.820250766163
0.7482158514521644	20264.288805660093
0.7494628778712513	20234.96804286612
0.7507119826677034	20133.997771439146
0.7519631693054829	20018.71662321126
0.7532164412543255	19889.656006287627
0.7544718019897494	19717.7726565844
0.7557292549930656	19464.903962089527
0.7569888037513873	19114.189573448253
0.7582504517576398	18490.36402616872
0.7595142025105692	17602.56332604366
0.7607800595147535	16082.178138364663
0.7620480262806114	13704.616351495382
0.7633181063244125	10868.820630949023
0.7645903031682866	7336.805836769811
0.7658646203402337	3770.382660201498
0.7671410613741342	1988.2577747232442
0.7684196298097576	2030.624926053227
0.7697003291927741	3120.5732969919964
0.770983163074762	5705.30463013215
0.77226813501322	8863.090260582529
0.7735552485715754	12240.536253885686
0.7748445073191947	17613.483215704975
0.7761359148313933	-48026.58601706772
0.7774294746894457	23864.728772139195
0.7787251904805949	26306.85756123447
0.7800230657980626	29629.187392880132
0.7813231042410594	32869.316789635224
0.7826253094147945	36057.66608589044
0.7839296849304858	39206.14490138997
0.7852362344053699	42442.686370424366
0.7865449614627122	45853.22559996793
0.7878558697318168	49412.162103148825
0.7891689628480365	53301.48221600649
0.7904842444527834	57443.52652973289
0.791801718193538	61828.9722694011
0.7931213877238606	66507.73213450167
0.7944432567034004	71231.19209221557
0.795767328797906	75894.50900185207
0.7970936076792359	80606.39545654868
0.7984220970253681	85719.49251585786
0.7997528005204104	91216.07890140738
0.801085721854611	96840.38455575294
0.8024208647243688	102593.77345775405
0.8037582328322427	108250.55586644186
0.8050978298869632	113385.81985461395
0.8064396596034414	118022.41065429876
0.8077837257027807	121391.80076914292
0.8091300319122853	123155.56540173253
0.8104785819654725	124372.81506331755
0.8118293796020817	125078.55923333409
0.8131824285680851	126448.33105520274
0.8145377326156986	132539.35566941317
0.8158952955033916	142786.89269441407
0.8172551209958971	151260.1745762742
0.8186172128642236	155601.07104902982
0.819981574885664	159821.27856953946
0.8213482108438068	168275.0507273718
0.8227171245285466	180035.9217004954
0.8240883197360943	196265.12704206252
0.8254618002689877	217681.0583589765
0.8268375699361028	236661.33855645463
0.828215632552663	246900.42443161324
0.8295959919402508	253904.0491534765
0.830978651926818	264463.0221824305
0.832363616346696	278261.20973371866
0.8337508890406071	291520.0933233029
0.8351404738556749	303139.7519238468
0.8365323746454344	315683.74408109684
0.8379265952698435	333181.03409038775
0.8393231395952933	353923.8251123723
0.8407220114946187	375607.5236752302
0.8421232148471098	398191.20369947195
0.8435267535385217	421558.49296214397
0.8449326314610859	446349.0558900659
0.8463408525135211	471859.0388311491
0.8477514206010437	497764.3866370895
0.8491643396353787	524154.4158195365
0.8505796135347711	552448.2849387446
0.8519972462239958	583862.3043759589
0.8534172416343692	616179.0046931757
0.8548396037037598	648309.5737963825
0.8562643363765994	680437.619177362
0.8576914436038937	713331.0882370145
0.8591209293432337	747153.8496037453
0.8605527975588058	781361.2293251293
0.8619870522214037	815999.9461057637
0.8634236973084395	851053.3593906567
0.8648627368039535	887119.242373986
0.8663041746986269	924034.1524956014
0.8677480149897913	960856.5203741607
0.8691942616814409	997345.3297065994
0.8706429187842434	1034402.5796633575
0.8720939903155505	1073584.4949397754
0.8735474802994098	1114182.4118593845
0.8750033927665755	1155682.8746107216
0.8764617317545198	1198171.7707417447
0.8779225013074441	1241601.9995893806
0.8793857054762898	1286710.4841980136
0.8808513483187503	1332437.9514404905
0.8823194338992816	1377646.3324570793
0.8837899662891138	1421460.7060595881
0.8852629495662623	1454525.6592645568
0.8867383878155394	1469624.9086342137
0.8882162851285654	1454861.1798662005
0.8896966456037797	1359983.8063720188
0.8911794733464526	1227291.3395975193
0.8926647724686968	1157279.4001129416
0.894152547089478	1162680.0403905588
0.8956428013346271	1183232.1833332658
0.8971355393368516	1207022.026686471
0.8986307652357465	1247399.0580600733
0.9001284831778059	1357973.467789572
0.9016286973164357	1523654.816642205
0.9031314118119631	1671814.9327934177
0.9046366308316498	1781768.9434740564
0.9061443585497025	1860807.2395512087
0.9076545991472854	1875352.7780518641
0.9091673568125309	1853756.0486803744
0.9106826357405519	1836254.4363778285
0.9122004401334528	1824864.8616168192
0.9137207742003418	1797381.017416993
0.9152436421573426	1732486.552355869
0.9167690482276047	1682913.117866373
0.9182969966413176	1768797.3367257207
0.9198274916357196	1953233.515011238
0.9213605374551126	2045929.3455244375
0.9228961383508711	1977250.4060355471
0.924434298581456	1783156.1526314835
0.9259750224124251	1336432.8107488253
0.9275183141164459	785250.0800944131
0.9290641779733066	471762.40976377245
0.9306126182699289	428007.16727809707
0.9321636393003788	435494.91537221946
0.9337172453658794	454245.8929560533
0.9352734407748227	491555.5096293733
0.9368322298427807	590882.056388738
0.9383936168925188	733813.6573067751
0.9399576062540064	834366.4602795109
0.9415242022644297	863815.4810363507
0.9430934092682037	875828.6823589611
0.9446652316169841	891086.7081523358
0.9462396736696792	904719.198038589
0.947816739792462	896457.4795088741
0.9493964343587827	866223.3059686808
0.9509787617493808	858321.7599461387
0.9525637263522965	904606.8410954977
0.9541513325628838	949006.1703185639
0.9557415847838219	898265.7358507905
0.9573344874251283	783519.5756010388
0.9589300449041701	747840.3489365303
0.9605282616456772	838747.8200985674
0.9621291420817533	961194.6554471018
0.9637326906518895	1081951.7835890155
0.9653389118029762	1206364.6746905479
0.9669478099893144	1358913.8898811294
0.96855938967263	1537806.5852400276
0.9701736553220844	1671182.1407685624
0.971790611414288	1702632.4119189414
0.9734102624333119	1706519.7777519103
0.9750326128707006	1751248.9506284292
0.9766576672254852	1829594.0559648615
0.9782854300041944	1936353.6394353828
0.9799159057208682	2079644.6337221977
0.9815490988970695	2231324.6875819257
0.9831850140618982	2381036.664151314
0.9848236557520013	2539485.186401371
0.986465028511588	2756169.9590198826
0.9881091368924407	3031310.0889447453
0.9897559854539281	3297847.642962893
0.991405578763018	3528914.80551124
0.9930579213942898	3753373.0744057847
0.994713017929947	4001820.2939825216
0.9963708729598303	4259072.662548001
0.9980314910814301	4436155.903436314
0.9996948768998991	4501470.782143567
1.0013610350280657	4620428.096006923
1.0030299700864458	4963388.168337896
1.0047016867032565	5407406.53009672
1.0063761895144285	5779559.304878568
1.0080534831636194	6077360.713090667
1.0097335723022256	6405445.950835208
1.011416461589396	6813986.680348282
1.013102155692045	7249315.880294107
1.014790659284865	7678686.892264991
1.01648197705034	8102324.213218226
1.018176113678757	8513955.674458817
1.0198730738682218	8909583.117554786
1.021572862324669	9304811.07652612
1.0232754837618767	9708333.43098905
1.0249809429014798	10119461.979465704
1.0266892444729823	10549317.655167636
1.0284003932137706	10995001.004499353
1.030114393869127	11410501.44638563
1.0318312511922423	11763859.002631333
1.0335509699442293	12111182.493319303
1.0352735548941365	12515511.240956355
1.0369990108189602	12950597.557734312
1.0387273425036585	13310560.852513684
1.0404585547411644	13566066.064898953
1.0421926523323999	13817333.94164091
1.0439296400862872	14119253.05803306
1.0456695228197646	14439597.566950925
1.0474123053577973	14726151.63510092
1.0491579925333938	14979601.116990555
1.0509065891876161	15230138.544224635
1.0526581001695956	15482882.408362702
1.0544125303365448	15703059.520182848
1.0561698845537726	15797654.433014615
1.0579301676946955	15815464.306262445
1.0596933846408534	15893985.659454154
1.0614595402819214	16058480.876426462
1.0632286395157247	16187037.425641146
1.065000687248251	16173482.703885697
1.0667756883936648	16096117.801296031
1.068553647874321	16034051.866304338
1.070334570620778	15987768.763485305
1.072118461571813	15931146.99005797
1.0739053256744326	15852187.503070477
1.07569516788389	15779568.866967753
1.0774879931636965	15756670.539464554
1.079283806485636	15740867.303395221
1.0810826128297788	15518472.44490861
1.0828844171844951	15019178.12923093
1.0846892245464692	14250570.25266394
1.0864970399207134	12948508.065760834
1.0883078683205814	11347914.515258744
1.0901217147677824	9465132.205499358
1.0919385842923954	7364625.734197918
1.0937584819328827	5638175.968119774
1.0955814127361043	4629582.669252883
1.0974073817573313	3872833.8975046924
1.09923639406026	3215530.4326316016
1.1010684547170273	2634384.9671852128
1.1029035688082225	2168013.7933622375
1.1047417414229028	1840297.7422756266
1.1065829776586076	1553858.9514004493
1.108427282621372	1299937.0740146248
1.110274661425741	1069046.9491054448
1.112125119194784	882495.6354181053
1.1139786610601086	740240.5142812937
1.1158352921618757	669147.4866036053
1.117695017648812	712288.675123832
1.1195578426782267	791830.5497980848
1.1214237724160239	876895.8931365382
1.1232928120367172	965377.7382337179
1.1251649667234453	1055062.8155688476
1.1270402416679843	1141617.5739237033
1.1289186420707642	1138462.505250654
1.1308001731408823	920474.3771001985
1.1326848400961171	658838.0678636087
1.1345726481629441	645537.4540464112
1.136463602576549	847355.4253193919
1.1383577085808434	1032328.4291632611
1.1402549714284782	1144679.9782703049
1.1421553963808588	1231264.7133377844
1.1440589887081603	1303173.3266514747
1.1459657536893408	1358904.9088697731
1.1478756966121564	1359973.9282893073
1.1497888227731765	1296169.2109097538
1.1517051374777987	1214625.528908405
1.1536246460402617	1120780.0358044347
1.155547353783662	1034361.6559365396
1.1574732660399685	1009526.9636158907
1.1594023881500348	1037344.3393872973
1.1613347254636184	1073447.0713182753
1.163270283339391	1113236.704908959
1.1652090671449569	1155806.1529140163
1.1671510822568651	1203972.4619365868
1.1690963340606266	1257053.012554297
1.1710448279507277	1321417.749682323
1.1729965693306457	1400367.5149568617
1.1749515636128636	1514147.4666623834
1.176909816218885	1701948.952567834
1.17887133257925	1945785.227086677
1.1808361181335487	2309243.611601048
1.182804178330438	2767210.763950351
1.1847755186276552	3189403.0488854926
1.1867501444920348	3537189.556582934
1.1887280613995215	3896434.7638893556
1.1907092748351875	4359239.355049707
1.1926937902932462	4883866.468170998
1.1946816132770681	5418974.554258857
1.1966727492991969	5961572.90914683
1.1986672038813622	6502577.987148449
1.2006649825544977	7036549.2361195
1.2026660908587554	7600667.022145133
1.20467053434352	8315002.067344081
1.206678318567426	9131143.931896763
1.2086894490983717	9738893.241791926
1.2107039315135357	10002413.875732662
1.2127217713993916	10287789.800405582
1.214742974351724	10936815.477872156
1.2167675459756435	11765443.41796583
1.218795491885603	12413683.702334318
1.2208268177054122	12854151.125315808
1.2228615290682547	13381698.843758315
1.2248996316167018	14178428.230083374
1.2269411310027298	15061494.479005087
1.2289860328877344	15855687.03197273
1.2310343429425474	16584673.061870607
1.2330860668474517	17381111.276910357
1.2351412102921975	18283928.186405964
1.2371997789760178	18962465.198474538
1.2392617786076445	18862861.77227955
1.241327214905324	18494538.30690549
1.243396093596833	19182291.59490474
1.2454684204194943	20996365.59004655
1.2475442011201936	22129931.533946935
1.249623441455394	21405511.43764324
1.251706147191153	20450813.31258594
1.2537923241031383	21597566.506259754
1.2558819779766437	24278330.926027127
1.2579751146066047	26052959.255577166
1.2600717397976158	26226693.152345095
1.262171859363945	25949912.897140622
1.2642754791295518	25555407.319954768
1.266382604928101	25046974.143499326
1.2684932426029811	24213692.252874505
1.2706073980073196	23055560.118220598
1.2727250770039986	22136088.25127202
1.274846285465672	21825022.946548037
1.2769710292747813	21584765.817504853
1.2790993143235727	20681246.13983324
1.2812311465141122	19279166.050893478
1.2833665317583023	17890987.580581658
1.2855054759778997	16599018.098847333
1.2876479851045295	15479448.719042148
1.2897940650797037	14796768.976729548
1.2919437218548366	14345197.872255508
1.2940969613912614	13904930.079738945
1.2962537896602468	13464261.96454901
1.298414212643014	13018042.700929396
1.3005782363307525	12561673.587581092
1.302745866724637	12137164.54389817
1.304917109835845	11861580.012447758
1.3070919716855713	11676754.599995451
1.3092704583050472	11318778.716343574
1.3114525757355557	10702305.018715652
1.3136383300284484	10109899.522316743
1.3158277272451624	9766225.601990275
1.3180207734572378	9479692.853771085
1.3202174747463333	8770054.248464715
1.3224178372042439	7622048.206781427
1.3246218669329177	6378857.108695737
1.3268295700444726	5079260.425469115
1.3290409526612135	3785388.8272246676
1.3312560209156488	2598942.3878024914
1.3334747809505083	1523318.574080085
1.3356972389187591	766669.1633089543
1.3379234009836238	447674.4018828718
1.3401532733185966	262878.82538363006
1.342386862107461	166088.7626608496
1.344624173544307	116184.35651323217
1.3468652138335475	83473.82762333941
1.3491099891899365	65934.7449918892
1.3513585058385866	50906.0018684617
1.3536107700149842	36528.055197036854
1.3558667879650093	24406.353653373022
1.358126565944951	20349.60909179585
1.360390110221526	22274.31769997198
1.3626574270718954	27495.776131234605
1.3649285227836818	36467.756246664336
1.367203403654988	43728.24412824835
1.369482075994413	43994.99198837083
1.3717645461210706	43289.350962593344
1.3740508203646056	56485.29407310088
1.3763409050652133	82350.03620834352
1.3786348065736556	96010.03852551445
1.3809325312512784	83109.03517085977
1.3832340854700305	64869.19211444726
1.3855394756124806	60364.657761039554
1.3878487080718347	64927.10507306496
1.3901617892519544	66338.85295480704
1.3924787255673745	62599.89384357209
1.3947995234433201	59464.93933642122
1.3971241893157258	60961.27606385488
1.399452729631252	64720.53662914199
1.401785150847304	68799.65589410112
1.40412145943205	72929.27764641336
1.4064616618644366	74697.55058355894
1.4088057646342107	72067.41164051935
1.4111537742419344	68343.61876063155
1.4135056971990045	65904.27428495046
1.4158615400276693	64579.54911248123
1.418221309261049	65366.48293910443
1.4205850114431506	69067.78902647446
1.4229526531288894	79310.1459295441
1.425324240884104	104866.13573385826
1.4276997812855778	133451.50937967707
1.4300792809210539	139942.70281859985
1.4324627463892556	126330.7234118827
1.4348501842999046	118523.39326362804
1.4372416012737377	126078.42404548255
1.4396370039425272	141615.62973563603
1.442036398949098	168509.29801945054
1.4444397929473467	204686.30275495152
1.4468471926022592	256735.89204603943
1.4492586045899296	328343.7970506413
1.4516740355975797	405098.4585461438
1.4540934923235755	484451.93763670826
1.4565169814774481	554679.2925905776
1.4589445097799105	570521.980511364
1.4613760839628773	537281.3498333469
1.4638117107694821	500722.0894307396
1.466251396954098	469507.3118398639
1.4686951492823548	453060.4602738252
1.471142974531159	483527.3176662189
1.4735948794887108	543610.807887247
1.4760508709545253	602981.5339787153
1.4785109557394496	658168.2635889985
1.4809751406656821	698032.5299892207
1.4834434325667916	702109.512609384
1.4859158382877364	702433.6708002902
1.4883923646848827	764356.1702086414
1.490873018626024	880464.2509099017
1.493357806990401	993255.8185806294
1.4958467366687183	1088686.8801006856
1.4983398145631663	1170776.1220814446
1.5008370475874384	1224333.4507308498
1.5033384426667507	1266076.4000401082
1.505844006737862	1352051.4210353494
1.5083537467490917	1493143.4306359552
1.5108676696603405	1642407.504283403
1.5133857824431078	1785357.0532039322
1.5159080920805128	1932116.389332287
1.518434605567314	2110886.8205151316
1.5209653299099262	2318505.5524039664
1.5235002721264426	2542533.7990498273
1.5260394392466536	2788614.301671704
1.5285828383120648	3047605.060575472
1.5311304763759181	3327947.3144176463
1.5336823605032115	3621746.357183142
1.5362384977707166	3919054.478955428
1.5387988952670015	4222452.94881791
1.5413635600924465	4587156.980451794
1.5439324993592671	5092511.649394852
1.5465057201915329	5619463.29865313
1.5490832297251855	5963553.571455282
1.5516650351080608	6157821.876709563
1.5542511434999076	6404962.499362109
1.5568415620724074	6766688.610929096
1.559436298009195	7147389.975669816
1.5620353585058768	7482199.907931837
1.5646387507700532	7795436.256952845
1.567246482021337	8147669.308834569
1.5698585594913725	8545842.694555106
1.5724749904238582	8928852.347646873
1.5750957820745648	9257474.283813242
1.5777209417113556	9585951.09873791
1.5803504766142082	10017645.352347458
1.5829843940752317	10517503.579777256
1.5856227013986908	10827615.585103055
1.5882654059010217	10820510.225002296
1.5909125149108567	10763883.618387913
1.5935640357690417	10830708.187746257
1.5962199758286568	10941409.53122381
1.598880342455038	10861464.37911997
1.6015451430257963	10559362.604126988
1.6042143849308395	10200547.009376232
1.6068880755723909	9803111.354951568
1.6095662223650118	9393333.033617409
1.6122488327356201	8998933.0346576
1.614935914123513	8614004.306859272
1.6176274739803853	8195912.617794079
1.6203235197703527	7725506.981215337
1.62302405896997	7281605.898400632
1.6257290990682536	6966131.341131415
1.6284386475667005	6741548.534102741
1.6311527119793119	6643957.132673342
1.6338712998326108	6683172.227452086
1.6365944186656651	6752986.055981069
1.6393220760301082	6838392.587432278
1.642054279490158	6922231.263214601
1.644791036622642	6971666.351103848
1.6475323550170131	6987257.422769695
1.6502782422753748	6929847.312300645
1.6530287060125004	6765965.115631326
1.6557837538558546	6593421.63842578
1.6585433934456146	6480129.295920841
1.6613076324346907	6336356.141504898
1.6640764784887485	5781724.149074339
1.66684993928623	4801877.794207349
1.6696280225183737	4126088.688830523
1.6724107358892377	4249272.560520806
1.6751980871157197	4662337.476444934
1.6779900839275794	5017230.956018943
1.6807867340674587	5299454.992406047
1.6835880452909044	5342916.068536446
1.6863940253663894	5039279.031203511
1.6892046820753335	4686047.976322849
1.6920200232121256	4449200.052174801
1.694840056584146	4278782.07525116
1.6976647900117863	4134525.131764689
1.700494231328473	4017973.061643933
1.703328388380687	3960643.265297323
1.706167269027988	4016863.8958856612
1.709010881143035	4075538.292920879
1.7118592326116067	3966662.5430410034
1.714712331332626	3736556.99808863
1.7175701852181804	3546365.394097812
1.7204328021935444	3430772.0416874248
1.7233001901972003	3311696.440810386
1.726172357180862	3129006.0326028927
1.7290493111094971	2919063.8211190277
1.7319310599613464	2746588.073763622
1.7348176117279486	2613931.6903848164
1.737708974414162	2477042.2229542523
1.7406051560381857	2319385.3338196855
1.7435061646315826	2165638.4221872296
1.746412008239302	2059289.6532606066
1.749322694919701	1984171.2343093988
1.7522382327445671	1877958.28708068
1.7551586297991415	1723237.1911224897
1.7580838941821402	1558757.184350937
1.761014034005777	1399993.9827362597
1.7639490573957866	1246965.92452399
1.7668889724914467	1111217.4547654758
1.769833787445599	993404.9906935265
1.7727835104246752	887082.8405697955
1.7757381496087163	798384.9556235742
1.7786977131913975	717843.1689061874
1.7816622093800498	645418.3893172895
1.7846316463956833	577409.9870333935
1.7876060324730094	497978.15879294876
1.7905853758604646	402980.64929024474
1.793569684820232	328970.9574480014
1.7965589676282658	323230.42908506445
1.7995532325743133	344332.57237863564
1.802552487961937	324121.40211891057
1.8055567421085403	263413.13532209635
1.8085660033453879	223250.56603095762
1.8115802800176304	234178.5014076074
1.8145995804843267	259736.69003074281
1.8176239131184673	274077.32984554034
1.820653286306998	277480.85963780823
1.823687708450843	254517.16457524995
1.8267271879649278	197149.96112845346
1.8297717332782029	143055.29198118168
1.8328213528336663	118956.53435251632
1.8358760550883895	113292.40235356223
1.8389358485135368	129431.17642572675
1.8420007415943929	165119.35997471565
1.8450707428303834	190608.06834196975
1.848145860735101	191592.42012594594
1.851226103836326	182169.1431873154
1.8543114806760534	164237.1907884468
1.8574019998105136	140586.33348648506
1.8604976698101978	116671.62004064712
1.8635984992598815	93291.62572008862
1.8667044967586481	76380.49129153899
1.8698156709199125	76241.85899537314
1.8729320303714458	91520.1544829604
1.8760535837553982	147603.31225326261
1.879180339728324	239519.0338109628
1.8823123069612047	304108.6502655401
1.8854494941394733	309451.11319831363
1.8885919099630393	303215.76951372763
1.8917395631463112	325451.2104971109
1.8948924624182215	362082.73632960237
1.8980506165222522	360679.9283682951
1.9012140342164559	308729.0553539291
1.9043827242734832	259959.99868003084
1.907556695480606	247180.6020377583
1.9107359566397404	251696.33778988864
1.9139205165674735	259714.22049377149
1.9171103840950858	269274.5691326874
1.9203055680685779	264536.67802796344
1.923506077348692	233757.0850552475
1.92671192081094	198278.39548757614
1.9299231073456249	175686.4454673087
1.9331396458578678	162354.3690327022
1.9363615452676308	156112.3037464429
1.9395888145097437	158310.4453174582
1.9428214625339266	167810.96937553986
1.9460594983048167	191190.7898220437
1.9493029308019916	217841.03658844117
1.952551769019995	228942.6892582614
1.9558060219683617	227176.63591755243
1.9590656986716424	240590.74864709747
1.9623308081694284	283396.0543348806
1.9656013595163775	328780.97332527454
1.9688773617822382	351232.301300291
1.9721588240518755	360869.8828006769
1.975445755425295	383644.9691496106
1.9787381650176707	423795.4521725517
1.9820360619593669	464454.7750153955
1.985339455395966	497774.6625130781
1.9886483544882927	530760.7379605627
1.99196276841244	578204.398534061
1.9952827063597942	637250.2762461023
1.9986081775370603	682897.4551487609
2.001939191166289	703185.2486429388
2.0052757564848993	720780.1816569482
2.0086178827457077	755214.313003375
2.011965579216951	799877.3644159167
2.0153188551823122	843058.5191132781
2.01867771994095	883151.5040632514
2.022042182807518	914132.747140512
2.0254122531121976	924809.2216375439
2.0287879402007176	931733.9052088985
2.0321692534343856	962942.3321001178
2.0355562021901097	1014957.8123324866
2.038948795860427	1065702.1348559137
2.0423470438535274	1110001.4270084526
2.0457509555932836	1145729.8579776455
2.049160540519272	1158980.7060892691
2.0525758080868046	1160177.952890881
2.0559967677669495	1171882.5081572798
2.059423429046561	1196775.6114576154
2.0628558014283054	1219152.5763323766
2.066293894430686	1229823.667475505
2.0697377175880702	1233176.431273359
2.073187280450717	1224997.1788505106
2.0766425925848018	1208101.3308829747
2.0801036635724435	1199838.334729313
2.083570503011731	1207242.5649224673
2.0870431205167503	1215422.4695292248
2.090521525717612	1211584.1827962094
2.0940057282604747	1200733.8321465317
2.0974957378075754	1190336.7049937367
2.1009915640372547	1181044.0587319736
2.1044932166439834	1173210.9363275
2.10800070533839	1168233.7996190295
2.1115140398472874	1163319.2915098208
2.1150332299137	1153299.861012652
2.1185582852968894	1139479.16271261
2.1220892157723843	1128040.1746447515
2.125626031132005	1619039.0741859036
2.1291687411838915	-1389115.4848941995
2.1327173557525314	1133283.047413841
2.136271884678786	1110621.5193949766
2.1398323378199176	1101663.3906027577
2.143398725049617	1092212.7313942336
2.1469710562580335	1080045.2923473308
2.150549341351797	1062053.281834231
2.15413359025405	1041761.8041678176
2.1577238129044733	1021619.2999844439
2.1613200192593145	1001763.5880383623
2.1649222192914133	983235.0997148576
2.1685304229902322	966715.0465732255
2.172144640361883	949686.5041367463
2.175764881429153	929440.7463060513
2.1793911562315347	907111.720489033
2.183023474825254	882992.8626057357
2.1866618472832964	855969.874350106
2.1903062836954352	810553.518228907
2.193956794168261	726605.5920706154
2.197613388825208	637485.8368686249
2.201276077806584	591665.4050361995
2.2049448712695945	581446.9877829562
2.2086197793883775	589110.9452197273
2.212300812354025	618257.4990728489
2.215987980374615	643394.1475205062
2.2196812936752393	639355.1587990852
2.2233807624980315	619243.8668902913
2.227086397102195	598404.2098267284
2.230798207764032	577555.3238756801
2.2345162047769724	554018.8896335486
2.2382403984516004	524860.777758331
2.2419707991156868	495041.1099439277
2.245707417114213	471584.57777034707
2.249450262809403	453017.462018533
2.2531993465807525	434822.8481438354
2.256954678825054	416639.36034010246
2.260716269956429	402983.4504938076
2.2644841304063563	402704.41010438063
2.2682582706237007	406234.63596354716
2.2720387010747403	695295.119006344
2.275825432243198	381029.57890717173
2.27961847463027	392407.10349842004
2.283417838754654	378664.20801515935
2.2872235351525787	364006.5360749975
2.291035574377833	351487.29335443757
2.294853967001796	342105.0120871435
2.298678723613466	347386.50798365
2.302509854819488	373215.8743511327
2.3063473712441875	393190.19294960966
2.3101912835295946	381671.19176100136
2.314041602335477	353251.3123901949
2.31789833833937	321888.5975291715
2.321761502236602	289136.8790192312
2.3256311047403297	268345.9205984332
2.3295071565815637	272051.9584569413
2.3333896685092	282505.2030094589
2.3372786512900485	284545.4703900446
2.3411741157088657	280941.9110815522
2.3450760725683804	282513.19047257607
2.348984532689328	292206.3405667332
2.3528995069104766	304497.8838751126
2.356821006088661	318572.09647714306
2.360749041098809	329533.43888094084
2.3646836228339736	316906.1808304641
2.3686247622053638	281568.12046695617
2.3725724701423725	258124.5133701373
2.37652675759261	264805.5275810762
2.380487635521931	283477.39971831965
2.3844551149144677	307773.8489557666
2.388429206772659	335687.1776508492
2.39240992211728	361529.96048467926
2.3963972719874755	383899.3272705216
2.400391267440788	401920.08763926156
2.4043919195531895	410224.81393084547
2.408399239419112	412717.38724884763
2.412413238151477	409533.79806911864
2.4164339268817296	401803.6194516914
2.420461316759866	404947.8815141424
2.4244954189544656	430122.9936410763
2.428536244652723	457869.8095898775
2.432583805060478	466441.06484872045
2.4366381114022455	460857.7250183976
2.440699174921249	447962.75891107204
2.4447670068794514	427259.62577465596
2.4488416185575836	417163.86584104004
2.4529230212551796	440109.88162395137
2.457011226290605	475011.35094304127
2.4611062450010897	487471.0414663909
2.465208088742758	477068.28568023234
2.4693167688906628	454412.5348725644
2.4734322968388143	414944.40841088694
2.4775546840002125	375457.66215451225
2.4816839418068795	357029.3927150109
2.4858200817098908	352283.8514757177
2.4899631151794077	335070.0587969601
2.4941130537047065	205588.74697526914
