0.7011666666666666	2531.1143178786992
0.7023352777777778	2750.1100424473448
0.7035058365740741	2873.5420356408495
0.7046783463016977	3002.420631638085
0.7058528102122005	3136.749300067339
0.7070292315625542	3274.7876846247136
0.7082076136151585	3417.0706719055142
0.7093879596378504	3563.9488058023653
0.7105702729039134	3715.2801633042063
0.7117545566920868	3874.054680971925
0.7129408142865735	4027.20317581913
0.7141290489770512	4143.832781613752
0.7153192640586796	4233.857053177193
0.7165114628321108	4334.861610552938
0.7177056486034976	4457.161444007038
0.7189018246845036	4613.970849054617
0.7200999943923111	4855.870192075989
0.7213001610496316	5133.272518598434
0.7225023279847144	5347.995793603285
0.7237064985313556	5495.969699908892
0.7249126760289079	5662.319545502485
0.7261208638222895	5888.425576457495
0.7273310652619932	6123.648461940233
0.7285432837040966	6303.973397561462
0.72975752251027	6450.959278412608
0.7309737850477873	6670.7054665705555
0.7321920746895336	7000.21539243812
0.7334123948140163	7334.322355566301
0.7346347488053729	7602.5544315464
0.7358591400533818	7838.543179525083
0.7370855719534709	8086.995070362348
0.7383140479067267	8350.188996072504
0.7395445713199046	8617.569171730082
0.7407771456054377	8888.340590032114
0.7420117741814469	9157.319889521092
0.7432484604717493	9413.351128329296
0.744487207905869	9659.172352755915
0.7457280199190454	9896.774552433008
0.7469708999522439	10123.2896878166
0.7482158514521644	10331.287058038784
0.7494628778712513	10494.548259878457
0.7507119826677034	10631.38439688841
0.7519631693054829	10746.46469693344
0.7532164412543255	10839.207643968573
0.7544718019897494	10905.61670025751
0.7557292549930656	10926.296287607456
0.7569888037513873	10895.550402644752
0.7582504517576398	10725.280971039208
0.7595142025105692	10409.601614297677
0.7607800595147535	9676.229148711638
0.7620480262806114	8373.762821166843
0.7633181063244125	6783.260913197169
0.7645903031682866	4774.187749886814
0.7658646203402337	2743.1834369894855
0.7671410613741342	1777.3777090962096
0.7684196298097576	1892.9206296203051
0.7697003291927741	2520.8014243413236
0.770983163074762	3826.32043068502
0.77226813501322	5392.1166302715255
0.7735552485715754	6057.761773825245
0.7748445073191947	106521.51794290623
0.7761359148313933	6084.169811313078
0.7774294746894457	12821.415777329667
0.7787251904805949	14910.457123033935
0.7800230657980626	16841.892740238516
0.7813231042410594	18669.737700659934
0.7826253094147945	20379.07961874262
0.7839296849304858	21979.117236992326
0.7852362344053699	23577.690752428643
0.7865449614627122	25201.359379403304
0.7878558697318168	26856.214101070476
0.7891689628480365	28592.62867406959
0.7904842444527834	30391.77656091275
0.791801718193538	32251.089140591746
0.7931213877238606	34182.789481004336
0.7944432567034004	36131.08224906885
0.795767328797906	38077.66975124256
0.7970936076792359	40042.87073215765
0.7984220970253681	42106.84399067616
0.7997528005204104	44265.67027744955
0.801085721854611	46464.753843575854
0.8024208647243688	48711.21266736917
0.8037582328322427	50956.88931103225
0.8050978298869632	53137.80052877554
0.8064396596034414	55233.88476893701
0.8077837257027807	56983.56154797618
0.8091300319122853	58283.89838588109
0.8104785819654725	59324.648140668025
0.8118293796020817	59949.890672343776
0.8131824285680851	60598.77772987779
0.8145377326156986	62376.53185762341
0.8158952955033916	65188.28784968826
0.8172551209958971	68031.7571700879
0.8186172128642236	70689.36604225566
0.819981574885664	73472.4587191034
0.8213482108438068	76907.34696588902
0.8227171245285466	80957.0040403843
0.8240883197360943	86525.23536911013
0.8254618002689877	93914.36443049874
0.8268375699361028	100692.83985810645
0.828215632552663	105007.98047901072
0.8295959919402508	108343.02219436536
0.830978651926818	112326.65806573386
0.832363616346696	116921.44960076608
0.8337508890406071	121508.9470135692
0.8351404738556749	125954.15439418661
0.8365323746454344	130789.49037831204
0.8379265952698435	137126.25188041735
0.8393231395952933	144427.6507440019
0.8407220114946187	151871.67271977235
0.8421232148471098	159413.2036066578
0.8435267535385217	167160.3379754076
0.8449326314610859	175345.86657497895
0.8463408525135211	183735.08533952944
0.8477514206010437	192155.28604776895
0.8491643396353787	200628.6683719231
0.8505796135347711	209477.91466737643
0.8519972462239958	218952.52847466795
0.8534172416343692	228735.4733468455
0.8548396037037598	238906.7170260272
0.8562643363765994	249344.70084757515
0.8576914436038937	259970.54308838994
0.8591209293432337	270804.5255391588
0.8605527975588058	281790.16215845983
0.8619870522214037	293021.81868058164
0.8634236973084395	304355.42413980805
0.8648627368039535	315639.2457508796
0.8663041746986269	326874.4362729339
0.8677480149897913	338050.2257609882
0.8691942616814409	349135.59953692567
0.8706429187842434	360491.73672213097
0.8720939903155505	372807.8535302008
0.8735474802994098	385730.8084108469
0.8750033927665755	398843.552418657
0.8764617317545198	412099.7601442386
0.8779225013074441	424796.05441991513
0.8793857054762898	436114.1787320077
0.8808513483187503	446376.31744222785
0.8823194338992816	454335.2909995886
0.8837899662891138	459483.1664599955
0.8852629495662623	454247.7165912163
0.8867383878155394	432571.94895845256
0.8882162851285654	403930.08002205024
0.8896966456037797	367896.0846509077
0.8911794733464526	331485.8767970569
0.8926647724686968	322422.96114529524
0.894152547089478	344304.07164022274
0.8956428013346271	358133.24539511325
0.8971355393368516	341161.75864355155
0.8986307652357465	321888.8520735705
0.9001284831778059	349774.80463845487
0.9016286973164357	415735.33945429005
0.9031314118119631	478139.0523460505
0.9046366308316498	528008.4175479681
0.9061443585497025	568340.6536905667
0.9076545991472854	589394.2251741209
0.9091673568125309	600375.833617374
0.9106826357405519	617453.6333916436
0.9122004401334528	641812.874004074
0.9137207742003418	662249.1853990128
0.9152436421573426	671270.2837721311
0.9167690482276047	682488.6479224424
0.9182969966413176	723846.4820440197
0.9198274916357196	787225.3091557317
0.9213605374551126	830853.5787281479
0.9228961383508711	838935.8854024136
0.924434298581456	798852.1352012375
0.9259750224124251	639852.8830296308
0.9275183141164459	426240.7634539985
0.9290641779733066	288943.8018045551
0.9306126182699289	240521.43857269664
0.9321636393003788	224892.89059448923
0.9337172453658794	247256.71631480494
0.9352734407748227	293928.46455932537
0.9368322298427807	382564.28578250564
0.9383936168925188	498823.09765180195
0.9399576062540064	569435.4686517963
0.9415242022644297	566415.5109591973
0.9430934092682037	543642.4173555501
0.9446652316169841	519198.5699056544
0.9462396736696792	495340.84732404276
0.947816739792462	480762.6868382163
0.9493964343587827	476490.3094133785
0.9509787617493808	479062.2279068607
0.9525637263522965	492347.15287467564
0.9541513325628838	504174.20869605656
0.9557415847838219	492557.8084260642
0.9573344874251283	465674.82010667544
0.9589300449041701	463085.2653789292
0.9605282616456772	499018.34656405903
0.9621291420817533	552457.0437115043
0.9637326906518895	628535.6822644399
0.9653389118029762	719026.9439675133
0.9669478099893144	824250.1313113373
0.96855938967263	942382.2554329454
0.9701736553220844	1033358.9276713163
0.971790611414288	1064419.7140498217
0.9734102624333119	1078583.27559546
0.9750326128707006	1113836.9541923192
0.9766576672254852	1165753.0850100443
0.9782854300041944	1225272.6848963187
0.9799159057208682	1293645.0934354085
0.9815490988970695	1367902.2628630484
0.9831850140618982	1452631.0681290545
0.9848236557520013	1544361.3741428875
0.986465028511588	1645344.8424148008
0.9881091368924407	1754693.3169974657
0.9897559854539281	1852831.1989732783
0.991405578763018	1925832.1911151048
0.9930579213942898	1989861.6259957089
0.994713017929947	2053770.800177118
0.9963708729598303	2117908.572660244
0.9980314910814301	2183630.8863758435
0.9996948768998991	2251382.79797671
1.0013610350280657	2315593.7150663338
1.0030299700864458	2368448.215116891
1.0047016867032565	2418429.844562474
1.0063761895144285	2484983.668869522
1.0080534831636194	2568129.4607592723
1.0097335723022256	2650207.2461560178
1.011416461589396	2725148.8633831423
1.013102155692045	2790338.5303907865
1.014790659284865	2826652.942079913
1.01648197705034	2845064.912616659
1.018176113678757	2884217.4885021406
1.0198730738682218	2954201.1317695933
1.021572862324669	3031125.653612891
1.0232754837618767	3107382.7381278067
1.0249809429014798	3185997.2961842013
1.0266892444729823	3279678.44732513
1.0284003932137706	3385663.5040419386
1.030114393869127	3458864.716840686
1.0318312511922423	3466318.924442065
1.0335509699442293	3467979.7519427687
1.0352735548941365	3533158.074666771
1.0369990108189602	3640749.0229682154
1.0387273425036585	3736319.233235345
1.0404585547411644	3810619.473462095
1.0421926523323999	3875246.7718350715
1.0439296400862872	3926728.152854043
1.0456695228197646	3970386.5306229885
1.0474123053577973	4005551.089753126
1.0491579925333938	4032976.758094101
1.0509065891876161	4060934.9646609193
1.0526581001695956	4091763.327876898
1.0544125303365448	4118753.1979347123
1.0561698845537726	4127705.8438530536
1.0579301676946955	4123822.906889022
1.0596933846408534	4113601.109341111
1.0614595402819214	4096146.545736848
1.0632286395157247	4072264.5192087824
1.065000687248251	4035822.9514573677
1.0667756883936648	3993274.7933803373
1.068553647874321	3949667.5503578843
1.070334570620778	3904979.8362650373
1.072118461571813	3856056.2645615586
1.0739053256744326	3799783.0875184205
1.07569516788389	3743774.347009458
1.0774879931636965	3697521.796760813
1.079283806485636	3656061.1901054126
1.0810826128297788	3601718.754473608
1.0828844171844951	3529588.622036615
1.0846892245464692	3438105.431968272
1.0864970399207134	3307181.6681652428
1.0883078683205814	3146238.6004582457
1.0901217147677824	2922844.5222865622
1.0919385842923954	2643421.911056569
1.0937584819328827	2360470.2421833673
1.0955814127361043	2084293.5210291678
1.0974073817573313	1807141.905888692
1.09923639406026	1519599.3429630867
1.1010684547170273	1231570.3406309013
1.1029035688082225	992888.1109856341
1.1047417414229028	817036.3233271218
1.1065829776586076	662707.3317928808
1.108427282621372	530130.5080783359
1.110274661425741	411969.7468237159
1.112125119194784	318294.817595968
1.1139786610601086	248053.20481530137
1.1158352921618757	204845.11643263095
1.117695017648812	203649.33596514992
1.1195578426782267	217086.02926884027
1.1214237724160239	236925.02003562727
1.1232928120367172	262604.86590179364
1.1251649667234453	302949.77927539434
1.1270402416679843	359236.2667538154
1.1289186420707642	384703.2729300233
1.1308001731408823	328181.34342087107
1.1326848400961171	251954.21183794562
1.1345726481629441	255254.5856961909
1.136463602576549	327789.0313441674
1.1383577085808434	397131.6170182811
1.1402549714284782	446631.5648953838
1.1421553963808588	479048.9638847261
1.1440589887081603	473326.22813794
1.1459657536893408	442066.78611101204
1.1478756966121564	393327.88137378555
1.1497888227731765	325818.2930933234
1.1517051374777987	259530.85922692798
1.1536246460402617	204743.6799915716
1.155547353783662	159848.89857517416
1.1574732660399685	139444.7427239101
1.1594023881500348	141528.73998674747
1.1613347254636184	167195.32363264143
1.163270283339391	227438.96729210365
1.1652090671449569	289301.71343911515
1.1671510822568651	323419.7252278143
1.1690963340606266	335277.9172645927
1.1710448279507277	305863.0179033139
1.1729965693306457	232297.3283284353
1.1749515636128636	204395.28547458904
1.176909816218885	300466.7126662353
1.17887133257925	444387.43638592295
1.1808361181335487	572056.3361963616
1.182804178330438	685054.1133235228
1.1847755186276552	796542.0749826187
1.1867501444920348	908045.7185488115
1.1887280613995215	1016262.4078618507
1.1907092748351875	1113591.4470696645
1.1926937902932462	1209795.4143987177
1.1946816132770681	1341767.7456510847
1.1966727492991969	1515141.4631719773
1.1986672038813622	1699084.694674871
1.2006649825544977	1889868.6073822295
1.2026660908587554	2085486.7008119086
1.20467053434352	2290106.3900585156
1.206678318567426	2500822.3882745155
1.2086894490983717	2699345.063448544
1.2107039315135357	2877497.930291472
1.2127217713993916	3053901.267923549
1.214742974351724	3241885.8716181996
1.2167675459756435	3434651.8781397166
1.218795491885603	3614741.9261192996
1.2208268177054122	3781404.560740976
1.2228615290682547	3966649.861968407
1.2248996316167018	4197456.10276833
1.2269411310027298	4439283.448868666
1.2289860328877344	4649673.632581394
1.2310343429425474	4834824.89085573
1.2330860668474517	5016943.027404271
1.2351412102921975	5198429.228466704
1.2371997789760178	5385379.652088574
1.2392617786076445	5589253.855466557
1.241327214905324	5807020.914470618
1.243396093596833	6053963.261363269
1.2454684204194943	6330153.541365698
1.2475442011201936	6577755.367934254
1.249623441455394	6753534.882750871
1.251706147191153	6923234.435734113
1.2537923241031383	7185929.664951695
1.2558819779766437	7517828.708286447
1.2579751146066047	7823357.704318391
1.2600717397976158	8077816.161404127
1.262171859363945	8297786.80715935
1.2642754791295518	8453170.571869496
1.266382604928101	8558144.817938466
1.2684932426029811	8562997.182064096
1.2706073980073196	8462933.617205728
1.2727250770039986	8342688.04403769
1.274846285465672	8215431.626850609
1.2769710292747813	8055125.145843939
1.2790993143235727	7765455.358142301
1.2812311465141122	7379043.373112131
1.2833665317583023	6993305.999294716
1.2855054759778997	6623239.309656897
1.2876479851045295	6283503.397376416
1.2897940650797037	6021830.6306302305
1.2919437218548366	5803314.786437511
1.2940969613912614	5598801.603757936
1.2962537896602468	5405893.2832535915
1.298414212643014	5200850.047114385
1.3005782363307525	4967712.252141592
1.302745866724637	4734970.84141773
1.304917109835845	4546868.071460649
1.3070919716855713	4387438.007731819
1.3092704583050472	4189290.2276410684
1.3114525757355557	3932747.1186204953
1.3136383300284484	3693879.081208983
1.3158277272451624	3546378.654510851
1.3180207734572378	3431911.7758989073
1.3202174747463333	3234627.8004274154
1.3224178372042439	2944938.6733873594
1.3246218669329177	2549989.9854436126
1.3268295700444726	1973812.9111480676
1.3290409526612135	1373150.6476326743
1.3312560209156488	934246.9886292326
1.3334747809505083	619265.4916102043
1.3356972389187591	377312.3281885333
1.3379234009836238	223973.50694138082
1.3401532733185966	112439.08944489829
1.342386862107461	59672.65313772448
1.344624173544307	37735.40445703943
1.3468652138335475	24346.80804876043
1.3491099891899365	18174.755594503964
1.3513585058385866	13286.717692592923
1.3536107700149842	8874.012918371724
1.3558667879650093	5184.141075126754
1.358126565944951	3715.0442967071413
1.360390110221526	3903.1366316014373
1.3626574270718954	5101.319210654647
1.3649285227836818	7476.658485471113
1.367203403654988	9530.57877762893
1.369482075994413	9976.923218781196
1.3717645461210706	10271.69158026139
1.3740508203646056	14170.306501198449
1.3763409050652133	21275.590957078304
1.3786348065736556	24149.988653798264
1.3809325312512784	18138.659028059577
1.3832340854700305	10601.009612705595
1.3855394756124806	8662.898373787322
1.3878487080718347	10454.792304408586
1.3901617892519544	11310.116133577196
1.3924787255673745	10525.84332805277
1.3947995234433201	9980.600439592925
1.3971241893157258	11032.982222410465
1.399452729631252	12848.728841867285
1.401785150847304	14677.403637458854
1.40412145943205	16444.807077893216
1.4064616618644366	17577.90520313437
1.4088057646342107	17550.712988815812
1.4111537742419344	17395.16371447855
1.4135056971990045	18178.122270413387
1.4158615400276693	19611.69650692868
1.418221309261049	21245.464545587056
1.4205850114431506	23220.40587128685
1.4229526531288894	28691.92755219885
1.425324240884104	43024.78470901673
1.4276997812855778	59382.99289339762
1.4300792809210539	64427.93427604232
1.4324627463892556	59080.42713179354
1.4348501842999046	55585.825917487164
1.4372416012737377	57993.008028011325
1.4396370039425272	66046.84831017027
1.442036398949098	87911.74737364263
1.4444397929473467	119576.02102547158
1.4468471926022592	158161.33314000125
1.4492586045899296	204756.98590755137
1.4516740355975797	254184.85781231028
1.4540934923235755	306469.26821765397
1.4565169814774481	353052.0565605077
1.4589445097799105	362719.81485124974
1.4613760839628773	338825.87491233513
1.4638117107694821	309672.2852039204
1.466251396954098	278833.16885927645
1.4686951492823548	254673.2993315818
1.471142974531159	256293.42803343124
1.4735948794887108	274345.1929633708
1.4760508709545253	293225.3677700823
1.4785109557394496	311621.4612998222
1.4809751406656821	328343.83138222026
1.4834434325667916	341160.7672014801
1.4859158382877364	355765.01061850716
1.4883923646848827	388293.5017508692
1.490873018626024	437440.6256543425
1.493357806990401	497415.504637069
1.4958467366687183	572480.3612910886
1.4983398145631663	645956.3988965316
1.5008370475874384	697951.4730023564
1.5033384426667507	733949.8503195144
1.505844006737862	749130.599953198
1.5083537467490917	740645.1822198454
1.5108676696603405	739666.0518463746
1.5133857824431078	767938.1509171665
1.5159080920805128	820117.6613199419
1.518434605567314	928551.6076242148
1.5209653299099262	1083730.8119783895
1.5235002721264426	1225394.6348334693
1.5260394392466536	1334994.7775461802
1.5285828383120648	1440270.6799764545
1.5311304763759181	1562425.9485605801
1.5336823605032115	1693678.171087829
1.5362384977707166	1816146.078499089
1.5387988952670015	1927990.347168214
1.5413635600924465	2050756.88605875
1.5439324993592671	2203671.952811011
1.5465057201915329	2361658.0564570646
1.5490832297251855	2482460.382670442
1.5516650351080608	2573151.929565475
1.5542511434999076	2678856.8179451255
1.5568415620724074	2814828.0124805486
1.559436298009195	2957967.542161067
1.5620353585058768	3096024.565767795
1.5646387507700532	3230791.105993804
1.567246482021337	3363209.9963529855
1.5698585594913725	3492150.972472151
1.5724749904238582	3602523.874838889
1.5750957820745648	3671583.2687293766
1.5777209417113556	3723516.6266235774
1.5803504766142082	3774246.0449569137
1.5829843940752317	3819890.0499928743
1.5856227013986908	3814742.086549707
1.5882654059010217	3728280.619742046
1.5909125149108567	3610138.9975831867
1.5935640357690417	3462677.6430464005
1.5962199758286568	3288841.9667144096
1.598880342455038	3049016.0533263087
1.6015451430257963	2735076.7827328155
1.6042143849308395	2401158.2248433894
1.6068880755723909	2052378.6748238709
1.6095662223650118	1707906.9772749282
1.6122488327356201	1411461.8070342324
1.614935914123513	1156427.1002025197
1.6176274739803853	934376.7245592432
1.6203235197703527	758128.5317235185
1.62302405896997	610507.5927141899
1.6257290990682536	514403.0859300397
1.6284386475667005	452946.9527625402
1.6311527119793119	430415.0583949551
1.6338712998326108	449260.4258014181
1.6365944186656651	475095.6058109032
1.6393220760301082	500704.586636603
1.642054279490158	525035.4401874884
1.644791036622642	543962.2055219641
1.6475323550170131	557693.3115012016
1.6502782422753748	561003.3870165744
1.6530287060125004	549500.4937102222
1.6557837538558546	547665.565617807
1.6585433934456146	587333.4522718255
1.6613076324346907	630426.4799767432
1.6640764784887485	547182.6024627662
1.66684993928623	330670.0260246191
1.6696280225183737	177320.5802021142
1.6724107358892377	205776.7414263976
1.6751980871157197	298197.72182113404
1.6779900839275794	368711.9625069062
1.6807867340674587	417832.6885998155
1.6835880452909044	430411.62828180345
1.6863940253663894	391202.7852027505
1.6892046820753335	339884.9560548485
1.6920200232121256	291869.3424080805
1.694840056584146	247389.79348424915
1.6976647900117863	214149.51759847373
1.700494231328473	193835.06863483656
1.703328388380687	193736.47551498952
1.706167269027988	231325.76879311484
1.709010881143035	276938.47716583713
1.7118592326116067	297396.4330037211
1.714712331332626	299681.8484318154
1.7175701852181804	309256.49722311995
1.7204328021935444	331498.0530017772
1.7233001901972003	341706.91931812826
1.726172357180862	307754.2054908125
1.7290493111094971	255497.91623739447
1.7319310599613464	232674.98968628014
1.7348176117279486	241655.67370176644
1.737708974414162	258180.00638072452
1.7406051560381857	279991.5624023484
1.7435061646315826	301964.6076806339
1.746412008239302	316681.92774312303
1.749322694919701	324599.16841650533
1.7522382327445671	318219.82982045907
1.7551586297991415	292240.9185123365
1.7580838941821402	262352.4391002428
1.761014034005777	234798.10114552206
1.7639490573957866	209357.97945415712
1.7668889724914467	189498.19930582357
1.769833787445599	175499.26319811124
1.7727835104246752	166458.412006861
1.7757381496087163	165475.91421905224
1.7786977131913975	164532.51533941738
1.7816622093800498	152382.64132340858
1.7846316463956833	131905.3438250002
1.7876060324730094	108341.7011259428
1.7905853758604646	81753.61469600938
1.793569684820232	61784.033949217905
1.7965589676282658	62119.941833392644
1.7995532325743133	70918.253396875
1.802552487961937	70192.24767845526
1.8055567421085403	59869.8829522897
1.8085660033453879	51900.76011597555
1.8115802800176304	51183.23062941379
1.8145995804843267	53153.70990238474
1.8176239131184673	55928.63075103127
1.820653286306998	58475.078661868116
1.823687708450843	54291.68696775687
1.8267271879649278	41032.12261806519
1.8297717332782029	28479.20830277574
1.8328213528336663	23413.61478288845
1.8358760550883895	22987.528405935904
1.8389358485135368	28214.52004787975
1.8420007415943929	38509.07904711775
1.8450707428303834	46062.61706300378
1.848145860735101	47080.69242558363
1.851226103836326	45395.92364330583
1.8543114806760534	41717.70635805813
1.8574019998105136	36613.83072486478
1.8604976698101978	30690.758503389145
1.8635984992598815	23893.097926775776
1.8667044967586481	18487.341212414165
1.8698156709199125	17270.15839125814
1.8729320303714458	20588.821891039854
1.8760535837553982	37849.97222834168
1.879180339728324	67347.15476213634
1.8823123069612047	87038.72698459793
1.8854494941394733	85614.85115432982
1.8885919099630393	79426.39382601054
1.8917395631463112	81024.48034509497
1.8948924624182215	86680.85678554933
1.8980506165222522	82838.69084798393
1.9012140342164559	66356.12538924578
1.9043827242734832	51312.39851251722
1.907556695480606	46924.55774100557
1.9107359566397404	47545.31219959439
1.9139205165674735	48607.65302874359
1.9171103840950858	49726.557886323906
1.9203055680685779	48496.37976228069
1.923506077348692	43036.98518695552
1.92671192081094	36936.75032524976
1.9299231073456249	33372.6027697223
1.9331396458578678	31633.454241529766
1.9363615452676308	31325.046230470347
1.9395888145097437	32707.83240600837
1.9428214625339266	35216.758696189994
1.9460594983048167	39662.7190562515
1.9493029308019916	44644.64924888721
1.952551769019995	47863.7146913839
1.9558060219683617	49676.9596395154
1.9590656986716424	53947.07855527434
1.9623308081694284	62818.191674027476
1.9656013595163775	71882.95702867857
1.9688773617822382	76330.11292302386
1.9721588240518755	123319.48757602906
1.975445755425295	76524.19477834071
1.9787381650176707	88620.76931694856
1.9820360619593669	95602.1442602071
1.985339455395966	103894.52363312138
1.9886483544882927	112777.48311935467
1.99196276841244	121745.18773151992
1.9952827063597942	130604.73489320689
1.9986081775370603	137431.5788550818
2.001939191166289	140789.83580529815
2.0052757564848993	143411.1268568834
2.0086178827457077	147068.64122843283
2.011965579216951	151048.1457892721
2.0153188551823122	152604.46473903046
2.01867771994095	151245.5396535742
2.022042182807518	150659.2013071774
2.0254122531121976	153272.74371913233
2.0287879402007176	157471.81316762813
2.0321692534343856	162697.22533341564
2.0355562021901097	168715.41906246866
2.038948795860427	174199.1156571691
2.0423470438535274	178612.8170338497
2.0457509555932836	182241.16131557903
2.049160540519272	184277.70680917217
2.0525758080868046	185355.1936276461
2.0559967677669495	186402.23925047522
2.059423429046561	187454.3750419079
2.0628558014283054	187882.52176146646
2.066293894430686	186854.89380047875
2.0697377175880702	185123.0082566715
2.073187280450717	182945.11130990938
2.0766425925848018	180426.50641489224
2.0801036635724435	178087.78378431025
2.083570503011731	176102.0094016215
2.0870431205167503	173973.55396974683
2.090521525717612	171056.75414288536
2.0940057282604747	167726.13422049367
2.0974957378075754	164752.63006899334
2.1009915640372547	162223.50960805095
2.1044932166439834	159738.97753486998
2.10800070533839	157174.24485752816
2.1115140398472874	154539.71959224637
2.1150332299137	151740.81459386786
2.1185582852968894	148816.035388157
2.1220892157723843	145973.56077963905
2.125626031132005	143292.29928945692
2.1291687411838915	140836.19812614415
2.1327173557525314	138959.99179620188
2.136271884678786	137239.54286057438
2.1398323378199176	134322.54780095164
2.143398725049617	130077.52642981883
2.1469710562580335	126366.01499212503
2.150549341351797	124355.74191287968
2.15413359025405	122313.20503757475
2.1577238129044733	117072.44462321264
2.1613200192593145	109570.12150086842
2.1649222192914133	105171.14346662977
2.1685304229902322	105955.5635834696
2.172144640361883	106718.89521636885
2.175764881429153	103089.98535389779
2.1793911562315347	96999.72424874926
2.183023474825254	90928.41921271801
2.1866618472832964	84814.93190052694
2.1903062836954352	74956.30459666431
2.193956794168261	57054.54020205275
2.197613388825208	38450.58064017516
2.201276077806584	30544.08305450615
2.2049448712695945	31187.635766899813
2.2086197793883775	33835.28436070269
2.212300812354025	38166.745697158185
2.215987980374615	41353.0179471745
2.2196812936752393	39737.38603529177
2.2233807624980315	35522.773953829994
2.227086397102195	31481.190556025977
2.230798207764032	27790.405831957563
2.2345162047769724	24318.48926010477
2.2382403984516004	21192.735548578064
2.2419707991156868	18376.841296386356
2.245707417114213	16334.406537103085
2.249450262809403	14900.147552764842
2.2531993465807525	13711.212483702198
2.256954678825054	12816.036427359864
2.260716269956429	12445.162250278505
2.2644841304063563	13400.793349793334
2.2682582706237007	14884.561380068382
2.2720387010747403	15249.997263108173
2.275825432243198	14398.844931302861
2.27961847463027	13343.079431189371
2.283417838754654	12269.997455678975
2.2872235351525787	11220.99361091042
2.291035574377833	10302.311613689692
2.294853967001796	9671.300746487428
2.298678723613466	10869.198583256957
2.302509854819488	14673.76449911856
2.3063473712441875	18586.905752861567
2.3101912835295946	20950.147832783445
2.314041602335477	21996.395659515165
2.31789833833937	19963.320705566362
2.321761502236602	14902.708316897022
2.3256311047403297	10878.315882552339
2.3295071565815637	9887.828607969574
2.3333896685092	9834.735429692895
2.3372786512900485	9157.021777317606
2.3411741157088657	8263.275342377661
2.3450760725683804	-1357.6504562751497
2.348984532689328	8637.581418642587
2.3528995069104766	9900.493728279098
2.356821006088661	12722.89735510543
2.360749041098809	15638.879304190717
2.3646836228339736	15038.327460718945
2.3686247622053638	11019.641559050257
2.3725724701423725	8680.921814641724
2.37652675759261	10650.481475570736
2.380487635521931	13911.945504161726
2.3844551149144677	16301.645813012883
2.388429206772659	18058.31790458054
2.39240992211728	19820.90009929327
2.3963972719874755	21683.954042724352
2.400391267440788	23982.574832400936
2.4043919195531895	27403.590943770356
2.408399239419112	31010.346672264157
2.412413238151477	32493.54888384622
2.4164339268817296	31933.6415583823
2.420461316759866	32030.920804685444
2.4244954189544656	33960.839746883496
2.428536244652723	36675.860525348464
2.432583805060478	39998.32265122097
2.4366381114022455	43668.94325138357
2.440699174921249	46777.96357392099
2.4447670068794514	49132.83157982114
2.4488416185575836	52529.29823185344
2.4529230212551796	59154.52243820096
2.457011226290605	66827.51554135134
2.4611062450010897	71627.23806766512
2.465208088742758	73598.81742893656
2.4693167688906628	75092.02828181986
2.4734322968388143	76423.7096975811
2.4775546840002125	77385.21165195311
2.4816839418068795	77154.77742967267
2.4858200817098908	76186.2465622541
2.4899631151794077	73883.33729795265
2.4941130537047065	46862.31201621565
