0.7011666666666666	2669.2081128672094
0.7023352777777778	2907.354953325538
0.7035058365740741	3047.5841465532817
0.7046783463016977	3194.5128972836055
0.7058528102122005	3348.0197717142355
0.7070292315625542	3505.9820175013565
0.7082076136151585	3668.9559153281184
0.7093879596378504	3837.3670785810377
0.7105702729039134	4011.2938544807366
0.7117545566920868	4194.523647579086
0.7129408142865735	4369.20060134214
0.7141290489770512	4491.787718656371
0.7153192640586796	4576.615391159919
0.7165114628321108	4678.985738150861
0.7177056486034976	4814.390412673524
0.7189018246845036	4995.595811142708
0.7200999943923111	5286.188480598917
0.7213001610496316	5621.986230931596
0.7225023279847144	5874.598080036669
0.7237064985313556	6038.767765393556
0.7249126760289079	6227.885073638173
0.7261208638222895	6497.428129576119
0.7273310652619932	6778.035885771796
0.7285432837040966	6979.837599220765
0.72975752251027	7133.725716388895
0.7309737850477873	7391.368370885274
0.7321920746895336	7805.619918037681
0.7334123948140163	8226.564068630752
0.7346347488053729	8554.010490427565
0.7358591400533818	8836.338962639607
0.7370855719534709	9140.410322483822
0.7383140479067267	9469.60849230609
0.7395445713199046	9805.818729494098
0.7407771456054377	10147.736447456684
0.7420117741814469	10488.68174931252
0.7432484604717493	10816.418082437462
0.744487207905869	11133.94295745858
0.7457280199190454	11444.895876914563
0.7469708999522439	11746.982367219334
0.7482158514521644	12028.817436563411
0.7494628778712513	12259.420252652188
0.7507119826677034	12460.080449593408
0.7519631693054829	12637.56789109783
0.7532164412543255	12791.116240096051
0.7544718019897494	12913.180065920733
0.7557292549930656	12979.661369689682
0.7569888037513873	12982.352606827071
0.7582504517576398	12810.281102839539
0.7595142025105692	12453.573835520607
0.7607800595147535	11551.381078724495
0.7620480262806114	9907.419954747587
0.7633181063244125	7941.047643257887
0.7645903031682866	5573.706909338381
0.7658646203402337	3220.1536573764583
0.7671410613741342	2086.0923677297856
0.7684196298097576	2188.4122355535196
0.7697003291927741	2879.2447755881635
0.770983163074762	4350.971436672014
0.77226813501322	6163.571635948777
0.7735552485715754	8253.17294787078
0.7748445073191947	10552.317334075897
0.7761359148313933	13030.92844517173
0.7774294746894457	15557.201625104874
0.7787251904805949	47078.96083055287
0.7800230657980626	15676.515125722324
0.7813231042410594	22928.783770181384
0.7826253094147945	24944.059501382842
0.7839296849304858	26827.513037369983
0.7852362344053699	28697.148174602964
0.7865449614627122	30579.15393068403
0.7878558697318168	32492.331207263902
0.7891689628480365	34502.338396134015
0.7904842444527834	36586.45257018444
0.791801718193538	38738.52794836041
0.7931213877238606	40971.30108774513
0.7944432567034004	43206.44614593601
0.795767328797906	45397.61733587066
0.7970936076792359	47592.906470923
0.7984220970253681	49915.94241568054
0.7997528005204104	52362.01231228669
0.801085721854611	54854.89339943067
0.8024208647243688	57399.4909982743
0.8037582328322427	59930.692529856584
0.8050978298869632	62345.069081264446
0.8064396596034414	64613.75846590328
0.8077837257027807	66320.5411711159
0.8091300319122853	67301.49715121796
0.8104785819654725	67901.80586464678
0.8118293796020817	67930.88910156494
0.8131824285680851	68024.07433885196
0.8145377326156986	69837.47923327026
0.8158952955033916	73226.29921466981
0.8172551209958971	76673.96313547096
0.8186172128642236	79854.32798108118
0.819981574885664	83066.25222563503
0.8213482108438068	86685.24483060418
0.8227171245285466	90844.23401147581
0.8240883197360943	97167.36427473745
0.8254618002689877	106119.1405185628
0.8268375699361028	114229.25404149054
0.828215632552663	118884.76423830775
0.8295959919402508	122146.82102839288
0.830978651926818	126225.8442196436
0.832363616346696	131070.36495318629
0.8337508890406071	135788.51228919157
0.8351404738556749	140126.4757118345
0.8365323746454344	144964.02977102253
0.8379265952698435	151940.11553791165
0.8393231395952933	160284.4962627171
0.8407220114946187	168792.24885368854
0.8421232148471098	177388.4596761456
0.8435267535385217	186221.11095998203
0.8449326314610859	195569.37260198244
0.8463408525135211	205130.34715126862
0.8477514206010437	214594.94247422175
0.8491643396353787	224010.46227295278
0.8505796135347711	233910.44457515667
0.8519972462239958	244640.74612939093
0.8534172416343692	255710.56768141466
0.8548396037037598	267062.85096365004
0.8562643363765994	278606.3078965772
0.8576914436038937	290258.1517572298
0.8591209293432337	302026.242711035
0.8605527975588058	313897.2023090669
0.8619870522214037	325939.5308791754
0.8634236973084395	338013.52258348477
0.8648627368039535	349849.5799009653
0.8663041746986269	361467.0807804276
0.8677480149897913	372890.28073776816
0.8691942616814409	384033.42679559713
0.8706429187842434	395458.36343743425
0.8720939903155505	408063.17077104776
0.8735474802994098	421401.5336821957
0.8750033927665755	434891.4048554457
0.8764617317545198	448452.11222677346
0.8779225013074441	461110.17194409046
0.8793857054762898	471628.4432144868
0.8808513483187503	480550.2962801867
0.8823194338992816	486120.7415196655
0.8837899662891138	487760.5830727137
0.8852629495662623	476087.6411060946
0.8867383878155394	443428.14676553715
0.8882162851285654	402839.3856611102
0.8896966456037797	355940.01746845595
0.8911794733464526	310067.47791535925
0.8926647724686968	296887.4593167102
0.894152547089478	320633.5068510794
0.8956428013346271	335486.3916556146
0.8971355393368516	315187.39458272286
0.8986307652357465	291687.2359605044
0.9001284831778059	319366.3780224961
0.9016286973164357	388428.80456875626
0.9031314118119631	454144.0522929265
0.9046366308316498	507048.937211927
0.9061443585497025	549367.4871864998
0.9076545991472854	569331.4748237222
0.9091673568125309	577547.386657305
0.9106826357405519	592392.331962561
0.9122004401334528	615183.330685805
0.9137207742003418	633247.3209414759
0.9152436421573426	637885.4129372506
0.9167690482276047	645148.8242278382
0.9182969966413176	688061.4331928615
0.9198274916357196	756943.4695366892
0.9213605374551126	801671.1271411258
0.9228961383508711	803382.2763511651
0.924434298581456	755617.9287526318
0.9259750224124251	591088.9700157326
0.9275183141164459	373861.2017823022
0.9290641779733066	237614.14893346094
0.9306126182699289	195069.88676225886
0.9321636393003788	182590.08689372762
0.9337172453658794	200442.85372106096
0.9352734407748227	238340.9355895651
0.9368322298427807	312531.36771097203
0.9383936168925188	410764.6106394231
0.9399576062540064	470900.09683852963
0.9415242022644297	469424.2342795582
0.9430934092682037	451345.1601103903
0.9446652316169841	431641.1864524734
0.9462396736696792	411925.0082447438
0.947816739792462	397558.7153398489
0.9493964343587827	389313.42721018655
0.9509787617493808	387637.70321849524
0.9525637263522965	397558.4677471857
0.9541513325628838	406659.54416482203
0.9557415847838219	393626.9773687472
0.9573344874251283	366137.82166535343
0.9589300449041701	361260.68594417564
0.9605282616456772	392246.9419804843
0.9621291420817533	438648.8233140537
0.9637326906518895	503549.5573277377
0.9653389118029762	580429.9439017233
0.9669478099893144	670608.5701172623
0.96855938967263	772478.1082597866
0.9701736553220844	849551.5866241342
0.971790611414288	871952.603704023
0.9734102624333119	878860.0514791696
0.9750326128707006	904716.3093791587
0.9766576672254852	945703.7327075076
0.9782854300041944	995023.694155269
0.9799159057208682	1054445.7703382852
0.9815490988970695	1119450.2078301997
0.9831850140618982	1193200.5052280393
0.9848236557520013	1273184.2736572719
0.986465028511588	1363211.7192412156
0.9881091368924407	1462529.1904994354
0.9897559854539281	1551851.3431018807
0.991405578763018	1618201.7156871038
0.9930579213942898	1676814.5530453864
0.994713017929947	1737185.2813939245
0.9963708729598303	1800175.4019650058
0.9980314910814301	1874471.884307963
0.9996948768998991	1964117.9741746553
1.0013610350280657	2049624.7894426722
1.0030299700864458	2113193.106385812
1.0047016867032565	2169290.9699215842
1.0063761895144285	2246314.7339119543
1.0080534831636194	2344793.918112247
1.0097335723022256	2446783.398751329
1.011416461589396	2549138.7482104427
1.013102155692045	2643715.513533096
1.014790659284865	2706819.4172009607
1.01648197705034	2750397.73751853
1.018176113678757	2816715.1462131324
1.0198730738682218	2916662.5499195093
1.021572862324669	3020403.973253716
1.0232754837618767	3113089.860114367
1.0249809429014798	3204250.9288682016
1.0266892444729823	3317463.7704764637
1.0284003932137706	3450532.286705439
1.030114393869127	3559120.105040367
1.0318312511922423	3615701.1423985735
1.0335509699442293	3670895.5920536392
1.0352735548941365	3788502.704745745
1.0369990108189602	3947545.1604395923
1.0387273425036585	4092950.456263869
1.0404585547411644	4214962.657365512
1.0421926523323999	4326245.906323617
1.0439296400862872	4422760.659142713
1.0456695228197646	4511003.636527004
1.0474123053577973	4592444.228586386
1.0491579925333938	4667853.60922136
1.0509065891876161	4744880.662015062
1.0526581001695956	4826269.87572356
1.0544125303365448	4902325.672823148
1.0561698845537726	4952758.575937067
1.0579301676946955	4985130.753228127
1.0596933846408534	5009841.418837596
1.0614595402819214	5026034.7885282235
1.0632286395157247	5033853.815493234
1.065000687248251	5024729.469678116
1.0667756883936648	5007261.238005658
1.068553647874321	4987669.741021397
1.070334570620778	4965729.172116184
1.072118461571813	4934697.991425382
1.0739053256744326	4887774.948379951
1.07569516788389	4838868.583721883
1.0774879931636965	4801523.816429467
1.079283806485636	4768384.117177619
1.0810826128297788	4707806.948495581
1.0828844171844951	4610043.167942839
1.0846892245464692	4474130.404738603
1.0864970399207134	4261556.758682635
1.0883078683205814	3995279.6455596564
1.0901217147677824	3631856.756441793
1.0919385842923954	3182924.9989821417
1.0937584819328827	2746836.826773767
1.0955814127361043	2353712.62888444
1.0974073817573313	1977293.1915473938
1.09923639406026	1613434.2226020135
1.1010684547170273	1266351.2807088883
1.1029035688082225	990070.2272926243
1.1047417414229028	802188.3119165478
1.1065829776586076	642285.59491638
1.108427282621372	507189.6610887327
1.110274661425741	388212.87053417275
1.112125119194784	295467.0274078549
1.1139786610601086	227509.54759829587
1.1158352921618757	184810.66536784312
1.117695017648812	180751.67786976
1.1195578426782267	190561.88566818894
1.1214237724160239	207699.48952684362
1.1232928120367172	230890.34502643897
1.1251649667234453	265930.4536890203
1.1270402416679843	313631.2002702635
1.1289186420707642	334216.4664589909
1.1308001731408823	283317.6503404963
1.1326848400961171	214735.84054411273
1.1345726481629441	212996.99148325232
1.136463602576549	269790.70246174
1.1383577085808434	327664.4670063268
1.1402549714284782	375156.60295568145
1.1421553963808588	409177.54034183384
1.1440589887081603	407808.24134084536
1.1459657536893408	382375.50346970814
1.1478756966121564	338084.45203010464
1.1497888227731765	273265.263001049
1.1517051374777987	209819.0241204073
1.1536246460402617	159014.93685579742
1.155547353783662	118175.48387498465
1.1574732660399685	99818.24337843835
1.1594023881500348	101930.54192986009
1.1613347254636184	123912.09951977574
1.163270283339391	174732.3731399065
1.1652090671449569	226747.8312942171
1.1671510822568651	255108.24528186533
1.1690963340606266	264414.7382365149
1.1710448279507277	237988.55720163952
1.1729965693306457	173276.97199547474
1.1749515636128636	147218.70885640735
1.176909816218885	226509.6853460567
1.17887133257925	348194.3602794534
1.1808361181335487	464259.94642525143
1.182804178330438	574794.5926432487
1.1847755186276552	686341.4395564921
1.1867501444920348	800409.2662479978
1.1887280613995215	914129.5326184628
1.1907092748351875	1024180.5744188472
1.1926937902932462	1139335.2117888106
1.1946816132770681	1304461.5183095725
1.1966727492991969	1527237.382689547
1.1986672038813622	1769719.302116238
1.2006649825544977	2032995.618163745
1.2026660908587554	2311204.9228453836
1.20467053434352	2618814.5633516284
1.206678318567426	2948438.207895169
1.2086894490983717	3261920.557067632
1.2107039315135357	3546199.224107684
1.2127217713993916	3832877.432590784
1.214742974351724	4151563.9910638193
1.2167675459756435	4484926.770458126
1.218795491885603	4793921.816515948
1.2208268177054122	5076367.461008044
1.2228615290682547	5387494.77194149
1.2248996316167018	5771110.217655974
1.2269411310027298	6171373.265249665
1.2289860328877344	6517593.392213548
1.2310343429425474	6820205.770352799
1.2330860668474517	7114834.992384763
1.2351412102921975	7403937.228149655
1.2371997789760178	7694627.06653686
1.2392617786076445	7994067.905068922
1.241327214905324	8309279.240235969
1.243396093596833	8695249.653126262
1.2454684204194943	9153076.510421135
1.2475442011201936	9538491.979801279
1.249623441455394	9743081.550873443
1.251706147191153	9930715.631534664
1.2537923241031383	10345950.333944699
1.2558819779766437	10926841.304220969
1.2579751146066047	11405268.156792557
1.2600717397976158	11702536.360409321
1.262171859363945	11914218.638979841
1.2642754791295518	12008233.71305006
1.266382604928101	12013018.216469752
1.2684932426029811	11852385.582330048
1.2706073980073196	11520573.910099301
1.2727250770039986	11185678.57755235
1.274846285465672	10901972.64253268
1.2769710292747813	10587079.720936693
1.2790993143235727	10058804.892153895
1.2812311465141122	9371461.773378817
1.2833665317583023	8694020.252866874
1.2855054759778997	8055498.63851666
1.2876479851045295	7474347.682582347
1.2897940650797037	7033954.804674748
1.2919437218548366	6672159.042454516
1.2940969613912614	6340355.678884229
1.2962537896602468	6035046.2110929
1.298414212643014	5718847.6092384085
1.3005782363307525	5372572.370772441
1.302745866724637	5031641.502241008
1.304917109835845	4759205.45299311
1.3070919716855713	4532928.972035742
1.3092704583050472	4268626.050871643
1.3114525757355557	3944869.0734834494
1.3136383300284484	3644271.2779406765
1.3158277272451624	3451566.2702312977
1.3180207734572378	3299759.2477396308
1.3202174747463333	3061601.9406553106
1.3224178372042439	2728163.315318678
1.3246218669329177	2306289.725974388
1.3268295700444726	1737720.0033176774
1.3290409526612135	1160438.1743679289
1.3312560209156488	759360.8433861837
1.3334747809505083	491861.9596642686
1.3356972389187591	292645.50927134545
1.3379234009836238	173938.65182211797
1.3401532733185966	89678.13278645277
1.342386862107461	48920.43064492056
1.344624173544307	31075.66838290428
1.3468652138335475	20107.72532491267
1.3491099891899365	15027.697268427848
1.3513585058385866	10982.490929184421
1.3536107700149842	7300.210641703717
1.3558667879650093	4198.118067060411
1.358126565944951	2904.204022814885
1.360390110221526	2957.4939689687967
1.3626574270718954	3813.8036364984127
1.3649285227836818	5602.15045087453
1.367203403654988	7123.33040272126
1.369482075994413	7337.312353373286
1.3717645461210706	7369.791552101065
1.3740508203646056	10001.468031788281
1.3763409050652133	14958.95595317857
1.3786348065736556	17012.410046493842
1.3809325312512784	12933.769752199749
1.3832340854700305	7813.943986068683
1.3855394756124806	6604.965640892708
1.3878487080718347	7991.153064153767
1.3901617892519544	8638.096364203204
1.3924787255673745	8025.567140310252
1.3947995234433201	7535.093296369529
1.3971241893157258	8108.534182550943
1.399452729631252	9230.56026398967
1.401785150847304	10584.656285081974
1.40412145943205	12105.839443993595
1.4064616618644366	13174.530310327105
1.4088057646342107	13361.677812772048
1.4111537742419344	13406.04113713828
1.4135056971990045	13992.962847219815
1.4158615400276693	14971.877412163349
1.418221309261049	16195.118243701823
1.4205850114431506	17812.928273745274
1.4229526531288894	22203.970346490412
1.425324240884104	33554.24537230365
1.4276997812855778	46456.50870995761
1.4300792809210539	50265.20837350845
1.4324627463892556	45733.465451793476
1.4348501842999046	42831.94127597503
1.4372416012737377	44923.00702995278
1.4396370039425272	51436.134668669336
1.442036398949098	68333.72841331355
1.4444397929473467	92720.61001872757
1.4468471926022592	123310.47197528518
1.4492586045899296	161224.02800527515
1.4516740355975797	202183.75826182464
1.4540934923235755	246920.08190615923
1.4565169814774481	287453.5196212531
1.4589445097799105	296781.4944897805
1.4613760839628773	277762.0165156336
1.4638117107694821	254852.66704144847
1.466251396954098	231506.4708211903
1.4686951492823548	214474.7167391368
1.471142974531159	220526.03608431702
1.4735948794887108	241353.841333951
1.4760508709545253	263429.76821386087
1.4785109557394496	285611.419916652
1.4809751406656821	304441.3462475595
1.4834434325667916	314928.50973410835
1.4859158382877364	326056.6500497101
1.4883923646848827	359270.36187065975
1.490873018626024	412640.9545469081
1.493357806990401	474750.3597571347
1.4958467366687183	547595.7568183481
1.4983398145631663	617823.3347804405
1.5008370475874384	667543.2588142703
1.5033384426667507	702995.0026653777
1.505844006737862	726218.80721677
1.5083537467490917	736157.5647627212
1.5108676696603405	755242.5563268674
1.5133857824431078	802628.9100585378
1.5159080920805128	872097.7899184066
1.518434605567314	990707.9188577535
1.5209653299099262	1150494.5796955486
1.5235002721264426	1302987.5007349954
1.5260394392466536	1435089.5912311638
1.5285828383120648	1568677.590173787
1.5311304763759181	1727224.3589644453
1.5336823605032115	1899852.282615383
1.5362384977707166	2064482.8026983636
1.5387988952670015	2219289.700969613
1.5413635600924465	2390201.580675211
1.5439324993592671	2602995.708452326
1.5465057201915329	2822054.557972246
1.5490832297251855	2985676.029547211
1.5516650351080608	3103614.1757458523
1.5542511434999076	3234302.5506203664
1.5568415620724074	3394371.88982215
1.559436298009195	3560776.243677943
1.5620353585058768	3720111.4613736537
1.5646387507700532	3879606.7436454296
1.567246482021337	4069831.4399480117
1.5698585594913725	4294305.983160293
1.5724749904238582	4492248.708008796
1.5750957820745648	4614687.376470817
1.5777209417113556	4705742.502819894
1.5803504766142082	4794188.475602249
1.5829843940752317	4873668.0050794585
1.5856227013986908	4867831.049147712
1.5882654059010217	4725517.288163668
1.5909125149108567	4531283.499816182
1.5935640357690417	4291862.339489885
1.5962199758286568	4012578.624063014
1.598880342455038	3637024.308465209
1.6015451430257963	3154589.818299121
1.6042143849308395	2664312.599539034
1.6068880755723909	2199593.987346179
1.6095662223650118	1762612.2609307882
1.6122488327356201	1407454.3521890491
1.614935914123513	1121422.328023668
1.6176274739803853	880103.8200857316
1.6203235197703527	698531.443495852
1.62302405896997	549644.9965424063
1.6257290990682536	453239.3547730982
1.6284386475667005	392212.40954423795
1.6311527119793119	371437.5879083577
1.6338712998326108	393476.3539280386
1.6365944186656651	422693.39315342816
1.6393220760301082	451545.96280475747
1.642054279490158	478253.05132538435
1.644791036622642	495914.4464515284
1.6475323550170131	505703.0078907174
1.6502782422753748	506772.9586392667
1.6530287060125004	496100.87956772454
1.6557837538558546	497004.0345845698
1.6585433934456146	542783.1773461895
1.6613076324346907	593536.5659462035
1.6640764784887485	515979.76020147116
1.66684993928623	302662.87197592534
1.6696280225183737	147958.7936776085
1.6724107358892377	166265.50392816597
1.6751980871157197	247402.56781027056
1.6779900839275794	316238.12990418624
1.6807867340674587	370915.5844579501
1.6835880452909044	387684.1296932235
1.6863940253663894	349548.0740229126
1.6892046820753335	298392.8052722637
1.6920200232121256	250190.48360026977
1.694840056584146	205550.34504570116
1.6976647900117863	173492.2331743961
1.700494231328473	155762.81438716725
1.703328388380687	157990.1924664284
1.706167269027988	196889.08140741324
1.709010881143035	242904.39058322116
1.7118592326116067	261513.9418951167
1.714712331332626	260728.57316878735
1.7175701852181804	271624.29334846855
1.7204328021935444	301707.5570549563
1.7233001901972003	318603.12249296217
1.726172357180862	283267.27658238687
1.7290493111094971	225829.34949520565
1.7319310599613464	200406.68077921303
1.7348176117279486	209729.03257704483
1.737708974414162	227923.14581947803
1.7406051560381857	253175.87614665183
1.7435061646315826	279192.9767115666
1.746412008239302	297796.92249112466
1.749322694919701	309270.95024539257
1.7522382327445671	304475.06419701286
1.7551586297991415	277311.1433656617
1.7580838941821402	246143.12451280045
1.761014034005777	218932.01578104275
1.7639490573957866	194503.36607009466
1.7668889724914467	174701.83114734397
1.769833787445599	159872.17830320974
1.7727835104246752	151591.3112275111
1.7757381496087163	154774.29984122686
1.7786977131913975	158509.0289795879
1.7816622093800498	148280.80797009688
1.7846316463956833	127732.85601518794
1.7876060324730094	103893.8300259805
1.7905853758604646	77000.77911345576
1.793569684820232	57129.61041139066
1.7965589676282658	58698.94296335741
1.7995532325743133	69144.29428960723
1.802552487961937	69185.25928156298
1.8055567421085403	58763.17819593639
1.8085660033453879	50973.535075940796
1.8115802800176304	51216.21074759178
1.8145995804843267	54308.16747932908
1.8176239131184673	57787.50949027644
1.820653286306998	60673.9229955504
1.823687708450843	56186.520561123994
1.8267271879649278	41791.97336623175
1.8297717332782029	28143.877757028233
1.8328213528336663	22601.382250533752
1.8358760550883895	22120.13233345293
1.8389358485135368	27976.159767417295
1.8420007415943929	39520.59819889808
1.8450707428303834	48019.670301396865
1.848145860735101	49242.354483323754
1.851226103836326	47466.792344089
1.8543114806760534	43513.52537523274
1.8574019998105136	38004.533297801194
1.8604976698101978	31611.30760794816
1.8635984992598815	24277.19551173608
1.8667044967586481	18478.00546911556
1.8698156709199125	17284.667615434973
1.8729320303714458	21355.09559253493
1.8760535837553982	42265.2860876972
1.879180339728324	77946.00756866825
1.8823123069612047	101564.28242722937
1.8854494941394733	99292.39201210768
1.8885919099630393	91880.0103369943
1.8917395631463112	96619.22528622062
1.8948924624182215	107762.12779058055
1.8980506165222522	104817.21827857768
1.9012140342164559	83057.22518860309
1.9043827242734832	62783.39755159015
1.907556695480606	56684.181593605026
1.9107359566397404	57353.032394350565
1.9139205165674735	59172.02982165463
1.9171103840950858	61559.14033434964
1.9203055680685779	60546.256900112036
1.923506077348692	53295.295442940085
1.92671192081094	44990.93883949574
1.9299231073456249	40034.33351901586
1.9331396458578678	37537.40734905948
1.9363615452676308	37322.31628078229
1.9395888145097437	39833.539334097
1.9428214625339266	43857.250980805635
1.9460594983048167	50245.010240079326
1.9493029308019916	57200.47908064464
1.952551769019995	61554.56316375076
1.9558060219683617	63875.55299441061
1.9590656986716424	70258.12403783457
1.9623308081694284	84183.93894462829
1.9656013595163775	98444.9742644863
1.9688773617822382	106072.20794223025
1.9721588240518755	26364.284652289105
1.975445755425295	141111.11258197116
1.9787381650176707	126110.93802839571
1.9820360619593669	138373.67078643278
1.985339455395966	151459.88359429163
1.9886483544882927	165317.49753285653
1.99196276841244	180978.39506453346
1.9952827063597942	197922.18255260517
1.9986081775370603	211462.2645058292
2.001939191166289	218896.17275703588
2.0052757564848993	225368.1669300841
2.0086178827457077	234812.5770042805
2.011965579216951	245629.5723182632
2.0153188551823122	252910.20222731002
2.01867771994095	255817.26637736725
2.022042182807518	258963.32957936413
2.0254122531121976	264712.90933931764
2.0287879402007176	272338.0212583798
2.0321692534343856	283652.8704522947
2.0355562021901097	298040.0140047502
2.038948795860427	311937.9668036995
2.0423470438535274	324357.3155369539
2.0457509555932836	334767.5067868525
2.049160540519272	339872.26602472144
2.0525758080868046	341985.8030708659
2.0559967677669495	345513.40714768006
2.059423429046561	350872.94292046165
2.0628558014283054	354975.68590489007
2.066293894430686	355339.94591844524
2.0697377175880702	353844.4111196764
2.073187280450717	350949.6167916907
2.0766425925848018	346980.24994200526
2.0801036635724435	343600.13926823443
2.083570503011731	341366.96183981583
2.0870431205167503	338727.9031738558
2.090521525717612	333706.14770236716
2.0940057282604747	327349.31796107587
2.0974957378075754	321467.711179929
2.1009915640372547	316218.82052880875
2.1044932166439834	310746.35877413716
2.10800070533839	304509.17239491735
2.1115140398472874	297765.6979454366
2.1150332299137	290141.7715776007
2.1185582852968894	281826.48056527623
2.1220892157723843	273715.80710856855
2.125626031132005	266074.60255756194
2.1291687411838915	259074.13512787965
2.1327173557525314	253714.43250436487
2.136271884678786	248859.48356306227
2.1398323378199176	241055.46575152694
2.143398725049617	229976.6932055133
2.1469710562580335	220326.17696047094
2.150549341351797	215123.58483955546
2.15413359025405	210158.45428052047
2.1577238129044733	198283.39962230666
2.1613200192593145	181486.0812737149
2.1649222192914133	171079.39770838895
2.1685304229902322	171408.15427439671
2.172144640361883	172249.08218085917
2.175764881429153	165718.8482315393
2.1793911562315347	154852.01066672284
2.183023474825254	142668.49787471598
2.1866618472832964	129005.78915845625
2.1903062836954352	110138.50229836974
2.193956794168261	80633.04088782717
2.197613388825208	50779.54907283507
2.201276077806584	37643.84104153322
2.2049448712695945	37932.43083128947
2.2086197793883775	42136.639639153866
2.212300812354025	50146.76167108571
2.215987980374615	56283.699336036196
2.2196812936752393	53732.08170203838
2.2233807624980315	46523.53154627729
2.227086397102195	39922.0606312011
2.230798207764032	34276.838653325955
2.2345162047769724	29161.304002270746
2.2382403984516004	24839.143599556533
2.2419707991156868	21065.081376725113
2.245707417114213	18362.176227210668
2.249450262809403	16507.171624213184
2.2531993465807525	15067.276141894148
2.256954678825054	14141.79053510969
2.260716269956429	13856.365259929213
2.2644841304063563	15073.094666354691
2.2682582706237007	16856.129251449885
2.2720387010747403	17175.351582286563
2.275825432243198	15911.211917127817
2.27961847463027	14415.631673258127
2.283417838754654	12970.010701802543
2.2872235351525787	11614.404116033496
2.291035574377833	10561.554286480094
2.294853967001796	9969.049700712063
2.298678723613466	11639.89479424048
2.302509854819488	16535.441462986382
2.3063473712441875	21930.28751772529
2.3101912835295946	26455.964479235266
2.314041602335477	29569.4679099602
2.31789833833937	26884.420680198793
2.321761502236602	18427.851200893285
2.3256311047403297	11666.762304797041
2.3295071565815637	10126.505663039767
2.3333896685092	10267.858299454312
2.3372786512900485	9609.100580940652
2.3411741157088657	9488.677712213872
2.3450760725683804	5708.571278037527
2.348984532689328	8794.13276824238
2.3528995069104766	10434.798918224564
2.356821006088661	13793.631156033538
2.360749041098809	17311.11936233995
2.3646836228339736	16662.232912394342
2.3686247622053638	11951.76762898392
2.3725724701423725	9090.222900555294
2.37652675759261	11060.705824926546
2.380487635521931	14581.370018152775
2.3844551149144677	17525.442247219937
2.388429206772659	20040.96358439881
2.39240992211728	22545.63020481757
2.3963972719874755	25109.21307197143
2.400391267440788	28272.490917956537
2.4043919195531895	33031.74569727021
2.408399239419112	38040.25178256906
2.412413238151477	39944.86333116829
2.4164339268817296	38855.17313423711
2.420461316759866	38598.628457838044
2.4244954189544656	40778.7954003334
2.428536244652723	44017.181203575085
2.432583805060478	48119.49893674949
2.4366381114022455	52722.71513168219
2.440699174921249	56572.925479811405
2.4447670068794514	59409.56798417406
2.4488416185575836	63674.67359750349
2.4529230212551796	72355.87799016222
2.457011226290605	82456.3656051098
2.4611062450010897	88551.83213753485
2.465208088742758	90690.40309516295
2.4693167688906628	91936.96128454793
2.4734322968388143	92546.34843912933
2.4775546840002125	92753.13904390522
2.4816839418068795	92242.97691504862
2.4858200817098908	91270.73479273201
2.4899631151794077	88254.87463407125
2.4941130537047065	55614.62038302092
