#wavelength	surface flux
0.6450077295303345	407191.6567209244
0.6472567915916443	641725.7502904257
0.6494921445846558	839495.625325331
0.6517150402069092	971833.5243351922
0.6539263725280762	1109856.5413678563
0.6561272740364075	1255315.4551496608
0.6583186388015747	1411225.7778357563
0.6605015397071838	1578866.8224076803
0.6626768708229065	1751754.818762081
0.6648455858230591	1901067.942895608
0.6670085787773132	1917792.913877098
0.6691668033599854	1612516.5720144727
0.6713210344314575	1413250.9500701781
0.6734722256660461	1978525.3432410532
0.6756211519241333	2815931.375937043
0.6777685880661011	3336724.9771129335
0.6799154281616211	3695450.711109802
0.6820623278617859	4038770.1937186965
0.6842101216316223	4343739.650974365
0.6863595843315125	4533342.4126050575
0.688511312007904	4553472.979805948
0.6906660795211792	4402895.959249508
0.6928245425224304	4197071.391972993
0.6949873566627502	4070896.7531693424
0.6971551775932312	4040058.9495117036
0.6993286609649658	4104069.617490822
0.7015084028244019	4279378.3181463815
0.7036949396133423	4430332.136218093
0.7058889269828796	4463651.392645563
0.7080909013748169	4504183.413016217
0.710301399230957	4615844.995519414
0.712520956993103	4753078.863621583
0.7147500514984131	4917243.445851589
0.7169892191886902	5137363.859986643
0.7192389369010925	5377148.300403168
0.7214996814727783	5568174.034316752
0.723771870136261	5711502.1030506585
0.7260559797286987	5810250.017906461
0.7283523678779602	5823889.319606094
0.7306615710258484	5693500.132990397
0.7329838871955872	5348193.531785598
0.7353196740150452	4833585.507270359
0.7376693487167358	4306530.331888033
0.7400332689285278	3812151.513126462
0.7424117922782898	3389974.360009998
0.7448052167892456	3081681.0436020535
0.7472138404846191	2812423.1910466487
0.7496379613876343	2503848.2587430757
0.7520779371261597	2162547.0103956475
0.7545340061187744	1825760.7756296662
0.7570064663887024	1478562.2184620418
0.7594954967498779	1117349.7528490056
0.7620013952255249	738138.0879084144
0.7645244002342224	362049.2876704507
0.7670646905899048	118642.94013552494
0.7696225643157959	76614.47436695064
0.7721980810165405	226609.31522276354
0.7747915983200073	628454.282605818
0.7774031162261963	1140912.1672519671
0.7800329327583313	1644091.3220994072
0.7826811671257019	2460102.803391889
0.7853479981422424	3497641.7022021986
0.7880334854125977	4386839.32342822
0.7907378077507019	5007515.211325261
0.7934610247612	5180186.845283024
0.7962033748626709	5707800.179572157
0.7989648580551147	7180818.384624855
0.801745593547821	8823519.840753227
0.8045456409454346	10327839.06566916
0.8073651194572449	12072967.559952246
0.8102040886878967	14233566.03003371
0.8130625486373901	16772130.484488482
0.8159406185150146	19437968.712325282
0.8188382983207703	21747633.321114287
0.8217556476593018	24069700.80547595
0.8246926665306091	26704523.07261746
0.8276493549346924	28968155.11611036
0.8306257724761963	30963604.92585757
0.8336219191551208	33241500.618115976
0.8366377949714661	35643959.45462447
0.8396733403205872	37688061.07625764
0.8427285552024841	38104490.94472654
0.8458034992218018	37186951.43706993
0.8488980531692505	36707073.572025515
0.8520121574401855	36767152.80793594
0.8551458716392517	38486647.972172834
0.8582990765571594	40665286.88929123
0.8614717125892639	41083128.000667
0.8646637797355652	40379977.75749934
0.8678751587867737	38902123.561060004
0.8711057901382446	38281244.76289205
0.8743556141853333	40629944.102299705
0.87762451171875	46040561.26985139
0.8809124231338501	52767130.69634079
0.8842192888259888	57826085.45046111
0.8875449895858765	59493493.02675197
0.8908893465995789	59997418.12433102
0.894252359867096	61882735.77808668
0.8976338505744934	67833293.94042745
0.9010337591171265	74584522.5247941
0.9044519662857056	77687382.31117384
0.9078882932662964	81946865.5280581
0.9113426208496094	89613445.39325014
0.914814829826355	97318136.48351556
0.9183048605918884	101865547.39822665
0.9218124747276306	98874245.8726514
0.925337553024292	89503393.3695531
0.9288799166679382	80191116.32773508
0.9324395060539246	76585338.55568637
0.9360161423683167	79456840.0429599
0.9396095871925354	84754597.5473404
0.943219780921936	90543289.06246203
0.9468464851379395	95382234.59487939
0.9504896402359009	99141338.53879339
0.9541489481925964	101363812.00584278
0.9578243494033813	99101859.4206852
0.9615156054496765	97116859.48246925
0.9652225375175476	101027480.6843914
0.9689450263977051	104961481.21871829
0.9726828336715698	104904633.77575745
0.9764357805252075	106667852.1740762
0.9802037477493286	111760837.13104586
0.983986496925354	117430963.72689894
0.9877838492393494	116133755.78127103
0.9915955662727356	101877304.10847607
0.9954215884208679	94374321.73950486
0.9992615580558777	100533694.48869596
1.0031154155731201	107656002.08867612
1.0069829225540161	115992896.81689598
1.0108637809753418	126146995.83676441
1.0147579908370972	133395158.46646793
1.018665075302124	138493300.61780924
1.022585153579712	141847824.54938382
1.0265177488327026	138173526.74462312
1.0304628610610962	137883906.68431857
1.0344202518463135	149524044.54315802
1.0383895635604858	164287614.87815005
1.0423706769943237	173314433.13636535
1.0463634729385376	170790661.21063778
1.0503677129745483	160165421.13143247
1.0543830394744873	151459483.66143483
1.058409333229065	149429825.2422438
1.0624464750289917	155772261.56194428
1.0664942264556885	165562608.40019953
1.0705522298812866	176121846.80051804
1.0746204853057861	193252547.66169333
1.0786986351013184	215502897.205655
1.0827864408493042	235000169.8926461
1.086883783340454	243855360.3428555
1.0909905433654785	241228071.9967657
1.0951062440872192	230776044.1893951
1.0992310047149658	216852867.2725958
1.10336434841156	198675593.87855127
1.1075061559677124	180823786.44231656
1.1116561889648438	173322692.88442072
1.115814208984375	171639064.853663
1.1199802160263062	174373396.7557911
1.124153733253479	186300878.300158
1.1283347606658936	193895362.9365117
1.1325229406356812	181548539.48612967
1.1367181539535522	163442033.7609734
1.1409201622009277	160157213.9930621
1.145128846168518	177270818.63150498
1.1493438482284546	200442912.49527147
1.1535650491714478	208136358.60814312
1.1577922105789185	209397025.06640208
1.1620250940322876	210894745.97911793
1.1662636995315552	197923420.9074304
1.170507550239563	180355448.90964794
1.174756646156311	169510820.6502824
1.1790107488632202	171599666.47749835
1.1832695007324219	194378343.64314362
1.1875330209732056	217174100.67608646
1.191800832748413	227886404.1778859
1.1960728168487549	226945586.17150036
1.2003488540649414	224449588.23852038
1.2046287059783936	237028762.9545121
1.2089121341705322	252947116.19998708
1.2131990194320679	269368905.6463125
1.2174891233444214	287354734.8963632
1.2217823266983032	300299340.03387547
1.2260783910751343	320879768.475754
1.230377197265625	339848406.8367567
1.2346785068511963	340086938.21640986
1.238982081413269	315137176.8908423
1.2432878017425537	284375609.97327065
1.2475954294204712	280567034.40234405
1.2519049644470215	283301166.41008383
1.256216049194336	296715232.8009419
1.2605286836624146	324555437.65034175
1.2648425102233887	344454970.7618785
1.2691574096679688	361539213.3947255
1.2734732627868652	372526573.7429286
1.2777899503707886	383329268.56113017
1.2821072340011597	390089867.5637046
1.2864248752593994	375264430.8838193
1.2907428741455078	358484225.02635574
1.2950609922409058	358952451.7331248
1.2993791103363037	365857042.05981636
1.303696870803833	369774731.8811082
1.3080145120620728	367044116.64783657
1.3123314380645752	362131575.3897781
1.3166478872299194	352609567.5806872
1.3209635019302368	328408074.249516
1.3252781629562378	290940849.0897754
1.3295916318893433	235096182.71605918
1.3339040279388428	165078258.9904278
1.3382149934768677	113575987.73087753
1.3425244092941284	90902742.7463117
1.3468321561813354	79909871.97143964
1.3511382341384888	70859035.48872757
1.3554422855377197	63174100.95030507
1.3597444295883179	59307012.42470976
1.3640443086624146	59081778.07252765
1.3683418035507202	58214161.59018532
1.3726370334625244	56055877.37796246
1.3769296407699585	57509037.860465094
1.381219506263733	61146295.75797877
1.3855066299438477	63410504.54738284
1.3897908926010132	63098166.93723246
1.3940720558166504	60441144.022599496
1.3983501195907593	58024423.07086292
1.4026249647140503	56689402.29246014
1.4068963527679443	53979043.71742033
1.4111642837524414	51055294.75824508
1.4154287576675415	49360119.0323933
1.419689416885376	47672545.34900116
1.4239463806152344	46919293.543924905
1.4281994104385376	47745739.5728639
1.4324485063552856	49492101.8391232
1.436693549156189	51823637.74891996
1.440934419631958	53945981.67705299
1.4451709985733032	56339576.053156726
1.449403166770935	61650917.98167418
1.453631043434143	68228273.85835195
1.4578542709350586	71626151.4669388
1.4620729684829712	71685362.13477272
1.4662868976593018	70543344.12530465
1.4704961776733398	69999947.97874287
1.4747005701065063	72597250.07144137
1.4788999557495117	76569194.73256667
1.4830944538116455	79281011.40653127
1.4872838258743286	82144279.59517951
1.491468071937561	84876848.26522046
1.4956470727920532	88220642.66781716
1.4998208284378052	91667908.69960088
1.5039892196655273	93975363.3184838
1.5081522464752197	98419763.295561
1.5123097896575928	105069058.8057307
1.5164618492126465	110227034.98184736
1.5206083059310913	113656058.76947051
1.5247491598129272	116901344.899534
1.5288842916488647	120333522.90779294
1.5330137014389038	123906959.73373924
1.5371372699737549	128838820.09866814
1.541254997253418	135311039.17488495
1.545366883277893	142164446.37492454
1.5494728088378906	148563596.75381467
1.5535727739334106	151738499.2725403
1.5576666593551636	152005605.52145022
1.561754584312439	155449328.75658143
1.5658363103866577	164634611.0627845
1.5699119567871094	175201841.5553893
1.5739814043045044	182597452.67210695
1.5780447721481323	186535801.59862033
1.582101821899414	191966203.65071377
1.5861525535583496	200773666.85266685
1.5901970863342285	208008555.80839878
1.5942351818084717	214032903.7002187
1.5982669591903687	219251242.79657215
1.6022924184799194	222505432.24877512
1.606311559677124	225978307.6465326
1.6103241443634033	228539009.81804237
1.6143304109573364	231112756.71199676
1.6183301210403442	233620769.86693406
1.6223233938217163	234927831.6422849
1.6263102293014526	237120023.77301624
1.6302905082702637	240014666.25954866
1.634264349937439	244646003.34992248
1.638231635093689	251484722.81384602
1.6421923637390137	257683975.27897376
1.646146535873413	263698582.40760976
1.6500942707061768	269261999.0395625
1.6540353298187256	272895579.8633386
1.6579699516296387	274327677.09170496
1.661897897720337	273652713.1378007
1.6658192873001099	270654690.20498127
1.6697341203689575	267424346.95389628
1.6736423969268799	269395656.14689666
1.677544116973877	276864947.689089
1.6814392805099487	283356081.5443804
1.6853278875350952	282801630.4192269
1.6892099380493164	276139382.9379015
1.6930854320526123	265630233.83915195
1.696954369544983	255027801.64845443
1.7008168697357178	249291054.1049226
1.7046726942062378	243873452.20184517
1.708522081375122	233746327.7857218
1.712364912033081	220057663.02082148
1.7162011861801147	205095202.95289898
1.7200311422348022	193530670.96564734
1.723854422569275	187540560.08686453
1.7276713848114014	181799354.95187333
1.731481909751892	173669707.67172188
1.7352858781814575	166721227.01061913
1.7390835285186768	161656173.92959112
1.7428747415542603	155964787.1670101
1.7466596364974976	149547706.599717
1.7504380941390991	144679870.7440774
1.7542102336883545	140176579.74678648
1.7579760551452637	134317410.55385706
1.7617355585098267	129058647.93943116
1.7654887437820435	123252022.23846154
1.7692357301712036	113509950.99157728
1.7729763984680176	105763986.10077725
1.776710867881775	102783477.4073508
1.7804391384124756	99784334.89841422
1.7841613292694092	94563663.65845527
1.7878772020339966	88307220.02265078
1.7915871143341064	84904006.99821259
1.7952908277511597	83719618.13567178
1.7989884614944458	81014812.14138342
1.8026801347732544	76573608.22099616
1.806365728378296	72793784.91567296
1.8100452423095703	73389949.32051395
1.8137187957763672	76521659.36965483
1.817386507987976	74215701.12677856
1.8210482597351074	70738522.07798384
1.8247040510177612	70825622.91681501
1.828354001045227	70194893.09458609
1.8319982290267944	68068171.9779353
1.8356364965438843	65676632.627357446
1.8392690420150757	63881248.93058384
1.8428958654403687	60602191.55379792
1.8465168476104736	57519254.73453839
1.8501322269439697	57390992.93257778
1.8537418842315674	56078806.49155764
1.8573459386825562	52089018.07349878
1.860944390296936	48695130.79934337
1.864537239074707	49389244.082390524
1.8681244850158691	53595827.542868055
1.871706247329712	56475630.4279269
1.8752825260162354	56308325.35223307
1.8788533210754395	57776123.11489481
1.8824186325073242	62408515.70211704
1.8859784603118896	65262654.96595561
1.8895330429077148	64291328.51885764
1.8930821418762207	63089276.681661546
1.8966259956359863	64294219.106873006
1.9001644849777222	65773967.64084428
1.9036977291107178	66612386.910056084
1.9072256088256836	67231561.11360165
1.9107483625411987	68771171.77816689
1.9142658710479736	71180263.48730554
1.9177782535552979	69862239.4518067
1.9212853908538818	66209974.66837316
1.9247875213623047	65787056.010143355
1.9282845258712769	66525676.99086689
1.9317764043807983	65219144.627625644
1.9352631568908691	62814324.45130916
1.9387450218200684	59190757.466466986
1.942221760749817	58575508.941502504
1.9456936120986938	62509209.0906673
1.9491604566574097	64977170.19159436
1.952622413635254	63373202.33532917
1.956079363822937	61279417.73580694
1.959531545639038	62406091.35455802
1.962978720664978	63207869.862916686
1.966421127319336	62800325.50495954
1.9698586463928223	63648596.15966927
1.9732913970947266	64081672.15039743
1.9767193794250488	64628285.817409694
1.9801424741744995	64965649.371416315
1.9835609197616577	64303133.38001068
1.9869745969772339	63559276.36529176
1.990383505821228	63194824.52441034
1.9937876462936401	65434292.22672235
1.9971871376037598	67426770.70047995
2.000581979751587	67294238.24615768
2.003972291946411	67559752.00321518
2.007357597351074	68449612.88301879
2.0107386112213135	70082573.57756224
2.0141148567199707	71385081.20839678
2.017486572265625	71681298.59668107
2.0208535194396973	73891827.70903191
2.0242159366607666	76768773.76108915
2.027573823928833	77559666.01105799
2.0309269428253174	78081868.41997218
2.034275770187378	79210815.82599482
2.0376198291778564	81189606.20276722
2.040959596633911	83648057.43270767
2.044294595718384	85889190.41125776
2.0476250648498535	87611311.6460802
2.0509510040283203	88098399.34802969
2.054272413253784	88665238.62091224
2.057589530944824	91100490.40435351
2.0609018802642822	92914726.80658323
2.0642096996307373	93301880.25836752
2.0675129890441895	95830033.17562944
2.0708119869232178	98814224.83369754
2.074106216430664	99817113.47679831
2.0773961544036865	100710546.8447126
2.080681324005127	101869896.21934618
2.0839622020721436	102617160.21655767
2.087238311767578	103804742.66703926
2.090510129928589	105942152.50821492
2.0937774181365967	107882027.78012612
2.0970399379730225	109110651.57121941
2.1002981662750244	110196959.76631987
2.1035518646240234	111210824.53062195
2.1068007946014404	112044469.74225861
2.1100454330444336	113363630.86492914
2.1132853031158447	114913309.18753581
2.116520881652832	116019145.89016935
2.1197516918182373	117101198.30859496
2.1229779720306396	117997472.27380382
2.12619948387146	118005820.2050243
2.1294167041778564	117799358.13033989
2.132629156112671	118678122.84484978
2.1358368396759033	119502905.67293514
2.139039993286133	119271948.61506763
2.1422386169433594	119474837.51298514
2.145432472229004	119866448.91095322
2.1486217975616455	119295132.38350917
2.151806354522705	118348594.9358275
2.1549863815307617	117771313.03714116
2.1581614017486572	117497449.73940264
2.16133189201355	117179260.54433945
2.1644976139068604	116713715.73292784
2.167658567428589	115828028.07862265
2.1708147525787354	114320261.21990621
2.173966407775879	112692453.02731244
2.1771130561828613	111414652.71718426
2.1802549362182617	110211016.51880127
2.183391809463501	108474313.01367351
2.1865241527557373	106367759.63106383
2.1896514892578125	104081148.18710652
2.1927738189697266	100579921.8040082
2.1958916187286377	95449145.60274555
2.1990041732788086	89486027.9002387
2.2021119594573975	83514961.95032094
2.2052149772644043	79378875.59303634
2.208312749862671	79017215.5420561
2.2114057540893555	81291361.20426112
2.214493751525879	83504204.1677536
2.217576742172241	84431532.49117985
2.2206547260284424	84882668.26274501
2.2237277030944824	85532290.68544805
2.2267956733703613	85031857.85334866
2.2298583984375	82938941.77052252
2.2329163551330566	80589267.68601745
2.235969066619873	78832450.24855621
2.2390167713165283	77550493.39268854
2.2420592308044434	76195615.65313488
2.2450966835021973	74625937.02398813
2.248128890991211	73067305.99105938
2.2511560916900635	71503085.72634679
2.254178285598755	70054239.51389064
2.257194995880127	69122747.31685154
2.260206699371338	68542281.54282202
2.2632133960723877	67708752.2681483
2.266214609146118	66426575.41242814
2.2692108154296875	65059763.46560785
2.2722020149230957	64248748.42714634
2.2751877307891846	63813420.829335324
2.278168201446533	62870532.29141341
2.2811436653137207	61316778.34670931
2.284113883972168	59545563.643629186
2.287078857421875	57561442.88904646
2.290038824081421	54638961.647441335
2.2929933071136475	49760798.16013239
2.295942783355713	44831364.11592983
2.298887014389038	43811149.6560541
2.301826238632202	46625481.13461289
2.304760217666626	50431975.64415151
2.3076889514923096	53583149.28167919
2.310612440109253	55100727.32523737
2.3135311603546143	54014391.52515831
2.3164443969726562	50344586.532988146
2.319352865219116	45591052.43751918
2.322256088256836	41359020.28600842
2.3251543045043945	38757847.76171333
2.328047275543213	37565443.13851058
2.330935478210449	36653127.40338611
2.3338186740875244	35817115.38444744
2.3366971015930176	35482692.582788676
2.3395702838897705	35892560.34547716
2.3424389362335205	36966316.58529392
2.3453025817871094	37978027.89612998
2.348161458969116	38362099.21913181
2.351015567779541	38724002.06841469
2.353865146636963	39604022.02600642
2.3567099571228027	40475098.90158918
2.3595502376556396	41034455.57907328
2.3623859882354736	42043996.58385785
2.3652172088623047	43500034.22485342
2.368043899536133	43395348.08781234
2.370866537094116	40810107.89575482
2.3736846446990967	37625907.523178145
2.3764986991882324	35391530.70067413
2.3793084621429443	34223613.45013585
2.3821144104003906	34102285.80393206
2.384916305541992	35198210.19306163
2.387714147567749	37381636.68434893
2.3905084133148193	39784224.23972103
2.393299102783203	41746118.84097853
2.3960859775543213	43271145.5616653
2.398869514465332	44359647.968163736
2.4016497135162354	44708255.15868825
2.4044265747070312	44189319.54003983
2.407200336456299	43489130.99729773
2.409970998764038	43240821.38358292
2.4127390384674072	43061513.51479248
2.415503978729248	42427321.56960672
2.418266534805298	41684222.56298343
2.4210267066955566	41441732.838597424
2.4237842559814453	41606001.74370541
2.426539897918701	41734338.48490509
2.429293394088745	41470358.13605213
2.4320452213287354	40418843.88264278
2.4347951412200928	38939641.33457582
2.4375438690185547	38336936.576055266
2.440291166305542	38961459.94745568
2.443037271499634	39746049.86934307
2.445782423019409	39938467.715725325
2.4485268592834473	39427331.75698728
2.451270818710327	38295114.19446086
2.454014539718628	37350452.06746985
2.4567582607269287	37494628.47765623
2.4595019817352295	38337195.48283438
2.4622461795806885	38940380.55733708
2.4649908542633057	38960737.35130255
2.4677364826202393	38265418.208489865
2.4704833030700684	37059255.78187628
2.473231554031372	36209780.46960484
2.4759814739227295	36184129.75901825
2.4787333011627197	36588911.42209375
2.481487512588501	36972266.218080364
2.4842441082000732	36780937.77115494
2.4870035648345947	35404642.71899154
2.4897661209106445	33629774.6767693
2.492532253265381	33257377.07320611
2.495302200317383	34274337.20370696
2.4980762004852295	34703633.55925172
2.500854969024658	33704841.40882691
2.50363826751709	32515668.19834386
2.506427049636841	32140174.92387136
2.509221315383911	32009144.07159658
2.512021541595459	31257296.895487383
2.5148282051086426	30104548.078615483
2.517641544342041	29339951.729489166
2.5204622745513916	29170977.50044112
2.5232906341552734	29373768.099474434
2.5261268615722656	29693202.78385727
2.5289716720581055	29504435.989337835
2.531825542449951	28376027.99777843
2.534688949584961	27077444.73817002
2.537562131881714	26623502.653516132
2.540445566177368	26778559.243816104
2.5433402061462402	26703628.203830972
2.546246290206909	26323075.172843274
2.549164056777954	26178129.197546255
2.5520944595336914	24688008.253681313
2.5550382137298584	19700131.23093962
