#wavelength	surface flux
0.6450077295303345	5867020.819519832
0.6472567915916443	8291051.403711265
0.6494921445846558	8572664.442859232
0.6517150402069092	8450675.068931663
0.6539263725280762	9210430.195231352
0.6561272740364075	8757753.053569837
0.6583186388015747	7716846.079718311
0.6605015397071838	7030343.157326945
0.6626768708229065	6262542.012162684
0.6648455858230591	5535689.3616673965
0.6670085787773132	5131429.868925242
0.6691668033599854	4928291.615904977
0.6713210344314575	4787069.342993464
0.6734722256660461	4843863.920631543
0.6756211519241333	5301444.157704443
0.6777685880661011	5928937.865127298
0.6799154281616211	6559516.17015925
0.6820623278617859	7559447.182099235
0.6842101216316223	8693661.856877532
0.6863595843315125	9579827.438246502
0.688511312007904	10819932.45220969
0.6906660795211792	12460134.32354898
0.6928245425224304	13886654.413582852
0.6949873566627502	16022228.053263174
0.6971551775932312	19365472.551854204
0.6993286609649658	22422862.40353056
0.7015084028244019	25458149.84794811
0.7036949396133423	26834973.93071284
0.7058889269828796	21403828.24962739
0.7080909013748169	13558284.509780802
0.710301399230957	10008986.590748673
0.712520956993103	8929967.963506818
0.7147500514984131	8524030.113200426
0.7169892191886902	9378725.693402871
0.7192389369010925	10875586.84767726
0.7214996814727783	12613335.594421392
0.723771870136261	16952287.189576346
0.7260559797286987	24299106.31559689
0.7283523678779602	34746594.98228694
0.7306615710258484	52093361.09905639
0.7329838871955872	72819349.54825565
0.7353196740150452	88461273.34466766
0.7376693487167358	100053517.46674556
0.7400332689285278	104972514.1370253
0.7424117922782898	100442053.88876295
0.7448052167892456	94169354.50225526
0.7472138404846191	93131915.37508026
0.7496379613876343	98860478.56028238
0.7520779371261597	112202572.471236
0.7545340061187744	133286890.2901234
0.7570064663887024	140294672.99554238
0.7594954967498779	117972657.23259875
0.7620013952255249	90407300.63897218
0.7645244002342224	67179100.38666616
0.7670646905899048	44950996.48381313
0.7696225643157959	36830285.647810906
0.7721980810165405	44686784.70504535
0.7747915983200073	53222102.87453951
0.7774031162261963	57388636.094012976
0.7800329327583313	66263843.38605998
0.7826811671257019	71869250.6898069
0.7853479981422424	68849899.47502942
0.7880334854125977	67648973.66572995
0.7907378077507019	63326068.478481434
0.7934610247612	55580455.61251401
0.7962033748626709	54758960.43885786
0.7989648580551147	60860345.237989396
0.801745593547821	77441021.765115
0.8045456409454346	108397150.81457335
0.8073651194572449	156573832.1020377
0.8102040886878967	231353976.44034
0.8130625486373901	326756014.2259946
0.8159406185150146	410785405.8479987
0.8188382983207703	423572102.0674652
0.8217556476593018	364493366.8496179
0.8246926665306091	325249769.59673935
0.8276493549346924	303816340.65445286
0.8306257724761963	272498708.9755287
0.8336219191551208	263637855.04880857
0.8366377949714661	265349288.52921018
0.8396733403205872	259753100.2344657
0.8427285552024841	214409203.398842
0.8458034992218018	133610107.9196068
0.8488980531692505	91873347.03909758
0.8520121574401855	96995380.41296157
0.8551458716392517	111377533.55247201
0.8582990765571594	124666739.79352753
0.8614717125892639	140130526.22044814
0.8646637797355652	158084573.323372
0.8678751587867737	176473388.3379262
0.8711057901382446	204267036.406684
0.8743556141853333	244880737.5172927
0.87762451171875	301864827.87576735
0.8809124231338501	365034231.6690464
0.8842192888259888	379220084.7233706
0.8875449895858765	324456724.8655678
0.8908893465995789	295848456.7944722
0.894252359867096	322246753.22381514
0.8976338505744934	374003697.22869635
0.9010337591171265	452267930.368126
0.9044519662857056	540604133.7005386
0.9078882932662964	647438618.7013156
0.9113426208496094	762782551.1722292
0.914814829826355	868129121.5010338
0.9183048605918884	888595460.2248455
0.9218124747276306	727424510.8627689
0.925337553024292	526520949.8510194
0.9288799166679382	434364085.96440315
0.9324395060539246	417026245.05986
0.9360161423683167	439970505.440483
0.9396095871925354	479619567.3002109
0.943219780921936	519015957.0097861
0.9468464851379395	558198465.9143378
0.9504896402359009	583890343.5544567
0.9541489481925964	583427366.9743388
0.9578243494033813	571630509.6902137
0.9615156054496765	566127068.8162396
0.9652225375175476	588139212.7659436
0.9689450263977051	624982454.9672087
0.9726828336715698	636119138.6272252
0.9764357805252075	653261581.3967454
0.9802037477493286	696765136.3477187
0.983986496925354	751330671.4748187
0.9877838492393494	811937737.1106144
0.9915955662727356	846980931.4735453
0.9954215884208679	896382725.8227446
0.9992615580558777	949049557.4738729
1.0031154155731201	956266052.4525766
1.0069829225540161	974210329.3567594
1.0108637809753418	1028256641.395769
1.0147579908370972	1057078133.099678
1.018665075302124	1064894953.7364994
1.022585153579712	1090557907.8511972
1.0265177488327026	1106104673.6958776
1.0304628610610962	1133447372.5110004
1.0344202518463135	1189906035.1649485
1.0383895635604858	1237270534.7158122
1.0423706769943237	1239582301.0948377
1.0463634729385376	1145060237.5599961
1.0503677129745483	974641574.8621604
1.0543830394744873	825291272.7148943
1.058409333229065	763471437.452006
1.0624464750289917	814478268.5121915
1.0664942264556885	937043326.0104612
1.0705522298812866	1075772192.9855058
1.0746204853057861	1204425766.257212
1.0786986351013184	1308651138.2404878
1.0827864408493042	1386879133.694342
1.086883783340454	1420679347.9116151
1.0909905433654785	1407652373.086527
1.0951062440872192	1368293274.0863817
1.0992310047149658	1306056098.317003
1.10336434841156	1196849863.4015696
1.1075061559677124	1100094853.4790955
1.1116561889648438	1093776637.9296627
1.115814208984375	1116506784.7699242
1.1199802160263062	1134799431.1050382
1.124153733253479	1182129092.177338
1.1283347606658936	1217149465.120752
1.1325229406356812	1196477473.7319415
1.1367181539535522	1167194838.0471358
1.1409201622009277	1173007968.5075414
1.145128846168518	1207723739.993252
1.1493438482284546	1243332025.6339622
1.1535650491714478	1256036118.7328928
1.1577922105789185	1258568618.4939656
1.1620250940322876	1262862191.6767993
1.1662636995315552	1248723909.902124
1.170507550239563	1198958087.1232638
1.174756646156311	1120123593.8245034
1.1790107488632202	1046312058.0544279
1.1832695007324219	1011587288.3828138
1.1875330209732056	1008207617.8942205
1.191800832748413	1028971718.378605
1.1960728168487549	1072907083.0760247
1.2003488540649414	1129537400.0288672
1.2046287059783936	1193015846.980046
1.2089121341705322	1250767178.2912679
1.2131990194320679	1304092973.1260078
1.2174891233444214	1355261790.1463387
1.2217823266983032	1394677306.6752112
1.2260783910751343	1426264719.4790025
1.230377197265625	1450912274.261167
1.2346785068511963	1462333031.3199608
1.238982081413269	1440045140.820084
1.2432878017425537	1393178797.1421201
1.2475954294204712	1387169635.3258498
1.2519049644470215	1406667673.7976592
1.256216049194336	1398917501.8535576
1.2605286836624146	1391964546.2569406
1.2648425102233887	1406587833.7058704
1.2691574096679688	1420953382.908441
1.2734732627868652	1431881083.6642005
1.2777899503707886	1449169245.782095
1.2821072340011597	1459309604.5569518
1.2864248752593994	1460430823.0278986
1.2907428741455078	1471556948.6123116
1.2950609922409058	1489273522.7884924
1.2993791103363037	1497450682.7751427
1.303696870803833	1492539756.5653694
1.3080145120620728	1471369057.6002398
1.3123314380645752	1441702870.9860506
1.3166478872299194	1416443751.556144
1.3209635019302368	1384910919.467315
1.3252781629562378	1319193246.1625426
1.3295916318893433	1176266137.5787232
1.3339040279388428	962866140.210699
1.3382149934768677	797789814.2247728
1.3425244092941284	726912072.7720709
1.3468321561813354	697165615.3783538
1.3511382341384888	674350140.3921125
1.3554422855377197	643467529.4226167
1.3597444295883179	614477313.4467919
1.3640443086624146	594236299.5851371
1.3683418035507202	574321570.9456452
1.3726370334625244	556934156.6334374
1.3769296407699585	566870372.8326583
1.381219506263733	591932088.7132155
1.3855066299438477	598869140.6767881
1.3897908926010132	578632971.1178437
1.3940720558166504	551653061.99417
1.3983501195907593	534506364.4689458
1.4026249647140503	523940043.35079545
1.4068963527679443	508250939.5184253
1.4111642837524414	484253141.52963024
1.4154287576675415	462826176.5953563
1.419689416885376	449193524.09180313
1.4239463806152344	439267668.4598677
1.4281994104385376	433173561.28998953
1.4324485063552856	436319904.4871768
1.436693549156189	445089494.06978106
1.440934419631958	456357812.0847187
1.4451709985733032	468043038.4646279
1.449403166770935	481592996.5689583
1.453631043434143	494690426.69598544
1.4578542709350586	499581859.6796439
1.4620729684829712	493167265.8783511
1.4662868976593018	480572526.3214884
1.4704961776733398	471440130.30304265
1.4747005701065063	473731805.3133248
1.4788999557495117	482664600.90206844
1.4830944538116455	492176147.5635028
1.4872838258743286	500839232.85672903
1.491468071937561	505344687.54678524
1.4956470727920532	512851717.8152529
1.4998208284378052	521190343.7143529
1.5039892196655273	528604793.165487
1.5081522464752197	541124811.1326699
1.5123097896575928	556337418.6057723
1.5164618492126465	568026037.0817901
1.5206083059310913	576300311.5193319
1.5247491598129272	581554161.8696008
1.5288842916488647	586476305.0575083
1.5330137014389038	593962556.3855368
1.5371372699737549	601489134.0756631
1.541254997253418	611019802.3583525
1.545366883277893	625843683.9275191
1.5494728088378906	641103208.6243545
1.5535727739334106	648522596.4938782
1.5576666593551636	652324140.4724371
1.561754584312439	665714656.0137291
1.5658363103866577	686438268.4349453
1.5699119567871094	703043755.3616592
1.5739814043045044	716300357.5157791
1.5780447721481323	727763271.8969805
1.582101821899414	741550487.7320337
1.5861525535583496	757865550.0070623
1.5901970863342285	770336115.2523628
1.5942351818084717	784228651.9744719
1.5982669591903687	799760905.4606203
1.6022924184799194	810287848.3631601
1.606311559677124	820331066.4470271
1.6103241443634033	832143215.2203481
1.6143304109573364	846352708.972712
1.6183301210403442	857766567.017662
1.6223233938217163	865672006.704917
1.6263102293014526	876606261.6346525
1.6302905082702637	887504392.3386366
1.634264349937439	898721275.7989494
1.638231635093689	910939707.0268494
1.6421923637390137	921162786.8912568
1.646146535873413	931652280.5908718
1.6500942707061768	938361689.5331897
1.6540353298187256	945341936.8764848
1.6579699516296387	953251230.1043923
1.661897897720337	958761755.5097212
1.6658192873001099	968123014.1329628
1.6697341203689575	975456997.5266002
1.6736423969268799	982866191.5661104
1.677544116973877	993263394.5413312
1.6814392805099487	997328664.7390337
1.6853278875350952	988182824.6088063
1.6892099380493164	973116929.3967417
1.6930854320526123	960419686.3710246
1.696954369544983	944951616.166312
1.7008168697357178	929981021.3043928
1.7046726942062378	909584801.2340529
1.708522081375122	876536302.7807118
1.712364912033081	839516788.466904
1.7162011861801147	800755658.0567114
1.7200311422348022	774407715.709325
1.723854422569275	767234257.5909346
1.7276713848114014	759332930.3721894
1.731481909751892	738744298.1666976
1.7352858781814575	717575499.666131
1.7390835285186768	709212563.8166025
1.7428747415542603	699814939.570408
1.7466596364974976	681522302.1349425
1.7504380941390991	665006631.6831596
1.7542102336883545	646465115.4580514
1.7579760551452637	625122355.4172473
1.7617355585098267	614333896.5388314
1.7654887437820435	607854759.0361495
1.7692357301712036	588373965.0257198
1.7729763984680176	559662448.4418241
1.776710867881775	536499365.91120505
1.7804391384124756	526296530.53791267
1.7841613292694092	518275300.2748028
1.7878772020339966	503293175.8951786
1.7915871143341064	489383707.3976628
1.7952908277511597	479752157.794029
1.7989884614944458	464968180.8202402
1.8026801347732544	448793460.00277007
1.806365728378296	439145228.00933063
1.8100452423095703	434171200.9838284
1.8137187957763672	442357187.68311346
1.817386507987976	440687119.58644086
1.8210482597351074	426397926.64877355
1.8247040510177612	426113019.3879028
1.828354001045227	424369236.00118494
1.8319982290267944	413779032.84646374
1.8356364965438843	407921874.0372728
1.8392690420150757	401189022.40301377
1.8428958654403687	382391332.3686115
1.8465168476104736	362626190.6904862
1.8501322269439697	360931400.916765
1.8537418842315674	360351176.76425207
1.8573459386825562	335515621.72233206
1.860944390296936	318887315.73673606
1.864537239074707	331930034.48765343
1.8681244850158691	348451591.7073452
1.871706247329712	352024690.3789324
1.8752825260162354	345282182.7942534
1.8788533210754395	345867941.80399865
1.8824186325073242	365456078.1762323
1.8859784603118896	379199629.90127075
1.8895330429077148	370349101.6343901
1.8930821418762207	357502456.822947
1.8966259956359863	363571702.0491754
1.9001644849777222	379222685.00557953
1.9036977291107178	383020340.14415264
1.9072256088256836	379576009.2764626
1.9107483625411987	377873203.2635717
1.9142658710479736	379718132.44686127
1.9177782535552979	378452010.1007778
1.9212853908538818	376755966.81200784
1.9247875213623047	374418502.913393
1.9282845258712769	368385338.6272838
1.9317764043807983	367094917.78644365
1.9352631568908691	371847873.46328485
1.9387450218200684	370737241.8274918
1.942221760749817	367699350.68179137
1.9456936120986938	371871763.6408456
1.9491604566574097	372769494.89692414
1.952622413635254	366442623.60847205
1.956079363822937	365656390.52763844
1.959531545639038	372291409.5138434
1.962978720664978	371672965.39423573
1.966421127319336	369906593.2737346
1.9698586463928223	372988483.5774942
1.9732913970947266	369311313.23948616
1.9767193794250488	361896926.9472312
1.9801424741744995	356838197.14695215
1.9835609197616577	351795397.4788988
1.9869745969772339	347126714.73036593
1.990383505821228	344701001.75600374
1.9937876462936401	348065384.38582295
1.9971871376037598	345031418.11903256
2.000581979751587	337300351.41320115
2.003972291946411	339025803.65523314
2.007357597351074	343468000.4894082
2.0107386112213135	342246803.8044883
2.0141148567199707	338936909.0544105
2.017486572265625	336089203.66575295
2.0208535194396973	339883452.05205166
2.0242159366607666	346529157.5048532
2.027573823928833	344452647.27216274
2.0309269428253174	345414118.2159914
2.034275770187378	348325987.849578
2.0376198291778564	344746504.13229734
2.040959596633911	342670066.489536
2.044294595718384	346492323.4913907
2.0476250648498535	350505041.2188965
2.0509510040283203	350073761.5732535
2.054272413253784	351435959.94718516
2.057589530944824	359479556.8657923
2.0609018802642822	358451587.07169086
2.0642096996307373	350804801.3510269
2.0675129890441895	357507708.713308
2.0708119869232178	364549950.37978953
2.074106216430664	363184256.83710825
2.0773961544036865	366380314.33427346
2.080681324005127	370562222.63473576
2.0839622020721436	372546311.7097561
2.087238311767578	375511366.335827
2.090510129928589	380778415.7311179
2.0937774181365967	384191118.3006292
2.0970399379730225	385945598.2641078
2.1002981662750244	391498056.1895921
2.1035518646240234	394475308.4432476
2.1068007946014404	394008738.160451
2.1100454330444336	397768771.10516685
2.1132853031158447	406326998.97933334
2.116520881652832	410330955.2122068
2.1197516918182373	411438012.84931725
2.1229779720306396	416843426.20059055
2.12619948387146	417790244.6852643
2.1294167041778564	415926306.28735214
2.132629156112671	422675076.0721445
2.1358368396759033	429558924.9234192
2.139039993286133	428217988.50420433
2.1422386169433594	432229457.81695783
2.145432472229004	442777313.67826563
2.1486217975616455	441326064.2029985
2.151806354522705	436201156.1986718
2.1549863815307617	440994635.6473583
2.1581614017486572	447707294.5412207
2.16133189201355	450811410.14787203
2.1644976139068604	453588712.3988761
2.167658567428589	458486310.0607706
2.1708147525787354	459236399.7913702
2.173966407775879	456112016.4583051
2.1771130561828613	453642795.06985325
2.1802549362182617	454833810.0638406
2.183391809463501	459212425.3959388
2.1865241527557373	462936325.7742063
2.1896514892578125	465379279.96303666
2.1927738189697266	465702551.3200381
2.1958916187286377	468685634.43360865
2.1990041732788086	472956636.3572345
2.2021119594573975	471136957.63613147
2.2052149772644043	467926041.4194474
2.208312749862671	470174326.54397315
2.2114057540893555	476273978.2228018
2.214493751525879	479190567.9264805
2.217576742172241	473714781.1076725
2.2206547260284424	470995117.5722107
2.2237277030944824	479375453.3213487
2.2267956733703613	482392422.9962604
2.2298583984375	480394767.2633025
2.2329163551330566	480293538.81982607
2.235969066619873	478739136.3594895
2.2390167713165283	483153290.8567617
2.2420592308044434	487136245.6069125
2.2450966835021973	488291316.69535667
2.248128890991211	490865484.9689276
2.2511560916900635	489099547.71052384
2.254178285598755	484285050.6691161
2.257194995880127	482134370.42768294
2.260206699371338	481881756.16118586
2.2632133960723877	482009670.5902452
2.266214609146118	484807543.4093264
2.2692108154296875	485113364.96607
2.2722020149230957	483492453.74105906
2.2751877307891846	485158850.3574
2.278168201446533	482542315.6458185
2.2811436653137207	477931815.13977706
2.284113883972168	479554912.21441394
2.287078857421875	485397479.5967868
2.290038824081421	478219406.8621
2.2929933071136475	437708211.0924718
2.295942783355713	404312727.4922807
2.298887014389038	413129286.9331629
2.301826238632202	430252665.2130022
2.304760217666626	437118093.1986499
2.3076889514923096	438112943.01092255
2.310612440109253	432096776.66236395
2.3135311603546143	425924934.83891803
2.3164443969726562	426188777.03985405
2.319352865219116	421785616.09427106
2.322256088256836	396346710.4078929
2.3251543045043945	377609549.8106404
2.328047275543213	384004236.3592198
2.330935478210449	388816609.1432566
2.3338186740875244	388337173.3810907
2.3366971015930176	385996846.0592727
2.3395702838897705	381541037.9861964
2.3424389362335205	382979954.0261564
2.3453025817871094	388376361.5895066
2.348161458969116	385305040.7839947
2.351015567779541	357472763.1661198
2.353865146636963	331688436.99850917
2.3567099571228027	338046623.20862585
2.3595502376556396	348477046.19690365
2.3623859882354736	351018144.1606374
2.3652172088623047	355794806.82181126
2.368043899536133	359703892.61073965
2.370866537094116	363833740.3590408
2.3736846446990967	363032702.1451705
2.3764986991882324	352780104.40441084
2.3793084621429443	340411564.6765775
2.3821144104003906	322194419.5007924
2.384916305541992	306746031.35709363
2.387714147567749	308141158.41482294
2.3905084133148193	314249165.09710294
2.393299102783203	316755675.5089664
2.3960859775543213	317601859.1904931
2.398869514465332	312037890.1282109
2.4016497135162354	304346451.22360766
2.4044265747070312	298575728.21586025
2.407200336456299	286885371.06743634
2.409970998764038	275851713.85919696
2.4127390384674072	271301906.7472145
2.415503978729248	267628981.46611625
2.418266534805298	268199218.45541176
2.4210267066955566	270633692.60170865
2.4237842559814453	266674331.9413706
2.426539897918701	257698264.44579712
2.429293394088745	252703809.7951983
2.4320452213287354	251334827.06917596
2.4347951412200928	247366437.78819782
2.4375438690185547	246186508.8313112
2.440291166305542	247461668.95834342
2.443037271499634	242042530.4085962
2.445782423019409	237379312.11252952
2.4485268592834473	234319595.76402882
2.451270818710327	224364758.83002344
2.454014539718628	217007555.93617836
2.4567582607269287	222550605.12680733
2.4595019817352295	223573782.93143508
2.4622461795806885	220547069.29666317
2.4649908542633057	224874285.1745852
2.4677364826202393	221266412.99685064
2.4704833030700684	210281017.39819425
2.473231554031372	200645445.67155176
2.4759814739227295	199249201.0169367
2.4787333011627197	198052388.0780538
2.481487512588501	194884862.90355512
2.4842441082000732	200953592.7007351
2.4870035648345947	198837538.14710468
2.4897661209106445	188936349.0838041
2.492532253265381	191971784.97826344
2.495302200317383	198969055.7409202
2.4980762004852295	195031776.55574507
2.500854969024658	187883148.64557305
2.50363826751709	179564119.74975315
2.506427049636841	173751748.8314936
2.509221315383911	177351268.60613152
2.512021541595459	173108885.3271888
2.5148282051086426	167976991.6153581
2.517641544342041	174058043.05264142
2.5204622745513916	174900216.13596234
2.5232906341552734	169697249.7569545
2.5261268615722656	167034619.206513
2.5289716720581055	168607639.67999417
2.531825542449951	172283617.33692706
2.534688949584961	167984216.64372262
2.537562131881714	158854463.3398312
2.540445566177368	155526041.70057374
2.5433402061462402	157240458.90440732
2.546246290206909	159943475.51259646
2.549164056777954	160628076.8619681
2.5520944595336914	150219314.99473384
2.5550382137298584	119348997.0642461
