0.600000	987.274
0.601200	1194.97
0.602402	1573.75
0.603607	2097.23
0.604814	2761.10
0.606024	3590.82
0.607236	4616.59
0.608450	5871.18
0.609667	7391.83
0.610887	9218.91
0.612108	11396.7
0.613333	13973.5
0.614559	17001.7
0.615788	20532.4
0.617020	24642.1
0.618254	29388.2
0.619491	34848.3
0.620729	41126.5
0.621971	48277.2
0.623215	56409.2
0.624461	65655.2
0.625710	76102.4
0.626962	87836.6
0.628215	101012.
0.629472	115729.
0.630731	132092.
0.631992	150324.
0.633256	170524.
0.634523	192853.
0.635792	217335.
0.637063	244385.
0.638337	274000.
0.639614	306339.
0.640893	341350.
0.642175	378847.
0.643459	420100.
0.644746	465245.
0.646036	512454.
0.647328	562818.
0.648623	616454.
0.649920	677642.
0.651220	741522.
0.652522	807461.
0.653827	878521.
0.655135	950691.
0.656445	1.02589e+06
0.657758	1.10257e+06
0.659073	1.18298e+06
0.660391	1.26698e+06
0.661712	1.34858e+06
0.663036	1.42338e+06
0.664362	1.48374e+06
0.665690	1.51006e+06
0.667022	1.49290e+06
0.668356	1.29882e+06
0.669692	805966.
0.671032	570211.
0.672374	1.14312e+06
0.673719	1.70388e+06
0.675066	2.01496e+06
0.676416	2.22385e+06
0.677769	2.37167e+06
0.679124	2.49004e+06
0.680483	2.62276e+06
0.681844	2.73987e+06
0.683207	2.85526e+06
0.684574	2.96243e+06
0.685943	3.03093e+06
0.687315	3.13435e+06
0.688689	3.22791e+06
0.690067	3.26480e+06
0.691447	3.26934e+06
0.692830	3.25384e+06
0.694215	3.27643e+06
0.695604	3.42784e+06
0.696995	3.49581e+06
0.698389	3.49396e+06
0.699786	3.45541e+06
0.701185	3.43372e+06
0.702587	3.41832e+06
0.703993	3.34604e+06
0.705401	3.16470e+06
0.706811	2.99687e+06
0.708225	2.92007e+06
0.709641	2.80298e+06
0.711061	2.72766e+06
0.712483	2.62451e+06
0.713908	2.52193e+06
0.715336	2.43797e+06
0.716766	2.30040e+06
0.718200	2.22646e+06
0.719636	2.15446e+06
0.721075	2.05751e+06
0.722517	1.94362e+06
0.723962	1.82567e+06
0.725410	1.71807e+06
0.726861	1.61346e+06
0.728315	1.50849e+06
0.729771	1.39667e+06
0.731231	1.28848e+06
0.732693	1.18638e+06
0.734159	1.08218e+06
0.735627	981739.
0.737098	890852.
0.738573	801238.
0.740050	715757.
0.741530	636060.
0.743013	562638.
0.744499	493417.
0.745988	429914.
0.747480	370000.
0.748975	314458.
0.750473	263878.
0.751974	217822.
0.753477	176274.
0.754984	139296.
0.756494	106924.
0.758007	79143.2
0.759523	55919.6
0.761042	37131.3
0.762564	22578.3
0.764089	11795.4
0.765618	4522.77
0.767149	3104.05
0.768683	4024.28
0.770220	4989.67
0.771761	14249.7
0.773304	29967.3
0.774851	51107.4
0.776401	78178.2
0.777953	103713.
0.779509	109356.
0.781068	168353.
0.782630	259021.
0.784196	335256.
0.785764	416721.
0.787336	507425.
0.788910	607849.
0.790488	715435.
0.792069	795860.
0.793653	692672.
0.795240	709643.
0.796831	1.15337e+06
0.798424	1.45095e+06
0.800021	1.67034e+06
0.801621	1.89114e+06
0.803224	2.12988e+06
0.804831	2.38632e+06
0.806440	2.65562e+06
0.808053	2.95336e+06
0.809669	3.24417e+06
0.811289	3.53146e+06
0.812911	3.83621e+06
0.814537	4.28087e+06
0.816166	4.68771e+06
0.817798	4.77378e+06
0.819434	4.95386e+06
0.821073	5.85405e+06
0.822715	6.45370e+06
0.824360	7.06934e+06
0.826009	7.73781e+06
0.827661	8.27786e+06
0.829316	8.77556e+06
0.830975	9.51357e+06
0.832637	1.02587e+07
0.834302	1.09927e+07
0.835971	1.16990e+07
0.837643	1.23790e+07
0.839318	1.31544e+07
0.840996	1.40260e+07
0.842678	1.47711e+07
0.844364	1.51375e+07
0.846052	1.53781e+07
0.847745	1.60785e+07
0.849440	1.63745e+07
0.851139	1.31598e+07
0.852841	1.33942e+07
0.854547	1.89255e+07
0.856256	2.13072e+07
0.857968	2.25694e+07
0.859684	2.25358e+07
0.861404	1.82243e+07
0.863126	1.44405e+07
0.864853	1.59009e+07
0.866582	1.76667e+07
0.868315	1.86521e+07
0.870052	1.84897e+07
0.871792	1.77942e+07
0.873536	1.94468e+07
0.875283	2.13934e+07
0.877033	2.37007e+07
0.878787	2.45506e+07
0.880545	2.40945e+07
0.882306	2.61993e+07
0.884070	2.94596e+07
0.885839	3.13282e+07
0.887610	3.17003e+07
0.889385	3.18823e+07
0.891164	3.18824e+07
0.892946	2.71625e+07
0.894732	2.44039e+07
0.896522	3.35907e+07
0.898315	4.00524e+07
0.900111	4.12414e+07
0.901912	4.36825e+07
0.903715	5.03442e+07
0.905523	5.47742e+07
0.907334	5.31563e+07
0.909148	5.43153e+07
0.910967	6.24245e+07
0.912789	6.41398e+07
0.914614	6.56575e+07
0.916443	6.82341e+07
0.918276	6.98840e+07
0.920113	7.12318e+07
0.921953	6.95706e+07
0.923797	6.82454e+07
0.925644	6.35875e+07
0.927496	5.07010e+07
0.929351	4.47740e+07
0.931209	4.62586e+07
0.933072	4.56701e+07
0.934938	5.03857e+07
0.936808	6.01872e+07
0.938681	6.66296e+07
0.940559	6.82510e+07
0.942440	6.52454e+07
0.944325	6.66765e+07
0.946213	7.33108e+07
0.948106	7.05496e+07
0.950002	7.01058e+07
0.951902	7.58604e+07
0.953806	7.59566e+07
0.955713	6.98102e+07
0.957625	7.03830e+07
0.959540	6.78604e+07
0.961459	7.20789e+07
0.963382	7.51366e+07
0.965308	7.46242e+07
0.967239	7.84297e+07
0.969174	8.34728e+07
0.971112	8.71494e+07
0.973054	8.79585e+07
0.975000	8.43065e+07
0.976950	8.91465e+07
0.978904	9.84062e+07
0.980862	1.01279e+08
0.982824	9.79879e+07
0.984789	1.06567e+08
0.986759	1.14725e+08
0.988732	1.06763e+08
0.990710	9.11076e+07
0.992691	8.48585e+07
0.994676	9.12354e+07
0.996666	8.80945e+07
0.998659	6.62647e+07
1.00066	5.66464e+07
1.00266	5.54193e+07
1.00466	5.91920e+07
1.00667	6.37341e+07
1.00869	7.31499e+07
1.01070	8.09781e+07
1.01272	8.02956e+07
1.01475	8.11961e+07
1.01678	8.64875e+07
1.01881	8.97997e+07
1.02085	1.00985e+08
1.02289	1.06395e+08
1.02494	1.10587e+08
1.02699	1.09444e+08
1.02904	1.10849e+08
1.03110	1.18770e+08
1.03316	1.20979e+08
1.03523	1.27966e+08
1.03730	1.39603e+08
1.03937	1.38897e+08
1.04145	1.38497e+08
1.04353	1.47771e+08
1.04562	1.59478e+08
1.04771	1.47283e+08
1.04981	1.45959e+08
1.05191	1.45846e+08
1.05401	1.42223e+08
1.05612	1.42025e+08
1.05823	1.42120e+08
1.06035	1.45310e+08
1.06247	1.52380e+08
1.06459	1.54200e+08
1.06672	1.61479e+08
1.06886	1.68586e+08
1.07099	1.74172e+08
1.07314	1.77275e+08
1.07528	1.88559e+08
1.07743	2.00005e+08
1.07959	2.01798e+08
1.08175	2.06633e+08
1.08391	2.21882e+08
1.08608	2.16735e+08
1.08825	2.19676e+08
1.09043	2.09681e+08
1.09261	1.94620e+08
1.09479	1.74570e+08
1.09698	1.58004e+08
1.09918	1.36325e+08
1.10137	1.21913e+08
1.10358	1.11344e+08
1.10578	1.02744e+08
1.10800	9.75488e+07
1.11021	7.79354e+07
1.11243	7.52264e+07
1.11466	7.93246e+07
1.11689	7.90897e+07
1.11912	7.98058e+07
1.12136	8.16879e+07
1.12360	9.20695e+07
1.12585	1.05473e+08
1.12810	1.12882e+08
1.13036	9.58920e+07
1.13262	7.56619e+07
1.13488	5.91999e+07
1.13715	6.49969e+07
1.13943	6.88833e+07
1.14170	8.22634e+07
1.14399	8.80180e+07
1.14628	1.05329e+08
1.14857	1.08823e+08
1.15087	1.06827e+08
1.15317	1.04950e+08
1.15547	1.04206e+08
1.15778	1.04793e+08
1.16010	1.11509e+08
1.16242	1.08007e+08
1.16475	9.76268e+07
1.16707	7.87827e+07
1.16941	6.98505e+07
1.17175	8.61429e+07
1.17409	7.95723e+07
1.17644	5.68655e+07
1.17879	6.18682e+07
1.18115	8.48244e+07
1.18351	9.76308e+07
1.18588	1.11522e+08
1.18825	1.27840e+08
1.19063	1.28142e+08
1.19301	1.40153e+08
1.19539	1.45562e+08
1.19778	1.43757e+08
1.20018	1.53828e+08
1.20258	1.65786e+08
1.20499	1.80134e+08
1.20740	1.83992e+08
1.20981	1.89280e+08
1.21223	1.99404e+08
1.21465	2.09730e+08
1.21708	2.19429e+08
1.21952	2.27718e+08
1.22196	2.24052e+08
1.22440	2.30724e+08
1.22685	2.52180e+08
1.22930	2.69828e+08
1.23176	2.68150e+08
1.23423	2.58886e+08
1.23669	2.59144e+08
1.23917	2.47312e+08
1.24165	2.02259e+08
1.24413	1.95948e+08
1.24662	2.38824e+08
1.24911	2.19587e+08
1.25161	1.59537e+08
1.25411	1.91047e+08
1.25662	2.58155e+08
1.25913	2.87126e+08
1.26165	2.92640e+08
1.26417	2.84665e+08
1.26670	2.90591e+08
1.26924	3.03938e+08
1.27177	3.10853e+08
1.27432	3.00880e+08
1.27687	3.04242e+08
1.27942	3.11954e+08
1.28198	3.09901e+08
1.28454	2.96749e+08
1.28711	2.85917e+08
1.28969	2.71416e+08
1.29227	2.74887e+08
1.29485	2.78072e+08
1.29744	2.79970e+08
1.30003	2.81923e+08
1.30263	2.79368e+08
1.30524	2.80266e+08
1.30785	2.75740e+08
1.31047	2.78807e+08
1.31309	2.66345e+08
1.31571	2.49000e+08
1.31834	2.35744e+08
1.32098	2.31454e+08
1.32362	2.06451e+08
1.32627	1.77866e+08
1.32892	1.41643e+08
1.33158	8.11850e+07
1.33424	5.03235e+07
1.33691	3.11018e+07
1.33959	2.64516e+07
1.34227	2.14872e+07
1.34495	1.88784e+07
1.34764	1.83201e+07
1.35033	1.62464e+07
1.35304	1.26230e+07
1.35574	1.28030e+07
1.35845	1.25825e+07
1.36117	1.37966e+07
1.36389	2.08380e+07
1.36662	2.47911e+07
1.36935	2.05584e+07
1.37209	1.94615e+07
1.37484	2.14962e+07
1.37759	2.01935e+07
1.38034	2.07243e+07
1.38310	2.18141e+07
1.38587	2.09066e+07
1.38864	2.07819e+07
1.39142	1.95968e+07
1.39420	1.76256e+07
1.39699	1.53899e+07
1.39978	1.81428e+07
1.40258	2.14139e+07
1.40539	1.85689e+07
1.40820	1.49706e+07
1.41101	1.39540e+07
1.41384	1.77424e+07
1.41666	1.78352e+07
1.41950	1.74798e+07
1.42234	1.71522e+07
1.42518	1.57886e+07
1.42803	1.71870e+07
1.43089	1.88200e+07
1.43375	1.69964e+07
1.43662	2.01175e+07
1.43949	2.02160e+07
1.44237	2.19237e+07
1.44525	2.09506e+07
1.44814	2.48131e+07
1.45104	2.66165e+07
1.45394	2.93037e+07
1.45685	3.72211e+07
1.45976	3.87641e+07
1.46268	3.14864e+07
1.46561	3.70654e+07
1.46854	3.18326e+07
1.47148	3.16793e+07
1.47442	3.24259e+07
1.47737	3.30265e+07
1.48032	3.43496e+07
1.48328	4.01645e+07
1.48625	4.16044e+07
1.48922	4.04656e+07
1.49220	4.11969e+07
1.49518	4.15960e+07
1.49817	4.49024e+07
1.50117	4.66403e+07
1.50417	5.33840e+07
1.50718	5.50323e+07
1.51020	5.31794e+07
1.51322	5.74584e+07
1.51624	6.09848e+07
1.51927	6.36467e+07
1.52231	6.94097e+07
1.52536	6.68973e+07
1.52841	7.42432e+07
1.53147	7.85129e+07
1.53453	8.32506e+07
1.53760	8.63439e+07
1.54067	8.37766e+07
1.54375	8.27975e+07
1.54684	9.18900e+07
1.54993	9.80031e+07
1.55303	1.01057e+08
1.55614	9.57927e+07
1.55925	9.48847e+07
1.56237	1.06969e+08
1.56550	1.17307e+08
1.56863	1.24749e+08
1.57176	1.23159e+08
1.57491	1.27440e+08
1.57806	1.23620e+08
1.58121	1.24604e+08
1.58438	1.32858e+08
1.58754	1.35495e+08
1.59072	1.33178e+08
1.59390	1.31554e+08
1.59709	1.32780e+08
1.60028	1.36625e+08
1.60348	1.33800e+08
1.60669	1.31177e+08
1.60990	1.37692e+08
1.61312	1.36711e+08
1.61635	1.29434e+08
1.61958	1.29923e+08
1.62282	1.32844e+08
1.62607	1.35599e+08
1.62932	1.32281e+08
1.63258	1.40923e+08
1.63584	1.45058e+08
1.63911	1.45186e+08
1.64239	1.45278e+08
1.64568	1.48418e+08
1.64897	1.50128e+08
1.65227	1.52513e+08
1.65557	1.38044e+08
1.65888	1.42445e+08
1.66220	1.41756e+08
1.66552	9.59809e+07
1.66886	7.35111e+07
1.67219	1.04203e+08
1.67554	1.22045e+08
1.67889	1.26480e+08
1.68225	1.29959e+08
1.68561	1.23828e+08
1.68898	1.18149e+08
1.69236	1.08092e+08
1.69574	9.57879e+07
1.69914	8.48337e+07
1.70253	8.21701e+07
1.70594	8.67045e+07
1.70935	9.40818e+07
1.71277	8.84353e+07
1.71620	8.10162e+07
1.71963	7.69976e+07
1.72307	7.72679e+07
1.72651	7.39365e+07
1.72997	7.20003e+07
1.73343	6.51093e+07
1.73689	6.24537e+07
1.74037	6.20758e+07
1.74385	6.70809e+07
1.74733	6.53275e+07
1.75083	5.77227e+07
1.75433	5.51778e+07
1.75784	5.04703e+07
1.76136	4.77560e+07
1.76488	4.70242e+07
1.76841	4.37249e+07
1.77194	3.77581e+07
1.77549	3.30224e+07
1.77904	3.45804e+07
1.78260	3.21852e+07
1.78616	2.81332e+07
1.78973	3.03350e+07
1.79331	2.88616e+07
1.79690	3.06288e+07
1.80049	2.31980e+07
1.80410	2.19137e+07
1.80770	2.36859e+07
1.81132	2.59230e+07
1.81494	2.73584e+07
1.81857	2.00437e+07
1.82221	2.16627e+07
1.82585	2.39072e+07
1.82950	2.32448e+07
1.83316	2.13465e+07
1.83683	2.18656e+07
1.84050	2.33762e+07
1.84418	2.16755e+07
1.84787	2.10802e+07
1.85157	2.19072e+07
1.85527	1.87367e+07
1.85898	1.38405e+07
1.86270	1.46180e+07
1.86642	1.45519e+07
1.87016	1.59557e+07
1.87390	1.69147e+07
1.87765	1.92966e+07
1.88140	2.53435e+07
1.88516	2.70206e+07
1.88893	2.69948e+07
1.89271	2.79601e+07
1.89650	3.30290e+07
1.90029	3.17130e+07
1.90409	2.83997e+07
1.90790	3.02568e+07
1.91171	2.93580e+07
1.91554	2.95375e+07
1.91937	2.84877e+07
1.92321	2.64565e+07
1.92705	2.61055e+07
1.93091	2.52104e+07
1.93477	2.32710e+07
1.93864	1.88076e+07
1.94252	1.80036e+07
1.94640	2.08896e+07
1.95029	2.52591e+07
1.95419	2.28390e+07
1.95810	2.21553e+07
1.96202	2.23082e+07
1.96594	2.54912e+07
1.96988	2.69744e+07
1.97382	2.40361e+07
1.97776	2.60740e+07
1.98172	2.63190e+07
1.98568	2.72618e+07
1.98965	2.78579e+07
1.99363	2.80560e+07
1.99762	2.76442e+07
2.00161	2.79588e+07
2.00562	2.78562e+07
2.00963	3.18800e+07
2.01365	3.61391e+07
2.01768	3.53906e+07
2.02171	4.05038e+07
2.02575	4.21760e+07
2.02981	4.03396e+07
2.03386	4.59031e+07
2.03793	4.75056e+07
2.04201	4.51343e+07
2.04609	4.74328e+07
2.05018	4.88820e+07
2.05428	4.90090e+07
2.05839	5.21991e+07
2.06251	5.07285e+07
2.06663	5.61862e+07
2.07077	5.73686e+07
2.07491	5.48480e+07
2.07906	5.63329e+07
2.08322	5.90293e+07
2.08738	5.73565e+07
2.09156	5.86761e+07
2.09574	6.02971e+07
2.09993	6.15931e+07
2.10413	6.06853e+07
2.10834	5.93226e+07
2.11256	5.85258e+07
2.11678	5.67051e+07
2.12102	5.77114e+07
2.12526	5.89857e+07
2.12951	5.65460e+07
2.13377	5.79462e+07
2.13804	5.69162e+07
2.14231	5.38621e+07
2.14660	5.31528e+07
2.15089	5.25859e+07
2.15519	5.25358e+07
2.15950	5.10043e+07
2.16382	4.87166e+07
2.16815	4.77088e+07
2.17248	4.70189e+07
2.17683	4.34927e+07
2.18118	3.93380e+07
2.18554	3.63642e+07
2.18992	3.34466e+07
2.19430	2.83766e+07
2.19868	2.01743e+07
2.20308	1.46177e+07
2.20749	1.36037e+07
2.21190	1.67438e+07
2.21633	1.92122e+07
2.22076	2.03574e+07
2.22520	1.78269e+07
2.22965	1.86113e+07
2.23411	2.05985e+07
2.23858	1.74816e+07
2.24306	1.48908e+07
2.24754	1.54774e+07
2.25204	1.49156e+07
2.25654	1.58552e+07
2.26105	1.41118e+07
2.26558	1.43899e+07
2.27011	1.39602e+07
2.27465	1.42716e+07
2.27920	1.33865e+07
2.28375	1.14860e+07
2.28832	1.04589e+07
2.29290	8.69958e+06
2.29748	9.04633e+06
2.30208	1.03067e+07
2.30668	1.24206e+07
2.31130	1.45308e+07
2.31592	1.07217e+07
2.32055	7.97414e+06
2.32519	7.10095e+06
2.32984	6.93927e+06
2.33450	7.36647e+06
2.33917	8.18722e+06
2.34385	8.93659e+06
2.34854	8.73403e+06
2.35323	8.11923e+06
2.35794	8.47409e+06
2.36266	1.03055e+07
2.36738	1.06496e+07
2.37212	8.12302e+06
2.37686	7.48786e+06
2.38161	6.68907e+06
2.38638	8.62411e+06
2.39115	9.64110e+06
2.39593	1.09618e+07
2.40072	1.30023e+07
2.40552	1.28602e+07
2.41034	1.27935e+07
2.41516	1.21518e+07
2.41999	1.31220e+07
2.42483	1.34143e+07
2.42968	1.34968e+07
2.43454	1.29523e+07
2.43940	1.36998e+07
2.44428	1.32606e+07
2.44917	1.50080e+07
2.45407	1.40038e+07
2.45898	1.46782e+07
2.46390	1.54192e+07
2.46882	1.37191e+07
2.47376	1.25964e+07
2.47871	1.28871e+07
2.48367	1.45830e+07
2.48863	1.36340e+07
2.49361	1.33872e+07
2.49860	1.29860e+07
2.50359	1.18467e+07
2.50860	1.12895e+07
2.51362	1.01703e+07
2.51865	1.06849e+07
2.52368	1.02021e+07
2.52873	1.04392e+07
2.53379	9.09375e+06
2.53886	9.13864e+06
2.54393	8.27942e+06
2.54902	8.14692e+06
2.55412	9.53778e+06
