0.600000	54.3011
0.601200	59.3408
0.602402	65.4062
0.603607	74.5274
0.604814	85.9215
0.606024	100.052
0.607236	116.705
0.608450	136.079
0.609667	158.606
0.610887	184.714
0.612108	215.121
0.613333	250.488
0.614559	292.133
0.615788	340.515
0.617020	397.014
0.618254	463.812
0.619491	540.481
0.620729	633.556
0.621971	740.689
0.623215	865.845
0.624461	1009.73
0.625710	1177.99
0.626962	1371.01
0.628215	1591.09
0.629472	1843.58
0.630731	2128.43
0.631992	2456.61
0.633256	2825.21
0.634523	3240.56
0.635792	3708.85
0.637063	4238.94
0.638337	4829.56
0.639614	5490.31
0.640893	6219.19
0.642175	7011.85
0.643459	7897.73
0.644746	8874.75
0.646036	9907.60
0.647328	11141.3
0.648623	12397.3
0.649920	13858.8
0.651220	15374.4
0.652522	17003.3
0.653827	18819.5
0.655135	20760.3
0.656445	22828.1
0.657758	25010.4
0.659073	27320.7
0.660391	29895.4
0.661712	32570.9
0.663036	35123.9
0.664362	37750.1
0.665690	39713.5
0.667022	40704.4
0.668356	40602.4
0.669692	40842.0
0.671032	43219.4
0.672374	48685.8
0.673719	55764.6
0.675066	62594.3
0.676416	68298.7
0.677769	72922.1
0.679124	76988.6
0.680483	80698.8
0.681844	84177.9
0.683207	87451.6
0.684574	90433.5
0.685943	93014.5
0.687315	95291.6
0.688689	96774.1
0.690067	97988.0
0.691447	97904.4
0.692830	98226.1
0.694215	99000.2
0.695604	100026.
0.696995	100608.
0.698389	99663.9
0.699786	98743.1
0.701185	96827.2
0.702587	94000.6
0.703993	92825.9
0.705401	90105.1
0.706811	87567.5
0.708225	84712.4
0.709641	81168.1
0.711061	77755.9
0.712483	73797.0
0.713908	69109.7
0.715336	64894.9
0.716766	59536.7
0.718200	56191.1
0.719636	53040.1
0.721075	48816.2
0.722517	45753.6
0.723962	42959.6
0.725410	38961.9
0.726861	35180.7
0.728315	33139.2
0.729771	30190.8
0.731231	27300.9
0.732693	25587.4
0.734159	23253.5
0.735627	21475.4
0.737098	19379.2
0.738573	17465.4
0.740050	15769.7
0.741530	14115.9
0.743013	12685.2
0.744499	11476.7
0.745988	10255.9
0.747480	9152.53
0.748975	8169.01
0.750473	7293.98
0.751974	6484.36
0.753477	5736.01
0.754984	5058.50
0.756494	4423.61
0.758007	3824.76
0.759523	3244.85
0.761042	2675.19
0.762564	2109.41
0.764089	1580.73
0.765618	1166.52
0.767149	960.991
0.768683	1028.66
0.770220	1388.27
0.771761	2006.06
0.773304	2796.31
0.774851	3643.33
0.776401	4483.09
0.777953	5394.90
0.779509	6411.58
0.781068	7809.29
0.782630	9536.87
0.784196	11456.9
0.785764	13579.9
0.787336	15780.1
0.788910	17903.0
0.790488	19930.1
0.792069	21770.2
0.793653	24099.6
0.795240	28051.5
0.796831	33959.3
0.798424	41066.5
0.800021	48781.5
0.801621	56488.6
0.803224	64492.2
0.804831	72800.7
0.806440	81331.2
0.808053	90902.0
0.809669	101924.
0.811289	108710.
0.812911	123730.
0.814537	138199.
0.816166	151680.
0.817798	163943.
0.819434	185158.
0.821073	210076.
0.822715	234608.
0.824360	257621.
0.826009	281926.
0.827661	304247.
0.829316	333040.
0.830975	372397.
0.832637	376730.
0.834302	433520.
0.835971	470995.
0.837643	504830.
0.839318	549632.
0.840996	596971.
0.842678	628271.
0.844364	682999.
0.846052	729661.
0.847745	748297.
0.849440	757774.
0.851139	789274.
0.852841	852115.
0.854547	943775.
0.856256	1.05284e+06
0.857968	1.14178e+06
0.859684	1.21287e+06
0.861404	1.24198e+06
0.863126	1.30352e+06
0.864853	1.36308e+06
0.866582	1.42084e+06
0.868315	1.52306e+06
0.870052	1.61932e+06
0.871792	1.66188e+06
0.873536	1.80076e+06
0.875283	1.86241e+06
0.877033	1.91636e+06
0.878787	1.94606e+06
0.880545	2.00640e+06
0.882306	2.00751e+06
0.884070	1.98746e+06
0.885839	1.99652e+06
0.887610	1.98165e+06
0.889385	1.93040e+06
0.891164	1.92719e+06
0.892946	1.83579e+06
0.894732	1.95227e+06
0.896522	2.09485e+06
0.898315	2.47251e+06
0.900111	2.87407e+06
0.901912	3.02378e+06
0.903715	3.52848e+06
0.905523	3.86728e+06
0.907334	3.92194e+06
0.909148	4.19392e+06
0.910967	4.19033e+06
0.912789	3.96483e+06
0.914614	4.31787e+06
0.916443	4.54468e+06
0.918276	4.44457e+06
0.920113	4.66716e+06
0.921953	4.47362e+06
0.923797	4.22860e+06
0.925644	3.96142e+06
0.927496	2.95611e+06
0.929351	2.42857e+06
0.931209	2.18459e+06
0.933072	2.18328e+06
0.934938	2.45976e+06
0.936808	2.82705e+06
0.938681	2.87724e+06
0.940559	3.69812e+06
0.942440	3.58271e+06
0.944325	3.29458e+06
0.946213	4.02185e+06
0.948106	3.47229e+06
0.950002	3.29094e+06
0.951902	4.22240e+06
0.953806	3.36250e+06
0.955713	3.65763e+06
0.957625	3.11882e+06
0.959540	3.73052e+06
0.961459	3.23290e+06
0.963382	4.11831e+06
0.965308	4.37584e+06
0.967239	4.50249e+06
0.969174	5.50283e+06
0.971112	5.01006e+06
0.973054	5.57449e+06
0.975000	5.32584e+06
0.976950	6.22777e+06
0.978904	6.21703e+06
0.980862	7.09465e+06
0.982824	6.66593e+06
0.984789	7.06436e+06
0.986759	7.71749e+06
0.988732	6.94712e+06
0.990710	7.92335e+06
0.992691	8.43724e+06
0.994676	8.31828e+06
0.996666	8.79439e+06
0.998659	9.01986e+06
1.00066	8.91980e+06
1.00266	9.31358e+06
1.00466	9.76486e+06
1.00667	1.03491e+07
1.00869	1.11919e+07
1.01070	1.19191e+07
1.01272	1.25170e+07
1.01475	1.31867e+07
1.01678	1.37929e+07
1.01881	1.47754e+07
1.02085	1.46385e+07
1.02289	1.62902e+07
1.02494	1.67044e+07
1.02699	1.71082e+07
1.02904	1.73262e+07
1.03110	1.88888e+07
1.03316	1.92877e+07
1.03523	1.97950e+07
1.03730	2.04160e+07
1.03937	2.17377e+07
1.04145	2.18562e+07
1.04353	2.19347e+07
1.04562	2.29340e+07
1.04771	2.35900e+07
1.04981	2.32577e+07
1.05191	2.44524e+07
1.05401	2.44183e+07
1.05612	2.48856e+07
1.05823	2.57433e+07
1.06035	2.58775e+07
1.06247	2.65947e+07
1.06459	2.66330e+07
1.06672	2.68042e+07
1.06886	2.75360e+07
1.07099	2.65399e+07
1.07314	2.72337e+07
1.07528	2.81190e+07
1.07743	2.82869e+07
1.07959	2.96600e+07
1.08175	2.79763e+07
1.08391	2.77442e+07
1.08608	2.73995e+07
1.08825	2.26649e+07
1.09043	2.07321e+07
1.09261	1.76807e+07
1.09479	1.43398e+07
1.09698	1.17950e+07
1.09918	1.02348e+07
1.10137	8.68744e+06
1.10358	6.97777e+06
1.10578	6.13601e+06
1.10800	4.43659e+06
1.11021	4.37903e+06
1.11243	3.60437e+06
1.11466	2.99205e+06
1.11689	3.41545e+06
1.11912	3.28421e+06
1.12136	2.70157e+06
1.12360	3.74766e+06
1.12585	3.94017e+06
1.12810	3.36257e+06
1.13036	3.68816e+06
1.13262	3.26672e+06
1.13488	2.65359e+06
1.13715	3.63596e+06
1.13943	3.81802e+06
1.14170	4.25224e+06
1.14399	4.30656e+06
1.14628	4.26146e+06
1.14857	4.79957e+06
1.15087	3.14219e+06
1.15317	4.29805e+06
1.15547	4.01418e+06
1.15778	3.37986e+06
1.16010	3.81162e+06
1.16242	3.32272e+06
1.16475	3.90960e+06
1.16707	3.49160e+06
1.16941	3.76059e+06
1.17175	4.59035e+06
1.17409	5.61226e+06
1.17644	6.24395e+06
1.17879	6.86394e+06
1.18115	7.13001e+06
1.18351	9.02807e+06
1.18588	9.38889e+06
1.18825	1.10013e+07
1.19063	1.19831e+07
1.19301	1.26455e+07
1.19539	1.47343e+07
1.19778	1.63388e+07
1.20018	1.77888e+07
1.20258	1.97342e+07
1.20499	1.99539e+07
1.20740	2.12685e+07
1.20981	2.25605e+07
1.21223	2.32221e+07
1.21465	2.44342e+07
1.21708	2.67101e+07
1.21952	2.71283e+07
1.22196	2.82265e+07
1.22440	3.01045e+07
1.22685	3.07549e+07
1.22930	3.27406e+07
1.23176	3.22675e+07
1.23423	3.47719e+07
1.23669	3.39884e+07
1.23917	3.45276e+07
1.24165	3.40418e+07
1.24413	3.36571e+07
1.24662	3.35509e+07
1.24911	3.28397e+07
1.25161	3.36923e+07
1.25411	3.51196e+07
1.25662	3.70111e+07
1.25913	4.01383e+07
1.26165	4.13108e+07
1.26417	4.17353e+07
1.26670	4.15997e+07
1.26924	4.08647e+07
1.27177	3.97701e+07
1.27432	3.96071e+07
1.27687	3.73733e+07
1.27942	3.85298e+07
1.28198	3.68176e+07
1.28454	3.18102e+07
1.28711	3.25040e+07
1.28969	3.06978e+07
1.29227	3.08805e+07
1.29485	3.05588e+07
1.29744	2.71787e+07
1.30003	2.82680e+07
1.30263	2.66104e+07
1.30524	2.62962e+07
1.30785	2.47895e+07
1.31047	2.35318e+07
1.31309	2.35290e+07
1.31571	2.01413e+07
1.31834	1.82907e+07
1.32098	1.80024e+07
1.32362	1.60497e+07
1.32627	1.50261e+07
1.32892	9.51531e+06
1.33158	6.09104e+06
1.33424	4.93225e+06
1.33691	2.52782e+06
1.33959	1.64192e+06
1.34227	1.14276e+06
1.34495	759395.
1.34764	639816.
1.35033	331664.
1.35304	348018.
1.35574	326138.
1.35845	337852.
1.36117	285833.
1.36389	405076.
1.36662	340417.
1.36935	487396.
1.37209	539225.
1.37484	613054.
1.37759	663290.
1.38034	653848.
1.38310	460816.
1.38587	584936.
1.38864	478475.
1.39142	593485.
1.39420	557050.
1.39699	565086.
1.39978	502805.
1.40258	615931.
1.40539	666526.
1.40820	505236.
1.41101	626367.
1.41384	502627.
1.41666	469781.
1.41950	644145.
1.42234	652865.
1.42518	670945.
1.42803	919610.
1.43089	946190.
1.43375	954528.
1.43662	929967.
1.43949	894422.
1.44237	1.23961e+06
1.44525	1.27522e+06
1.44814	1.65020e+06
1.45104	1.87235e+06
1.45394	2.11368e+06
1.45685	2.19244e+06
1.45976	2.63270e+06
1.46268	2.14792e+06
1.46561	2.12752e+06
1.46854	2.06583e+06
1.47148	2.33739e+06
1.47442	2.09001e+06
1.47737	2.09772e+06
1.48032	2.88672e+06
1.48328	2.69460e+06
1.48625	2.84249e+06
1.48922	2.46283e+06
1.49220	3.31340e+06
1.49518	2.70195e+06
1.49817	3.95087e+06
1.50117	4.18194e+06
1.50417	4.29780e+06
1.50718	4.39888e+06
1.51020	4.13605e+06
1.51322	5.06942e+06
1.51624	4.85800e+06
1.51927	7.06331e+06
1.52231	7.28959e+06
1.52536	6.95874e+06
1.52841	7.74058e+06
1.53147	7.89817e+06
1.53453	8.44532e+06
1.53760	9.46237e+06
1.54067	1.09484e+07
1.54375	1.07155e+07
1.54684	1.00095e+07
1.54993	1.18283e+07
1.55303	1.20697e+07
1.55614	1.35570e+07
1.55925	1.32030e+07
1.56237	1.48472e+07
1.56550	1.60376e+07
1.56863	1.68969e+07
1.57176	1.80426e+07
1.57491	1.72604e+07
1.57806	1.88243e+07
1.58121	1.74783e+07
1.58438	1.91857e+07
1.58754	1.86224e+07
1.59072	1.78784e+07
1.59390	1.56867e+07
1.59709	1.64711e+07
1.60028	1.56260e+07
1.60348	1.42646e+07
1.60669	1.33668e+07
1.60990	1.20355e+07
1.61312	1.12408e+07
1.61635	9.01379e+06
1.61958	9.08959e+06
1.62282	8.79393e+06
1.62607	1.01284e+07
1.62932	9.08199e+06
1.63258	9.17398e+06
1.63584	9.69855e+06
1.63911	1.16443e+07
1.64239	1.11566e+07
1.64568	1.10239e+07
1.64897	1.03275e+07
1.65227	1.00590e+07
1.65557	9.31072e+06
1.65888	8.85402e+06
1.66220	7.95831e+06
1.66552	6.30046e+06
1.66886	4.65996e+06
1.67219	4.89958e+06
1.67554	5.13516e+06
1.67889	5.15821e+06
1.68225	5.44948e+06
1.68561	5.26518e+06
1.68898	4.57444e+06
1.69236	4.32248e+06
1.69574	3.43397e+06
1.69914	3.58504e+06
1.70253	3.02917e+06
1.70594	3.99088e+06
1.70935	3.15747e+06
1.71277	4.38410e+06
1.71620	4.58180e+06
1.71963	4.61962e+06
1.72307	5.44472e+06
1.72651	4.77421e+06
1.72997	4.14907e+06
1.73343	4.97955e+06
1.73689	4.08498e+06
1.74037	4.94378e+06
1.74385	4.81834e+06
1.74733	5.12749e+06
1.75083	4.26498e+06
1.75433	4.02849e+06
1.75784	3.83907e+06
1.76136	2.82489e+06
1.76488	3.87030e+06
1.76841	2.88341e+06
1.77194	2.90863e+06
1.77549	2.47637e+06
1.77904	2.52334e+06
1.78260	2.57601e+06
1.78616	2.03811e+06
1.78973	2.25143e+06
1.79331	1.49449e+06
1.79690	1.82253e+06
1.80049	1.68126e+06
1.80410	1.52694e+06
1.80770	1.67077e+06
1.81132	1.59777e+06
1.81494	1.38973e+06
1.81857	1.58533e+06
1.82221	1.52105e+06
1.82585	1.53044e+06
1.82950	1.16661e+06
1.83316	1.50172e+06
1.83683	1.24412e+06
1.84050	947643.
1.84418	1.26486e+06
1.84787	1.38904e+06
1.85157	1.33115e+06
1.85527	1.05310e+06
1.85898	1.08083e+06
1.86270	937345.
1.86642	860872.
1.87016	783043.
1.87390	1.45884e+06
1.87765	1.32985e+06
1.88140	1.51724e+06
1.88516	2.45846e+06
1.88893	2.33312e+06
1.89271	2.59471e+06
1.89650	1.86988e+06
1.90029	2.05036e+06
1.90409	2.27465e+06
1.90790	1.69812e+06
1.91171	2.08507e+06
1.91554	1.79851e+06
1.91937	1.69517e+06
1.92321	1.65217e+06
1.92705	1.32629e+06
1.93091	1.39026e+06
1.93477	1.24127e+06
1.93864	975459.
1.94252	1.27204e+06
1.94640	1.26095e+06
1.95029	1.29315e+06
1.95419	1.36380e+06
1.95810	1.50121e+06
1.96202	1.39482e+06
1.96594	1.47383e+06
1.96988	2.19599e+06
1.97382	1.55814e+06
1.97776	2.07220e+06
1.98172	2.28985e+06
1.98568	2.38268e+06
1.98965	2.53558e+06
1.99363	3.14627e+06
1.99762	3.12080e+06
2.00161	3.90503e+06
2.00562	3.38191e+06
2.00963	3.87192e+06
2.01365	3.54823e+06
2.01768	4.32605e+06
2.02171	4.44693e+06
2.02575	4.64969e+06
2.02981	5.86804e+06
2.03386	5.44619e+06
2.03793	5.26423e+06
2.04201	6.35194e+06
2.04609	6.73651e+06
2.05018	6.96643e+06
2.05428	6.71912e+06
2.05839	7.76848e+06
2.06251	7.70554e+06
2.06663	8.79635e+06
2.07077	8.28423e+06
2.07491	8.97198e+06
2.07906	9.21048e+06
2.08322	8.78413e+06
2.08738	8.77979e+06
2.09156	9.16192e+06
2.09574	8.96012e+06
2.09993	8.80885e+06
2.10413	8.45740e+06
2.10834	8.28722e+06
2.11256	8.39762e+06
2.11678	7.95348e+06
2.12102	7.57705e+06
2.12526	7.37226e+06
2.12951	6.95397e+06
2.13377	6.94858e+06
2.13804	6.64340e+06
2.14231	5.92598e+06
2.14660	5.46900e+06
2.15089	5.66952e+06
2.15519	4.66175e+06
2.15950	4.81803e+06
2.16382	4.82214e+06
2.16815	4.03638e+06
2.17248	3.97939e+06
2.17683	3.39337e+06
2.18118	2.82676e+06
2.18554	2.26702e+06
2.18992	2.16404e+06
2.19430	1.56887e+06
2.19868	1.04457e+06
2.20308	847849.
2.20749	682854.
2.21190	831019.
2.21633	915277.
2.22076	871703.
2.22520	1.00375e+06
2.22965	834936.
2.23411	803755.
2.23858	762055.
2.24306	530242.
2.24754	379186.
2.25204	392023.
2.25654	423121.
2.26105	423519.
2.26558	483560.
2.27011	533651.
2.27465	393170.
2.27920	316022.
2.28375	323171.
2.28832	248807.
2.29290	316425.
2.29748	361588.
2.30208	393379.
2.30668	549746.
2.31130	544685.
2.31592	445141.
2.32055	390781.
2.32519	284826.
2.32984	315722.
2.33450	257430.
2.33917	205961.
2.34385	314700.
2.34854	321025.
2.35323	414019.
2.35794	409336.
2.36266	336260.
2.36738	319808.
2.37212	357136.
2.37686	392349.
2.38161	328981.
2.38638	326880.
2.39115	492834.
2.39593	513087.
2.40072	613389.
2.40552	615169.
2.41034	856390.
2.41516	715063.
2.41999	810976.
2.42483	769202.
2.42968	726913.
2.43454	919308.
2.43940	1.04175e+06
2.44428	1.06141e+06
2.44917	1.00561e+06
2.45407	1.18880e+06
2.45898	1.13128e+06
2.46390	1.55009e+06
2.46882	1.12342e+06
2.47376	1.09484e+06
2.47871	1.51876e+06
2.48367	1.38827e+06
2.48863	985753.
2.49361	1.23177e+06
2.49860	1.35414e+06
2.50359	1.06944e+06
2.50860	941048.
2.51362	984937.
2.51865	833080.
2.52368	550517.
2.52873	761116.
2.53379	616724.
2.53886	608862.
2.54393	509778.
2.54902	448113.
2.55412	560952.
