0.600000	314.749
0.601200	369.499
0.602402	456.573
0.603607	592.497
0.604814	779.131
0.606024	1021.59
0.607236	1330.54
0.608450	1719.27
0.609667	2202.67
0.610887	2797.17
0.612108	3520.73
0.613333	4392.99
0.614559	5435.66
0.615788	6671.91
0.617020	8125.81
0.618254	9822.86
0.619491	11799.9
0.620729	14098.6
0.621971	16751.2
0.623215	19779.9
0.624461	23230.5
0.625710	27150.3
0.626962	31590.0
0.628215	36596.2
0.629472	42211.7
0.630731	48486.8
0.631992	55489.7
0.633256	63298.4
0.634523	71978.5
0.635792	81585.4
0.637063	92184.0
0.638337	103851.
0.639614	116667.
0.640893	130701.
0.642175	146022.
0.643459	162690.
0.644746	180722.
0.646036	200235.
0.647328	221433.
0.648623	244553.
0.649920	269448.
0.651220	295970.
0.652522	324294.
0.653827	354592.
0.655135	386724.
0.656445	420735.
0.657758	456554.
0.659073	493731.
0.660391	532067.
0.661712	571405.
0.663036	610580.
0.664362	646111.
0.665690	670622.
0.667022	663833.
0.668356	591694.
0.669692	473435.
0.671032	451506.
0.672374	605563.
0.673719	812029.
0.675066	963223.
0.676416	1.06255e+06
0.677769	1.13690e+06
0.679124	1.19988e+06
0.680483	1.25712e+06
0.681844	1.31080e+06
0.683207	1.36086e+06
0.684574	1.40645e+06
0.685943	1.44717e+06
0.687315	1.48344e+06
0.688689	1.51281e+06
0.690067	1.53202e+06
0.691447	1.54183e+06
0.692830	1.54811e+06
0.694215	1.56048e+06
0.695604	1.57962e+06
0.696995	1.58920e+06
0.698389	1.58410e+06
0.699786	1.56998e+06
0.701185	1.55241e+06
0.702587	1.53196e+06
0.703993	1.50426e+06
0.705401	1.46837e+06
0.706811	1.42775e+06
0.708225	1.38555e+06
0.709641	1.34193e+06
0.711061	1.29558e+06
0.712483	1.24574e+06
0.713908	1.19216e+06
0.715336	1.13240e+06
0.716766	1.06953e+06
0.718200	1.01502e+06
0.719636	965158.
0.721075	911989.
0.722517	855358.
0.723962	797386.
0.725410	741961.
0.726861	692484.
0.728315	644640.
0.729771	596052.
0.731231	547784.
0.732693	501702.
0.734159	457335.
0.735627	414829.
0.737098	374079.
0.738573	335133.
0.740050	298524.
0.741530	263958.
0.743013	231141.
0.744499	200758.
0.745988	172768.
0.747480	146861.
0.748975	123114.
0.750473	101655.
0.751974	82513.3
0.753477	65700.0
0.754984	51180.4
0.756494	38900.7
0.758007	28771.1
0.759523	20654.8
0.761042	14350.2
0.762564	9527.36
0.764089	5834.69
0.765618	3328.96
0.767149	2354.02
0.768683	2553.25
0.770220	3915.25
0.771761	7276.34
0.773304	12674.0
0.774851	19842.7
0.776401	28235.7
0.777953	36330.2
0.779509	46765.8
0.781068	67641.0
0.782630	98172.0
0.784196	131599.
0.785764	167349.
0.787336	207291.
0.788910	251310.
0.790488	293036.
0.792069	313729.
0.793653	314543.
0.795240	364439.
0.796831	493000.
0.798424	632177.
0.800021	748872.
0.801621	858801.
0.803224	973056.
0.804831	1.09469e+06
0.806440	1.22331e+06
0.808053	1.35653e+06
0.809669	1.49641e+06
0.811289	1.64494e+06
0.812911	1.80563e+06
0.814537	1.99552e+06
0.816166	2.17876e+06
0.817798	2.32905e+06
0.819434	2.51466e+06
0.821073	2.79388e+06
0.822715	3.08406e+06
0.824360	3.36428e+06
0.826009	3.63766e+06
0.827661	3.93472e+06
0.829316	4.25593e+06
0.830975	4.57519e+06
0.832637	4.89748e+06
0.834302	5.23912e+06
0.835971	5.61343e+06
0.837643	6.01295e+06
0.839318	6.42005e+06
0.840996	6.84670e+06
0.842678	7.27601e+06
0.844364	7.71880e+06
0.846052	8.11425e+06
0.847745	8.35763e+06
0.849440	8.11785e+06
0.851139	7.55270e+06
0.852841	7.98052e+06
0.854547	9.60454e+06
0.856256	1.10531e+07
0.857968	1.17764e+07
0.859684	1.15951e+07
0.861404	1.03987e+07
0.863126	9.26398e+06
0.864853	9.26098e+06
0.866582	9.92199e+06
0.868315	1.04739e+07
0.870052	1.07421e+07
0.871792	1.11826e+07
0.873536	1.21956e+07
0.875283	1.32646e+07
0.877033	1.39342e+07
0.878787	1.42451e+07
0.880545	1.45961e+07
0.882306	1.56858e+07
0.884070	1.71906e+07
0.885839	1.84801e+07
0.887610	1.95091e+07
0.889385	1.96952e+07
0.891164	1.83282e+07
0.892946	1.59884e+07
0.894732	1.55920e+07
0.896522	1.85437e+07
0.898315	2.25027e+07
0.900111	2.56999e+07
0.901912	2.79848e+07
0.903715	3.00012e+07
0.905523	3.14882e+07
0.907334	3.22037e+07
0.909148	3.34863e+07
0.910967	3.55118e+07
0.912789	3.67322e+07
0.914614	3.74488e+07
0.916443	3.77479e+07
0.918276	3.82952e+07
0.920113	3.97104e+07
0.921953	4.19236e+07
0.923797	4.24228e+07
0.925644	3.84850e+07
0.927496	3.18020e+07
0.929351	2.86258e+07
0.931209	3.01314e+07
0.933072	3.24154e+07
0.934938	3.55130e+07
0.936808	3.89446e+07
0.938681	4.26171e+07
0.940559	4.46814e+07
0.942440	4.52341e+07
0.944325	4.66753e+07
0.946213	4.82819e+07
0.948106	4.75153e+07
0.950002	4.76072e+07
0.951902	4.93959e+07
0.953806	4.89711e+07
0.955713	4.63868e+07
0.957625	4.57555e+07
0.959540	4.52700e+07
0.961459	4.49244e+07
0.963382	4.74851e+07
0.965308	5.28214e+07
0.967239	5.72309e+07
0.969174	5.94298e+07
0.971112	6.03630e+07
0.973054	6.17331e+07
0.975000	6.42125e+07
0.976950	6.91973e+07
0.978904	7.34118e+07
0.980862	7.48616e+07
0.982824	7.57998e+07
0.984789	7.90369e+07
0.986759	8.00201e+07
0.988732	7.68953e+07
0.990710	7.10023e+07
0.992691	6.71176e+07
0.994676	6.62632e+07
0.996666	6.12819e+07
0.998659	5.31439e+07
1.00066	4.86529e+07
1.00266	4.88887e+07
1.00466	5.04919e+07
1.00667	5.29915e+07
1.00869	5.59880e+07
1.01070	5.93806e+07
1.01272	6.13755e+07
1.01475	6.31370e+07
1.01678	6.72358e+07
1.01881	7.32913e+07
1.02085	7.86871e+07
1.02289	8.05671e+07
1.02494	8.00064e+07
1.02699	8.11865e+07
1.02904	8.67994e+07
1.03110	9.27129e+07
1.03316	9.69361e+07
1.03523	1.00992e+08
1.03730	1.05123e+08
1.03937	1.08509e+08
1.04145	1.11596e+08
1.04353	1.15766e+08
1.04562	1.18670e+08
1.04771	1.18695e+08
1.04981	1.17918e+08
1.05191	1.17725e+08
1.05401	1.17545e+08
1.05612	1.16680e+08
1.05823	1.16705e+08
1.06035	1.19731e+08
1.06247	1.24115e+08
1.06459	1.28243e+08
1.06672	1.32873e+08
1.06886	1.36754e+08
1.07099	1.38738e+08
1.07314	1.40812e+08
1.07528	1.47014e+08
1.07743	1.55109e+08
1.07959	1.60485e+08
1.08175	1.64463e+08
1.08391	1.67292e+08
1.08608	1.64739e+08
1.08825	1.59677e+08
1.09043	1.49500e+08
1.09261	1.37387e+08
1.09479	1.25162e+08
1.09698	1.15682e+08
1.09918	1.07715e+08
1.10137	9.99833e+07
1.10358	9.12987e+07
1.10578	8.31480e+07
1.10800	7.56519e+07
1.11021	6.77859e+07
1.11243	6.17154e+07
1.11466	5.94338e+07
1.11689	5.53720e+07
1.11912	5.29340e+07
1.12136	5.51509e+07
1.12360	6.07043e+07
1.12585	6.62981e+07
1.12810	6.62403e+07
1.13036	5.88598e+07
1.13262	4.81450e+07
1.13488	4.19831e+07
1.13715	4.55804e+07
1.13943	4.99554e+07
1.14170	5.49403e+07
1.14399	6.37547e+07
1.14628	7.27005e+07
1.14857	7.48970e+07
1.15087	7.31728e+07
1.15317	6.98653e+07
1.15547	6.88704e+07
1.15778	7.13760e+07
1.16010	7.28462e+07
1.16242	7.07911e+07
1.16475	6.52899e+07
1.16707	5.54685e+07
1.16941	5.06997e+07
1.17175	5.39429e+07
1.17409	5.33895e+07
1.17644	4.88195e+07
1.17879	5.29855e+07
1.18115	6.62097e+07
1.18351	7.97537e+07
1.18588	9.03532e+07
1.18825	1.00329e+08
1.19063	1.07541e+08
1.19301	1.13155e+08
1.19539	1.17375e+08
1.19778	1.20181e+08
1.20018	1.25632e+08
1.20258	1.32466e+08
1.20499	1.39923e+08
1.20740	1.47843e+08
1.20981	1.53700e+08
1.21223	1.59517e+08
1.21465	1.67027e+08
1.21708	1.72334e+08
1.21952	1.75337e+08
1.22196	1.78393e+08
1.22440	1.84269e+08
1.22685	1.93089e+08
1.22930	2.00598e+08
1.23176	2.04282e+08
1.23423	2.04985e+08
1.23669	2.00502e+08
1.23917	1.84859e+08
1.24165	1.63496e+08
1.24413	1.57006e+08
1.24662	1.61598e+08
1.24911	1.51195e+08
1.25161	1.36155e+08
1.25411	1.49164e+08
1.25662	1.84067e+08
1.25913	2.12874e+08
1.26165	2.27175e+08
1.26417	2.33775e+08
1.26670	2.38565e+08
1.26924	2.41640e+08
1.27177	2.42372e+08
1.27432	2.42332e+08
1.27687	2.40564e+08
1.27942	2.34863e+08
1.28198	2.29628e+08
1.28454	2.27188e+08
1.28711	2.23536e+08
1.28969	2.17101e+08
1.29227	2.16976e+08
1.29485	2.18591e+08
1.29744	2.11582e+08
1.30003	2.04027e+08
1.30263	2.08972e+08
1.30524	2.10934e+08
1.30785	2.07546e+08
1.31047	2.00021e+08
1.31309	1.92897e+08
1.31571	1.90106e+08
1.31834	1.85210e+08
1.32098	1.74942e+08
1.32362	1.57325e+08
1.32627	1.30336e+08
1.32892	9.53759e+07
1.33158	6.00012e+07
1.33424	3.53086e+07
1.33691	2.06901e+07
1.33959	1.54589e+07
1.34227	1.46480e+07
1.34495	1.33145e+07
1.34764	1.15600e+07
1.35033	9.66464e+06
1.35304	7.52341e+06
1.35574	6.01773e+06
1.35845	5.11600e+06
1.36117	6.12066e+06
1.36389	7.96212e+06
1.36662	8.90567e+06
1.36935	8.94494e+06
1.37209	1.01383e+07
1.37484	1.19757e+07
1.37759	1.27496e+07
1.38034	1.22370e+07
1.38310	1.20619e+07
1.38587	1.17348e+07
1.38864	1.07487e+07
1.39142	9.60322e+06
1.39420	9.30478e+06
1.39699	8.99881e+06
1.39978	8.37465e+06
1.40258	8.45479e+06
1.40539	8.51474e+06
1.40820	8.59172e+06
1.41101	8.93601e+06
1.41384	9.37314e+06
1.41666	9.32286e+06
1.41950	9.29835e+06
1.42234	9.30840e+06
1.42518	9.39901e+06
1.42803	9.70396e+06
1.43089	9.91862e+06
1.43375	9.80477e+06
1.43662	9.23182e+06
1.43949	9.58167e+06
1.44237	1.11780e+07
1.44525	1.38050e+07
1.44814	1.62418e+07
1.45104	1.74412e+07
1.45394	1.84616e+07
1.45685	2.10167e+07
1.45976	2.36268e+07
1.46268	2.43750e+07
1.46561	2.42018e+07
1.46854	2.22558e+07
1.47148	2.20295e+07
1.47442	2.39882e+07
1.47737	2.57110e+07
1.48032	2.61399e+07
1.48328	2.64152e+07
1.48625	2.78426e+07
1.48922	3.02859e+07
1.49220	3.14488e+07
1.49518	3.07427e+07
1.49817	3.25507e+07
1.50117	3.57830e+07
1.50417	3.88266e+07
1.50718	4.02091e+07
1.51020	4.06783e+07
1.51322	4.38176e+07
1.51624	4.82635e+07
1.51927	5.30719e+07
1.52231	5.66853e+07
1.52536	5.72231e+07
1.52841	5.87256e+07
1.53147	6.26860e+07
1.53453	6.65099e+07
1.53760	6.90830e+07
1.54067	7.01767e+07
1.54375	7.19262e+07
1.54684	7.53358e+07
1.54993	7.84264e+07
1.55303	8.05117e+07
1.55614	8.24730e+07
1.55925	8.59136e+07
1.56237	8.97638e+07
1.56550	9.27145e+07
1.56863	9.47284e+07
1.57176	9.63777e+07
1.57491	9.79269e+07
1.57806	9.97667e+07
1.58121	1.01556e+08
1.58438	1.03411e+08
1.58754	1.03768e+08
1.59072	1.03986e+08
1.59390	1.03590e+08
1.59709	1.03072e+08
1.60028	1.00308e+08
1.60348	9.79111e+07
1.60669	9.56785e+07
1.60990	9.39738e+07
1.61312	9.21582e+07
1.61635	9.01314e+07
1.61958	9.06743e+07
1.62282	8.99973e+07
1.62607	8.83511e+07
1.62932	8.69411e+07
1.63258	8.80558e+07
1.63584	9.16088e+07
1.63911	9.36171e+07
1.64239	9.42963e+07
1.64568	9.34136e+07
1.64897	9.09065e+07
1.65227	8.96587e+07
1.65557	8.91146e+07
1.65888	8.93128e+07
1.66220	7.90973e+07
1.66552	5.76714e+07
1.66886	4.59577e+07
1.67219	5.35177e+07
1.67554	6.64034e+07
1.67889	7.26540e+07
1.68225	7.12575e+07
1.68561	6.63078e+07
1.68898	6.29281e+07
1.69236	6.06657e+07
1.69574	5.51171e+07
1.69914	5.13905e+07
1.70253	4.97600e+07
1.70594	5.02327e+07
1.70935	5.00959e+07
1.71277	5.06589e+07
1.71620	5.22684e+07
1.71963	5.28238e+07
1.72307	5.00749e+07
1.72651	4.65121e+07
1.72997	4.53899e+07
1.73343	4.40501e+07
1.73689	4.04486e+07
1.74037	3.89042e+07
1.74385	3.91389e+07
1.74733	3.94835e+07
1.75083	3.70161e+07
1.75433	3.15280e+07
1.75784	2.76289e+07
1.76136	2.61188e+07
1.76488	2.44062e+07
1.76841	2.25341e+07
1.77194	1.95997e+07
1.77549	1.79158e+07
1.77904	1.83832e+07
1.78260	1.89040e+07
1.78616	1.86378e+07
1.78973	1.74461e+07
1.79331	1.55666e+07
1.79690	1.46293e+07
1.80049	1.40471e+07
1.80410	1.36998e+07
1.80770	1.38553e+07
1.81132	1.41629e+07
1.81494	1.36644e+07
1.81857	1.30918e+07
1.82221	1.36237e+07
1.82585	1.41490e+07
1.82950	1.35797e+07
1.83316	1.27262e+07
1.83683	1.19447e+07
1.84050	1.11529e+07
1.84418	1.08978e+07
1.84787	1.08297e+07
1.85157	1.04034e+07
1.85527	9.63763e+06
1.85898	8.45918e+06
1.86270	8.09785e+06
1.86642	8.53032e+06
1.87016	9.25700e+06
1.87390	1.03225e+07
1.87765	1.21639e+07
1.88140	1.49069e+07
1.88516	1.72570e+07
1.88893	1.81835e+07
1.89271	1.80927e+07
1.89650	1.72817e+07
1.90029	1.62096e+07
1.90409	1.61940e+07
1.90790	1.71934e+07
1.91171	1.75051e+07
1.91554	1.66842e+07
1.91937	1.59819e+07
1.92321	1.59620e+07
1.92705	1.56125e+07
1.93091	1.45716e+07
1.93477	1.28644e+07
1.93864	1.16060e+07
1.94252	1.17785e+07
1.94640	1.26623e+07
1.95029	1.28914e+07
1.95419	1.21168e+07
1.95810	1.22452e+07
1.96202	1.28679e+07
1.96594	1.38193e+07
1.96988	1.43962e+07
1.97382	1.36550e+07
1.97776	1.36517e+07
1.98172	1.56163e+07
1.98568	1.78991e+07
1.98965	1.85119e+07
1.99363	1.88833e+07
1.99762	2.07049e+07
2.00161	2.25372e+07
2.00562	2.32184e+07
2.00963	2.42418e+07
2.01365	2.51734e+07
2.01768	2.61640e+07
2.02171	2.80041e+07
2.02575	2.88015e+07
2.02981	2.91916e+07
2.03386	3.10778e+07
2.03793	3.39991e+07
2.04201	3.56292e+07
2.04609	3.64166e+07
2.05018	3.69637e+07
2.05428	3.78713e+07
2.05839	3.86396e+07
2.06251	3.78885e+07
2.06663	3.81455e+07
2.07077	4.01021e+07
2.07491	4.15302e+07
2.07906	4.21521e+07
2.08322	4.25380e+07
2.08738	4.21873e+07
2.09156	4.22611e+07
2.09574	4.23763e+07
2.09993	4.21251e+07
2.10413	4.14128e+07
2.10834	4.10423e+07
2.11256	4.13213e+07
2.11678	4.08293e+07
2.12102	4.05404e+07
2.12526	4.06013e+07
2.12951	3.98579e+07
2.13377	3.92419e+07
2.13804	3.84064e+07
2.14231	3.73306e+07
2.14660	3.60882e+07
2.15089	3.48668e+07
2.15519	3.29171e+07
2.15950	3.12291e+07
2.16382	3.01028e+07
2.16815	2.95602e+07
2.17248	2.83886e+07
2.17683	2.58794e+07
2.18118	2.41336e+07
2.18554	2.17028e+07
2.18992	1.89048e+07
2.19430	1.55604e+07
2.19868	1.20299e+07
2.20308	9.60296e+06
2.20749	9.01098e+06
2.21190	1.02277e+07
2.21633	1.14863e+07
2.22076	1.23210e+07
2.22520	1.19483e+07
2.22965	1.10910e+07
2.23411	1.00703e+07
2.23858	9.25073e+06
2.24306	8.63850e+06
2.24754	7.97399e+06
2.25204	7.45189e+06
2.25654	7.07317e+06
2.26105	6.76339e+06
2.26558	6.93011e+06
2.27011	7.00635e+06
2.27465	6.67230e+06
2.27920	6.21126e+06
2.28375	5.77475e+06
2.28832	5.25375e+06
2.29290	5.07672e+06
2.29748	5.40949e+06
2.30208	6.81127e+06
2.30668	9.22276e+06
2.31130	9.85819e+06
2.31592	7.75906e+06
2.32055	5.10687e+06
2.32519	4.10163e+06
2.32984	4.03765e+06
2.33450	4.10607e+06
2.33917	4.30522e+06
2.34385	4.48510e+06
2.34854	4.79978e+06
2.35323	5.35571e+06
2.35794	5.92799e+06
2.36266	6.59024e+06
2.36738	6.15338e+06
2.37212	5.18766e+06
2.37686	4.47602e+06
2.38161	4.33911e+06
2.38638	4.65620e+06
2.39115	5.40453e+06
2.39593	6.40086e+06
2.40072	7.40122e+06
2.40552	7.46424e+06
2.41034	7.22498e+06
2.41516	6.79277e+06
2.41999	7.38967e+06
2.42483	7.81001e+06
2.42968	8.12453e+06
2.43454	8.93455e+06
2.43940	8.89408e+06
2.44428	8.16266e+06
2.44917	7.81925e+06
2.45407	8.06038e+06
2.45898	8.46908e+06
2.46390	8.48684e+06
2.46882	8.21421e+06
2.47376	8.09072e+06
2.47871	8.12152e+06
2.48367	8.40277e+06
2.48863	8.43096e+06
2.49361	7.70221e+06
2.49860	7.12376e+06
2.50359	6.89875e+06
2.50860	6.63984e+06
2.51362	5.90631e+06
2.51865	5.57636e+06
2.52368	5.38732e+06
2.52873	5.14624e+06
2.53379	4.98814e+06
2.53886	5.04085e+06
2.54393	4.95004e+06
2.54902	4.88168e+06
2.55412	4.60829e+06
