#wavelength	surface flux
0.6000046	7.739198709080402
0.606004646	27.79646930717734
0.61206469246	52.29518521731528
0.6181853393846001	94.47820707687477
0.624367192778446	177.1577269894853
0.6306108647062305	323.8205543643398
0.6369169733532929	571.0050428123228
0.6432861430868257	963.7181639000256
0.649719004517694	1532.690241311873
0.6562161945628708	2417.362191433652
0.6627783565084996	3740.274564861937
0.6694061400735846	4612.097785123181
0.6761002014743205	7275.167461396104
0.6828612034890637	8997.722220697811
0.6896898155239545	9865.839043012873
0.6965867136791939	10016.017911995361
0.7035525808159859	9241.395698767943
0.7105881066241457	7801.8101478998215
0.7176939876903872	4720.073990005955
0.724870927567291	4127.347693520328
0.732119636842964	3394.2433951800176
0.7394408332113936	2660.98704119721
0.7468352415435076	2138.670310364105
0.7543035939589426	1531.4384896492193
0.7618466298985321	630.5845417923605
0.7694650961975174	237.19627580308853
0.7771597471594927	1432.777818602266
0.7849313446310876	3441.6285931918264
0.7927806580773984	5100.116803212116
0.8007084646581725	9691.081879893514
0.8087155493047542	13731.81456014881
0.8168027047978017	18131.625831224745
0.8249707318457796	30575.415488159262
0.8332204391642375	47962.038271737496
0.8415526435558799	68110.66448379592
0.8499681699914386	89736.24823173886
0.8584678516913531	151941.00004733176
0.8670525302082667	200653.16458966362
0.8757230555103492	268487.47029571066
0.8844802860654528	182913.0154322684
0.8933250889261073	107971.2775783763
0.9022583398153684	410600.6062426814
0.9112809232135222	514365.0251075241
0.9203937324456574	673354.7125462713
0.9295976697701139	84276.12450533677
0.938893646467815	188312.47163615676
0.9482825829324931	238002.37090602424
0.9577654087618181	328064.9551876224
0.9673430628494364	554122.7905498813
0.9770164934779306	523681.6032332494
0.9867866584127101	388358.9370447193
0.9966545249968373	856273.7470984347
1.0066210702468055	1646088.690276941
1.0166872809492735	1885780.9533255254
1.0268541537587663	2288360.7110824008
1.0371226952963541	2712787.893628341
1.0474939222493176	3187779.8520463617
1.0579688614718108	3847639.9681240544
1.0685485500865288	3428208.412542509
1.0792340355873942	3884804.1098633967
1.0900263759432682	2111426.928078197
1.1009266397027009	649215.5791279274
1.1119359060997278	344609.90879399976
1.1230552651607253	187508.71234778804
1.1342858178123325	122576.38080885669
1.1456286759904557	353850.7821390593
1.1570849627503603	194297.5320589885
1.1686558123778639	224942.32392436557
1.1803423705016425	704446.9425919144
1.192145794206659	1219016.5241022394
1.2040672521487257	2131128.414650148
1.216107924670213	2600350.4572640494
1.228269003916915	3220546.718304407
1.2405516939560841	5215209.72750738
1.252957210895645	6176093.106099962
1.2654867830046015	6318474.006187063
1.2781416508346477	5388020.416903071
1.2909230673429941	2891052.6496564294
1.303832298016424	3819761.9772159806
1.3168706209965881	1826574.082805806
1.330039327206554	1138144.8732132146
1.3433397204786197	61586.84389047277
1.356773117683406	4579.589249820902
1.37034084886024	3297.9892669108917
1.3840442573488425	21502.161108865705
1.3978846999223307	24364.505242450534
1.4118635469215541	35460.98953004559
1.4259821823907697	30685.514522618418
1.4402420042146773	53875.00458668055
1.4546444242568242	176885.14084017475
1.4691908684993922	154513.82678412876
1.4838827771843863	128272.08657819477
1.4987216049562304	130269.41545014885
1.5137088210057925	113277.82784832333
1.5288459092158506	280515.37429150986
1.544134368308009	852312.0709184768
1.559575711991089	1493071.5867558643
1.575171469111	1933049.9251096335
1.5909231838021098	2940405.130215796
1.6068324156401312	946639.8981440073
1.6229007397965325	569280.5903657717
1.6391297471944979	699310.9196309785
1.6555210446664428	756359.2806325142
1.6720762551131072	204702.28834593127
1.6887970176642384	101020.31614062413
1.7056849878408806	36451.47306801503
1.7227418377192896	194002.68361223894
1.7399692560964823	274306.2839893832
1.757368948657447	251539.47909676173
1.7749426381440219	258921.82919746335
1.792692064525462	184867.39696570812
1.8106189851707164	163903.91122552226
1.8287251750224238	138167.09932272744
1.847012426772648	72743.90118109575
1.8654825510403745	15587.148299843446
1.8841373765507783	155879.46152899976
1.902978750316286	126582.02435135469
1.9220085378194491	38197.35786360689
1.9412286231976434	26683.40332111043
1.96064090942962	40571.10612642723
1.9802473185239162	72600.6063467976
2.0000497917091553	210978.21915596435
2.020050289626247	351297.03200931434
2.0402507925225093	450041.5048963106
2.0606533004477345	955441.3864576978
2.081259833452212	956575.1168898371
2.102072431786734	1073210.1140536114
2.1230931561046016	894405.079943367
2.1443240876656473	508912.18466270284
2.165767328542304	281208.98116144864
2.187425001827727	180717.43220454655
2.209299251846004	14508.773424514864
2.2313922443644643	17667.376773710923
2.253706166808109	14016.12991833537
2.27624322847619	8927.985984363568
2.299005660760952	5958.701564815131
2.3219957173685617	5126.44306595719
2.345215674542247	7018.936939808999
2.3686678312876697	18833.068475794913
2.3923545096005463	29497.869582458963
2.416278054696552	19527.086122477373
2.440440835243517	48595.83536577529
2.4648452435959527	193608.85625887968
2.489493696031912	170276.17185712294
2.5143886329922314	81042.56346354827
2.5395325193221536	56041.597413778174
2.5649278445153754	10935.885763387456
2.590577122960529	6621.03168057386
2.616482894190134	3981.6940849281395
2.6426477231320353	116262.75726971078
2.669074200363356	3211.159664620476
2.6957649423669894	59034.57585159155
2.7227225917906597	32332.506846813314
2.749949817708566	64673.302772848365
2.7774493158856517	36605.70679975219
2.805223809044508	40075.59369352867
2.8332760471349534	62508.00722980596
2.861608807606303	32118.38646852577
2.890224895682366	122695.91037909176
2.9191271446391895	95205.43982041086
2.9483184160855815	297677.85467447375
2.977801600246438	253658.78143829486
3.007579616248902	84008.37670825119
3.0376554124113913	264883.44781907805
3.068031966535505	310051.36998368026
3.09871228620086	216157.0391609132
3.1296994090628685	104830.1350156286
3.1609964031534976	65329.20892077139
3.192606367185032	39113.75617363361
3.2245324308568826	24603.594595726987
3.2567777551654515	32943.5470348075
3.289345532717106	90528.44369554713
3.322238988044277	2727.562845620879
3.35546137792472	31932.78472553045
3.3890159917039675	19762.96542059899
3.4229061516210066	44727.43761518624
3.4571352131372173	51221.43066213199
3.4917065652685895	110789.69312486464
3.526623630921275	85710.29282178484
3.5618898672304877	121872.5472805078
3.597508765902793	130692.51111756086
3.633483853561821	328732.90032174974
3.669818692097439	341748.1639454134
3.7065168790184138	568258.0111784037
3.743582047808598	617003.1671152066
3.7810178682866837	511745.9501589777
3.8188280469695504	922174.7107736996
3.8570163274392457	918742.4458450471
3.8955864907136384	921841.4887529736
3.934542355620775	1160354.884090753
3.973887779176983	1149229.9308434536
4.013626656968753	1689273.065411416
4.05376292353844	1591113.6234607904
4.0943005527738245	1955095.5943101777
4.135243558301563	1829444.1173514416
4.176595993884578	2066544.8585100782
4.2183619538234245	1795793.1110773731
4.260545573361659	2098287.6424361444
4.303151029095275	959034.2607115224
4.346182539386228	2108496.018078459
4.38964436478009	2194106.635074341
4.4335408084278916	1651249.8471773826
4.47787621651217	1746457.2521598705
4.522654978677292	1967824.443421484
4.567881528464065	1876475.9658813237
4.613560343748706	2121039.427954705
4.659695947186193	2117343.3999542124
4.706292906658055	2147841.8639984834
4.753355835724635	2284510.4386101225
4.8008893940818815	2153511.605358961
4.8488982880227	2019228.887846766
4.897387270902928	1548487.2889855804
4.9463611436119574	1137081.5066371937
4.995824755048077	1554666.8901610891
5.045783002598558	1482545.3455332718
5.0962408326245425	943254.9060637775
5.147203240950788	586188.9121706166
5.198675273360296	629973.7387900352
5.2506620260939	651528.7969230557
5.303168646354838	634577.6453746931
5.356200332818387	381418.6723141877
5.409762336146572	406774.0982637819
5.463859959508037	189605.4564668586
5.518498559103117	228657.03452927474
5.573683544694148	119907.65588964302
5.62942038014109	155494.84179414462
5.6857145839425005	114108.78192082018
5.742571729781926	109481.81532633193
5.799997447079745	145723.68705767673
5.857997421550542	124366.6637635302
5.916577395766049	61912.30888485606
5.9757431697237084	71747.26336429798
6.035500601420946	99827.63223523131
6.095855607435156	137995.69667307552
6.156814163509507	43836.061970004754
6.218382305144602	113417.71994276566
6.280566128196048	154776.42493482868
6.343371789478009	121010.30334449744
6.406805507372789	60936.35830891837
6.470873562446516	54514.204484380534
6.535582298070982	86379.73771255754
6.6009381210516915	54183.63457498761
6.666947502262209	89413.83724106706
6.733616977284831	112726.8004657177
6.80095314705768	71579.43874550649
6.868962678528256	77736.4441712875
6.937652305313538	194713.84817853547
7.007028828366674	122171.46598832292
7.077099116650341	116373.07128165457
7.1478701078168445	119309.28886265287
7.219348808895012	126608.65298637924
7.291542296983963	85621.27630864683
7.364457719953803	67083.92361956029
7.438102297153341	61249.475547882634
7.512483320124875	78274.42558155334
7.587608153326124	111279.61664383941
7.663484234859385	48453.576636763966
7.740119077207979	52205.60578529108
7.817520267980059	76467.53203324364
7.895695470659859	50342.35850661239
7.9746524253664575	119337.69613739238
8.054398949620122	123755.65656772985
8.134942939116323	137881.17947465734
8.216292368507487	170495.84375350992
8.29845529219256	187277.07716446358
8.381439845114487	127769.48278936704
8.465254243565633	210486.07074901822
8.549906786001289	237820.40552568587
8.635405853861302	157768.37388906543
8.721759912399914	238545.3541269846
8.808977511523914	171761.70423776234
8.897067286639153	230914.5109509501
8.986037959505545	224352.8807272709
9.0758983391006	188946.69610909937
9.166657322491607	194094.16741362127
9.258323895716522	263515.86252833315
9.350907134673689	178601.1926316388
9.444416206020424	254464.7915941577
9.538860368080629	158643.8803886198
9.634248971761435	230665.27911313268
9.730591461479051	197585.9155217057
9.82789737609384	321722.0472586149
9.926176349854778	220942.7360534829
10.025438113353328	328026.29597833863
10.125692494486861	278210.9284208588
10.22694941943173	326984.12133141473
10.329218913626045	75479.09197839272
10.432511102762307	64433.62352656938
10.536836213789929	90386.27903641813
10.64220457592783	119005.48726084999
10.748626621687109	26572.33632370255
10.85611288790398	72352.84111240489
10.96467401678302	122003.68739570158
11.074320756950849	166087.00887324935
11.185063964520356	185519.45311317575
11.296914604165563	163131.27613362108
11.409883750207218	218062.7218629281
11.52398258770929	113919.92063863453
11.639222413586383	186550.08791757675
11.755614637722246	91366.68949605108
11.87317078409947	167187.30404312845
11.991902491940465	77069.64303928478
12.111821516859868	100148.95000224195
12.232939732028466	99473.84439827414
12.355269129348752	115750.45015384436
12.47882182064224	143712.82057436145
12.603610038848663	108152.61836881796
12.729646139237149	81209.04070136022
12.856942600629521	83021.62561356669
12.985512026635817	112524.3312200906
13.115367146902173	104667.14770795479
13.246520818371195	85176.39256450582
13.378986026554909	82868.72763381018
13.512775886820457	116869.10961793327
13.647903645688663	99740.69992823448
13.78438268214555	74169.52749945458
13.922226508967004	123568.34863881998
14.061448774056675	79953.24422357936
14.202063261797242	72299.99327323481
14.344083894415213	88405.0063130691
14.487524733359367	56879.6899943631
14.632399980692961	87132.01740211685
14.778723980499889	93259.27689201325
14.92651122030489	76301.67354168401
15.075776332507937	81471.63397905968
15.226534095833017	70693.84209155529
15.378799436791349	77000.18548280212
15.532587431159262	64273.741778718475
15.687913305470854	58245.02231782287
15.844792438525564	36764.04322870202
16.00324036291082	48781.107681561116
16.16327276653993	62542.11296218767
16.32490549420533	50070.01070858622
16.48815454914738	61022.433700938134
16.653036094638853	53619.960798649336
16.819566455585242	51558.23272598467
16.987762120141095	54879.44901664169
17.157639741342507	47240.09173779262
17.329216138755932	46580.86610287078
17.502508300143493	47945.17438975536
17.677533383144926	53754.608439518874
17.854308716976377	53482.62543606223
18.032851804146137	38646.958078828626
18.2131803221876	37379.58189479246
18.395312125409475	47374.89887545844
18.57926524666357	38908.06978032164
18.765057899130205	38720.52874398426
18.95270847812151	37893.3652775979
19.142235562902727	40189.23272002513
19.333657918531753	27862.94980208573
19.52699449771707	30637.64653936082
19.72226444269424	29267.92291698076
19.919487087121183	20388.293260180537
20.118681957992393	28519.679075364686
20.319868777572317	23394.582449296897
20.523067465348042	25553.50098830885
20.728298140001524	29128.125574756978
20.93558112140154	27887.63127910422
21.144936932615554	18798.259328325592
21.35638630194171	16194.805962609713
21.569950164961128	23359.83171442794
21.78564966661074	20103.662806147036
22.003506163276846	22107.287143214166
22.223541224909614	19363.084485460786
22.445776637158712	18145.576112991028
22.6702344035303	19110.336418838535
22.8969367475656	15850.612275305491
23.125906115041257	18735.346665929206
23.35716517619167	20345.47691754036
23.59073682795359	13047.854672595444
23.826644196233126	9493.717666664848
24.064910638195453	16117.943864954814
24.305559744577412	18422.91994234557
24.548615342023187	17892.400184395494
24.794101495443417	16031.760576615616
25.042042510397852	8627.836028828086
25.29246293550183	10231.419485259617
25.54538756485685	12937.954037996184
25.80084144050542	15071.17127158411
26.058849854910473	8665.634823155113
26.319438353459574	12312.745873217511
26.582632736994174	6901.908733074026
26.848459064364114	9866.575262623475
27.11694365500776	9720.10538823336
27.388113091557834	11821.273400343993
27.661994222473414	9645.90207468335
27.938614164698148	6111.347229303454
28.21800030634513	5373.219973331154
28.500180309408577	5393.221511708815
28.785182112502664	7714.158267688177
29.07303393362769	6810.929074831516
29.363764272963973	6095.406313130699
29.65740191569361	7455.845481101713
