#wavelength	surface flux
0.6450077295303345	257154.86874447542
0.6472567915916443	386205.1569171725
0.6494921445846558	462489.15429877874
0.6517150402069092	480223.3171296431
0.6539263725280762	494326.5271545447
0.6561272740364075	508215.04775492346
0.6583186388015747	522726.15542597487
0.6605015397071838	537857.7303594726
0.6626768708229065	552478.4291741599
0.6648455858230591	567557.3580057734
0.6670085787773132	580463.7656415141
0.6691668033599854	582891.1870860906
0.6713210344314575	590233.9217284167
0.6734722256660461	618650.1000807658
0.6756211519241333	648010.5094573692
0.6777685880661011	667135.4624728458
0.6799154281616211	682996.9086957488
0.6820623278617859	700317.6051446769
0.6842101216316223	720507.5303043395
0.6863595843315125	740112.6918112839
0.688511312007904	757756.8332693153
0.6906660795211792	773716.016914879
0.6928245425224304	791977.8924800064
0.6949873566627502	814995.9452318419
0.6971551775932312	838022.2849984218
0.6993286609649658	859080.498065569
0.7015084028244019	879910.6562179964
0.7036949396133423	901257.4995069177
0.7058889269828796	923254.6565201877
0.7080909013748169	945485.3053088657
0.710301399230957	968046.094069546
0.712520956993103	991068.3540969007
0.7147500514984131	1013794.83330879
0.7169892191886902	1036356.6756817467
0.7192389369010925	1060293.9827384003
0.7214996814727783	1085275.8899418411
0.723771870136261	1110273.0455866945
0.7260559797286987	1135685.5669782588
0.7283523678779602	1161557.7228716728
0.7306615710258484	1188112.5322988592
0.7329838871955872	1215723.8512243023
0.7353196740150452	1243628.4289566004
0.7376693487167358	1271851.8836822526
0.7400332689285278	1300569.0156941693
0.7424117922782898	1328913.1280874053
0.7448052167892456	1357066.3720822737
0.7472138404846191	1384867.700201848
0.7496379613876343	1411003.4450952304
0.7520779371261597	1433549.39211384
0.7545340061187744	1448855.610732636
0.7570064663887024	1448208.3963424042
0.7594954967498779	1403958.2066010186
0.7620013952255249	1225584.6266953575
0.7645244002342224	828756.0932790892
0.7670646905899048	431190.6779680586
0.7696225643157959	415577.27517561073
0.7721980810165405	861517.6001045433
0.7747915983200073	1386914.2008346547
0.7774031162261963	1661593.0905543857
0.7800329327583313	1773350.6865121794
0.7826811671257019	1856584.5282632369
0.7853479981422424	1931044.2173091178
0.7880334854125977	1990966.6456745248
0.7907378077507019	2014695.7621708128
0.7934610247612	1969771.3529975107
0.7962033748626709	1991347.5426707608
0.7989648580551147	2138686.9498268752
0.801745593547821	2252471.341043309
0.8045456409454346	2308094.9080185452
0.8073651194572449	2358672.337924303
0.8102040886878967	2407450.8075501
0.8130625486373901	2459658.9625945045
0.8159406185150146	2517981.410049761
0.8188382983207703	2577097.221342651
0.8217556476593018	2635587.343359173
0.8246926665306091	2696114.5149404486
0.8276493549346924	2757218.9023414007
0.8306257724761963	2818158.0111076473
0.8336219191551208	2880362.7700624242
0.8366377949714661	2942482.206875179
0.8396733403205872	3007201.5771876303
0.8427285552024841	3077458.554960962
0.8458034992218018	3148734.711879536
0.8488980531692505	3218795.6547786775
0.8520121574401855	3289770.138324959
0.8551458716392517	3363219.7628570125
0.8582990765571594	3432194.465458436
0.8614717125892639	3486292.816045487
0.8646637797355652	3546459.3378076395
0.8678751587867737	3628350.4992639762
0.8711057901382446	3712034.756147984
0.8743556141853333	3792713.106105725
0.87762451171875	3873461.21171996
0.8809124231338501	3954211.5372434044
0.8842192888259888	4040535.9532356714
0.8875449895858765	4123953.0798998238
0.8908893465995789	4196828.749258612
0.894252359867096	4277240.091863246
0.8976338505744934	4376635.698331226
0.9010337591171265	4481302.844077181
0.9044519662857056	4582460.222892305
0.9078882932662964	4680693.567649866
0.9113426208496094	4774556.337308383
0.914814829826355	4861068.1505859
0.9183048605918884	4949980.393143282
0.9218124747276306	5036065.892089726
0.925337553024292	5059981.562703018
0.9288799166679382	5032924.960970143
0.9324395060539246	5083034.7367932
0.9360161423683167	5229690.04130718
0.9396095871925354	5384191.421868317
0.943219780921936	5484028.240429978
0.9468464851379395	5559396.751378705
0.9504896402359009	5673165.943368823
0.9541489481925964	5806764.366123195
0.9578243494033813	5899915.0022603525
0.9615156054496765	5943892.672752546
0.9652225375175476	6015150.190762007
0.9689450263977051	6163820.64083255
0.9726828336715698	6372737.722539344
0.9764357805252075	6560554.278044608
0.9802037477493286	6703678.9050468225
0.983986496925354	6841357.123495465
0.9877838492393494	6976399.047633082
0.9915955662727356	7112125.083590015
0.9954215884208679	7254935.069447366
0.9992615580558777	7391913.584514758
1.0031154155731201	7518706.735026796
1.0069829225540161	7660746.22983141
1.0108637809753418	7818779.403545845
1.0147579908370972	7979185.58048763
1.018665075302124	8133109.44784759
1.022585153579712	8264852.466569676
1.0265177488327026	8387498.881770245
1.0304628610610962	8533877.604673715
1.0344202518463135	8703769.920197433
1.0383895635604858	8867210.694477068
1.0423706769943237	9015478.234578546
1.0463634729385376	9160402.602575107
1.0503677129745483	9305585.884544361
1.0543830394744873	9456674.205058048
1.058409333229065	9610445.023554247
1.0624464750289917	9760083.59734165
1.0664942264556885	9908761.518316576
1.0705522298812866	10058176.594130132
1.0746204853057861	10210197.24315752
1.0786986351013184	10364544.188958647
1.0827864408493042	10515946.205612462
1.086883783340454	10649397.479698092
1.0909905433654785	10754291.859297132
1.0951062440872192	10822798.391971476
1.0992310047149658	10747982.68839012
1.10336434841156	10558748.748653874
1.1075061559677124	10552336.214045396
1.1116561889648438	10670134.59159397
1.115814208984375	10724953.000868134
1.1199802160263062	10826407.080437584
1.124153733253479	11055469.935523363
1.1283347606658936	11224892.62115187
1.1325229406356812	11144337.043811586
1.1367181539535522	11291828.712171936
1.1409201622009277	11786956.776619002
1.145128846168518	12124453.927631149
1.1493438482284546	12064376.639305897
1.1535650491714478	11780554.365272732
1.1577922105789185	11763179.36333955
1.1620250940322876	12090676.237767318
1.1662636995315552	12520904.345697392
1.170507550239563	12834232.65363465
1.174756646156311	13140029.623000583
1.1790107488632202	13565987.810452845
1.1832695007324219	13928125.115913916
1.1875330209732056	14175469.699302828
1.191800832748413	14410606.984275749
1.1960728168487549	14673195.8232144
1.2003488540649414	14893472.291130407
1.2046287059783936	15068494.081424456
1.2089121341705322	15239373.67411486
1.2131990194320679	15433173.873362623
1.2174891233444214	15651377.002982678
1.2217823266983032	15864195.728717502
1.2260783910751343	16059762.685099384
1.230377197265625	16243952.203578481
1.2346785068511963	16422864.669326285
1.238982081413269	16605161.268940326
1.2432878017425537	16784245.859705355
1.2475954294204712	16944337.913262047
1.2519049644470215	17092472.945633054
1.256216049194336	17271490.02231277
1.2605286836624146	17457156.425087374
1.2648425102233887	17614529.436185833
1.2691574096679688	17768148.675893977
1.2734732627868652	17927728.699601237
1.2777899503707886	18086620.03061463
1.2821072340011597	18236486.734938838
1.2864248752593994	18368870.854190715
1.2907428741455078	18482050.367626935
1.2950609922409058	18619858.34014457
1.2993791103363037	18763975.242039695
1.303696870803833	18872465.94494606
1.3080145120620728	19005090.753750034
1.3123314380645752	19183461.373399444
1.3166478872299194	19354008.854744505
1.3209635019302368	19390697.144297186
1.3252781629562378	19181916.15097796
1.3295916318893433	18395489.216266777
1.3339040279388428	16384814.937870558
1.3382149934768677	13431978.522661358
1.3425244092941284	11913798.712123726
1.3468321561813354	12489147.127937743
1.3511382341384888	12237856.45961152
1.3554422855377197	11112210.241986776
1.3597444295883179	10904787.84555529
1.3640443086624146	11537503.166209973
1.3683418035507202	12775782.693212677
1.3726370334625244	14541246.083395813
1.3769296407699585	15703223.506210385
1.381219506263733	14177606.922307525
1.3855066299438477	11689677.307186142
1.3897908926010132	10867721.481867004
1.3940720558166504	10899869.175712401
1.3983501195907593	11290061.088965606
1.4026249647140503	12938903.048024492
1.4068963527679443	14322535.883927295
1.4111642837524414	13160283.693886632
1.4154287576675415	12346584.478832062
1.419689416885376	12888410.304519339
1.4239463806152344	12874300.952661648
1.4281994104385376	13350160.700642038
1.4324485063552856	13539664.336410096
1.436693549156189	13312020.088170996
1.440934419631958	14311383.95434459
1.4451709985733032	16143584.445907712
1.449403166770935	17879113.555305693
1.453631043434143	18822645.621997435
1.4578542709350586	19286050.85575125
1.4620729684829712	19770633.71456699
1.4662868976593018	19941742.693409733
1.4704961776733398	19835990.463605363
1.4747005701065063	19971512.52372203
1.4788999557495117	20379031.30684693
1.4830944538116455	21011577.223325662
1.4872838258743286	21624387.248814028
1.491468071937561	21857399.348847535
1.4956470727920532	22016574.88073687
1.4998208284378052	22510429.962698303
1.5039892196655273	23057586.699563038
1.5081522464752197	23229805.06920187
1.5123097896575928	23368552.951101348
1.5164618492126465	23797126.020448096
1.5206083059310913	24412244.595713377
1.5247491598129272	24859137.568674102
1.5288842916488647	24982720.036623083
1.5330137014389038	25171907.926735323
1.5371372699737549	25474337.844857708
1.541254997253418	25672252.397899777
1.545366883277893	25894414.34866184
1.5494728088378906	26170534.734125167
1.5535727739334106	26342138.157169756
1.5576666593551636	26404719.28735113
1.561754584312439	26560889.585257143
1.5658363103866577	26866525.880182493
1.5699119567871094	27103102.970890462
1.5739814043045044	27165280.06861523
1.5780447721481323	27174891.963819157
1.582101821899414	27357577.82283923
1.5861525535583496	27668307.146584768
1.5901970863342285	27867194.91614803
1.5942351818084717	27960653.795634266
1.5982669591903687	28044602.330424346
1.6022924184799194	28175957.062230162
1.606311559677124	28332928.02876752
1.6103241443634033	28454500.608059186
1.6143304109573364	28563875.83252705
1.6183301210403442	28683236.928823356
1.6223233938217163	28830118.93235042
1.6263102293014526	29000485.474594094
1.6302905082702637	29126810.111962885
1.634264349937439	29231163.45552395
1.638231635093689	29361148.98411365
1.6421923637390137	29485955.596275516
1.646146535873413	29592526.70292402
1.6500942707061768	29666753.82631702
1.6540353298187256	29723839.05206975
1.6579699516296387	29775420.513615333
1.661897897720337	29814115.768858757
1.6658192873001099	29856862.737687558
1.6697341203689575	29924675.32134546
1.6736423969268799	30092026.091847923
1.677544116973877	30285751.07076869
1.6814392805099487	30401969.302198283
1.6853278875350952	30478708.540601786
1.6892099380493164	30475190.43243023
1.6930854320526123	30362260.529304724
1.696954369544983	30313059.64431422
1.7008168697357178	30438476.138851207
1.7046726942062378	30530636.96599448
1.708522081375122	30467150.414773986
1.712364912033081	30368012.216596823
1.7162011861801147	30366902.885732267
1.7200311422348022	30448035.793478217
1.723854422569275	30465115.381363083
1.7276713848114014	30338235.220642615
1.731481909751892	30026729.449440084
1.7352858781814575	29641128.342568006
1.7390835285186768	29341044.82146458
1.7428747415542603	28960984.996217936
1.7466596364974976	28404823.783576895
1.7504380941390991	27703768.03009901
1.7542102336883545	27227754.356661037
1.7579760551452637	27973586.57774591
1.7617355585098267	29080055.886676915
1.7654887437820435	28694066.656630088
1.7692357301712036	27047401.07783895
1.7729763984680176	24800640.701226126
1.776710867881775	22240709.478356775
1.7804391384124756	21170207.40001053
1.7841613292694092	21290014.890292894
1.7878772020339966	20674173.18640306
1.7915871143341064	20781902.855612356
1.7952908277511597	21443468.780416425
1.7989884614944458	20369604.739974722
1.8026801347732544	17579961.994095307
1.806365728378296	14737188.060732177
1.8100452423095703	14778726.22085327
1.8137187957763672	16497881.799013512
1.817386507987976	16214698.260618733
1.8210482597351074	17019018.145321194
1.8247040510177612	17830787.164543197
1.828354001045227	15776120.59997834
1.8319982290267944	15848612.33333829
1.8356364965438843	18491546.140527584
1.8392690420150757	20566956.162512604
1.8428958654403687	21068541.867769133
1.8465168476104736	20737145.96696202
1.8501322269439697	19732236.963598892
1.8537418842315674	16844839.436306573
1.8573459386825562	15122458.045004113
1.860944390296936	15019257.68630402
1.864537239074707	14624400.991606722
1.8681244850158691	16315754.917424839
1.871706247329712	19435968.78383846
1.8752825260162354	21412527.09646062
1.8788533210754395	22755840.42902332
1.8824186325073242	23513723.25019435
1.8859784603118896	23052727.258328672
1.8895330429077148	22909770.660862323
1.8930821418762207	24113502.375944234
1.8966259956359863	23955474.953587063
1.9001644849777222	20556815.753246993
1.9036977291107178	17439095.922910687
1.9072256088256836	17832258.264887653
1.9107483625411987	17820878.9352085
1.9142658710479736	15355482.923635922
1.9177782535552979	15134165.545885658
1.9212853908538818	16909746.602948397
1.9247875213623047	16942789.908092316
1.9282845258712769	17119540.86933327
1.9317764043807983	18883285.38375445
1.9352631568908691	19508059.94238232
1.9387450218200684	18549729.445423756
1.942221760749817	18222518.265417144
1.9456936120986938	18515539.581399318
1.9491604566574097	18640791.33772442
1.952622413635254	18060298.227873143
1.956079363822937	17211970.425755028
1.959531545639038	17743257.512131546
1.962978720664978	18579685.661380906
1.966421127319336	19729210.337414917
1.9698586463928223	21664482.5505574
1.9732913970947266	22478992.12778348
1.9767193794250488	22779312.226224046
1.9801424741744995	24016870.447924033
1.9835609197616577	25227181.871256027
1.9869745969772339	25255278.576834355
1.990383505821228	24104365.59123954
1.9937876462936401	23597025.12712336
1.9971871376037598	23711769.318983685
2.000581979751587	24245971.588236496
2.003972291946411	25855392.059518002
2.007357597351074	27009316.244208913
2.0107386112213135	27843216.09344957
2.0141148567199707	28326459.66949876
2.017486572265625	27723317.597496837
2.0208535194396973	27812537.22043534
2.0242159366607666	28934348.82749579
2.027573823928833	29707253.971129917
2.0309269428253174	30145925.012613766
2.034275770187378	30632541.620276276
2.0376198291778564	30994562.25556118
2.040959596633911	31316652.13361312
2.044294595718384	31744495.337046925
2.0476250648498535	32202447.337162152
2.0509510040283203	32373304.280877184
2.054272413253784	32175282.432384368
2.057589530944824	32221132.38811837
2.0609018802642822	32589345.556988448
2.0642096996307373	32919035.109166715
2.0675129890441895	33152009.85060015
2.0708119869232178	33247278.418500464
2.074106216430664	33193575.131062753
2.0773961544036865	33173702.804291587
2.080681324005127	33288409.99986397
2.0839622020721436	33443461.135603018
2.087238311767578	33572140.296925135
2.090510129928589	33591820.27332815
2.0937774181365967	33535557.55281748
2.0970399379730225	33564982.58722344
2.1002981662750244	33627540.15876272
2.1035518646240234	33609313.457716756
2.1068007946014404	33584216.03948049
2.1100454330444336	33741269.98138801
2.1132853031158447	33962964.57358124
2.116520881652832	33997592.60050403
2.1197516918182373	33992513.489156105
2.1229779720306396	34077947.49371723
2.12619948387146	34151099.5773793
2.1294167041778564	34176314.261919014
2.132629156112671	34215386.51504734
2.1358368396759033	34231097.99905334
2.139039993286133	34190234.14647328
2.1422386169433594	34184714.56677552
2.145432472229004	34217457.72570153
2.1486217975616455	34209816.97785096
2.151806354522705	34172160.14397481
2.1549863815307617	34170217.42085296
2.1581614017486572	34221648.33714314
2.16133189201355	34269527.18523506
2.1644976139068604	34281190.17761662
2.167658567428589	34259481.0790838
2.1708147525787354	34198665.1682005
2.173966407775879	34110686.96072276
2.1771130561828613	34075144.88296845
2.1802549362182617	34144248.376503445
2.183391809463501	34228088.33524962
2.1865241527557373	34262857.05146117
2.1896514892578125	34274556.28057849
2.1927738189697266	34226619.42189472
2.1958916187286377	34078996.96725021
2.1990041732788086	33958544.10574924
2.2021119594573975	33967899.74477787
2.2052149772644043	34025734.155831344
2.208312749862671	34077407.465365805
2.2114057540893555	34105481.820066266
2.214493751525879	34070111.28794947
2.217576742172241	34000853.52612521
2.2206547260284424	33982502.04660354
2.2237277030944824	34000724.3387952
2.2267956733703613	33966899.04488495
2.2298583984375	33908078.5136038
2.2329163551330566	33893770.829914875
2.235969066619873	33933598.5831875
2.2390167713165283	33941526.367500655
2.2420592308044434	33771173.502611525
2.2450966835021973	33488983.996210426
2.248128890991211	33349404.948496234
2.2511560916900635	33439049.890126087
2.254178285598755	33597055.68863772
2.257194995880127	33679313.01944111
2.260206699371338	33637206.19652679
2.2632133960723877	33377182.65958688
2.266214609146118	33002144.645007957
2.2692108154296875	32818758.900147196
2.2722020149230957	32923029.161834717
2.2751877307891846	33117766.882411174
2.278168201446533	33088817.89236512
2.2811436653137207	32840615.104247406
2.284113883972168	32761940.704834975
2.287078857421875	32878010.78644165
2.290038824081421	32527761.579726078
2.2929933071136475	31042138.16162452
2.295942783355713	28607642.580624107
2.298887014389038	26061491.703836538
2.301826238632202	23988510.405946705
2.304760217666626	22376517.15592026
2.3076889514923096	21242458.53088312
2.310612440109253	21216204.162682816
2.3135311603546143	22017005.001810253
2.3164443969726562	22310942.169794094
2.319352865219116	21939276.836225603
2.322256088256836	21544977.41966343
2.3251543045043945	21422106.124186236
2.328047275543213	21576168.34885515
2.330935478210449	22009043.027712088
2.3338186740875244	22721107.22713233
2.3366971015930176	23575180.972653463
2.3395702838897705	24512973.297357008
2.3424389362335205	25640257.68367057
2.3453025817871094	27012681.534785762
2.348161458969116	27823403.194336355
2.351015567779541	27291809.93470331
2.353865146636963	26083520.261895023
2.3567099571228027	25125792.59856805
2.3595502376556396	25023459.41559807
2.3623859882354736	25931827.802755844
2.3652172088623047	26256835.90007305
2.368043899536133	25150721.60829916
2.370866537094116	25076752.64399415
2.3736846446990967	26469113.285775762
2.3764986991882324	25850430.011350628
2.3793084621429443	23346228.542253338
2.3821144104003906	22320321.258354157
2.384916305541992	23727772.295812983
2.387714147567749	26317371.892345175
2.3905084133148193	28293284.313089762
2.393299102783203	28445930.76456831
2.3960859775543213	26624360.128595997
2.398869514465332	24329211.861444272
2.4016497135162354	23087003.268389437
2.4044265747070312	22917883.837727062
2.407200336456299	23355286.83734246
2.409970998764038	23807448.065745175
2.4127390384674072	23955854.08320927
2.415503978729248	24178715.12937347
2.418266534805298	24775847.400089912
2.4210267066955566	25309310.060081586
2.4237842559814453	25330053.29234388
2.426539897918701	24930827.326852642
2.429293394088745	24314047.61643593
2.4320452213287354	23875288.763540324
2.4347951412200928	23989903.249609325
2.4375438690185547	24184587.8230776
2.440291166305542	23750140.287018508
2.443037271499634	22749557.467874322
2.445782423019409	21767260.74480861
2.4485268592834473	20999423.726245392
2.451270818710327	20607637.30704485
2.454014539718628	21605568.10716731
2.4567582607269287	23101860.354365207
2.4595019817352295	22856878.103181697
2.4622461795806885	22592771.741704326
2.4649908542633057	22670605.55396238
2.4677364826202393	20839284.11412497
2.4704833030700684	17916192.73115688
2.473231554031372	15151983.690396138
2.4759814739227295	12980790.668667022
2.4787333011627197	12275109.231775302
2.481487512588501	13617866.25091463
2.4842441082000732	15545871.558468672
2.4870035648345947	15225430.265265906
2.4897661209106445	13644933.69564264
2.492532253265381	13886403.621595211
2.495302200317383	14047023.757948978
2.4980762004852295	12162035.510577075
2.500854969024658	10105131.682074621
2.50363826751709	8999555.592288928
2.506427049636841	10101537.874694169
2.509221315383911	12628977.700419053
2.512021541595459	12383375.982551439
2.5148282051086426	10059238.664324716
2.517641544342041	8534008.204481222
2.5204622745513916	7438472.302419162
2.5232906341552734	7482077.897106446
2.5261268615722656	10260170.595904399
2.5289716720581055	13039251.941060994
2.531825542449951	12055991.809623126
2.534688949584961	10705670.562107472
2.537562131881714	13017405.979775712
2.540445566177368	15241931.116266252
2.5433402061462402	13023647.907647632
2.546246290206909	8742204.349285556
2.549164056777954	7063738.1568432655
2.5520944595336914	8163388.905125304
2.5550382137298584	7981559.75597221
