0.600000	1.45560e+09
0.601200	1.63328e+09
0.602402	1.77405e+09
0.603607	1.88597e+09
0.604814	1.97228e+09
0.606024	2.05344e+09
0.607236	2.12113e+09
0.608450	2.05919e+09
0.609667	1.79834e+09
0.610887	1.70040e+09
0.612108	1.52378e+09
0.613333	1.80161e+09
0.614559	1.88049e+09
0.615788	1.51336e+09
0.617020	1.52987e+09
0.618254	1.92675e+09
0.619491	2.04911e+09
0.620729	2.00781e+09
0.621971	2.04470e+09
0.623215	1.95824e+09
0.624461	1.74962e+09
0.625710	1.87648e+09
0.626962	1.64811e+09
0.628215	1.45627e+09
0.629472	1.73558e+09
0.630731	1.92728e+09
0.631992	1.96757e+09
0.633256	2.05370e+09
0.634523	1.87013e+09
0.635792	1.29440e+09
0.637063	1.04131e+09
0.638337	1.17131e+09
0.639614	1.45987e+09
0.640893	1.63938e+09
0.642175	1.80992e+09
0.643459	1.72915e+09
0.644746	1.99042e+09
0.646036	2.15982e+09
0.647328	2.30400e+09
0.648623	2.43544e+09
0.649920	2.35396e+09
0.651220	2.74179e+09
0.652522	2.88999e+09
0.653827	2.91883e+09
0.655135	2.86957e+09
0.656445	2.64568e+09
0.657758	2.49642e+09
0.659073	2.86708e+09
0.660391	2.98410e+09
0.661712	2.99274e+09
0.663036	3.01365e+09
0.664362	2.94290e+09
0.665690	2.86211e+09
0.667022	2.85280e+09
0.668356	2.71291e+09
0.669692	2.06372e+09
0.671032	1.32877e+09
0.672374	1.83362e+09
0.673719	2.08677e+09
0.675066	2.23664e+09
0.676416	2.47483e+09
0.677769	2.16515e+09
0.679124	1.73436e+09
0.680483	1.51949e+09
0.681844	1.37761e+09
0.683207	1.32404e+09
0.684574	1.28041e+09
0.685943	1.13313e+09
0.687315	1.06896e+09
0.688689	8.46668e+08
0.690067	1.06649e+09
0.691447	1.39693e+09
0.692830	1.38451e+09
0.694215	1.27738e+09
0.695604	1.83526e+09
0.696995	1.86333e+09
0.698389	1.86761e+09
0.699786	1.89652e+09
0.701185	1.55885e+09
0.702587	1.67760e+09
0.703993	2.31417e+09
0.705401	2.97348e+09
0.706811	3.00232e+09
0.708225	2.90754e+09
0.709641	2.86699e+09
0.711061	2.96512e+09
0.712483	2.98001e+09
0.713908	2.77942e+09
0.715336	2.71001e+09
0.716766	2.97407e+09
0.718200	3.14184e+09
0.719636	3.15767e+09
0.721075	3.11078e+09
0.722517	3.19552e+09
0.723962	3.17928e+09
0.725410	3.25193e+09
0.726861	3.32462e+09
0.728315	3.36717e+09
0.729771	3.38679e+09
0.731231	3.33721e+09
0.732693	3.26293e+09
0.734159	3.29433e+09
0.735627	3.31444e+09
0.737098	3.35597e+09
0.738573	3.42111e+09
0.740050	3.41938e+09
0.741530	3.40296e+09
0.743013	3.40812e+09
0.744499	3.31656e+09
0.745988	3.14894e+09
0.747480	3.21000e+09
0.748975	3.29170e+09
0.750473	3.36984e+09
0.751974	3.41869e+09
0.753477	3.38772e+09
0.754984	3.42525e+09
0.756494	3.46945e+09
0.758007	3.51602e+09
0.759523	3.43475e+09
0.761042	3.32261e+09
0.762564	3.24077e+09
0.764089	2.84559e+09
0.765618	1.62013e+09
0.767149	1.07286e+09
0.768683	1.55168e+09
0.770220	1.42753e+09
0.771761	2.57991e+09
0.773304	3.36613e+09
0.774851	3.53756e+09
0.776401	3.56279e+09
0.777953	3.56252e+09
0.779509	3.49756e+09
0.781068	3.56108e+09
0.782630	3.68064e+09
0.784196	3.68550e+09
0.785764	3.69021e+09
0.787336	3.69635e+09
0.788910	3.70209e+09
0.790488	3.71470e+09
0.792069	3.72058e+09
0.793653	3.65668e+09
0.795240	3.57479e+09
0.796831	3.72481e+09
0.798424	3.76917e+09
0.800021	3.77865e+09
0.801621	3.78614e+09
0.803224	3.77438e+09
0.804831	3.74485e+09
0.806440	3.74598e+09
0.808053	3.74443e+09
0.809669	3.75138e+09
0.811289	3.77610e+09
0.812911	3.79565e+09
0.814537	3.77613e+09
0.816166	3.66367e+09
0.817798	3.06808e+09
0.819434	2.58607e+09
0.821073	3.29365e+09
0.822715	3.73819e+09
0.824360	3.78150e+09
0.826009	3.79831e+09
0.827661	3.81635e+09
0.829316	3.83191e+09
0.830975	3.81997e+09
0.832637	3.75376e+09
0.834302	3.78588e+09
0.835971	3.77721e+09
0.837643	3.60606e+09
0.839318	3.56827e+09
0.840996	3.68068e+09
0.842678	3.47800e+09
0.844364	3.46206e+09
0.846052	3.72439e+09
0.847745	3.77567e+09
0.849440	3.72414e+09
0.851139	3.73196e+09
0.852841	3.68159e+09
0.854547	3.54012e+09
0.856256	3.75823e+09
0.857968	3.86957e+09
0.859684	3.89031e+09
0.861404	3.87985e+09
0.863126	3.87190e+09
0.864853	3.77276e+09
0.866582	3.57779e+09
0.868315	3.61573e+09
0.870052	3.68563e+09
0.871792	3.79055e+09
0.873536	3.78762e+09
0.875283	3.79716e+09
0.877033	3.85597e+09
0.878787	3.78920e+09
0.880545	3.78658e+09
0.882306	3.78710e+09
0.884070	3.81192e+09
0.885839	3.84699e+09
0.887610	3.81204e+09
0.889385	3.86709e+09
0.891164	3.85029e+09
0.892946	3.81682e+09
0.894732	3.86532e+09
0.896522	3.86270e+09
0.898315	3.85883e+09
0.900111	3.76934e+09
0.901912	3.78609e+09
0.903715	3.80955e+09
0.905523	3.78610e+09
0.907334	3.82663e+09
0.909148	3.86818e+09
0.910967	3.88570e+09
0.912789	3.89841e+09
0.914614	3.88684e+09
0.916443	3.87666e+09
0.918276	3.83271e+09
0.920113	3.78614e+09
0.921953	3.83489e+09
0.923797	3.85954e+09
0.925644	3.80659e+09
0.927496	3.78753e+09
0.929351	3.81105e+09
0.931209	3.80440e+09
0.933072	3.79069e+09
0.934938	3.74455e+09
0.936808	3.77176e+09
0.938681	3.79219e+09
0.940559	3.81946e+09
0.942440	3.83197e+09
0.944325	3.79021e+09
0.946213	3.78887e+09
0.948106	3.82076e+09
0.950002	3.81864e+09
0.951902	3.79676e+09
0.953806	3.73858e+09
0.955713	3.72383e+09
0.957625	3.76254e+09
0.959540	3.72154e+09
0.961459	3.68947e+09
0.963382	3.52312e+09
0.965308	3.46414e+09
0.967239	3.48579e+09
0.969174	3.49286e+09
0.971112	3.52326e+09
0.973054	3.54068e+09
0.975000	3.57958e+09
0.976950	3.59432e+09
0.978904	3.48971e+09
0.980862	3.61867e+09
0.982824	3.66769e+09
0.984789	3.69260e+09
0.986759	3.66951e+09
0.988732	3.58690e+09
0.990710	3.36111e+09
0.992691	3.31237e+09
0.994676	3.48084e+09
0.996666	3.50702e+09
0.998659	3.33877e+09
1.00066	3.41512e+09
1.00266	3.48207e+09
1.00466	3.29102e+09
1.00667	3.22542e+09
1.00869	3.35532e+09
1.01070	3.35007e+09
1.01272	3.39778e+09
1.01475	3.34748e+09
1.01678	3.31124e+09
1.01881	3.40413e+09
1.02085	3.38903e+09
1.02289	3.41819e+09
1.02494	3.19675e+09
1.02699	3.04584e+09
1.02904	3.27614e+09
1.03110	3.24730e+09
1.03316	3.18456e+09
1.03523	3.24511e+09
1.03730	3.33704e+09
1.03937	3.36858e+09
1.04145	3.35995e+09
1.04353	3.37870e+09
1.04562	3.37949e+09
1.04771	3.37455e+09
1.04981	3.33764e+09
1.05191	3.31903e+09
1.05401	3.36149e+09
1.05612	3.37576e+09
1.05823	3.34746e+09
1.06035	3.36950e+09
1.06247	3.39213e+09
1.06459	3.36246e+09
1.06672	3.30766e+09
1.06886	3.24097e+09
1.07099	3.20291e+09
1.07314	3.25109e+09
1.07528	3.28202e+09
1.07743	3.26935e+09
1.07959	3.31006e+09
1.08175	3.32117e+09
1.08391	3.31821e+09
1.08608	3.27524e+09
1.08825	3.26392e+09
1.09043	3.26358e+09
1.09261	3.26757e+09
1.09479	3.25656e+09
1.09698	3.18881e+09
1.09918	3.18094e+09
1.10137	3.22025e+09
1.10358	3.21895e+09
1.10578	3.22233e+09
1.10800	3.22040e+09
1.11021	3.19899e+09
1.11243	3.18886e+09
1.11466	3.19841e+09
1.11689	3.20719e+09
1.11912	3.18952e+09
1.12136	3.20450e+09
1.12360	3.20671e+09
1.12585	3.17579e+09
1.12810	3.16060e+09
1.13036	3.17795e+09
1.13262	3.18760e+09
1.13488	3.14499e+09
1.13715	3.00191e+09
1.13943	2.83249e+09
1.14170	2.92498e+09
1.14399	3.10320e+09
1.14628	3.13273e+09
1.14857	3.14133e+09
1.15087	3.14958e+09
1.15317	3.14830e+09
1.15547	3.13249e+09
1.15778	3.11550e+09
1.16010	3.09853e+09
1.16242	3.09308e+09
1.16475	3.07198e+09
1.16707	3.06475e+09
1.16941	3.03040e+09
1.17175	3.05867e+09
1.17409	3.05923e+09
1.17644	2.96544e+09
1.17879	2.94559e+09
1.18115	3.02123e+09
1.18351	3.03473e+09
1.18588	3.01590e+09
1.18825	2.98513e+09
1.19063	3.00446e+09
1.19301	3.00239e+09
1.19539	2.95443e+09
1.19778	2.91577e+09
1.20018	2.94663e+09
1.20258	2.95412e+09
1.20499	2.95433e+09
1.20740	2.94892e+09
1.20981	2.93658e+09
1.21223	2.92107e+09
1.21465	2.90989e+09
1.21708	2.91067e+09
1.21952	2.90281e+09
1.22196	2.89770e+09
1.22440	2.89800e+09
1.22685	2.88536e+09
1.22930	2.87879e+09
1.23176	2.87328e+09
1.23423	2.86553e+09
1.23669	2.84801e+09
1.23917	2.82052e+09
1.24165	2.81347e+09
1.24413	2.80608e+09
1.24662	2.80694e+09
1.24911	2.79446e+09
1.25161	2.77726e+09
1.25411	2.77819e+09
1.25662	2.78371e+09
1.25913	2.77083e+09
1.26165	2.76218e+09
1.26417	2.75034e+09
1.26670	2.75602e+09
1.26924	2.75014e+09
1.27177	2.74421e+09
1.27432	2.72461e+09
1.27687	2.71996e+09
1.27942	2.71850e+09
1.28198	2.70925e+09
1.28454	2.69106e+09
1.28711	2.68226e+09
1.28969	2.67329e+09
1.29227	2.66350e+09
1.29485	2.65874e+09
1.29744	2.66008e+09
1.30003	2.65144e+09
1.30263	2.64151e+09
1.30524	2.63302e+09
1.30785	2.61555e+09
1.31047	2.60340e+09
1.31309	2.59020e+09
1.31571	2.57966e+09
1.31834	2.57930e+09
1.32098	2.57411e+09
1.32362	2.55957e+09
1.32627	2.53889e+09
1.32892	2.51979e+09
1.33158	2.48472e+09
1.33424	2.40062e+09
1.33691	2.36169e+09
1.33959	2.37169e+09
1.34227	2.36510e+09
1.34495	2.33647e+09
1.34764	2.31873e+09
1.35033	2.28933e+09
1.35304	2.28041e+09
1.35574	2.29192e+09
1.35845	2.31602e+09
1.36117	2.29439e+09
1.36389	2.27306e+09
1.36662	2.26741e+09
1.36935	2.26927e+09
1.37209	2.28136e+09
1.37484	2.27010e+09
1.37759	2.27665e+09
1.38034	2.26028e+09
1.38310	2.23278e+09
1.38587	2.21504e+09
1.38864	2.18104e+09
1.39142	2.16149e+09
1.39420	2.14552e+09
1.39699	2.13846e+09
1.39978	2.13202e+09
1.40258	2.09325e+09
1.40539	2.07127e+09
1.40820	2.06968e+09
1.41101	2.07412e+09
1.41384	2.06703e+09
1.41666	2.02894e+09
1.41950	1.99215e+09
1.42234	1.98271e+09
1.42518	1.95820e+09
1.42803	1.95958e+09
1.43089	1.97179e+09
1.43375	1.97222e+09
1.43662	1.94719e+09
1.43949	1.91008e+09
1.44237	1.91161e+09
1.44525	1.90726e+09
1.44814	1.89825e+09
1.45104	1.88197e+09
1.45394	1.86760e+09
1.45685	1.85541e+09
1.45976	1.85537e+09
1.46268	1.83449e+09
1.46561	1.82217e+09
1.46854	1.80268e+09
1.47148	1.80106e+09
1.47442	1.78336e+09
1.47737	1.76947e+09
1.48032	1.76201e+09
1.48328	1.74845e+09
1.48625	1.72684e+09
1.48922	1.71300e+09
1.49220	1.70896e+09
1.49518	1.69387e+09
1.49817	1.67976e+09
1.50117	1.66440e+09
1.50417	1.65232e+09
1.50718	1.64132e+09
1.51020	1.63164e+09
1.51322	1.61817e+09
1.51624	1.60915e+09
1.51927	1.59911e+09
1.52231	1.58706e+09
1.52536	1.56719e+09
1.52841	1.54786e+09
1.53147	1.53617e+09
1.53453	1.52662e+09
1.53760	1.51450e+09
1.54067	1.50086e+09
1.54375	1.48646e+09
1.54684	1.47401e+09
1.54993	1.46154e+09
1.55303	1.44995e+09
1.55614	1.43685e+09
1.55925	1.42559e+09
1.56237	1.41439e+09
1.56550	1.40202e+09
1.56863	1.38972e+09
1.57176	1.37592e+09
1.57491	1.36475e+09
1.57806	1.35616e+09
1.58121	1.34341e+09
1.58438	1.32957e+09
1.58754	1.31849e+09
1.59072	1.30742e+09
1.59390	1.29573e+09
1.59709	1.28369e+09
1.60028	1.27142e+09
1.60348	1.26001e+09
1.60669	1.24855e+09
1.60990	1.23697e+09
1.61312	1.22540e+09
1.61635	1.21412e+09
1.61958	1.20281e+09
1.62282	1.19167e+09
1.62607	1.18123e+09
1.62932	1.17037e+09
1.63258	1.15928e+09
1.63584	1.14880e+09
1.63911	1.13843e+09
1.64239	1.12743e+09
1.64568	1.11772e+09
1.64897	1.10790e+09
1.65227	1.09792e+09
1.65557	1.08807e+09
1.65888	1.07811e+09
1.66220	1.06801e+09
1.66552	1.05846e+09
1.66886	1.04909e+09
1.67219	1.03987e+09
1.67554	1.03043e+09
1.67889	1.02113e+09
1.68225	1.01215e+09
1.68561	1.00355e+09
1.68898	9.94885e+08
1.69236	9.85739e+08
1.69574	9.76369e+08
1.69914	9.66920e+08
1.70253	9.58341e+08
1.70594	9.50068e+08
1.70935	9.41714e+08
1.71277	9.33440e+08
1.71620	9.24459e+08
1.71963	9.15504e+08
1.72307	9.07094e+08
1.72651	8.96752e+08
1.72997	8.87538e+08
1.73343	8.80264e+08
1.73689	8.70645e+08
1.74037	8.63649e+08
1.74385	8.57295e+08
1.74733	8.54515e+08
1.75083	8.46721e+08
1.75433	8.35375e+08
1.75784	8.30412e+08
1.76136	8.22316e+08
1.76488	8.13030e+08
1.76841	8.02313e+08
1.77194	7.94276e+08
1.77549	7.84893e+08
1.77904	7.82613e+08
1.78260	7.79301e+08
1.78616	7.73146e+08
1.78973	7.55507e+08
1.79331	7.47283e+08
1.79690	7.43767e+08
1.80049	7.35600e+08
1.80410	7.35324e+08
1.80770	7.21817e+08
1.81132	7.16362e+08
1.81494	7.09244e+08
1.81857	7.03389e+08
1.82221	7.04207e+08
1.82585	6.98582e+08
1.82950	6.97977e+08
1.83316	6.98890e+08
1.83683	6.93537e+08
1.84050	6.83329e+08
1.84418	6.73304e+08
1.84787	6.65669e+08
1.85157	6.61530e+08
1.85527	6.49173e+08
1.85898	6.42060e+08
1.86270	6.45529e+08
1.86642	6.45445e+08
1.87016	6.39217e+08
1.87390	6.31704e+08
1.87765	6.30447e+08
1.88140	6.26335e+08
1.88516	6.19256e+08
1.88893	6.19859e+08
1.89271	6.17019e+08
1.89650	6.10831e+08
1.90029	6.04434e+08
1.90409	6.01823e+08
1.90790	5.98278e+08
1.91171	5.93994e+08
1.91554	5.91456e+08
1.91937	5.83050e+08
1.92321	5.76683e+08
1.92705	5.76296e+08
1.93091	5.71064e+08
1.93477	5.67603e+08
1.93864	5.62444e+08
1.94252	5.51885e+08
1.94640	5.42374e+08
1.95029	5.43902e+08
1.95419	5.40106e+08
1.95810	5.32399e+08
1.96202	5.34731e+08
1.96594	5.37615e+08
1.96988	5.32291e+08
1.97382	5.22501e+08
1.97776	5.14484e+08
1.98172	5.16634e+08
1.98568	5.13857e+08
1.98965	5.09134e+08
1.99363	5.07968e+08
1.99762	5.03037e+08
2.00161	4.97079e+08
2.00562	4.95864e+08
2.00963	4.94931e+08
2.01365	4.91134e+08
2.01768	4.87828e+08
2.02171	4.84694e+08
2.02575	4.78872e+08
2.02981	4.73708e+08
2.03386	4.72953e+08
2.03793	4.70075e+08
2.04201	4.65794e+08
2.04609	4.63404e+08
2.05018	4.60578e+08
2.05428	4.57613e+08
2.05839	4.54624e+08
2.06251	4.51208e+08
2.06663	4.48133e+08
2.07077	4.45806e+08
2.07491	4.42562e+08
2.07906	4.38967e+08
2.08322	4.35650e+08
2.08738	4.33379e+08
2.09156	4.30676e+08
2.09574	4.27502e+08
2.09993	4.24562e+08
2.10413	4.21749e+08
2.10834	4.18916e+08
2.11256	4.15941e+08
2.11678	4.13148e+08
2.12102	4.10362e+08
2.12526	4.07577e+08
2.12951	4.04860e+08
2.13377	4.02074e+08
2.13804	3.99238e+08
2.14231	3.96564e+08
2.14660	3.93855e+08
2.15089	3.91169e+08
2.15519	3.88598e+08
2.15950	3.86022e+08
2.16382	3.83401e+08
2.16815	3.80861e+08
2.17248	3.78344e+08
2.17683	3.75829e+08
2.18118	3.73386e+08
2.18554	3.70944e+08
2.18992	3.68568e+08
2.19430	3.66181e+08
2.19868	3.63822e+08
2.20308	3.61501e+08
2.20749	3.59260e+08
2.21190	3.57011e+08
2.21633	3.54698e+08
2.22076	3.52355e+08
2.22520	3.50398e+08
2.22965	3.48336e+08
2.23411	3.46252e+08
2.23858	3.44176e+08
2.24306	3.42156e+08
2.24754	3.40164e+08
2.25204	3.38087e+08
2.25654	3.36125e+08
2.26105	3.34246e+08
2.26558	3.32350e+08
2.27011	3.30712e+08
2.27465	3.28917e+08
2.27920	3.27038e+08
2.28375	3.25302e+08
2.28832	3.23506e+08
2.29290	3.21163e+08
2.29748	3.19163e+08
2.30208	3.17357e+08
2.30668	3.15700e+08
2.31130	3.15039e+08
2.31592	3.13169e+08
2.32055	3.11026e+08
2.32519	3.09001e+08
2.32984	3.08520e+08
2.33450	3.07230e+08
2.33917	3.05949e+08
2.34385	3.04653e+08
2.34854	3.03213e+08
2.35323	3.01708e+08
2.35794	3.00540e+08
2.36266	2.99343e+08
2.36738	2.98120e+08
2.37212	2.97062e+08
2.37686	2.95590e+08
2.38161	2.94187e+08
2.38638	2.93549e+08
2.39115	2.92136e+08
2.39593	2.91417e+08
2.40072	2.90569e+08
2.40552	2.89407e+08
2.41034	2.88731e+08
2.41516	2.88178e+08
2.41999	2.86877e+08
2.42483	2.85812e+08
2.42968	2.84236e+08
2.43454	2.82031e+08
2.43940	2.80880e+08
2.44428	2.79621e+08
2.44917	2.80089e+08
2.45407	2.78172e+08
2.45898	2.77235e+08
2.46390	2.74414e+08
2.46882	2.70861e+08
2.47376	2.69518e+08
2.47871	2.70095e+08
2.48367	2.70968e+08
2.48863	2.68294e+08
2.49361	2.68784e+08
2.49860	2.69845e+08
2.50359	2.64365e+08
2.50860	2.65792e+08
2.51362	2.68050e+08
2.51865	2.65935e+08
2.52368	2.64512e+08
2.52873	2.65629e+08
2.53379	2.63683e+08
2.53886	2.65315e+08
2.54393	2.63488e+08
2.54902	2.61895e+08
2.55412	2.62442e+08
