0.600000	9.41653e+06
0.601200	1.14759e+07
0.602402	1.34931e+07
0.603607	1.53450e+07
0.604814	1.72069e+07
0.606024	1.93196e+07
0.607236	2.11004e+07
0.608450	2.12727e+07
0.609667	2.00773e+07
0.610887	1.95328e+07
0.612108	2.03050e+07
0.613333	2.18594e+07
0.614559	2.30937e+07
0.615788	2.34881e+07
0.617020	2.34353e+07
0.618254	2.36204e+07
0.619491	2.46443e+07
0.620729	2.60740e+07
0.621971	2.68360e+07
0.623215	2.72647e+07
0.624461	2.86196e+07
0.625710	3.10702e+07
0.626962	3.34688e+07
0.628215	3.47365e+07
0.629472	3.44469e+07
0.630731	3.35481e+07
0.631992	3.37293e+07
0.633256	3.49134e+07
0.634523	3.61601e+07
0.635792	3.78013e+07
0.637063	4.09308e+07
0.638337	4.41935e+07
0.639614	4.60682e+07
0.640893	4.60709e+07
0.642175	4.54534e+07
0.643459	4.64668e+07
0.644746	4.83552e+07
0.646036	4.87444e+07
0.647328	4.74401e+07
0.648623	4.67542e+07
0.649920	4.79566e+07
0.651220	4.96630e+07
0.652522	5.05530e+07
0.653827	5.06057e+07
0.655135	5.03961e+07
0.656445	5.02658e+07
0.657758	5.08770e+07
0.659073	5.23063e+07
0.660391	5.28298e+07
0.661712	5.15850e+07
0.663036	5.01481e+07
0.664362	4.99936e+07
0.665690	4.96189e+07
0.667022	4.81850e+07
0.668356	4.42400e+07
0.669692	3.77918e+07
0.671032	3.57987e+07
0.672374	4.10898e+07
0.673719	4.72729e+07
0.675066	5.14322e+07
0.676416	5.42348e+07
0.677769	5.51821e+07
0.679124	5.46563e+07
0.680483	5.42759e+07
0.681844	5.50626e+07
0.683207	5.61588e+07
0.684574	5.73952e+07
0.685943	5.98099e+07
0.687315	6.19088e+07
0.688689	6.14186e+07
0.690067	5.84761e+07
0.691447	5.80841e+07
0.692830	6.21196e+07
0.694215	6.80080e+07
0.695604	7.31854e+07
0.696995	7.61767e+07
0.698389	7.75705e+07
0.699786	7.92054e+07
0.701185	8.15026e+07
0.702587	8.23172e+07
0.703993	7.94034e+07
0.705401	7.31513e+07
0.706811	6.77093e+07
0.708225	6.58511e+07
0.709641	6.57604e+07
0.711061	6.62265e+07
0.712483	6.72107e+07
0.713908	6.84966e+07
0.715336	7.03573e+07
0.716766	7.29847e+07
0.718200	7.61201e+07
0.719636	7.90326e+07
0.721075	8.16242e+07
0.722517	8.44753e+07
0.723962	8.78265e+07
0.725410	9.12965e+07
0.726861	9.43073e+07
0.728315	9.74804e+07
0.729771	1.02473e+08
0.731231	1.09109e+08
0.732693	1.13868e+08
0.734159	1.13119e+08
0.735627	1.06995e+08
0.737098	1.00253e+08
0.738573	9.76151e+07
0.740050	9.84121e+07
0.741530	9.76367e+07
0.743013	9.30070e+07
0.744499	8.78262e+07
0.745988	8.56922e+07
0.747480	8.65631e+07
0.748975	8.77119e+07
0.750473	8.73352e+07
0.751974	8.64156e+07
0.753477	8.50233e+07
0.754984	8.13079e+07
0.756494	7.41730e+07
0.758007	6.36912e+07
0.759523	5.07230e+07
0.761042	3.67824e+07
0.762564	2.28573e+07
0.764089	1.14500e+07
0.765618	4.34702e+06
0.767149	1.48301e+06
0.768683	1.48459e+06
0.770220	4.59721e+06
0.771761	1.28431e+07
0.773304	2.66723e+07
0.774851	4.35069e+07
0.776401	5.87371e+07
0.777953	7.00051e+07
0.779509	7.86607e+07
0.781068	8.99761e+07
0.782630	1.02658e+08
0.784196	1.08884e+08
0.785764	1.06291e+08
0.787336	1.01566e+08
0.788910	9.94874e+07
0.790488	9.53785e+07
0.792069	8.37830e+07
0.793653	6.94936e+07
0.795240	6.60835e+07
0.796831	7.61621e+07
0.798424	8.63354e+07
0.800021	9.32388e+07
0.801621	1.03206e+08
0.803224	1.16552e+08
0.804831	1.30672e+08
0.806440	1.45807e+08
0.808053	1.62838e+08
0.809669	1.80781e+08
0.811289	1.98058e+08
0.812911	2.13309e+08
0.814537	2.21779e+08
0.816166	2.16487e+08
0.817798	2.02666e+08
0.819434	1.98443e+08
0.821073	2.11537e+08
0.822715	2.30120e+08
0.824360	2.41903e+08
0.826009	2.43915e+08
0.827661	2.40085e+08
0.829316	2.36837e+08
0.830975	2.38068e+08
0.832637	2.42184e+08
0.834302	2.45577e+08
0.835971	2.47686e+08
0.837643	2.49453e+08
0.839318	2.50581e+08
0.840996	2.48379e+08
0.842678	2.39734e+08
0.844364	2.25219e+08
0.846052	2.12970e+08
0.847745	2.11388e+08
0.849440	2.14483e+08
0.851139	2.17444e+08
0.852841	2.18962e+08
0.854547	2.18324e+08
0.856256	2.15772e+08
0.857968	2.13881e+08
0.859684	2.11092e+08
0.861404	2.04723e+08
0.863126	1.99550e+08
0.864853	1.99312e+08
0.866582	2.01280e+08
0.868315	2.01365e+08
0.870052	2.00928e+08
0.871792	2.05112e+08
0.873536	2.14261e+08
0.875283	2.25508e+08
0.877033	2.36853e+08
0.878787	2.45512e+08
0.880545	2.51578e+08
0.882306	2.58027e+08
0.884070	2.58793e+08
0.885839	2.47433e+08
0.887610	2.32918e+08
0.889385	2.29907e+08
0.891164	2.37665e+08
0.892946	2.47756e+08
0.894732	2.58403e+08
0.896522	2.71640e+08
0.898315	2.86842e+08
0.900111	3.01578e+08
0.901912	3.14907e+08
0.903715	3.25411e+08
0.905523	3.32843e+08
0.907334	3.41271e+08
0.909148	3.54147e+08
0.910967	3.70663e+08
0.912789	3.87993e+08
0.914614	4.02561e+08
0.916443	4.12079e+08
0.918276	4.13855e+08
0.920113	4.04226e+08
0.921953	3.84792e+08
0.923797	3.68220e+08
0.925644	3.59822e+08
0.927496	3.54635e+08
0.929351	3.49725e+08
0.931209	3.49366e+08
0.933072	3.53276e+08
0.934938	3.56430e+08
0.936808	3.59060e+08
0.938681	3.63632e+08
0.940559	3.70128e+08
0.942440	3.75305e+08
0.944325	3.77762e+08
0.946213	3.81795e+08
0.948106	3.89291e+08
0.950002	3.96822e+08
0.951902	4.01494e+08
0.953806	4.03628e+08
0.955713	4.04420e+08
0.957625	4.01721e+08
0.959540	3.96859e+08
0.961459	3.95126e+08
0.963382	4.00497e+08
0.965308	4.10978e+08
0.967239	4.21981e+08
0.969174	4.31913e+08
0.971112	4.37125e+08
0.973054	4.34443e+08
0.975000	4.29494e+08
0.976950	4.30534e+08
0.978904	4.36246e+08
0.980862	4.38853e+08
0.982824	4.39785e+08
0.984789	4.44062e+08
0.986759	4.35918e+08
0.988732	3.97827e+08
0.990710	3.49123e+08
0.992691	3.29495e+08
0.994676	3.50947e+08
0.996666	3.70369e+08
0.998659	3.68935e+08
1.00066	3.58785e+08
1.00266	3.51850e+08
1.00466	3.51539e+08
1.00667	3.59283e+08
1.00869	3.70972e+08
1.01070	3.76919e+08
1.01272	3.77440e+08
1.01475	3.83151e+08
1.01678	3.97987e+08
1.01881	4.09415e+08
1.02085	4.05966e+08
1.02289	3.96602e+08
1.02494	3.90701e+08
1.02699	3.88869e+08
1.02904	3.96026e+08
1.03110	4.13261e+08
1.03316	4.38441e+08
1.03523	4.63809e+08
1.03730	4.76475e+08
1.03937	4.73354e+08
1.04145	4.60525e+08
1.04353	4.50485e+08
1.04562	4.44807e+08
1.04771	4.37410e+08
1.04981	4.27856e+08
1.05191	4.20075e+08
1.05401	4.14722e+08
1.05612	4.08423e+08
1.05823	4.01473e+08
1.06035	4.00479e+08
1.06247	4.11854e+08
1.06459	4.31152e+08
1.06672	4.48574e+08
1.06886	4.61668e+08
1.07099	4.76102e+08
1.07314	4.93571e+08
1.07528	5.09187e+08
1.07743	5.20334e+08
1.07959	5.28468e+08
1.08175	5.34821e+08
1.08391	5.37001e+08
1.08608	5.38564e+08
1.08825	5.45353e+08
1.09043	5.52205e+08
1.09261	5.53104e+08
1.09479	5.50442e+08
1.09698	5.48547e+08
1.09918	5.46158e+08
1.10137	5.36145e+08
1.10358	5.22337e+08
1.10578	5.18790e+08
1.10800	5.25460e+08
1.11021	5.29599e+08
1.11243	5.31801e+08
1.11466	5.38282e+08
1.11689	5.42345e+08
1.11912	5.38126e+08
1.12136	5.33138e+08
1.12360	5.37399e+08
1.12585	5.45963e+08
1.12810	5.49536e+08
1.13036	5.39258e+08
1.13262	5.14217e+08
1.13488	4.76444e+08
1.13715	4.37279e+08
1.13943	4.32718e+08
1.14170	4.69986e+08
1.14399	5.16987e+08
1.14628	5.54810e+08
1.14857	5.74270e+08
1.15087	5.74256e+08
1.15317	5.66160e+08
1.15547	5.62731e+08
1.15778	5.65371e+08
1.16010	5.66375e+08
1.16242	5.58037e+08
1.16475	5.33030e+08
1.16707	4.93887e+08
1.16941	4.66619e+08
1.17175	4.66435e+08
1.17409	4.55059e+08
1.17644	4.33749e+08
1.17879	4.44128e+08
1.18115	4.84661e+08
1.18351	5.21236e+08
1.18588	5.43185e+08
1.18825	5.54058e+08
1.19063	5.60902e+08
1.19301	5.66306e+08
1.19539	5.65397e+08
1.19778	5.61044e+08
1.20018	5.63080e+08
1.20258	5.76178e+08
1.20499	5.92318e+08
1.20740	5.98688e+08
1.20981	5.97007e+08
1.21223	6.00214e+08
1.21465	6.10725e+08
1.21708	6.21051e+08
1.21952	6.27842e+08
1.22196	6.34074e+08
1.22440	6.41939e+08
1.22685	6.47635e+08
1.22930	6.47396e+08
1.23176	6.44293e+08
1.23423	6.42188e+08
1.23669	6.34459e+08
1.23917	6.02797e+08
1.24165	5.54425e+08
1.24413	5.38715e+08
1.24662	5.55501e+08
1.24911	5.45356e+08
1.25161	5.17278e+08
1.25411	5.38559e+08
1.25662	5.97886e+08
1.25913	6.36287e+08
1.26165	6.46240e+08
1.26417	6.46036e+08
1.26670	6.47594e+08
1.26924	6.54523e+08
1.27177	6.60345e+08
1.27432	6.63195e+08
1.27687	6.65679e+08
1.27942	6.67945e+08
1.28198	6.68862e+08
1.28454	6.67439e+08
1.28711	6.62140e+08
1.28969	6.56121e+08
1.29227	6.55150e+08
1.29485	6.57415e+08
1.29744	6.58140e+08
1.30003	6.57703e+08
1.30263	6.59087e+08
1.30524	6.60860e+08
1.30785	6.61196e+08
1.31047	6.61013e+08
1.31309	6.58415e+08
1.31571	6.53278e+08
1.31834	6.45994e+08
1.32098	6.33623e+08
1.32362	6.14491e+08
1.32627	5.90276e+08
1.32892	5.51324e+08
1.33158	4.82799e+08
1.33424	3.98256e+08
1.33691	3.25901e+08
1.33959	2.80164e+08
1.34227	2.74271e+08
1.34495	2.92024e+08
1.34764	2.87623e+08
1.35033	2.57393e+08
1.35304	2.43293e+08
1.35574	2.64250e+08
1.35845	2.89490e+08
1.36117	2.98578e+08
1.36389	3.10323e+08
1.36662	3.26795e+08
1.36935	3.35585e+08
1.37209	3.43315e+08
1.37484	3.49167e+08
1.37759	3.38667e+08
1.38034	3.01125e+08
1.38310	2.69037e+08
1.38587	2.66915e+08
1.38864	2.78147e+08
1.39142	2.86702e+08
1.39420	2.91025e+08
1.39699	2.86853e+08
1.39978	2.87281e+08
1.40258	3.06602e+08
1.40539	3.23823e+08
1.40820	3.12896e+08
1.41101	2.80429e+08
1.41384	2.58576e+08
1.41666	2.59922e+08
1.41950	2.64813e+08
1.42234	2.64086e+08
1.42518	2.69436e+08
1.42803	2.79584e+08
1.43089	2.77110e+08
1.43375	2.68620e+08
1.43662	2.67968e+08
1.43949	2.74099e+08
1.44237	2.88188e+08
1.44525	3.01726e+08
1.44814	3.13028e+08
1.45104	3.23904e+08
1.45394	3.30949e+08
1.45685	3.38697e+08
1.45976	3.48685e+08
1.46268	3.53937e+08
1.46561	3.52098e+08
1.46854	3.48444e+08
1.47148	3.49221e+08
1.47442	3.51479e+08
1.47737	3.51735e+08
1.48032	3.52633e+08
1.48328	3.58115e+08
1.48625	3.64289e+08
1.48922	3.66704e+08
1.49220	3.69287e+08
1.49518	3.76171e+08
1.49817	3.86681e+08
1.50117	3.97072e+08
1.50417	4.03599e+08
1.50718	4.04998e+08
1.51020	4.04521e+08
1.51322	4.06190e+08
1.51624	4.11295e+08
1.51927	4.22247e+08
1.52231	4.33285e+08
1.52536	4.35311e+08
1.52841	4.33585e+08
1.53147	4.36330e+08
1.53453	4.41912e+08
1.53760	4.45128e+08
1.54067	4.47289e+08
1.54375	4.51946e+08
1.54684	4.57311e+08
1.54993	4.60391e+08
1.55303	4.62576e+08
1.55614	4.66758e+08
1.55925	4.72558e+08
1.56237	4.77797e+08
1.56550	4.81998e+08
1.56863	4.86080e+08
1.57176	4.89760e+08
1.57491	4.93073e+08
1.57806	4.96241e+08
1.58121	4.99907e+08
1.58438	5.04781e+08
1.58754	5.09401e+08
1.59072	5.12695e+08
1.59390	5.15421e+08
1.59709	5.17759e+08
1.60028	5.20203e+08
1.60348	5.22664e+08
1.60669	5.24782e+08
1.60990	5.27294e+08
1.61312	5.29640e+08
1.61635	5.30342e+08
1.61958	5.29655e+08
1.62282	5.30237e+08
1.62607	5.31798e+08
1.62932	5.31967e+08
1.63258	5.31364e+08
1.63584	5.31538e+08
1.63911	5.31126e+08
1.64239	5.30201e+08
1.64568	5.29652e+08
1.64897	5.28460e+08
1.65227	5.27002e+08
1.65557	5.26038e+08
1.65888	5.24422e+08
1.66220	5.22423e+08
1.66552	5.21013e+08
1.66886	5.19784e+08
1.67219	5.19147e+08
1.67554	5.19203e+08
1.67889	5.18494e+08
1.68225	5.15617e+08
1.68561	5.10302e+08
1.68898	5.02836e+08
1.69236	4.95168e+08
1.69574	4.88670e+08
1.69914	4.83249e+08
1.70253	4.77552e+08
1.70594	4.69302e+08
1.70935	4.58696e+08
1.71277	4.48316e+08
1.71620	4.39170e+08
1.71963	4.31643e+08
1.72307	4.24884e+08
1.72651	4.16192e+08
1.72997	4.04691e+08
1.73343	3.92880e+08
1.73689	3.82291e+08
1.74037	3.71523e+08
1.74385	3.61186e+08
1.74733	3.51730e+08
1.75083	3.37242e+08
1.75433	3.16798e+08
1.75784	3.06856e+08
1.76136	3.08957e+08
1.76488	3.05882e+08
1.76841	2.92066e+08
1.77194	2.74557e+08
1.77549	2.55871e+08
1.77904	2.40745e+08
1.78260	2.30093e+08
1.78616	2.19435e+08
1.78973	2.10540e+08
1.79331	2.05658e+08
1.79690	2.00568e+08
1.80049	1.90129e+08
1.80410	1.77158e+08
1.80770	1.67553e+08
1.81132	1.62067e+08
1.81494	1.59965e+08
1.81857	1.60451e+08
1.82221	1.62175e+08
1.82585	1.65240e+08
1.82950	1.70672e+08
1.83316	1.76519e+08
1.83683	1.84979e+08
1.84050	1.95829e+08
1.84418	1.97324e+08
1.84787	1.84169e+08
1.85157	1.64837e+08
1.85527	1.51034e+08
1.85898	1.46777e+08
1.86270	1.55092e+08
1.86642	1.73397e+08
1.87016	1.84863e+08
1.87390	1.87470e+08
1.87765	1.92258e+08
1.88140	1.99332e+08
1.88516	2.05511e+08
1.88893	2.11663e+08
1.89271	2.16857e+08
1.89650	2.18549e+08
1.90029	2.15254e+08
1.90409	2.13731e+08
1.90790	2.15176e+08
1.91171	2.07420e+08
1.91554	1.91224e+08
1.91937	1.74589e+08
1.92321	1.64466e+08
1.92705	1.65419e+08
1.93091	1.72794e+08
1.93477	1.78007e+08
1.93864	1.75894e+08
1.94252	1.69412e+08
1.94640	1.64752e+08
1.95029	1.60075e+08
1.95419	1.50704e+08
1.95810	1.46494e+08
1.96202	1.55557e+08
1.96594	1.71938e+08
1.96988	1.83252e+08
1.97382	1.82262e+08
1.97776	1.79673e+08
1.98172	1.86563e+08
1.98568	1.93392e+08
1.98965	1.92721e+08
1.99363	1.90981e+08
1.99762	1.93076e+08
2.00161	1.98888e+08
2.00562	2.05437e+08
2.00963	2.09210e+08
2.01365	2.11622e+08
2.01768	2.15757e+08
2.02171	2.23260e+08
2.02575	2.29123e+08
2.02981	2.31113e+08
2.03386	2.32944e+08
2.03793	2.35817e+08
2.04201	2.40477e+08
2.04609	2.46907e+08
2.05018	2.52408e+08
2.05428	2.56644e+08
2.05839	2.60908e+08
2.06251	2.64197e+08
2.06663	2.68120e+08
2.07077	2.71142e+08
2.07491	2.71349e+08
2.07906	2.71503e+08
2.08322	2.72767e+08
2.08738	2.74922e+08
2.09156	2.77903e+08
2.09574	2.80547e+08
2.09993	2.81990e+08
2.10413	2.82716e+08
2.10834	2.84254e+08
2.11256	2.86448e+08
2.11678	2.87638e+08
2.12102	2.88179e+08
2.12526	2.88758e+08
2.12951	2.89130e+08
2.13377	2.89161e+08
2.13804	2.88840e+08
2.14231	2.88661e+08
2.14660	2.88467e+08
2.15089	2.87826e+08
2.15519	2.87558e+08
2.15950	2.87210e+08
2.16382	2.86212e+08
2.16815	2.84873e+08
2.17248	2.83287e+08
2.17683	2.81850e+08
2.18118	2.80975e+08
2.18554	2.80069e+08
2.18992	2.78510e+08
2.19430	2.76369e+08
2.19868	2.73950e+08
2.20308	2.71696e+08
2.20749	2.70314e+08
2.21190	2.69836e+08
2.21633	2.69199e+08
2.22076	2.67958e+08
2.22520	2.66571e+08
2.22965	2.65151e+08
2.23411	2.63689e+08
2.23858	2.62007e+08
2.24306	2.59902e+08
2.24754	2.57832e+08
2.25204	2.56391e+08
2.25654	2.55358e+08
2.26105	2.53734e+08
2.26558	2.51286e+08
2.27011	2.49234e+08
2.27465	2.47933e+08
2.27920	2.46312e+08
2.28375	2.43370e+08
2.28832	2.33509e+08
2.29290	2.12750e+08
2.29748	1.88580e+08
2.30208	1.70225e+08
2.30668	1.61666e+08
2.31130	1.60368e+08
2.31592	1.61157e+08
2.32055	1.62313e+08
2.32519	1.63394e+08
2.32984	1.63294e+08
2.33450	1.64995e+08
2.33917	1.71583e+08
2.34385	1.79328e+08
2.34854	1.81189e+08
2.35323	1.76645e+08
2.35794	1.72364e+08
2.36266	1.71654e+08
2.36738	1.71885e+08
2.37212	1.70248e+08
2.37686	1.66507e+08
2.38161	1.62953e+08
2.38638	1.62011e+08
2.39115	1.63440e+08
2.39593	1.63980e+08
2.40072	1.62185e+08
2.40552	1.58954e+08
2.41034	1.54958e+08
2.41516	1.50769e+08
2.41999	1.46391e+08
2.42483	1.41384e+08
2.42968	1.36270e+08
2.43454	1.30930e+08
2.43940	1.24116e+08
2.44428	1.16163e+08
2.44917	1.10415e+08
2.45407	1.08066e+08
2.45898	1.05520e+08
2.46390	9.94024e+07
2.46882	8.90043e+07
2.47376	7.82593e+07
2.47871	7.32393e+07
2.48367	7.20307e+07
2.48863	6.87012e+07
2.49361	6.41511e+07
2.49860	6.03816e+07
2.50359	5.90916e+07
2.50860	5.85637e+07
2.51362	5.29525e+07
2.51865	4.66207e+07
2.52368	4.57428e+07
2.52873	4.59276e+07
2.53379	4.29984e+07
2.53886	4.01248e+07
2.54393	3.88456e+07
2.54902	3.87445e+07
2.55412	3.92752e+07
