0.600000	1.02227e+07
0.601200	1.17263e+07
0.602402	1.34222e+07
0.603607	1.47416e+07
0.604814	1.57548e+07
0.606024	1.77277e+07
0.607236	1.99172e+07
0.608450	1.98794e+07
0.609667	1.69624e+07
0.610887	1.62873e+07
0.612108	1.72114e+07
0.613333	1.84525e+07
0.614559	1.86282e+07
0.615788	1.67818e+07
0.617020	1.54616e+07
0.618254	1.50185e+07
0.619491	1.54921e+07
0.620729	1.70369e+07
0.621971	1.74144e+07
0.623215	1.72415e+07
0.624461	1.83443e+07
0.625710	2.05529e+07
0.626962	2.27669e+07
0.628215	2.42646e+07
0.629472	2.43108e+07
0.630731	2.35487e+07
0.631992	2.42079e+07
0.633256	2.57137e+07
0.634523	2.64479e+07
0.635792	2.65363e+07
0.637063	2.91410e+07
0.638337	3.18326e+07
0.639614	3.34466e+07
0.640893	3.34276e+07
0.642175	3.10910e+07
0.643459	3.23773e+07
0.644746	3.48747e+07
0.646036	3.58470e+07
0.647328	3.42935e+07
0.648623	3.19557e+07
0.649920	3.29322e+07
0.651220	3.51494e+07
0.652522	3.67107e+07
0.653827	3.66125e+07
0.655135	3.57992e+07
0.656445	3.52003e+07
0.657758	3.54747e+07
0.659073	3.73521e+07
0.660391	3.76675e+07
0.661712	3.62054e+07
0.663036	3.47987e+07
0.664362	3.48776e+07
0.665690	3.34491e+07
0.667022	3.24124e+07
0.668356	3.07804e+07
0.669692	2.53687e+07
0.671032	2.33307e+07
0.672374	2.80674e+07
0.673719	3.12058e+07
0.675066	3.26338e+07
0.676416	3.56200e+07
0.677769	3.66846e+07
0.679124	3.58679e+07
0.680483	3.57310e+07
0.681844	3.73241e+07
0.683207	3.94063e+07
0.684574	3.99863e+07
0.685943	4.23104e+07
0.687315	4.52527e+07
0.688689	4.64643e+07
0.690067	4.30309e+07
0.691447	4.18468e+07
0.692830	4.52336e+07
0.694215	5.05399e+07
0.695604	5.47834e+07
0.696995	5.68642e+07
0.698389	5.75868e+07
0.699786	5.82935e+07
0.701185	6.11349e+07
0.702587	6.33840e+07
0.703993	6.11049e+07
0.705401	4.87330e+07
0.706811	3.96696e+07
0.708225	3.93630e+07
0.709641	3.86477e+07
0.711061	3.89535e+07
0.712483	3.99322e+07
0.713908	4.01051e+07
0.715336	4.17547e+07
0.716766	4.44704e+07
0.718200	4.80367e+07
0.719636	5.14911e+07
0.721075	5.38255e+07
0.722517	5.71762e+07
0.723962	6.12703e+07
0.725410	6.61576e+07
0.726861	6.96787e+07
0.728315	7.25486e+07
0.729771	7.82009e+07
0.731231	8.58321e+07
0.732693	9.27435e+07
0.734159	9.36138e+07
0.735627	8.70639e+07
0.737098	8.20284e+07
0.738573	8.11958e+07
0.740050	8.51076e+07
0.741530	8.72128e+07
0.743013	8.24693e+07
0.744499	7.65063e+07
0.745988	7.59643e+07
0.747480	8.01283e+07
0.748975	8.34988e+07
0.750473	8.35860e+07
0.751974	8.46100e+07
0.753477	8.75210e+07
0.754984	8.79988e+07
0.756494	8.40942e+07
0.758007	7.27597e+07
0.759523	5.60729e+07
0.761042	4.43437e+07
0.762564	3.16174e+07
0.764089	1.58806e+07
0.765618	4.30523e+06
0.767149	1.00565e+06
0.768683	1.27735e+06
0.770220	3.97961e+06
0.771761	1.62386e+07
0.773304	3.46355e+07
0.774851	5.00596e+07
0.776401	6.12259e+07
0.777953	6.92991e+07
0.779509	7.37362e+07
0.781068	8.32683e+07
0.782630	9.39868e+07
0.784196	9.76623e+07
0.785764	9.01906e+07
0.787336	8.15225e+07
0.788910	8.32520e+07
0.790488	8.21008e+07
0.792069	7.49071e+07
0.793653	5.87319e+07
0.795240	5.33518e+07
0.796831	7.00946e+07
0.798424	7.57172e+07
0.800021	7.69662e+07
0.801621	8.65016e+07
0.803224	9.88533e+07
0.804831	1.09628e+08
0.806440	1.21815e+08
0.808053	1.36206e+08
0.809669	1.52002e+08
0.811289	1.67127e+08
0.812911	1.81160e+08
0.814537	1.93758e+08
0.816166	1.96507e+08
0.817798	1.81891e+08
0.819434	1.73817e+08
0.821073	1.81232e+08
0.822715	1.90307e+08
0.824360	2.00594e+08
0.826009	2.00452e+08
0.827661	1.92864e+08
0.829316	1.89170e+08
0.830975	1.90626e+08
0.832637	1.96053e+08
0.834302	1.99129e+08
0.835971	2.00418e+08
0.837643	2.02547e+08
0.839318	2.04560e+08
0.840996	2.04375e+08
0.842678	1.98779e+08
0.844364	1.80691e+08
0.846052	1.64868e+08
0.847745	1.68000e+08
0.849440	1.73743e+08
0.851139	1.75428e+08
0.852841	1.75871e+08
0.854547	1.73966e+08
0.856256	1.67882e+08
0.857968	1.67251e+08
0.859684	1.69643e+08
0.861404	1.66064e+08
0.863126	1.64166e+08
0.864853	1.64793e+08
0.866582	1.67814e+08
0.868315	1.69338e+08
0.870052	1.68407e+08
0.871792	1.75514e+08
0.873536	1.85933e+08
0.875283	1.93689e+08
0.877033	2.04315e+08
0.878787	2.12837e+08
0.880545	2.15654e+08
0.882306	2.23984e+08
0.884070	2.29393e+08
0.885839	2.07434e+08
0.887610	1.81674e+08
0.889385	1.80980e+08
0.891164	1.93539e+08
0.892946	2.02341e+08
0.894732	2.08708e+08
0.896522	2.20765e+08
0.898315	2.35430e+08
0.900111	2.49506e+08
0.901912	2.61894e+08
0.903715	2.71394e+08
0.905523	2.78061e+08
0.907334	2.85218e+08
0.909148	2.96934e+08
0.910967	3.10659e+08
0.912789	3.25386e+08
0.914614	3.39076e+08
0.916443	3.47641e+08
0.918276	3.50954e+08
0.920113	3.40710e+08
0.921953	3.14241e+08
0.923797	2.96781e+08
0.925644	2.92370e+08
0.927496	2.89123e+08
0.929351	2.79594e+08
0.931209	2.80559e+08
0.933072	2.87549e+08
0.934938	2.89624e+08
0.936808	2.90806e+08
0.938681	2.95168e+08
0.940559	3.02194e+08
0.942440	3.07726e+08
0.944325	3.05968e+08
0.946213	3.08571e+08
0.948106	3.16584e+08
0.950002	3.23591e+08
0.951902	3.26529e+08
0.953806	3.27802e+08
0.955713	3.31330e+08
0.957625	3.29375e+08
0.959540	3.23010e+08
0.961459	3.20751e+08
0.963382	3.26010e+08
0.965308	3.36714e+08
0.967239	3.45476e+08
0.969174	3.54086e+08
0.971112	3.61463e+08
0.973054	3.55756e+08
0.975000	3.44229e+08
0.976950	3.46330e+08
0.978904	3.57468e+08
0.980862	3.58401e+08
0.982824	3.53736e+08
0.984789	3.64317e+08
0.986759	3.73055e+08
0.988732	3.47291e+08
0.990710	2.95164e+08
0.992691	2.81708e+08
0.994676	3.20910e+08
0.996666	3.46655e+08
0.998659	3.37050e+08
1.00066	3.22686e+08
1.00266	3.18271e+08
1.00466	3.18135e+08
1.00667	3.23928e+08
1.00869	3.39793e+08
1.01070	3.43180e+08
1.01272	3.38482e+08
1.01475	3.39844e+08
1.01678	3.59528e+08
1.01881	3.77290e+08
1.02085	3.65826e+08
1.02289	3.54570e+08
1.02494	3.53165e+08
1.02699	3.47857e+08
1.02904	3.56443e+08
1.03110	3.67000e+08
1.03316	3.90116e+08
1.03523	4.14900e+08
1.03730	4.27747e+08
1.03937	4.21675e+08
1.04145	4.05843e+08
1.04353	3.95972e+08
1.04562	3.92585e+08
1.04771	3.83029e+08
1.04981	3.72485e+08
1.05191	3.64000e+08
1.05401	3.61687e+08
1.05612	3.55098e+08
1.05823	3.48683e+08
1.06035	3.43819e+08
1.06247	3.55088e+08
1.06459	3.76917e+08
1.06672	3.93226e+08
1.06886	4.01438e+08
1.07099	4.11997e+08
1.07314	4.30818e+08
1.07528	4.42828e+08
1.07743	4.51192e+08
1.07959	4.57545e+08
1.08175	4.67290e+08
1.08391	4.66242e+08
1.08608	4.61898e+08
1.08825	4.70134e+08
1.09043	4.76822e+08
1.09261	4.73563e+08
1.09479	4.69685e+08
1.09698	4.68043e+08
1.09918	4.72842e+08
1.10137	4.59865e+08
1.10358	4.38391e+08
1.10578	4.32701e+08
1.10800	4.48463e+08
1.11021	4.49615e+08
1.11243	4.44247e+08
1.11466	4.55887e+08
1.11689	4.62250e+08
1.11912	4.54828e+08
1.12136	4.45806e+08
1.12360	4.49001e+08
1.12585	4.60919e+08
1.12810	4.70653e+08
1.13036	4.61804e+08
1.13262	4.41013e+08
1.13488	4.12851e+08
1.13715	3.72601e+08
1.13943	3.72553e+08
1.14170	4.19692e+08
1.14399	4.53931e+08
1.14628	4.80764e+08
1.14857	4.96094e+08
1.15087	4.89432e+08
1.15317	4.73341e+08
1.15547	4.71993e+08
1.15778	4.79253e+08
1.16010	4.79909e+08
1.16242	4.79775e+08
1.16475	4.72937e+08
1.16707	4.38329e+08
1.16941	4.07674e+08
1.17175	4.28860e+08
1.17409	4.21859e+08
1.17644	3.82637e+08
1.17879	3.94717e+08
1.18115	4.34642e+08
1.18351	4.58378e+08
1.18588	4.70560e+08
1.18825	4.72313e+08
1.19063	4.74809e+08
1.19301	4.85386e+08
1.19539	4.86980e+08
1.19778	4.79667e+08
1.20018	4.80394e+08
1.20258	4.94890e+08
1.20499	5.13295e+08
1.20740	5.17135e+08
1.20981	5.08517e+08
1.21223	5.10325e+08
1.21465	5.23239e+08
1.21708	5.33141e+08
1.21952	5.38391e+08
1.22196	5.42512e+08
1.22440	5.51196e+08
1.22685	5.57398e+08
1.22930	5.55681e+08
1.23176	5.51211e+08
1.23423	5.53186e+08
1.23669	5.59565e+08
1.23917	5.41595e+08
1.24165	4.78619e+08
1.24413	4.62011e+08
1.24662	5.18311e+08
1.24911	5.04903e+08
1.25161	4.29683e+08
1.25411	4.61767e+08
1.25662	5.41426e+08
1.25913	5.63757e+08
1.26165	5.61566e+08
1.26417	5.54884e+08
1.26670	5.53024e+08
1.26924	5.62072e+08
1.27177	5.69030e+08
1.27432	5.69443e+08
1.27687	5.72639e+08
1.27942	5.74521e+08
1.28198	5.74981e+08
1.28454	5.77150e+08
1.28711	5.72170e+08
1.28969	5.62879e+08
1.29227	5.64326e+08
1.29485	5.68404e+08
1.29744	5.68178e+08
1.30003	5.64495e+08
1.30263	5.66772e+08
1.30524	5.70045e+08
1.30785	5.68004e+08
1.31047	5.69795e+08
1.31309	5.66095e+08
1.31571	5.59416e+08
1.31834	5.55671e+08
1.32098	5.47121e+08
1.32362	5.25924e+08
1.32627	5.06744e+08
1.32892	4.89876e+08
1.33158	4.19611e+08
1.33424	3.39010e+08
1.33691	2.73773e+08
1.33959	2.20830e+08
1.34227	2.21460e+08
1.34495	2.64940e+08
1.34764	2.61491e+08
1.35033	2.11235e+08
1.35304	1.85032e+08
1.35574	2.24341e+08
1.35845	2.63674e+08
1.36117	2.45290e+08
1.36389	2.57904e+08
1.36662	2.86631e+08
1.36935	2.84180e+08
1.37209	2.92974e+08
1.37484	3.05597e+08
1.37759	3.02983e+08
1.38034	2.53781e+08
1.38310	2.06010e+08
1.38587	2.22349e+08
1.38864	2.42970e+08
1.39142	2.41278e+08
1.39420	2.54293e+08
1.39699	2.44345e+08
1.39978	2.32422e+08
1.40258	2.63302e+08
1.40539	2.93778e+08
1.40820	2.83579e+08
1.41101	2.33197e+08
1.41384	2.08963e+08
1.41666	2.26509e+08
1.41950	2.32942e+08
1.42234	2.25285e+08
1.42518	2.25067e+08
1.42803	2.52918e+08
1.43089	2.42363e+08
1.43375	2.27290e+08
1.43662	2.35543e+08
1.43949	2.28611e+08
1.44237	2.54411e+08
1.44525	2.61799e+08
1.44814	2.70097e+08
1.45104	2.86920e+08
1.45394	2.88442e+08
1.45685	2.93365e+08
1.45976	3.08731e+08
1.46268	3.12704e+08
1.46561	3.10027e+08
1.46854	3.01749e+08
1.47148	3.06458e+08
1.47442	3.10009e+08
1.47737	3.09900e+08
1.48032	3.06514e+08
1.48328	3.14084e+08
1.48625	3.23644e+08
1.48922	3.21484e+08
1.49220	3.24268e+08
1.49518	3.28680e+08
1.49817	3.41343e+08
1.50117	3.50824e+08
1.50417	3.57595e+08
1.50718	3.57798e+08
1.51020	3.53936e+08
1.51322	3.60230e+08
1.51624	3.62996e+08
1.51927	3.72210e+08
1.52231	3.89301e+08
1.52536	3.85585e+08
1.52841	3.79750e+08
1.53147	3.84277e+08
1.53453	3.92704e+08
1.53760	3.93664e+08
1.54067	3.93339e+08
1.54375	3.98991e+08
1.54684	4.06004e+08
1.54993	4.07516e+08
1.55303	4.08132e+08
1.55614	4.12237e+08
1.55925	4.18325e+08
1.56237	4.23443e+08
1.56550	4.25866e+08
1.56863	4.30655e+08
1.57176	4.33687e+08
1.57491	4.36736e+08
1.57806	4.39727e+08
1.58121	4.42331e+08
1.58438	4.48183e+08
1.58754	4.53834e+08
1.59072	4.55819e+08
1.59390	4.59554e+08
1.59709	4.61427e+08
1.60028	4.64315e+08
1.60348	4.68363e+08
1.60669	4.69928e+08
1.60990	4.73413e+08
1.61312	4.77610e+08
1.61635	4.79236e+08
1.61958	4.76527e+08
1.62282	4.78057e+08
1.62607	4.82738e+08
1.62932	4.83326e+08
1.63258	4.80962e+08
1.63584	4.84200e+08
1.63911	4.83527e+08
1.64239	4.82076e+08
1.64568	4.84626e+08
1.64897	4.83513e+08
1.65227	4.81295e+08
1.65557	4.82999e+08
1.65888	4.81515e+08
1.66220	4.78625e+08
1.66552	4.79874e+08
1.66886	4.78657e+08
1.67219	4.77971e+08
1.67554	4.80392e+08
1.67889	4.80901e+08
1.68225	4.78551e+08
1.68561	4.73203e+08
1.68898	4.64140e+08
1.69236	4.54965e+08
1.69574	4.48486e+08
1.69914	4.43620e+08
1.70253	4.39606e+08
1.70594	4.31376e+08
1.70935	4.18247e+08
1.71277	4.08079e+08
1.71620	3.98670e+08
1.71963	3.92225e+08
1.72307	3.87453e+08
1.72651	3.80310e+08
1.72997	3.68025e+08
1.73343	3.55628e+08
1.73689	3.47843e+08
1.74037	3.37554e+08
1.74385	3.24926e+08
1.74733	3.20716e+08
1.75083	3.11358e+08
1.75433	2.79790e+08
1.75784	2.70188e+08
1.76136	2.83728e+08
1.76488	2.84379e+08
1.76841	2.63136e+08
1.77194	2.49559e+08
1.77549	2.27857e+08
1.77904	2.12429e+08
1.78260	2.08624e+08
1.78616	1.96022e+08
1.78973	1.85542e+08
1.79331	1.83784e+08
1.79690	1.82622e+08
1.80049	1.70354e+08
1.80410	1.54712e+08
1.80770	1.45975e+08
1.81132	1.41100e+08
1.81494	1.39257e+08
1.81857	1.40550e+08
1.82221	1.42402e+08
1.82585	1.43510e+08
1.82950	1.51512e+08
1.83316	1.57075e+08
1.83683	1.58529e+08
1.84050	1.80507e+08
1.84418	1.84363e+08
1.84787	1.66513e+08
1.85157	1.44167e+08
1.85527	1.29456e+08
1.85898	1.26041e+08
1.86270	1.30016e+08
1.86642	1.60817e+08
1.87016	1.71793e+08
1.87390	1.64235e+08
1.87765	1.72150e+08
1.88140	1.81835e+08
1.88516	1.84784e+08
1.88893	1.92741e+08
1.89271	1.97200e+08
1.89650	2.03830e+08
1.90029	1.92838e+08
1.90409	1.88027e+08
1.90790	2.02001e+08
1.91171	1.89543e+08
1.91554	1.72075e+08
1.91937	1.52878e+08
1.92321	1.39167e+08
1.92705	1.45195e+08
1.93091	1.53087e+08
1.93477	1.63017e+08
1.93864	1.59522e+08
1.94252	1.49706e+08
1.94640	1.45446e+08
1.95029	1.48109e+08
1.95419	1.31152e+08
1.95810	1.22757e+08
1.96202	1.35338e+08
1.96594	1.57262e+08
1.96988	1.75722e+08
1.97382	1.65692e+08
1.97776	1.58744e+08
1.98172	1.70089e+08
1.98568	1.84634e+08
1.98965	1.75347e+08
1.99363	1.73059e+08
1.99762	1.75283e+08
2.00161	1.82108e+08
2.00562	1.92227e+08
2.00963	1.93198e+08
2.01365	1.96746e+08
2.01768	1.97344e+08
2.02171	2.09656e+08
2.02575	2.17034e+08
2.02981	2.14587e+08
2.03386	2.17371e+08
2.03793	2.19771e+08
2.04201	2.23986e+08
2.04609	2.32505e+08
2.05018	2.38698e+08
2.05428	2.39699e+08
2.05839	2.47130e+08
2.06251	2.47879e+08
2.06663	2.53718e+08
2.07077	2.59183e+08
2.07491	2.55836e+08
2.07906	2.56246e+08
2.08322	2.57989e+08
2.08738	2.59858e+08
2.09156	2.63850e+08
2.09574	2.67027e+08
2.09993	2.68884e+08
2.10413	2.68819e+08
2.10834	2.70713e+08
2.11256	2.75135e+08
2.11678	2.75120e+08
2.12102	2.75522e+08
2.12526	2.77142e+08
2.12951	2.77642e+08
2.13377	2.78671e+08
2.13804	2.78046e+08
2.14231	2.78262e+08
2.14660	2.79371e+08
2.15089	2.77475e+08
2.15519	2.78394e+08
2.15950	2.78876e+08
2.16382	2.77315e+08
2.16815	2.76467e+08
2.17248	2.75003e+08
2.17683	2.73260e+08
2.18118	2.73307e+08
2.18554	2.73126e+08
2.18992	2.71510e+08
2.19430	2.69188e+08
2.19868	2.67061e+08
2.20308	2.63929e+08
2.20749	2.61950e+08
2.21190	2.63149e+08
2.21633	2.63224e+08
2.22076	2.61689e+08
2.22520	2.60809e+08
2.22965	2.59350e+08
2.23411	2.57866e+08
2.23858	2.56633e+08
2.24306	2.53856e+08
2.24754	2.51106e+08
2.25204	2.49695e+08
2.25654	2.49370e+08
2.26105	2.48188e+08
2.26558	2.44603e+08
2.27011	2.42026e+08
2.27465	2.41999e+08
2.27920	2.40381e+08
2.28375	2.39719e+08
2.28832	2.34498e+08
2.29290	2.07657e+08
2.29748	1.75062e+08
2.30208	1.55154e+08
2.30668	1.46792e+08
2.31130	1.47815e+08
2.31592	1.49755e+08
2.32055	1.49714e+08
2.32519	1.53930e+08
2.32984	1.52624e+08
2.33450	1.51255e+08
2.33917	1.61457e+08
2.34385	1.73717e+08
2.34854	1.76495e+08
2.35323	1.66906e+08
2.35794	1.59972e+08
2.36266	1.61850e+08
2.36738	1.63535e+08
2.37212	1.62568e+08
2.37686	1.56550e+08
2.38161	1.52491e+08
2.38638	1.51234e+08
2.39115	1.55099e+08
2.39593	1.56559e+08
2.40072	1.53529e+08
2.40552	1.50296e+08
2.41034	1.46350e+08
2.41516	1.41988e+08
2.41999	1.38648e+08
2.42483	1.33075e+08
2.42968	1.28234e+08
2.43454	1.23689e+08
2.43940	1.17422e+08
2.44428	1.07358e+08
2.44917	1.00805e+08
2.45407	1.01036e+08
2.45898	1.00321e+08
2.46390	9.52309e+07
2.46882	8.27706e+07
2.47376	6.80283e+07
2.47871	6.40042e+07
2.48367	6.86025e+07
2.48863	6.24114e+07
2.49361	5.84701e+07
2.49860	5.40111e+07
2.50359	5.03415e+07
2.50860	5.72546e+07
2.51362	4.73447e+07
2.51865	3.64956e+07
2.52368	3.98892e+07
2.52873	4.33191e+07
2.53379	3.63435e+07
2.53886	3.47388e+07
2.54393	3.36582e+07
2.54902	3.27752e+07
2.55412	3.48810e+07
