0.600000	160.566
0.601200	204.197
0.602402	256.623
0.603607	319.850
0.604814	395.777
0.606024	486.932
0.607236	594.755
0.608450	721.809
0.609667	870.467
0.610887	1043.61
0.612108	1244.18
0.613333	1474.90
0.614559	1739.90
0.615788	2042.10
0.617020	2385.26
0.618254	2772.39
0.619491	3208.75
0.620729	3698.26
0.621971	4246.04
0.623215	4854.21
0.624461	5525.80
0.625710	6265.24
0.626962	7080.46
0.628215	7976.52
0.629472	8958.03
0.630731	10027.7
0.631992	11190.1
0.633256	12448.0
0.634523	13809.0
0.635792	15280.3
0.637063	16864.8
0.638337	18567.7
0.639614	20393.9
0.640893	22342.3
0.642175	24410.4
0.643459	26591.8
0.644746	28881.1
0.646036	31293.5
0.647328	33880.7
0.648623	36725.8
0.649920	39799.5
0.651220	42989.4
0.652522	46301.1
0.653827	49786.3
0.655135	53418.6
0.656445	57172.3
0.657758	61097.7
0.659073	65260.7
0.660391	69618.7
0.661712	74118.7
0.663036	78752.7
0.664362	83458.3
0.665690	87600.5
0.667022	89685.6
0.668356	85776.8
0.669692	76660.8
0.671032	77081.5
0.672374	93023.5
0.673719	111677.
0.675066	125136.
0.676416	134288.
0.677769	141676.
0.679124	148753.
0.680483	155721.
0.681844	162682.
0.683207	169640.
0.684574	176562.
0.685943	183425.
0.687315	190110.
0.688689	196262.
0.690067	200837.
0.691447	204071.
0.692830	208155.
0.694215	215038.
0.695604	223627.
0.696995	231593.
0.698389	237927.
0.699786	242507.
0.701185	245991.
0.702587	249908.
0.703993	254494.
0.705401	258640.
0.706811	261936.
0.708225	264486.
0.709641	266420.
0.711061	267653.
0.712483	267596.
0.713908	265149.
0.715336	259382.
0.716766	251406.
0.718200	244830.
0.719636	242212.
0.721075	240518.
0.722517	237049.
0.723962	230714.
0.725410	222870.
0.726861	215202.
0.728315	206853.
0.729771	197731.
0.731231	189344.
0.732693	181388.
0.734159	172666.
0.735627	162470.
0.737098	151053.
0.738573	139732.
0.740050	128876.
0.741530	117582.
0.743013	105788.
0.744499	94184.6
0.745988	82882.4
0.747480	71909.5
0.748975	61342.5
0.750473	51334.6
0.751974	42100.3
0.753477	33751.6
0.754984	26371.4
0.756494	19999.8
0.758007	14661.0
0.759523	10333.9
0.761042	6896.46
0.762564	4248.00
0.764089	2309.55
0.765618	1095.33
0.767149	569.572
0.768683	578.511
0.770220	1203.05
0.771761	2795.24
0.773304	5555.47
0.774851	9409.72
0.776401	13980.2
0.777953	18735.9
0.779509	24599.7
0.781068	35132.0
0.782630	50660.2
0.784196	68293.9
0.785764	87214.1
0.787336	107725.
0.788910	129331.
0.790488	143153.
0.792069	135574.
0.793653	120410.
0.795240	143715.
0.796831	217907.
0.798424	299610.
0.800021	360722.
0.801621	410743.
0.803224	460066.
0.804831	510092.
0.806440	558730.
0.808053	602520.
0.809669	639856.
0.811289	675360.
0.812911	721236.
0.814537	786782.
0.816166	865176.
0.817798	942703.
0.819434	1.02347e+06
0.821073	1.10466e+06
0.822715	1.18139e+06
0.824360	1.27136e+06
0.826009	1.37347e+06
0.827661	1.46658e+06
0.829316	1.55343e+06
0.830975	1.64844e+06
0.832637	1.74581e+06
0.834302	1.83113e+06
0.835971	1.91782e+06
0.837643	2.02339e+06
0.839318	2.13658e+06
0.840996	2.25574e+06
0.842678	2.39546e+06
0.844364	2.55236e+06
0.846052	2.71690e+06
0.847745	2.82022e+06
0.849440	2.73575e+06
0.851139	2.54518e+06
0.852841	2.66576e+06
0.854547	3.17148e+06
0.856256	3.67490e+06
0.857968	4.00070e+06
0.859684	4.17593e+06
0.861404	4.25371e+06
0.863126	4.35918e+06
0.864853	4.56183e+06
0.866582	4.81661e+06
0.868315	5.06812e+06
0.870052	5.30147e+06
0.871792	5.52179e+06
0.873536	5.73236e+06
0.875283	5.94666e+06
0.877033	6.15918e+06
0.878787	6.32738e+06
0.880545	6.44243e+06
0.882306	6.56658e+06
0.884070	6.72515e+06
0.885839	6.83929e+06
0.887610	6.81375e+06
0.889385	6.53554e+06
0.891164	5.88298e+06
0.892946	5.16073e+06
0.894732	5.07332e+06
0.896522	5.94077e+06
0.898315	7.21016e+06
0.900111	8.28484e+06
0.901912	9.18095e+06
0.903715	9.91256e+06
0.905523	1.03380e+07
0.907334	1.05666e+07
0.909148	1.07694e+07
0.910967	1.09660e+07
0.912789	1.11349e+07
0.914614	1.10636e+07
0.916443	1.06645e+07
0.918276	1.04801e+07
0.920113	1.09218e+07
0.921953	1.13798e+07
0.923797	1.04949e+07
0.925644	7.86028e+06
0.927496	4.86820e+06
0.929351	3.20812e+06
0.931209	3.07646e+06
0.933072	3.29026e+06
0.934938	3.65101e+06
0.936808	4.56691e+06
0.938681	5.58857e+06
0.940559	5.83078e+06
0.942440	4.73997e+06
0.944325	3.24372e+06
0.946213	2.66378e+06
0.948106	2.79168e+06
0.950002	3.18806e+06
0.951902	3.93247e+06
0.953806	5.00552e+06
0.955713	5.92863e+06
0.957625	5.63486e+06
0.959540	4.56391e+06
0.961459	3.69318e+06
0.963382	3.48022e+06
0.965308	3.67949e+06
0.967239	4.25086e+06
0.969174	5.68634e+06
0.971112	8.02362e+06
0.973054	1.00938e+07
0.975000	1.07652e+07
0.976950	1.06390e+07
0.978904	1.04848e+07
0.980862	1.04845e+07
0.982824	1.12570e+07
0.984789	1.25909e+07
0.986759	1.37743e+07
0.988732	1.48863e+07
0.990710	1.60553e+07
0.992691	1.70846e+07
0.994676	1.79633e+07
0.996666	1.85315e+07
0.998659	1.86896e+07
1.00066	1.89354e+07
1.00266	1.95962e+07
1.00466	2.07537e+07
1.00667	2.21695e+07
1.00869	2.36143e+07
1.01070	2.52130e+07
1.01272	2.69904e+07
1.01475	2.86647e+07
1.01678	2.99056e+07
1.01881	3.07676e+07
1.02085	3.12463e+07
1.02289	3.12906e+07
1.02494	3.12766e+07
1.02699	3.15331e+07
1.02904	3.24252e+07
1.03110	3.41390e+07
1.03316	3.60843e+07
1.03523	3.75922e+07
1.03730	3.85817e+07
1.03937	3.92722e+07
1.04145	3.98299e+07
1.04353	4.04282e+07
1.04562	4.09804e+07
1.04771	4.12516e+07
1.04981	4.12615e+07
1.05191	4.16053e+07
1.05401	4.26522e+07
1.05612	4.38275e+07
1.05823	4.46043e+07
1.06035	4.51760e+07
1.06247	4.56125e+07
1.06459	4.57107e+07
1.06672	4.55006e+07
1.06886	4.51233e+07
1.07099	4.49949e+07
1.07314	4.55419e+07
1.07528	4.62636e+07
1.07743	4.67069e+07
1.07959	4.70749e+07
1.08175	4.71738e+07
1.08391	4.63653e+07
1.08608	4.42259e+07
1.08825	4.02003e+07
1.09043	3.42642e+07
1.09261	2.79404e+07
1.09479	2.28856e+07
1.09698	1.92766e+07
1.09918	1.51502e+07
1.10137	1.00889e+07
1.10358	6.30565e+06
1.10578	5.43745e+06
1.10800	6.26717e+06
1.11021	5.75036e+06
1.11243	4.16478e+06
1.11466	3.55360e+06
1.11689	3.53967e+06
1.11912	2.94763e+06
1.12136	1.87471e+06
1.12360	1.36561e+06
1.12585	1.75879e+06
1.12810	2.41802e+06
1.13036	2.34932e+06
1.13262	1.89444e+06
1.13488	2.52726e+06
1.13715	4.23660e+06
1.13943	5.02523e+06
1.14170	4.40107e+06
1.14399	3.81904e+06
1.14628	4.04167e+06
1.14857	4.22690e+06
1.15087	3.43125e+06
1.15317	2.22268e+06
1.15547	1.64502e+06
1.15778	1.66766e+06
1.16010	1.86181e+06
1.16242	2.23638e+06
1.16475	2.71624e+06
1.16707	2.96730e+06
1.16941	3.08094e+06
1.17175	3.63298e+06
1.17409	4.87100e+06
1.17644	6.60097e+06
1.17879	8.72244e+06
1.18115	1.15849e+07
1.18351	1.49198e+07
1.18588	1.69850e+07
1.18825	1.75609e+07
1.19063	1.94689e+07
1.19301	2.36669e+07
1.19539	2.70985e+07
1.19778	2.84014e+07
1.20018	2.99748e+07
1.20258	3.28800e+07
1.20499	3.56783e+07
1.20740	3.66768e+07
1.20981	3.64085e+07
1.21223	3.73309e+07
1.21465	4.00927e+07
1.21708	4.34518e+07
1.21952	4.66924e+07
1.22196	4.98086e+07
1.22440	5.24380e+07
1.22685	5.41614e+07
1.22930	5.51808e+07
1.23176	5.62682e+07
1.23423	5.79283e+07
1.23669	5.95876e+07
1.23917	5.96992e+07
1.24165	5.82965e+07
1.24413	5.85890e+07
1.24662	6.05275e+07
1.24911	5.98594e+07
1.25161	5.79764e+07
1.25411	6.06372e+07
1.25662	6.60652e+07
1.25913	6.82236e+07
1.26165	6.70574e+07
1.26417	6.55634e+07
1.26670	6.48470e+07
1.26924	6.43681e+07
1.27177	6.37652e+07
1.27432	6.34239e+07
1.27687	6.19445e+07
1.27942	5.83348e+07
1.28198	5.46143e+07
1.28454	5.20257e+07
1.28711	4.86975e+07
1.28969	4.38625e+07
1.29227	4.05285e+07
1.29485	3.98976e+07
1.29744	3.97048e+07
1.30003	3.86173e+07
1.30263	3.85055e+07
1.30524	3.93774e+07
1.30785	3.91114e+07
1.31047	3.71776e+07
1.31309	3.47606e+07
1.31571	3.39367e+07
1.31834	3.34136e+07
1.32098	3.02980e+07
1.32362	2.41058e+07
1.32627	1.80034e+07
1.32892	1.24367e+07
1.33158	7.06837e+06
1.33424	3.19658e+06
1.33691	1.26236e+06
1.33959	495631.
1.34227	241957.
1.34495	237500.
1.34764	196444.
1.35033	103074.
1.35304	57786.9
1.35574	70988.6
1.35845	78192.9
1.36117	64180.6
1.36389	56402.2
1.36662	57817.7
1.36935	71443.9
1.37209	100920.
1.37484	112997.
1.37759	86751.5
1.38034	43580.3
1.38310	19078.6
1.38587	18986.2
1.38864	33712.1
1.39142	59350.7
1.39420	87280.5
1.39699	112942.
1.39978	167518.
1.40258	260299.
1.40539	319860.
1.40820	275773.
1.41101	163226.
1.41384	85233.8
1.41666	74089.3
1.41950	87382.1
1.42234	106774.
1.42518	152783.
1.42803	214767.
1.43089	235336.
1.43375	217761.
1.43662	238106.
1.43949	342526.
1.44237	500222.
1.44525	623936.
1.44814	755013.
1.45104	900489.
1.45394	1.06746e+06
1.45685	1.36302e+06
1.45976	1.64441e+06
1.46268	1.67746e+06
1.46561	1.61731e+06
1.46854	1.65671e+06
1.47148	1.79262e+06
1.47442	1.88751e+06
1.47737	1.85390e+06
1.48032	1.82976e+06
1.48328	1.97630e+06
1.48625	2.10211e+06
1.48922	2.13063e+06
1.49220	2.30740e+06
1.49518	2.71185e+06
1.49817	3.45149e+06
1.50117	4.48531e+06
1.50417	5.15206e+06
1.50718	5.28733e+06
1.51020	5.71824e+06
1.51322	6.85382e+06
1.51624	8.17834e+06
1.51927	9.61092e+06
1.52231	1.11786e+07
1.52536	1.20879e+07
1.52841	1.26613e+07
1.53147	1.38161e+07
1.53453	1.50948e+07
1.53760	1.59381e+07
1.54067	1.68012e+07
1.54375	1.81958e+07
1.54684	1.99422e+07
1.54993	2.12049e+07
1.55303	2.18396e+07
1.55614	2.25933e+07
1.55925	2.40162e+07
1.56237	2.62084e+07
1.56550	2.85447e+07
1.56863	3.00086e+07
1.57176	3.02613e+07
1.57491	3.01679e+07
1.57806	3.06199e+07
1.58121	3.22614e+07
1.58438	3.45171e+07
1.58754	3.53525e+07
1.59072	3.44282e+07
1.59390	3.32242e+07
1.59709	3.24054e+07
1.60028	3.14139e+07
1.60348	2.99105e+07
1.60669	2.84037e+07
1.60990	2.70693e+07
1.61312	2.53624e+07
1.61635	2.30493e+07
1.61958	2.03594e+07
1.62282	1.78561e+07
1.62607	1.58895e+07
1.62932	1.50038e+07
1.63258	1.64310e+07
1.63584	2.03206e+07
1.63911	2.33624e+07
1.64239	2.12525e+07
1.64568	1.59181e+07
1.64897	1.41010e+07
1.65227	1.67302e+07
1.65557	1.90519e+07
1.65888	1.90392e+07
1.66220	1.63855e+07
1.66552	1.14498e+07
1.66886	8.23205e+06
1.67219	8.81299e+06
1.67554	1.00863e+07
1.67889	1.01547e+07
1.68225	9.72615e+06
1.68561	8.79146e+06
1.68898	7.24706e+06
1.69236	5.62524e+06
1.69574	4.32684e+06
1.69914	3.96485e+06
1.70253	4.35053e+06
1.70594	5.24945e+06
1.70935	6.54761e+06
1.71277	7.94021e+06
1.71620	9.15876e+06
1.71963	9.67870e+06
1.72307	9.27070e+06
1.72651	8.40626e+06
1.72997	7.58128e+06
1.73343	6.93131e+06
1.73689	6.42907e+06
1.74037	5.95943e+06
1.74385	5.49246e+06
1.74733	5.02064e+06
1.75083	4.35563e+06
1.75433	3.47966e+06
1.75784	2.94847e+06
1.76136	2.74242e+06
1.76488	2.40557e+06
1.76841	1.91691e+06
1.77194	1.48136e+06
1.77549	1.11304e+06
1.77904	878130.
1.78260	773696.
1.78616	637377.
1.78973	478412.
1.79331	411826.
1.79690	412772.
1.80049	340662.
1.80410	203340.
1.80770	115342.
1.81132	80543.3
1.81494	65014.8
1.81857	60221.9
1.82221	57156.6
1.82585	51533.8
1.82950	46812.4
1.83316	50898.6
1.83683	79297.1
1.84050	163301.
1.84418	268463.
1.84787	278765.
1.85157	207683.
1.85527	171616.
1.85898	170675.
1.86270	149616.
1.86642	124773.
1.87016	132028.
1.87390	221910.
1.87765	408428.
1.88140	539061.
1.88516	518896.
1.88893	552196.
1.89271	744120.
1.89650	787261.
1.90029	513940.
1.90409	284030.
1.90790	254580.
1.91171	194009.
1.91554	106411.
1.91937	62691.6
1.92321	57477.8
1.92705	72225.0
1.93091	102427.
1.93477	150353.
1.93864	212503.
1.94252	265243.
1.94640	299534.
1.95029	309809.
1.95419	278017.
1.95810	290938.
1.96202	451154.
1.96594	765756.
1.96988	1.05708e+06
1.97382	1.13029e+06
1.97776	1.20098e+06
1.98172	1.60024e+06
1.98568	1.94648e+06
1.98965	1.94149e+06
1.99363	1.94495e+06
1.99762	2.16353e+06
2.00161	2.46493e+06
2.00562	2.97514e+06
2.00963	3.79398e+06
2.01365	4.46114e+06
2.01768	4.84936e+06
2.02171	5.34727e+06
2.02575	5.86307e+06
2.02981	6.29927e+06
2.03386	6.84315e+06
2.03793	7.57061e+06
2.04201	8.60531e+06
2.04609	9.79591e+06
2.05018	1.04204e+07
2.05428	1.06593e+07
2.05839	1.13087e+07
2.06251	1.20692e+07
2.06663	1.25816e+07
2.07077	1.28215e+07
2.07491	1.27090e+07
2.07906	1.25640e+07
2.08322	1.25864e+07
2.08738	1.27013e+07
2.09156	1.27610e+07
2.09574	1.26279e+07
2.09993	1.22730e+07
2.10413	1.17936e+07
2.10834	1.13921e+07
2.11256	1.11707e+07
2.11678	1.09881e+07
2.12102	1.07700e+07
2.12526	1.05491e+07
2.12951	1.02756e+07
2.13377	9.87719e+06
2.13804	9.27445e+06
2.14231	8.52766e+06
2.14660	7.86170e+06
2.15089	7.38062e+06
2.15519	7.06482e+06
2.15950	6.77169e+06
2.16382	6.45359e+06
2.16815	6.11931e+06
2.17248	5.74605e+06
2.17683	5.32899e+06
2.18118	4.86634e+06
2.18554	4.28315e+06
2.18992	3.46863e+06
2.19430	2.44732e+06
2.19868	1.50176e+06
2.20308	1.02889e+06
2.20749	1.05222e+06
2.21190	1.24039e+06
2.21633	1.31297e+06
2.22076	1.19964e+06
2.22520	1.02055e+06
2.22965	868976.
2.23411	745251.
2.23858	623891.
2.24306	511141.
2.24754	459445.
2.25204	468129.
2.25654	471091.
2.26105	449013.
2.26558	445953.
2.27011	494267.
2.27465	545542.
2.27920	530204.
2.28375	466825.
2.28832	411377.
2.29290	383857.
2.29748	415456.
2.30208	562136.
2.30668	825333.
2.31130	991813.
2.31592	812869.
2.32055	496233.
2.32519	351211.
2.32984	324230.
2.33450	301264.
2.33917	269046.
2.34385	245702.
2.34854	272380.
2.35323	364275.
2.35794	474717.
2.36266	514439.
2.36738	419514.
2.37212	293785.
2.37686	278051.
2.38161	338508.
2.38638	398839.
2.39115	444538.
2.39593	476802.
2.40072	506885.
2.40552	563690.
2.41034	656828.
2.41516	732126.
2.41999	777040.
2.42483	862323.
2.42968	1.00194e+06
2.43454	1.12026e+06
2.43940	1.16802e+06
2.44428	1.11011e+06
2.44917	1.03282e+06
2.45407	1.05564e+06
2.45898	1.09843e+06
2.46390	1.04463e+06
2.46882	889471.
2.47376	717959.
2.47871	617407.
2.48367	555929.
2.48863	467888.
2.49361	377360.
2.49860	324742.
2.50359	330156.
2.50860	340650.
2.51362	263263.
2.51865	159835.
2.52368	120937.
2.52873	115433.
2.53379	91550.3
2.53886	64951.1
2.54393	50921.3
2.54902	55188.1
2.55412	80230.0
