0.600000	1.75692e+06
0.601200	2.36516e+06
0.602402	3.05823e+06
0.603607	3.76548e+06
0.604814	4.49515e+06
0.606024	5.36272e+06
0.607236	6.24415e+06
0.608450	6.54107e+06
0.609667	6.17430e+06
0.610887	6.44619e+06
0.612108	7.08688e+06
0.613333	7.78985e+06
0.614559	8.46142e+06
0.615788	9.21590e+06
0.617020	9.91444e+06
0.618254	1.03293e+07
0.619491	1.11050e+07
0.620729	1.23173e+07
0.621971	1.28178e+07
0.623215	1.30396e+07
0.624461	1.37568e+07
0.625710	1.50299e+07
0.626962	1.62571e+07
0.628215	1.69842e+07
0.629472	1.68560e+07
0.630731	1.61719e+07
0.631992	1.63826e+07
0.633256	1.72691e+07
0.634523	1.79498e+07
0.635792	1.85446e+07
0.637063	2.03341e+07
0.638337	2.21056e+07
0.639614	2.30510e+07
0.640893	2.30479e+07
0.642175	2.22784e+07
0.643459	2.34262e+07
0.644746	2.49001e+07
0.646036	2.50426e+07
0.647328	2.37515e+07
0.648623	2.28327e+07
0.649920	2.36661e+07
0.651220	2.45276e+07
0.652522	2.47023e+07
0.653827	2.43430e+07
0.655135	2.46683e+07
0.656445	2.48504e+07
0.657758	2.50728e+07
0.659073	2.64542e+07
0.660391	2.70078e+07
0.661712	2.63533e+07
0.663036	2.56861e+07
0.664362	2.66476e+07
0.665690	2.69851e+07
0.667022	2.67970e+07
0.668356	2.50533e+07
0.669692	1.74656e+07
0.671032	1.42196e+07
0.672374	2.23390e+07
0.673719	2.79976e+07
0.675066	2.98728e+07
0.676416	3.21627e+07
0.677769	3.24941e+07
0.679124	3.19343e+07
0.680483	3.15985e+07
0.681844	3.22173e+07
0.683207	3.29995e+07
0.684574	3.28826e+07
0.685943	3.44944e+07
0.687315	3.57885e+07
0.688689	3.55208e+07
0.690067	3.22783e+07
0.691447	3.13323e+07
0.692830	3.32439e+07
0.694215	3.53641e+07
0.695604	3.71196e+07
0.696995	3.75058e+07
0.698389	3.69064e+07
0.699786	3.74120e+07
0.701185	3.86349e+07
0.702587	3.87294e+07
0.703993	3.83951e+07
0.705401	3.78278e+07
0.706811	3.81459e+07
0.708225	3.88466e+07
0.709641	3.90249e+07
0.711061	3.94053e+07
0.712483	4.03835e+07
0.713908	4.14060e+07
0.715336	4.24259e+07
0.716766	4.37214e+07
0.718200	4.53814e+07
0.719636	4.67490e+07
0.721075	4.74977e+07
0.722517	4.86585e+07
0.723962	4.97151e+07
0.725410	5.08788e+07
0.726861	5.12327e+07
0.728315	5.08431e+07
0.729771	5.19143e+07
0.731231	5.42346e+07
0.732693	5.58129e+07
0.734159	5.35214e+07
0.735627	4.70597e+07
0.737098	4.20123e+07
0.738573	3.98656e+07
0.740050	3.99119e+07
0.741530	3.94673e+07
0.743013	3.70019e+07
0.744499	3.44998e+07
0.745988	3.35798e+07
0.747480	3.37346e+07
0.748975	3.35843e+07
0.750473	3.24966e+07
0.751974	3.12483e+07
0.753477	2.99744e+07
0.754984	2.76797e+07
0.756494	2.42108e+07
0.758007	1.98710e+07
0.759523	1.48758e+07
0.761042	9.71469e+06
0.762564	5.11748e+06
0.764089	2.04816e+06
0.765618	556106.
0.767149	157902.
0.768683	194364.
0.770220	527608.
0.771761	2.24301e+06
0.773304	6.11521e+06
0.774851	1.19434e+07
0.776401	1.86282e+07
0.777953	2.39642e+07
0.779509	2.55808e+07
0.781068	3.24486e+07
0.782630	4.30878e+07
0.784196	4.88739e+07
0.785764	4.76285e+07
0.787336	4.48324e+07
0.788910	4.62746e+07
0.790488	4.64137e+07
0.792069	4.21698e+07
0.793653	2.96187e+07
0.795240	2.64522e+07
0.796831	3.97922e+07
0.798424	4.54218e+07
0.800021	4.68669e+07
0.801621	5.10458e+07
0.803224	5.60518e+07
0.804831	6.02655e+07
0.806440	6.51323e+07
0.808053	7.08761e+07
0.809669	7.69111e+07
0.811289	8.25706e+07
0.812911	8.76107e+07
0.814537	9.23940e+07
0.816166	9.44127e+07
0.817798	9.02870e+07
0.819434	9.07151e+07
0.821073	9.92755e+07
0.822715	1.05256e+08
0.824360	1.09056e+08
0.826009	1.10681e+08
0.827661	1.11006e+08
0.829316	1.11752e+08
0.830975	1.13241e+08
0.832637	1.15421e+08
0.834302	1.17119e+08
0.835971	1.18365e+08
0.837643	1.19680e+08
0.839318	1.20917e+08
0.840996	1.21712e+08
0.842678	1.21690e+08
0.844364	1.19277e+08
0.846052	1.17194e+08
0.847745	1.18778e+08
0.849440	1.19969e+08
0.851139	1.18665e+08
0.852841	1.18045e+08
0.854547	1.17518e+08
0.856256	1.13952e+08
0.857968	1.12720e+08
0.859684	1.11184e+08
0.861404	1.01086e+08
0.863126	9.34849e+07
0.864853	9.48835e+07
0.866582	9.80304e+07
0.868315	9.86091e+07
0.870052	9.68733e+07
0.871792	9.85897e+07
0.873536	1.02655e+08
0.875283	1.05909e+08
0.877033	1.10564e+08
0.878787	1.13206e+08
0.880545	1.13207e+08
0.882306	1.17053e+08
0.884070	1.22152e+08
0.885839	1.23924e+08
0.887610	1.22464e+08
0.889385	1.21534e+08
0.891164	1.24379e+08
0.892946	1.29141e+08
0.894732	1.34602e+08
0.896522	1.40677e+08
0.898315	1.44763e+08
0.900111	1.48047e+08
0.901912	1.52782e+08
0.903715	1.56636e+08
0.905523	1.57729e+08
0.907334	1.59505e+08
0.909148	1.63172e+08
0.910967	1.67515e+08
0.912789	1.72047e+08
0.914614	1.74933e+08
0.916443	1.76086e+08
0.918276	1.77154e+08
0.920113	1.77227e+08
0.921953	1.74512e+08
0.923797	1.72225e+08
0.925644	1.69752e+08
0.927496	1.64824e+08
0.929351	1.60823e+08
0.931209	1.64494e+08
0.933072	1.67678e+08
0.934938	1.68415e+08
0.936808	1.70042e+08
0.938681	1.72118e+08
0.940559	1.73536e+08
0.942440	1.73151e+08
0.944325	1.70434e+08
0.946213	1.71139e+08
0.948106	1.73306e+08
0.950002	1.74504e+08
0.951902	1.75391e+08
0.953806	1.75325e+08
0.955713	1.75937e+08
0.957625	1.73277e+08
0.959540	1.69249e+08
0.961459	1.67393e+08
0.963382	1.68278e+08
0.965308	1.71939e+08
0.967239	1.74810e+08
0.969174	1.78258e+08
0.971112	1.84110e+08
0.973054	1.88359e+08
0.975000	1.89433e+08
0.976950	1.91054e+08
0.978904	1.94452e+08
0.980862	1.96084e+08
0.982824	1.97815e+08
0.984789	2.02286e+08
0.986759	2.04121e+08
0.988732	1.94763e+08
0.990710	1.76144e+08
0.992691	1.71084e+08
0.994676	1.86132e+08
0.996666	1.94349e+08
0.998659	1.88916e+08
1.00066	1.84054e+08
1.00266	1.83859e+08
1.00466	1.84532e+08
1.00667	1.87069e+08
1.00869	1.93887e+08
1.01070	1.96482e+08
1.01272	1.95974e+08
1.01475	1.97460e+08
1.01678	2.04932e+08
1.01881	2.11899e+08
1.02085	2.09037e+08
1.02289	2.05218e+08
1.02494	2.04596e+08
1.02699	2.03571e+08
1.02904	2.07607e+08
1.03110	2.12641e+08
1.03316	2.21769e+08
1.03523	2.29716e+08
1.03730	2.33732e+08
1.03937	2.32719e+08
1.04145	2.28407e+08
1.04353	2.25263e+08
1.04562	2.22893e+08
1.04771	2.18081e+08
1.04981	2.13262e+08
1.05191	2.09522e+08
1.05401	2.08459e+08
1.05612	2.07261e+08
1.05823	2.05765e+08
1.06035	2.05393e+08
1.06247	2.10232e+08
1.06459	2.17612e+08
1.06672	2.23782e+08
1.06886	2.28064e+08
1.07099	2.32657e+08
1.07314	2.39411e+08
1.07528	2.44328e+08
1.07743	2.47995e+08
1.07959	2.51039e+08
1.08175	2.54677e+08
1.08391	2.55584e+08
1.08608	2.55533e+08
1.08825	2.58132e+08
1.09043	2.59250e+08
1.09261	2.57483e+08
1.09479	2.55755e+08
1.09698	2.55475e+08
1.09918	2.54897e+08
1.10137	2.47636e+08
1.10358	2.38506e+08
1.10578	2.36016e+08
1.10800	2.45197e+08
1.11021	2.44248e+08
1.11243	2.38659e+08
1.11466	2.42368e+08
1.11689	2.45383e+08
1.11912	2.43773e+08
1.12136	2.36820e+08
1.12360	2.34162e+08
1.12585	2.40578e+08
1.12810	2.49800e+08
1.13036	2.45445e+08
1.13262	2.29647e+08
1.13488	2.19484e+08
1.13715	2.18892e+08
1.13943	2.26617e+08
1.14170	2.40240e+08
1.14399	2.46882e+08
1.14628	2.57074e+08
1.14857	2.64142e+08
1.15087	2.58686e+08
1.15317	2.48800e+08
1.15547	2.48979e+08
1.15778	2.52290e+08
1.16010	2.51444e+08
1.16242	2.52684e+08
1.16475	2.53446e+08
1.16707	2.42850e+08
1.16941	2.31532e+08
1.17175	2.39135e+08
1.17409	2.37821e+08
1.17644	2.25201e+08
1.17879	2.32608e+08
1.18115	2.49190e+08
1.18351	2.59281e+08
1.18588	2.64544e+08
1.18825	2.64441e+08
1.19063	2.65711e+08
1.19301	2.72328e+08
1.19539	2.75721e+08
1.19778	2.74373e+08
1.20018	2.75684e+08
1.20258	2.81030e+08
1.20499	2.86985e+08
1.20740	2.89164e+08
1.20981	2.87733e+08
1.21223	2.89175e+08
1.21465	2.94055e+08
1.21708	2.97828e+08
1.21952	3.00078e+08
1.22196	3.02234e+08
1.22440	3.05343e+08
1.22685	3.07551e+08
1.22930	3.07730e+08
1.23176	3.07483e+08
1.23423	3.08591e+08
1.23669	3.10597e+08
1.23917	3.06185e+08
1.24165	2.87889e+08
1.24413	2.84034e+08
1.24662	3.02154e+08
1.24911	2.97747e+08
1.25161	2.72256e+08
1.25411	2.82367e+08
1.25662	3.09772e+08
1.25913	3.16674e+08
1.26165	3.16069e+08
1.26417	3.15062e+08
1.26670	3.16068e+08
1.26924	3.18120e+08
1.27177	3.18931e+08
1.27432	3.19262e+08
1.27687	3.20158e+08
1.27942	3.20224e+08
1.28198	3.19975e+08
1.28454	3.20446e+08
1.28711	3.19475e+08
1.28969	3.16630e+08
1.29227	3.16548e+08
1.29485	3.17935e+08
1.29744	3.18473e+08
1.30003	3.17277e+08
1.30263	3.17865e+08
1.30524	3.19120e+08
1.30785	3.19046e+08
1.31047	3.19705e+08
1.31309	3.18085e+08
1.31571	3.16177e+08
1.31834	3.15179e+08
1.32098	3.12904e+08
1.32362	3.04658e+08
1.32627	2.96130e+08
1.32892	2.85628e+08
1.33158	2.45462e+08
1.33424	1.98852e+08
1.33691	1.52491e+08
1.33959	1.11596e+08
1.34227	1.10686e+08
1.34495	1.41136e+08
1.34764	1.37073e+08
1.35033	9.97935e+07
1.35304	8.16288e+07
1.35574	1.09814e+08
1.35845	1.36659e+08
1.36117	1.23460e+08
1.36389	1.33144e+08
1.36662	1.52590e+08
1.36935	1.50438e+08
1.37209	1.58854e+08
1.37484	1.68621e+08
1.37759	1.64888e+08
1.38034	1.26832e+08
1.38310	9.17330e+07
1.38587	1.03185e+08
1.38864	1.19390e+08
1.39142	1.20626e+08
1.39420	1.30785e+08
1.39699	1.23850e+08
1.39978	1.17368e+08
1.40258	1.42265e+08
1.40539	1.65217e+08
1.40820	1.57312e+08
1.41101	1.20123e+08
1.41384	1.03028e+08
1.41666	1.15911e+08
1.41950	1.20900e+08
1.42234	1.16362e+08
1.42518	1.17119e+08
1.42803	1.38938e+08
1.43089	1.31789e+08
1.43375	1.20125e+08
1.43662	1.25892e+08
1.43949	1.21721e+08
1.44237	1.42295e+08
1.44525	1.47705e+08
1.44814	1.55051e+08
1.45104	1.68605e+08
1.45394	1.70025e+08
1.45685	1.74770e+08
1.45976	1.87789e+08
1.46268	1.90981e+08
1.46561	1.90018e+08
1.46854	1.84655e+08
1.47148	1.88657e+08
1.47442	1.92363e+08
1.47737	1.93369e+08
1.48032	1.90511e+08
1.48328	1.96429e+08
1.48625	2.04031e+08
1.48922	2.02259e+08
1.49220	2.05060e+08
1.49518	2.08681e+08
1.49817	2.18737e+08
1.50117	2.27973e+08
1.50417	2.32999e+08
1.50718	2.32031e+08
1.51020	2.29649e+08
1.51322	2.36257e+08
1.51624	2.41067e+08
1.51927	2.46663e+08
1.52231	2.57951e+08
1.52536	2.57115e+08
1.52841	2.53300e+08
1.53147	2.57025e+08
1.53453	2.63094e+08
1.53760	2.63642e+08
1.54067	2.63453e+08
1.54375	2.66646e+08
1.54684	2.71635e+08
1.54993	2.73302e+08
1.55303	2.73440e+08
1.55614	2.74654e+08
1.55925	2.76631e+08
1.56237	2.79655e+08
1.56550	2.82482e+08
1.56863	2.85455e+08
1.57176	2.86517e+08
1.57491	2.87365e+08
1.57806	2.88314e+08
1.58121	2.89827e+08
1.58438	2.93234e+08
1.58754	2.95323e+08
1.59072	2.95370e+08
1.59390	2.95915e+08
1.59709	2.96180e+08
1.60028	2.96956e+08
1.60348	2.98051e+08
1.60669	2.98411e+08
1.60990	2.99286e+08
1.61312	2.99776e+08
1.61635	2.99909e+08
1.61958	2.99520e+08
1.62282	3.00385e+08
1.62607	3.01599e+08
1.62932	3.01323e+08
1.63258	3.00410e+08
1.63584	3.01581e+08
1.63911	3.02003e+08
1.64239	3.01294e+08
1.64568	3.01506e+08
1.64897	3.01087e+08
1.65227	3.00299e+08
1.65557	3.00611e+08
1.65888	2.99941e+08
1.66220	2.98596e+08
1.66552	2.97632e+08
1.66886	2.96199e+08
1.67219	2.96864e+08
1.67554	2.98380e+08
1.67889	2.98330e+08
1.68225	2.97517e+08
1.68561	2.95586e+08
1.68898	2.91820e+08
1.69236	2.88683e+08
1.69574	2.86372e+08
1.69914	2.85215e+08
1.70253	2.84376e+08
1.70594	2.82264e+08
1.70935	2.78226e+08
1.71277	2.74129e+08
1.71620	2.69826e+08
1.71963	2.66216e+08
1.72307	2.62607e+08
1.72651	2.58105e+08
1.72997	2.51192e+08
1.73343	2.43743e+08
1.73689	2.37863e+08
1.74037	2.29258e+08
1.74385	2.19822e+08
1.74733	2.16269e+08
1.75083	2.08112e+08
1.75433	1.82592e+08
1.75784	1.75321e+08
1.76136	1.86179e+08
1.76488	1.85607e+08
1.76841	1.67928e+08
1.77194	1.56629e+08
1.77549	1.37982e+08
1.77904	1.25282e+08
1.78260	1.23106e+08
1.78616	1.13033e+08
1.78973	1.04423e+08
1.79331	1.03059e+08
1.79690	1.02728e+08
1.80049	9.34033e+07
1.80410	8.05151e+07
1.80770	7.40297e+07
1.81132	7.04541e+07
1.81494	6.91206e+07
1.81857	7.02098e+07
1.82221	7.12805e+07
1.82585	7.19196e+07
1.82950	7.73313e+07
1.83316	8.16936e+07
1.83683	8.27350e+07
1.84050	1.00276e+08
1.84418	1.06765e+08
1.84787	9.43463e+07
1.85157	7.71666e+07
1.85527	6.70188e+07
1.85898	6.54271e+07
1.86270	6.68694e+07
1.86642	8.71612e+07
1.87016	9.43870e+07
1.87390	9.03458e+07
1.87765	9.93617e+07
1.88140	1.07956e+08
1.88516	1.09389e+08
1.88893	1.15431e+08
1.89271	1.20412e+08
1.89650	1.25756e+08
1.90029	1.12229e+08
1.90409	1.06924e+08
1.90790	1.21153e+08
1.91171	1.09361e+08
1.91554	9.30365e+07
1.91937	7.89462e+07
1.92321	6.95902e+07
1.92705	7.39836e+07
1.93091	7.95669e+07
1.93477	8.76222e+07
1.93864	8.76645e+07
1.94252	8.23057e+07
1.94640	7.88100e+07
1.95029	8.09521e+07
1.95419	6.95905e+07
1.95810	6.40564e+07
1.96202	7.31965e+07
1.96594	9.00741e+07
1.96988	1.05283e+08
1.97382	9.84978e+07
1.97776	9.37692e+07
1.98172	1.03661e+08
1.98568	1.16109e+08
1.98965	1.09014e+08
1.99363	1.08258e+08
1.99762	1.10691e+08
2.00161	1.17013e+08
2.00562	1.26461e+08
2.00963	1.28004e+08
2.01365	1.31425e+08
2.01768	1.32079e+08
2.02171	1.43563e+08
2.02575	1.50651e+08
2.02981	1.48524e+08
2.03386	1.51432e+08
2.03793	1.54337e+08
2.04201	1.58192e+08
2.04609	1.66389e+08
2.05018	1.71802e+08
2.05428	1.72232e+08
2.05839	1.79141e+08
2.06251	1.80447e+08
2.06663	1.84878e+08
2.07077	1.89338e+08
2.07491	1.86759e+08
2.07906	1.87029e+08
2.08322	1.88840e+08
2.08738	1.90443e+08
2.09156	1.93359e+08
2.09574	1.95602e+08
2.09993	1.96453e+08
2.10413	1.95466e+08
2.10834	1.95716e+08
2.11256	1.98834e+08
2.11678	1.99438e+08
2.12102	1.99753e+08
2.12526	2.00528e+08
2.12951	2.00386e+08
2.13377	2.00348e+08
2.13804	1.99324e+08
2.14231	1.98895e+08
2.14660	1.99196e+08
2.15089	1.98044e+08
2.15519	1.98151e+08
2.15950	1.98333e+08
2.16382	1.97326e+08
2.16815	1.96234e+08
2.17248	1.94715e+08
2.17683	1.93142e+08
2.18118	1.92858e+08
2.18554	1.92430e+08
2.18992	1.91000e+08
2.19430	1.88577e+08
2.19868	1.86004e+08
2.20308	1.83767e+08
2.20749	1.82838e+08
2.21190	1.83331e+08
2.21633	1.82851e+08
2.22076	1.81326e+08
2.22520	1.80333e+08
2.22965	1.79172e+08
2.23411	1.78187e+08
2.23858	1.76896e+08
2.24306	1.74266e+08
2.24754	1.72391e+08
2.25204	1.71792e+08
2.25654	1.71664e+08
2.26105	1.70748e+08
2.26558	1.67380e+08
2.27011	1.65713e+08
2.27465	1.66353e+08
2.27920	1.64581e+08
2.28375	1.63333e+08
2.28832	1.58744e+08
2.29290	1.37751e+08
2.29748	1.11597e+08
2.30208	9.48027e+07
2.30668	8.77099e+07
2.31130	8.78658e+07
2.31592	8.80696e+07
2.32055	8.76933e+07
2.32519	9.21534e+07
2.32984	9.14611e+07
2.33450	9.02884e+07
2.33917	9.87777e+07
2.34385	1.09264e+08
2.34854	1.12352e+08
2.35323	1.06098e+08
2.35794	1.01301e+08
2.36266	1.02871e+08
2.36738	1.02877e+08
2.37212	9.99259e+07
2.37686	9.51000e+07
2.38161	9.31190e+07
2.38638	9.35610e+07
2.39115	9.70128e+07
2.39593	9.89312e+07
2.40072	9.75935e+07
2.40552	9.57526e+07
2.41034	9.41433e+07
2.41516	9.18083e+07
2.41999	8.94386e+07
2.42483	8.62256e+07
2.42968	8.35656e+07
2.43454	8.04729e+07
2.43940	7.61216e+07
2.44428	6.87465e+07
2.44917	6.36385e+07
2.45407	6.39628e+07
2.45898	6.35274e+07
2.46390	5.97245e+07
2.46882	5.10705e+07
2.47376	4.11582e+07
2.47871	3.83176e+07
2.48367	4.12102e+07
2.48863	3.73184e+07
2.49361	3.47001e+07
2.49860	3.18268e+07
2.50359	2.97442e+07
2.50860	3.45266e+07
2.51362	2.80233e+07
2.51865	2.08323e+07
2.52368	2.27977e+07
2.52873	2.50298e+07
2.53379	2.07916e+07
2.53886	1.96850e+07
2.54393	1.89082e+07
2.54902	1.82289e+07
2.55412	1.97400e+07
