0.600000	152.852
0.601200	186.713
0.602402	225.909
0.603607	270.902
0.604814	322.243
0.606024	380.744
0.607236	446.981
0.608450	521.813
0.609667	605.935
0.610887	700.315
0.612108	806.055
0.613333	924.082
0.614559	1055.77
0.615788	1202.14
0.617020	1364.77
0.618254	1544.87
0.619491	1744.32
0.620729	1964.43
0.621971	2206.98
0.623215	2473.17
0.624461	2764.98
0.625710	3084.19
0.626962	3433.43
0.628215	3814.65
0.629472	4230.31
0.630731	4682.05
0.631992	5172.27
0.633256	5702.90
0.634523	6276.99
0.635792	6896.79
0.637063	7564.92
0.638337	8283.65
0.639614	9054.71
0.640893	9879.41
0.642175	10758.4
0.643459	11692.7
0.644746	12685.0
0.646036	13745.0
0.647328	14881.6
0.648623	16103.4
0.649920	17409.0
0.651220	18791.7
0.652522	20247.9
0.653827	21778.9
0.655135	23385.7
0.656445	25074.1
0.657758	26847.9
0.659073	28714.1
0.660391	30669.7
0.661712	32699.3
0.663036	34764.6
0.664362	36737.1
0.665690	38290.8
0.667022	39105.0
0.668356	39329.2
0.669692	39734.8
0.671032	41744.2
0.672374	45819.9
0.673719	50898.3
0.675066	55983.1
0.676416	60319.3
0.677769	64027.0
0.679124	67444.5
0.680483	70750.5
0.681844	74051.6
0.683207	77359.9
0.684574	80661.1
0.685943	83926.2
0.687315	87077.4
0.688689	90036.2
0.690067	92750.6
0.691447	95372.4
0.692830	98117.5
0.694215	101172.
0.695604	104459.
0.696995	107676.
0.698389	110592.
0.699786	113129.
0.701185	115360.
0.702587	117445.
0.703993	119424.
0.705401	121222.
0.706811	122760.
0.708225	123974.
0.709641	124813.
0.711061	125179.
0.712483	124919.
0.713908	123866.
0.715336	122041.
0.716766	119798.
0.718200	117536.
0.719636	115532.
0.721075	113523.
0.722517	111145.
0.723962	108178.
0.725410	104655.
0.726861	100790.
0.728315	96668.9
0.729771	92405.6
0.731231	88066.9
0.732693	83613.2
0.734159	78958.8
0.735627	74024.6
0.737098	68861.0
0.738573	63603.0
0.740050	58336.8
0.741530	53094.4
0.743013	47905.7
0.744499	42830.9
0.745988	37921.4
0.747480	33234.0
0.748975	28797.1
0.750473	24651.7
0.751974	20832.2
0.753477	17357.5
0.754984	14237.0
0.756494	11467.5
0.758007	9031.31
0.759523	6909.22
0.761042	5075.24
0.762564	3525.55
0.764089	2297.83
0.765618	1440.27
0.767149	1021.62
0.768683	1088.50
0.770220	1699.09
0.771761	2894.43
0.773304	4627.25
0.774851	6812.19
0.776401	9350.75
0.777953	12334.7
0.779509	16122.4
0.781068	21151.2
0.782630	27523.0
0.784196	34984.1
0.785764	43229.2
0.787336	51419.7
0.788910	58524.0
0.790488	63080.2
0.792069	65775.1
0.793653	71748.2
0.795240	85837.9
0.796831	109585.
0.798424	138991.
0.800021	168440.
0.801621	196053.
0.803224	222424.
0.804831	248346.
0.806440	274128.
0.808053	299654.
0.809669	325371.
0.811289	352536.
0.812911	383273.
0.814537	418743.
0.816166	458671.
0.817798	501542.
0.819434	546379.
0.821073	592850.
0.822715	641281.
0.824360	692613.
0.826009	746482.
0.827661	801791.
0.829316	858216.
0.830975	915673.
0.832637	974432.
0.834302	1.03466e+06
0.835971	1.09784e+06
0.837643	1.16554e+06
0.839318	1.23870e+06
0.840996	1.31748e+06
0.842678	1.40120e+06
0.844364	1.48221e+06
0.846052	1.54840e+06
0.847745	1.58040e+06
0.849440	1.59112e+06
0.851139	1.61709e+06
0.852841	1.71796e+06
0.854547	1.90358e+06
0.856256	2.12140e+06
0.857968	2.32817e+06
0.859684	2.49820e+06
0.861404	2.64117e+06
0.863126	2.77798e+06
0.864853	2.91918e+06
0.866582	3.06947e+06
0.868315	3.22751e+06
0.870052	3.39018e+06
0.871792	3.55529e+06
0.873536	3.72060e+06
0.875283	3.88429e+06
0.877033	4.04239e+06
0.878787	4.19108e+06
0.880545	4.32856e+06
0.882306	4.45539e+06
0.884070	4.56779e+06
0.885839	4.63870e+06
0.887610	4.63046e+06
0.889385	4.50498e+06
0.891164	4.28376e+06
0.892946	4.13114e+06
0.894732	4.20523e+06
0.896522	4.59507e+06
0.898315	5.20994e+06
0.900111	5.86232e+06
0.901912	6.44537e+06
0.903715	6.91200e+06
0.905523	7.26376e+06
0.907334	7.53273e+06
0.909148	7.75370e+06
0.910967	7.93793e+06
0.912789	8.08482e+06
0.914614	8.17727e+06
0.916443	8.25074e+06
0.918276	8.35486e+06
0.920113	8.41620e+06
0.921953	8.24220e+06
0.923797	7.56350e+06
0.925644	6.36262e+06
0.927496	5.04848e+06
0.929351	4.01739e+06
0.931209	3.59090e+06
0.933072	3.69260e+06
0.934938	4.14776e+06
0.936808	4.74664e+06
0.938681	5.17614e+06
0.940559	5.20102e+06
0.942440	4.79737e+06
0.944325	4.19790e+06
0.946213	3.81794e+06
0.948106	3.79825e+06
0.950002	4.12375e+06
0.951902	4.70084e+06
0.953806	5.27923e+06
0.955713	5.66018e+06
0.957625	5.62432e+06
0.959540	5.29352e+06
0.961459	4.91943e+06
0.963382	4.79525e+06
0.965308	5.05876e+06
0.967239	5.78501e+06
0.969174	6.96459e+06
0.971112	8.34440e+06
0.973054	9.60631e+06
0.975000	1.04478e+07
0.976950	1.08743e+07
0.978904	1.11627e+07
0.980862	1.15148e+07
0.982824	1.21360e+07
0.984789	1.29876e+07
0.986759	1.39590e+07
0.988732	1.49496e+07
0.990710	1.58916e+07
0.992691	1.67380e+07
0.994676	1.74451e+07
0.996666	1.80223e+07
0.998659	1.85011e+07
1.00066	1.90314e+07
1.00266	1.96911e+07
1.00466	2.05578e+07
1.00667	2.15902e+07
1.00869	2.27309e+07
1.01070	2.39302e+07
1.01272	2.51164e+07
1.01475	2.62149e+07
1.01678	2.71394e+07
1.01881	2.78626e+07
1.02085	2.84205e+07
1.02289	2.88659e+07
1.02494	2.93292e+07
1.02699	2.99054e+07
1.02904	3.06857e+07
1.03110	3.16469e+07
1.03316	3.26718e+07
1.03523	3.36438e+07
1.03730	3.44796e+07
1.03937	3.51729e+07
1.04145	3.57561e+07
1.04353	3.62636e+07
1.04562	3.67150e+07
1.04771	3.71407e+07
1.04981	3.75822e+07
1.05191	3.81046e+07
1.05401	3.87160e+07
1.05612	3.93686e+07
1.05823	3.99906e+07
1.06035	4.05143e+07
1.06247	4.08891e+07
1.06459	4.10863e+07
1.06672	4.11377e+07
1.06886	4.11612e+07
1.07099	4.12604e+07
1.07314	4.14897e+07
1.07528	4.17950e+07
1.07743	4.20472e+07
1.07959	4.21550e+07
1.08175	4.19189e+07
1.08391	4.10395e+07
1.08608	3.92510e+07
1.08825	3.64098e+07
1.09043	3.26443e+07
1.09261	2.84990e+07
1.09479	2.43338e+07
1.09698	2.02845e+07
1.09918	1.62744e+07
1.10137	1.25368e+07
1.10358	9.60183e+06
1.10578	7.73570e+06
1.10800	6.73555e+06
1.11021	5.89356e+06
1.11243	5.06446e+06
1.11466	4.35096e+06
1.11689	3.77696e+06
1.11912	3.27861e+06
1.12136	2.83302e+06
1.12360	2.66311e+06
1.12585	2.78665e+06
1.12810	3.03862e+06
1.13036	3.22060e+06
1.13262	3.48914e+06
1.13488	4.08108e+06
1.13715	4.94846e+06
1.13943	5.55578e+06
1.14170	5.73123e+06
1.14399	5.60673e+06
1.14628	5.39557e+06
1.14857	4.99996e+06
1.15087	4.34162e+06
1.15317	3.57687e+06
1.15547	3.00640e+06
1.15778	2.82186e+06
1.16010	2.97549e+06
1.16242	3.32638e+06
1.16475	3.75279e+06
1.16707	4.20955e+06
1.16941	4.76335e+06
1.17175	5.62890e+06
1.17409	6.97478e+06
1.17644	8.81158e+06
1.17879	1.11210e+07
1.18115	1.37278e+07
1.18351	1.62953e+07
1.18588	1.85311e+07
1.18825	2.06389e+07
1.19063	2.29564e+07
1.19301	2.56022e+07
1.19539	2.82008e+07
1.19778	3.04615e+07
1.20018	3.25119e+07
1.20258	3.44746e+07
1.20499	3.62005e+07
1.20740	3.74836e+07
1.20981	3.85273e+07
1.21223	3.98456e+07
1.21465	4.17056e+07
1.21708	4.39507e+07
1.21952	4.63316e+07
1.22196	4.85363e+07
1.22440	5.04427e+07
1.22685	5.20045e+07
1.22930	5.33116e+07
1.23176	5.44959e+07
1.23423	5.55876e+07
1.23669	5.64773e+07
1.23917	5.70688e+07
1.24165	5.74519e+07
1.24413	5.78271e+07
1.24662	5.81818e+07
1.24911	5.85514e+07
1.25161	5.92663e+07
1.25411	6.07472e+07
1.25662	6.27319e+07
1.25913	6.43353e+07
1.26165	6.51593e+07
1.26417	6.53763e+07
1.26670	6.53124e+07
1.26924	6.52219e+07
1.27177	6.49661e+07
1.27432	6.43464e+07
1.27687	6.30811e+07
1.27942	6.10850e+07
1.28198	5.86640e+07
1.28454	5.59183e+07
1.28711	5.30557e+07
1.28969	5.01722e+07
1.29227	4.78786e+07
1.29485	4.62964e+07
1.29744	4.53347e+07
1.30003	4.47077e+07
1.30263	4.43374e+07
1.30524	4.40575e+07
1.30785	4.34343e+07
1.31047	4.24363e+07
1.31309	4.11000e+07
1.31571	3.96105e+07
1.31834	3.72998e+07
1.32098	3.36492e+07
1.32362	2.83823e+07
1.32627	2.22561e+07
1.32892	1.59713e+07
1.33158	1.03432e+07
1.33424	5.96363e+06
1.33691	3.03095e+06
1.33959	1.44733e+06
1.34227	674627.
1.34495	386812.
1.34764	251586.
1.35033	178486.
1.35304	131240.
1.35574	110817.
1.35845	104531.
1.36117	102403.
1.36389	103174.
1.36662	111276.
1.36935	127312.
1.37209	144070.
1.37484	144733.
1.37759	123336.
1.38034	88740.0
1.38310	62258.2
1.38587	54817.1
1.38864	68353.8
1.39142	97262.7
1.39420	138711.
1.39699	193185.
1.39978	260254.
1.40258	325994.
1.40539	352148.
1.40820	322288.
1.41101	254299.
1.41384	186435.
1.41666	152710.
1.41950	154949.
1.42234	184930.
1.42518	230698.
1.42803	276916.
1.43089	313098.
1.43375	346665.
1.43662	412677.
1.43949	521364.
1.44237	676819.
1.44525	849121.
1.44814	1.04413e+06
1.45104	1.25528e+06
1.45394	1.50155e+06
1.45685	1.75243e+06
1.45976	1.96854e+06
1.46268	2.08747e+06
1.46561	2.15656e+06
1.46854	2.19542e+06
1.47148	2.25412e+06
1.47442	2.29538e+06
1.47737	2.32670e+06
1.48032	2.34451e+06
1.48328	2.38266e+06
1.48625	2.43320e+06
1.48922	2.54027e+06
1.49220	2.77630e+06
1.49518	3.23230e+06
1.49817	3.89128e+06
1.50117	4.64066e+06
1.50417	5.31278e+06
1.50718	5.88606e+06
1.51020	6.55869e+06
1.51322	7.45629e+06
1.51624	8.60716e+06
1.51927	9.87180e+06
1.52231	1.11318e+07
1.52536	1.22769e+07
1.52841	1.33838e+07
1.53147	1.44802e+07
1.53453	1.56236e+07
1.53760	1.67724e+07
1.54067	1.80087e+07
1.54375	1.93004e+07
1.54684	2.06519e+07
1.54993	2.19456e+07
1.55303	2.32472e+07
1.55614	2.46593e+07
1.55925	2.62751e+07
1.56237	2.79230e+07
1.56550	2.93535e+07
1.56863	3.03569e+07
1.57176	3.09385e+07
1.57491	3.13969e+07
1.57806	3.19294e+07
1.58121	3.25616e+07
1.58438	3.30982e+07
1.58754	3.32370e+07
1.59072	3.29124e+07
1.59390	3.22742e+07
1.59709	3.14132e+07
1.60028	3.03579e+07
1.60348	2.90982e+07
1.60669	2.77310e+07
1.60990	2.62782e+07
1.61312	2.46591e+07
1.61635	2.27937e+07
1.61958	2.07521e+07
1.62282	1.88616e+07
1.62607	1.74720e+07
1.62932	1.70286e+07
1.63258	1.76387e+07
1.63584	1.86468e+07
1.63911	1.91395e+07
1.64239	1.84736e+07
1.64568	1.71075e+07
1.64897	1.63074e+07
1.65227	1.64290e+07
1.65557	1.66594e+07
1.65888	1.61389e+07
1.66220	1.44719e+07
1.66552	1.22201e+07
1.66886	1.05611e+07
1.67219	9.96592e+06
1.67554	1.00116e+07
1.67889	1.00980e+07
1.68225	9.77549e+06
1.68561	9.00174e+06
1.68898	7.91380e+06
1.69236	6.78387e+06
1.69574	5.86839e+06
1.69914	5.47996e+06
1.70253	5.64387e+06
1.70594	6.28216e+06
1.70935	7.21025e+06
1.71277	8.16962e+06
1.71620	8.92883e+06
1.71963	9.27471e+06
1.72307	9.15184e+06
1.72651	8.71259e+06
1.72997	8.12388e+06
1.73343	7.54907e+06
1.73689	7.03316e+06
1.74037	6.54307e+06
1.74385	6.04729e+06
1.74733	5.48186e+06
1.75083	4.85417e+06
1.75433	4.21405e+06
1.75784	3.67229e+06
1.76136	3.21900e+06
1.76488	2.79525e+06
1.76841	2.34830e+06
1.77194	1.91654e+06
1.77549	1.53211e+06
1.77904	1.23547e+06
1.78260	1.01527e+06
1.78616	839396.
1.78973	701298.
1.79331	593442.
1.79690	506127.
1.80049	409768.
1.80410	303747.
1.80770	211236.
1.81132	146851.
1.81494	111141.
1.81857	94490.8
1.82221	85743.3
1.82585	82161.0
1.82950	86666.2
1.83316	110838.
1.83683	162788.
1.84050	231626.
1.84418	292983.
1.84787	312061.
1.85157	293067.
1.85527	259291.
1.85898	232070.
1.86270	214074.
1.86642	219331.
1.87016	266505.
1.87390	368853.
1.87765	494385.
1.88140	610604.
1.88516	689234.
1.88893	755689.
1.89271	781390.
1.89650	743043.
1.90029	614872.
1.90409	466501.
1.90790	347236.
1.91171	254273.
1.91554	182037.
1.91937	131002.
1.92321	110693.
1.92705	118250.
1.93091	148141.
1.93477	191651.
1.93864	240831.
1.94252	287150.
1.94640	319558.
1.95029	343645.
1.95419	368664.
1.95810	442328.
1.96202	582648.
1.96594	766373.
1.96988	950806.
1.97382	1.10685e+06
1.97776	1.26992e+06
1.98172	1.45942e+06
1.98568	1.64180e+06
1.98965	1.77825e+06
1.99363	1.91477e+06
1.99762	2.09402e+06
2.00161	2.37020e+06
2.00562	2.73163e+06
2.00963	3.14078e+06
2.01365	3.51473e+06
2.01768	3.81420e+06
2.02171	4.07963e+06
2.02575	4.36398e+06
2.02981	4.70903e+06
2.03386	5.11902e+06
2.03793	5.61044e+06
2.04201	6.14364e+06
2.04609	6.65570e+06
2.05018	7.07222e+06
2.05428	7.39092e+06
2.05839	7.67541e+06
2.06251	7.92052e+06
2.06663	8.09851e+06
2.07077	8.18122e+06
2.07491	8.18694e+06
2.07906	8.16583e+06
2.08322	8.14362e+06
2.08738	8.12147e+06
2.09156	8.07663e+06
2.09574	7.98417e+06
2.09993	7.84218e+06
2.10413	7.67766e+06
2.10834	7.51540e+06
2.11256	7.37660e+06
2.11678	7.25438e+06
2.12102	7.13313e+06
2.12526	7.00063e+06
2.12951	6.83615e+06
2.13377	6.62967e+06
2.13804	6.37407e+06
2.14231	6.09026e+06
2.14660	5.81156e+06
2.15089	5.56492e+06
2.15519	5.35722e+06
2.15950	5.16581e+06
2.16382	4.98244e+06
2.16815	4.78266e+06
2.17248	4.55671e+06
2.17683	4.27462e+06
2.18118	3.91232e+06
2.18554	3.44131e+06
2.18992	2.86515e+06
2.19430	2.26198e+06
2.19868	1.73696e+06
2.20308	1.40612e+06
2.20749	1.28461e+06
2.21190	1.27872e+06
2.21633	1.29223e+06
2.22076	1.24635e+06
2.22520	1.14565e+06
2.22965	1.02184e+06
2.23411	893597.
2.23858	770791.
2.24306	668393.
2.24754	600229.
2.25204	570543.
2.25654	565448.
2.26105	575308.
2.26558	596449.
2.27011	622211.
2.27465	636443.
2.27920	622228.
2.28375	584342.
2.28832	550559.
2.29290	545972.
2.29748	597927.
2.30208	705112.
2.30668	811092.
2.31130	851020.
2.31592	779731.
2.32055	638525.
2.32519	512024.
2.32984	428981.
2.33450	385845.
2.33917	366370.
2.34385	373288.
2.34854	415062.
2.35323	486353.
2.35794	544860.
2.36266	557449.
2.36738	517228.
2.37212	459805.
2.37686	438079.
2.38161	462149.
2.38638	511890.
2.39115	568370.
2.39593	621228.
2.40072	677730.
2.40552	744350.
2.41034	822422.
2.41516	903682.
2.41999	989705.
2.42483	1.08711e+06
2.42968	1.19054e+06
2.43454	1.27316e+06
2.43940	1.31205e+06
2.44428	1.30541e+06
2.44917	1.28355e+06
2.45407	1.26645e+06
2.45898	1.23508e+06
2.46390	1.16567e+06
2.46882	1.04942e+06
2.47376	912683.
2.47871	786318.
2.48367	679551.
2.48863	583565.
2.49361	503606.
2.49860	446410.
2.50359	407649.
2.50860	367444.
2.51362	305763.
2.51865	239637.
2.52368	181991.
2.52873	145458.
2.53379	116663.
2.53886	95392.2
2.54393	83419.6
2.54902	85234.9
2.55412	92479.4
