0.600000	1.48966e+08
0.601200	1.76577e+08
0.602402	2.00046e+08
0.603607	2.28782e+08
0.604814	2.51411e+08
0.606024	2.74713e+08
0.607236	2.84799e+08
0.608450	2.97994e+08
0.609667	2.95681e+08
0.610887	2.94764e+08
0.612108	2.91476e+08
0.613333	2.78007e+08
0.614559	2.67320e+08
0.615788	2.49182e+08
0.617020	2.16880e+08
0.618254	2.29540e+08
0.619491	1.66215e+08
0.620729	2.17926e+08
0.621971	1.41161e+08
0.623215	1.94520e+08
0.624461	1.68269e+08
0.625710	1.97446e+08
0.626962	1.97769e+08
0.628215	2.13975e+08
0.629472	2.12480e+08
0.630731	2.26497e+08
0.631992	2.34671e+08
0.633256	2.19541e+08
0.634523	2.28476e+08
0.635792	1.86557e+08
0.637063	1.80282e+08
0.638337	1.91290e+08
0.639614	2.26201e+08
0.640893	2.77268e+08
0.642175	3.30945e+08
0.643459	4.52331e+08
0.644746	4.76635e+08
0.646036	6.39346e+08
0.647328	6.85414e+08
0.648623	7.66595e+08
0.649920	8.74279e+08
0.651220	9.14964e+08
0.652522	1.05212e+09
0.653827	1.03365e+09
0.655135	1.10749e+09
0.656445	1.05821e+09
0.657758	1.11506e+09
0.659073	1.18206e+09
0.660391	1.23014e+09
0.661712	1.30790e+09
0.663036	1.25425e+09
0.664362	1.20324e+09
0.665690	1.13189e+09
0.667022	9.64842e+08
0.668356	8.27317e+08
0.669692	6.67738e+08
0.671032	5.01619e+08
0.672374	4.22193e+08
0.673719	3.26152e+08
0.675066	3.04123e+08
0.676416	2.74514e+08
0.677769	2.09979e+08
0.679124	2.05884e+08
0.680483	1.67287e+08
0.681844	1.64934e+08
0.683207	1.32431e+08
0.684574	1.43070e+08
0.685943	1.16665e+08
0.687315	1.21299e+08
0.688689	9.87513e+07
0.690067	1.15319e+08
0.691447	9.69198e+07
0.692830	1.37666e+08
0.694215	1.24626e+08
0.695604	1.68987e+08
0.696995	1.89827e+08
0.698389	2.38074e+08
0.699786	3.52417e+08
0.701185	4.27300e+08
0.702587	5.86801e+08
0.703993	7.43636e+08
0.705401	8.11417e+08
0.706811	9.16653e+08
0.708225	8.99685e+08
0.709641	7.91143e+08
0.711061	7.63912e+08
0.712483	7.48212e+08
0.713908	7.37492e+08
0.715336	7.67990e+08
0.716766	8.90180e+08
0.718200	9.69464e+08
0.719636	1.16675e+09
0.721075	1.29588e+09
0.722517	1.38353e+09
0.723962	1.49409e+09
0.725410	1.73017e+09
0.726861	1.73691e+09
0.728315	1.84703e+09
0.729771	1.86652e+09
0.731231	1.91678e+09
0.732693	1.88701e+09
0.734159	1.96501e+09
0.735627	1.72157e+09
0.737098	1.87173e+09
0.738573	1.62062e+09
0.740050	1.78507e+09
0.741530	1.70634e+09
0.743013	1.73724e+09
0.744499	1.82504e+09
0.745988	1.70633e+09
0.747480	1.81038e+09
0.748975	1.76169e+09
0.750473	1.81241e+09
0.751974	1.81027e+09
0.753477	1.87744e+09
0.754984	1.86630e+09
0.756494	1.95935e+09
0.758007	1.86749e+09
0.759523	1.84999e+09
0.761042	1.62354e+09
0.762564	1.45902e+09
0.764089	1.11727e+09
0.765618	9.08955e+08
0.767149	7.31213e+08
0.768683	7.36429e+08
0.770220	9.05366e+08
0.771761	1.18823e+09
0.773304	1.51101e+09
0.774851	1.83149e+09
0.776401	2.03948e+09
0.777953	2.29839e+09
0.779509	2.29331e+09
0.781068	2.51953e+09
0.782630	2.47271e+09
0.784196	2.59377e+09
0.785764	2.62416e+09
0.787336	2.72080e+09
0.788910	2.74831e+09
0.790488	2.78122e+09
0.792069	2.82867e+09
0.793653	2.87172e+09
0.795240	2.91572e+09
0.796831	2.97572e+09
0.798424	2.98095e+09
0.800021	3.05372e+09
0.801621	3.04826e+09
0.803224	3.10628e+09
0.804831	3.11859e+09
0.806440	3.13251e+09
0.808053	3.14513e+09
0.809669	3.13430e+09
0.811289	3.10804e+09
0.812911	3.04257e+09
0.814537	2.92379e+09
0.816166	2.78764e+09
0.817798	2.66146e+09
0.819434	2.62778e+09
0.821073	2.68610e+09
0.822715	2.80246e+09
0.824360	2.96793e+09
0.826009	3.05824e+09
0.827661	3.13067e+09
0.829316	3.14645e+09
0.830975	3.13745e+09
0.832637	3.08276e+09
0.834302	3.02429e+09
0.835971	2.93771e+09
0.837643	2.82714e+09
0.839318	2.72518e+09
0.840996	2.58763e+09
0.842678	2.55191e+09
0.844364	2.46353e+09
0.846052	2.51669e+09
0.847745	2.54478e+09
0.849440	2.66229e+09
0.851139	2.69604e+09
0.852841	2.78483e+09
0.854547	2.82994e+09
0.856256	2.89429e+09
0.857968	2.97442e+09
0.859684	3.01696e+09
0.861404	2.97777e+09
0.863126	3.02100e+09
0.864853	2.92328e+09
0.866582	2.93252e+09
0.868315	2.88219e+09
0.870052	2.91402e+09
0.871792	2.90819e+09
0.873536	2.99288e+09
0.875283	3.00214e+09
0.877033	3.05252e+09
0.878787	3.09639e+09
0.880545	3.08423e+09
0.882306	3.12874e+09
0.884070	3.10709e+09
0.885839	3.12925e+09
0.887610	3.11888e+09
0.889385	3.14036e+09
0.891164	3.12237e+09
0.892946	3.17494e+09
0.894732	3.14574e+09
0.896522	3.21707e+09
0.898315	3.16848e+09
0.900111	3.20398e+09
0.901912	3.17850e+09
0.903715	3.20766e+09
0.905523	3.17718e+09
0.907334	3.20270e+09
0.909148	3.21874e+09
0.910967	3.24193e+09
0.912789	3.28349e+09
0.914614	3.28211e+09
0.916443	3.31254e+09
0.918276	3.28704e+09
0.920113	3.28703e+09
0.921953	3.27065e+09
0.923797	3.22303e+09
0.925644	3.24900e+09
0.927496	3.18498e+09
0.929351	3.21652e+09
0.931209	3.17824e+09
0.933072	3.20115e+09
0.934938	3.20735e+09
0.936808	3.21574e+09
0.938681	3.23330e+09
0.940559	3.23773e+09
0.942440	3.27326e+09
0.944325	3.27201e+09
0.946213	3.27436e+09
0.948106	3.29115e+09
0.950002	3.27192e+09
0.951902	3.26933e+09
0.953806	3.24361e+09
0.955713	3.19564e+09
0.957625	3.13341e+09
0.959540	3.05592e+09
0.961459	2.93815e+09
0.963382	2.85853e+09
0.965308	2.76107e+09
0.967239	2.74448e+09
0.969174	2.72056e+09
0.971112	2.77525e+09
0.973054	2.80446e+09
0.975000	2.88719e+09
0.976950	2.94691e+09
0.978904	3.02594e+09
0.980862	3.08023e+09
0.982824	3.13515e+09
0.984789	3.10138e+09
0.986759	3.04880e+09
0.988732	2.89970e+09
0.990710	2.81181e+09
0.992691	2.70543e+09
0.994676	2.65745e+09
0.996666	2.68421e+09
0.998659	2.65740e+09
1.00066	2.73128e+09
1.00266	2.67199e+09
1.00466	2.76698e+09
1.00667	2.72799e+09
1.00869	2.75877e+09
1.01070	2.78378e+09
1.01272	2.70641e+09
1.01475	2.82032e+09
1.01678	2.69125e+09
1.01881	2.83256e+09
1.02085	2.68836e+09
1.02289	2.81168e+09
1.02494	2.65157e+09
1.02699	2.74619e+09
1.02904	2.65699e+09
1.03110	2.73350e+09
1.03316	2.74772e+09
1.03523	2.73165e+09
1.03730	2.80792e+09
1.03937	2.78301e+09
1.04145	2.80580e+09
1.04353	2.84410e+09
1.04562	2.80128e+09
1.04771	2.88774e+09
1.04981	2.80800e+09
1.05191	2.86744e+09
1.05401	2.82378e+09
1.05612	2.84249e+09
1.05823	2.85124e+09
1.06035	2.85898e+09
1.06247	2.87142e+09
1.06459	2.86428e+09
1.06672	2.89530e+09
1.06886	2.87770e+09
1.07099	2.89045e+09
1.07314	2.89851e+09
1.07528	2.89017e+09
1.07743	2.92514e+09
1.07959	2.90291e+09
1.08175	2.94643e+09
1.08391	2.92173e+09
1.08608	2.94275e+09
1.08825	2.94105e+09
1.09043	2.95123e+09
1.09261	2.93282e+09
1.09479	2.92974e+09
1.09698	2.93088e+09
1.09918	2.91356e+09
1.10137	2.91663e+09
1.10358	2.91299e+09
1.10578	2.90753e+09
1.10800	2.87961e+09
1.11021	2.88794e+09
1.11243	2.88050e+09
1.11466	2.88277e+09
1.11689	2.87349e+09
1.11912	2.88639e+09
1.12136	2.86597e+09
1.12360	2.88270e+09
1.12585	2.86377e+09
1.12810	2.87149e+09
1.13036	2.82125e+09
1.13262	2.80043e+09
1.13488	2.72229e+09
1.13715	2.67231e+09
1.13943	2.65476e+09
1.14170	2.65205e+09
1.14399	2.70306e+09
1.14628	2.75190e+09
1.14857	2.80702e+09
1.15087	2.83452e+09
1.15317	2.83575e+09
1.15547	2.83769e+09
1.15778	2.82261e+09
1.16010	2.82189e+09
1.16242	2.79225e+09
1.16475	2.77553e+09
1.16707	2.74302e+09
1.16941	2.72604e+09
1.17175	2.69558e+09
1.17409	2.69397e+09
1.17644	2.66463e+09
1.17879	2.68870e+09
1.18115	2.70536e+09
1.18351	2.72057e+09
1.18588	2.72955e+09
1.18825	2.73015e+09
1.19063	2.70926e+09
1.19301	2.71240e+09
1.19539	2.69614e+09
1.19778	2.70187e+09
1.20018	2.68025e+09
1.20258	2.69725e+09
1.20499	2.68942e+09
1.20740	2.70045e+09
1.20981	2.70127e+09
1.21223	2.70040e+09
1.21465	2.69297e+09
1.21708	2.68847e+09
1.21952	2.68179e+09
1.22196	2.67835e+09
1.22440	2.67078e+09
1.22685	2.66617e+09
1.22930	2.66858e+09
1.23176	2.65836e+09
1.23423	2.64741e+09
1.23669	2.63448e+09
1.23917	2.60527e+09
1.24165	2.60883e+09
1.24413	2.58491e+09
1.24662	2.59195e+09
1.24911	2.57085e+09
1.25161	2.58543e+09
1.25411	2.56645e+09
1.25662	2.56733e+09
1.25913	2.56316e+09
1.26165	2.55801e+09
1.26417	2.55568e+09
1.26670	2.55258e+09
1.26924	2.54923e+09
1.27177	2.54050e+09
1.27432	2.52237e+09
1.27687	2.52689e+09
1.27942	2.50728e+09
1.28198	2.50764e+09
1.28454	2.48939e+09
1.28711	2.48844e+09
1.28969	2.47479e+09
1.29227	2.47051e+09
1.29485	2.47531e+09
1.29744	2.46550e+09
1.30003	2.45630e+09
1.30263	2.44884e+09
1.30524	2.43367e+09
1.30785	2.42376e+09
1.31047	2.41418e+09
1.31309	2.39435e+09
1.31571	2.38365e+09
1.31834	2.36400e+09
1.32098	2.35060e+09
1.32362	2.30442e+09
1.32627	2.29270e+09
1.32892	2.18609e+09
1.33158	2.18963e+09
1.33424	2.05691e+09
1.33691	2.05852e+09
1.33959	1.95451e+09
1.34227	1.95133e+09
1.34495	1.92931e+09
1.34764	1.88587e+09
1.35033	1.91634e+09
1.35304	1.86969e+09
1.35574	1.86884e+09
1.35845	1.87689e+09
1.36117	1.84929e+09
1.36389	1.85638e+09
1.36662	1.85368e+09
1.36935	1.86695e+09
1.37209	1.85978e+09
1.37484	1.88902e+09
1.37759	1.86211e+09
1.38034	1.86759e+09
1.38310	1.83741e+09
1.38587	1.81399e+09
1.38864	1.79823e+09
1.39142	1.74411e+09
1.39420	1.76385e+09
1.39699	1.67734e+09
1.39978	1.72490e+09
1.40258	1.65147e+09
1.40539	1.66941e+09
1.40820	1.61791e+09
1.41101	1.64963e+09
1.41384	1.58608e+09
1.41666	1.61813e+09
1.41950	1.52206e+09
1.42234	1.59044e+09
1.42518	1.50676e+09
1.42803	1.55697e+09
1.43089	1.50295e+09
1.43375	1.51829e+09
1.43662	1.47660e+09
1.43949	1.50798e+09
1.44237	1.46956e+09
1.44525	1.49302e+09
1.44814	1.48013e+09
1.45104	1.48086e+09
1.45394	1.47226e+09
1.45685	1.47192e+09
1.45976	1.44547e+09
1.46268	1.46248e+09
1.46561	1.42229e+09
1.46854	1.45371e+09
1.47148	1.41632e+09
1.47442	1.42525e+09
1.47737	1.41825e+09
1.48032	1.40009e+09
1.48328	1.40462e+09
1.48625	1.38164e+09
1.48922	1.38145e+09
1.49220	1.36964e+09
1.49518	1.36175e+09
1.49817	1.35187e+09
1.50117	1.34402e+09
1.50417	1.33466e+09
1.50718	1.33083e+09
1.51020	1.31632e+09
1.51322	1.31021e+09
1.51624	1.30457e+09
1.51927	1.29158e+09
1.52231	1.28979e+09
1.52536	1.27613e+09
1.52841	1.26966e+09
1.53147	1.25913e+09
1.53453	1.25058e+09
1.53760	1.24130e+09
1.54067	1.23527e+09
1.54375	1.22700e+09
1.54684	1.21410e+09
1.54993	1.20813e+09
1.55303	1.19437e+09
1.55614	1.18833e+09
1.55925	1.17716e+09
1.56237	1.16751e+09
1.56550	1.16101e+09
1.56863	1.14780e+09
1.57176	1.14261e+09
1.57491	1.13105e+09
1.57806	1.12346e+09
1.58121	1.11444e+09
1.58438	1.10634e+09
1.58754	1.09603e+09
1.59072	1.08732e+09
1.59390	1.07548e+09
1.59709	1.06810e+09
1.60028	1.05871e+09
1.60348	1.05098e+09
1.60669	1.04251e+09
1.60990	1.03297e+09
1.61312	1.02482e+09
1.61635	1.01524e+09
1.61958	1.00642e+09
1.62282	9.97964e+08
1.62607	9.89046e+08
1.62932	9.81019e+08
1.63258	9.72617e+08
1.63584	9.63544e+08
1.63911	9.55868e+08
1.64239	9.47558e+08
1.64568	9.39765e+08
1.64897	9.31161e+08
1.65227	9.22887e+08
1.65557	9.15312e+08
1.65888	9.06551e+08
1.66220	8.99506e+08
1.66552	8.92278e+08
1.66886	8.85244e+08
1.67219	8.77471e+08
1.67554	8.71172e+08
1.67889	8.63671e+08
1.68225	8.55791e+08
1.68561	8.48769e+08
1.68898	8.40442e+08
1.69236	8.34113e+08
1.69574	8.25996e+08
1.69914	8.18967e+08
1.70253	8.10822e+08
1.70594	8.03036e+08
1.70935	7.95949e+08
1.71277	7.88893e+08
1.71620	7.79810e+08
1.71963	7.73992e+08
1.72307	7.65396e+08
1.72651	7.57838e+08
1.72997	7.51978e+08
1.73343	7.39634e+08
1.73689	7.36928e+08
1.74037	7.25499e+08
1.74385	7.21950e+08
1.74733	7.08714e+08
1.75083	7.04665e+08
1.75433	6.90855e+08
1.75784	6.87439e+08
1.76136	6.76489e+08
1.76488	6.70147e+08
1.76841	6.57668e+08
1.77194	6.55406e+08
1.77549	6.48366e+08
1.77904	6.45563e+08
1.78260	6.33311e+08
1.78616	6.41169e+08
1.78973	6.23679e+08
1.79331	6.30372e+08
1.79690	6.09955e+08
1.80049	6.19198e+08
1.80410	5.98038e+08
1.80770	6.03111e+08
1.81132	5.95674e+08
1.81494	5.86556e+08
1.81857	5.89734e+08
1.82221	5.85151e+08
1.82585	5.83118e+08
1.82950	5.73390e+08
1.83316	5.73846e+08
1.83683	5.71479e+08
1.84050	5.60720e+08
1.84418	5.56339e+08
1.84787	5.49751e+08
1.85157	5.38714e+08
1.85527	5.36506e+08
1.85898	5.28883e+08
1.86270	5.37686e+08
1.86642	5.30593e+08
1.87016	5.34398e+08
1.87390	5.24378e+08
1.87765	5.31441e+08
1.88140	5.20186e+08
1.88516	5.29959e+08
1.88893	5.24362e+08
1.89271	5.25330e+08
1.89650	5.22680e+08
1.90029	5.17388e+08
1.90409	5.19623e+08
1.90790	5.11086e+08
1.91171	5.11062e+08
1.91554	5.05247e+08
1.91937	5.06053e+08
1.92321	4.97129e+08
1.92705	4.95397e+08
1.93091	4.93542e+08
1.93477	4.86442e+08
1.93864	4.86716e+08
1.94252	4.74917e+08
1.94640	4.74180e+08
1.95029	4.70575e+08
1.95419	4.67389e+08
1.95810	4.65136e+08
1.96202	4.59606e+08
1.96594	4.58908e+08
1.96988	4.52367e+08
1.97382	4.52112e+08
1.97776	4.42916e+08
1.98172	4.45896e+08
1.98568	4.41345e+08
1.98965	4.44110e+08
1.99363	4.39159e+08
1.99762	4.42966e+08
2.00161	4.37391e+08
2.00562	4.41777e+08
2.00963	4.35646e+08
2.01365	4.36513e+08
2.01768	4.34026e+08
2.02171	4.31217e+08
2.02575	4.29285e+08
2.02981	4.26543e+08
2.03386	4.24665e+08
2.03793	4.23688e+08
2.04201	4.22519e+08
2.04609	4.16926e+08
2.05018	4.18832e+08
2.05428	4.14032e+08
2.05839	4.14532e+08
2.06251	4.11422e+08
2.06663	4.09307e+08
2.07077	4.06951e+08
2.07491	4.04240e+08
2.07906	4.02301e+08
2.08322	4.01412e+08
2.08738	3.98415e+08
2.09156	3.98160e+08
2.09574	3.94480e+08
2.09993	3.93847e+08
2.10413	3.89637e+08
2.10834	3.88937e+08
2.11256	3.86211e+08
2.11678	3.84651e+08
2.12102	3.82431e+08
2.12526	3.80200e+08
2.12951	3.77858e+08
2.13377	3.76026e+08
2.13804	3.73337e+08
2.14231	3.71580e+08
2.14660	3.69349e+08
2.15089	3.67497e+08
2.15519	3.65609e+08
2.15950	3.63622e+08
2.16382	3.61066e+08
2.16815	3.59305e+08
2.17248	3.57002e+08
2.17683	3.55127e+08
2.18118	3.52847e+08
2.18554	3.50935e+08
2.18992	3.49090e+08
2.19430	3.46708e+08
2.19868	3.45157e+08
2.20308	3.43000e+08
2.20749	3.41060e+08
2.21190	3.39380e+08
2.21633	3.37135e+08
2.22076	3.35422e+08
2.22520	3.33569e+08
2.22965	3.31618e+08
2.23411	3.30252e+08
2.23858	3.28372e+08
2.24306	3.26765e+08
2.24754	3.25100e+08
2.25204	3.23304e+08
2.25654	3.21438e+08
2.26105	3.19783e+08
2.26558	3.18089e+08
2.27011	3.16384e+08
2.27465	3.14717e+08
2.27920	3.12883e+08
2.28375	3.11352e+08
2.28832	3.09186e+08
2.29290	3.08028e+08
2.29748	3.05769e+08
2.30208	3.05003e+08
2.30668	3.02608e+08
2.31130	3.01698e+08
2.31592	2.99823e+08
2.32055	2.98281e+08
2.32519	2.96384e+08
2.32984	2.95255e+08
2.33450	2.94201e+08
2.33917	2.92647e+08
2.34385	2.91507e+08
2.34854	2.89455e+08
2.35323	2.88511e+08
2.35794	2.87148e+08
2.36266	2.86111e+08
2.36738	2.84702e+08
2.37212	2.82813e+08
2.37686	2.82138e+08
2.38161	2.80040e+08
2.38638	2.79015e+08
2.39115	2.77651e+08
2.39593	2.75955e+08
2.40072	2.74397e+08
2.40552	2.72760e+08
2.41034	2.70693e+08
2.41516	2.68990e+08
2.41999	2.67484e+08
2.42483	2.64748e+08
2.42968	2.64695e+08
2.43454	2.60066e+08
2.43940	2.59151e+08
2.44428	2.56359e+08
2.44917	2.56334e+08
2.45407	2.54127e+08
2.45898	2.54116e+08
2.46390	2.51419e+08
2.46882	2.51566e+08
2.47376	2.48564e+08
2.47871	2.50073e+08
2.48367	2.45093e+08
2.48863	2.45583e+08
2.49361	2.42168e+08
2.49860	2.39739e+08
2.50359	2.40217e+08
2.50860	2.36755e+08
2.51362	2.37551e+08
2.51865	2.32747e+08
2.52368	2.33255e+08
2.52873	2.32309e+08
2.53379	2.31358e+08
2.53886	2.32535e+08
2.54393	2.31037e+08
2.54902	2.33159e+08
2.55412	2.29344e+08
