0.600000	3.05447e+06
0.601200	3.52287e+06
0.602402	3.97242e+06
0.603607	4.59654e+06
0.604814	5.25769e+06
0.606024	5.65213e+06
0.607236	6.69054e+06
0.608450	7.05662e+06
0.609667	7.99458e+06
0.610887	7.45438e+06
0.612108	8.27054e+06
0.613333	8.60402e+06
0.614559	8.91402e+06
0.615788	6.97167e+06
0.617020	5.47279e+06
0.618254	4.24516e+06
0.619491	3.75866e+06
0.620729	3.88567e+06
0.621971	3.64497e+06
0.623215	4.06665e+06
0.624461	4.23501e+06
0.625710	4.96618e+06
0.626962	5.62812e+06
0.628215	5.72800e+06
0.629472	6.97499e+06
0.630731	7.25609e+06
0.631992	7.49956e+06
0.633256	8.20583e+06
0.634523	7.06935e+06
0.635792	7.81378e+06
0.637063	7.71725e+06
0.638337	7.51973e+06
0.639614	7.64461e+06
0.640893	1.04221e+07
0.642175	1.05510e+07
0.643459	1.46592e+07
0.644746	1.29330e+07
0.646036	1.69269e+07
0.647328	1.90764e+07
0.648623	1.93779e+07
0.649920	2.18403e+07
0.651220	2.08089e+07
0.652522	2.59740e+07
0.653827	2.57805e+07
0.655135	2.46350e+07
0.656445	2.52773e+07
0.657758	2.28605e+07
0.659073	2.64083e+07
0.660391	2.85854e+07
0.661712	2.31972e+07
0.663036	2.14328e+07
0.664362	1.63304e+07
0.665690	1.80388e+07
0.667022	1.32937e+07
0.668356	1.13670e+07
0.669692	9.47991e+06
0.671032	8.32450e+06
0.672374	8.13992e+06
0.673719	8.34692e+06
0.675066	8.26695e+06
0.676416	8.99874e+06
0.677769	8.47244e+06
0.679124	1.02442e+07
0.680483	1.05113e+07
0.681844	9.18053e+06
0.683207	8.82187e+06
0.684574	9.18176e+06
0.685943	9.06364e+06
0.687315	9.38457e+06
0.688689	7.41024e+06
0.690067	9.34058e+06
0.691447	9.82862e+06
0.692830	1.15296e+07
0.694215	1.47637e+07
0.695604	1.62152e+07
0.696995	1.75845e+07
0.698389	2.05016e+07
0.699786	2.81022e+07
0.701185	3.51157e+07
0.702587	4.47088e+07
0.703993	5.17974e+07
0.705401	4.09987e+07
0.706811	4.25947e+07
0.708225	2.68179e+07
0.709641	1.77045e+07
0.711061	1.49027e+07
0.712483	1.38363e+07
0.713908	1.33613e+07
0.715336	1.30283e+07
0.716766	1.42702e+07
0.718200	1.61784e+07
0.719636	2.07908e+07
0.721075	2.24455e+07
0.722517	2.74877e+07
0.723962	4.04035e+07
0.725410	5.03884e+07
0.726861	6.71198e+07
0.728315	8.04916e+07
0.729771	1.16815e+08
0.731231	1.47531e+08
0.732693	1.50992e+08
0.734159	1.44528e+08
0.735627	1.43944e+08
0.737098	1.55283e+08
0.738573	1.62661e+08
0.740050	1.57712e+08
0.741530	1.49132e+08
0.743013	1.44687e+08
0.744499	1.49182e+08
0.745988	1.47683e+08
0.747480	1.40934e+08
0.748975	1.53997e+08
0.750473	1.59654e+08
0.751974	1.73064e+08
0.753477	1.61636e+08
0.754984	1.63310e+08
0.756494	1.82005e+08
0.758007	1.51702e+08
0.759523	1.10553e+08
0.761042	9.16339e+07
0.762564	6.25346e+07
0.764089	3.86539e+07
0.765618	2.59368e+07
0.767149	1.77675e+07
0.768683	1.59924e+07
0.770220	2.27342e+07
0.771761	2.91545e+07
0.773304	4.34573e+07
0.774851	5.66157e+07
0.776401	7.26776e+07
0.777953	8.76589e+07
0.779509	1.01449e+08
0.781068	1.16215e+08
0.782630	1.24555e+08
0.784196	1.36174e+08
0.785764	1.63595e+08
0.787336	2.05567e+08
0.788910	1.97157e+08
0.790488	2.13592e+08
0.792069	2.40593e+08
0.793653	2.68278e+08
0.795240	3.06491e+08
0.796831	3.23922e+08
0.798424	3.73143e+08
0.800021	4.02426e+08
0.801621	4.42087e+08
0.803224	4.78036e+08
0.804831	5.20745e+08
0.806440	5.70233e+08
0.808053	6.05033e+08
0.809669	6.68404e+08
0.811289	7.25233e+08
0.812911	7.49323e+08
0.814537	7.13916e+08
0.816166	6.94871e+08
0.817798	6.31310e+08
0.819434	5.76326e+08
0.821073	5.57144e+08
0.822715	5.66217e+08
0.824360	6.43267e+08
0.826009	6.42897e+08
0.827661	6.16737e+08
0.829316	6.43997e+08
0.830975	6.08481e+08
0.832637	5.47924e+08
0.834302	5.76231e+08
0.835971	5.38304e+08
0.837643	5.25796e+08
0.839318	4.45403e+08
0.840996	4.10082e+08
0.842678	3.08754e+08
0.844364	2.63065e+08
0.846052	1.84228e+08
0.847745	1.55419e+08
0.849440	1.39793e+08
0.851139	1.53351e+08
0.852841	1.71681e+08
0.854547	2.17644e+08
0.856256	2.50072e+08
0.857968	2.68807e+08
0.859684	3.09943e+08
0.861404	3.62015e+08
0.863126	3.96419e+08
0.864853	3.77368e+08
0.866582	4.06153e+08
0.868315	4.02229e+08
0.870052	4.29827e+08
0.871792	4.54706e+08
0.873536	5.65004e+08
0.875283	5.97713e+08
0.877033	6.80214e+08
0.878787	6.51019e+08
0.880545	7.42376e+08
0.882306	7.43294e+08
0.884070	7.33257e+08
0.885839	6.98505e+08
0.887610	6.10363e+08
0.889385	5.42564e+08
0.891164	5.21669e+08
0.892946	5.48437e+08
0.894732	6.04378e+08
0.896522	7.04223e+08
0.898315	6.90311e+08
0.900111	7.41033e+08
0.901912	8.25249e+08
0.903715	7.82196e+08
0.905523	8.66374e+08
0.907334	9.02140e+08
0.909148	9.48366e+08
0.910967	9.86339e+08
0.912789	1.03520e+09
0.914614	1.04975e+09
0.916443	1.05887e+09
0.918276	9.90689e+08
0.920113	9.60161e+08
0.921953	8.81364e+08
0.923797	7.27154e+08
0.925644	6.94014e+08
0.927496	5.96002e+08
0.929351	6.00363e+08
0.931209	5.88145e+08
0.933072	6.36242e+08
0.934938	6.13712e+08
0.936808	6.65662e+08
0.938681	7.06494e+08
0.940559	7.15973e+08
0.942440	8.02216e+08
0.944325	7.91053e+08
0.946213	9.09276e+08
0.948106	8.88202e+08
0.950002	9.27837e+08
0.951902	9.72320e+08
0.953806	9.79158e+08
0.955713	9.84758e+08
0.957625	9.53740e+08
0.959540	9.58064e+08
0.961459	9.03656e+08
0.963382	8.62089e+08
0.965308	8.16152e+08
0.967239	8.07875e+08
0.969174	8.17327e+08
0.971112	7.93967e+08
0.973054	8.38650e+08
0.975000	8.35755e+08
0.976950	8.79578e+08
0.978904	9.55714e+08
0.980862	1.00900e+09
0.982824	1.05192e+09
0.984789	1.07351e+09
0.986759	1.03154e+09
0.988732	9.58541e+08
0.990710	8.16113e+08
0.992691	7.42485e+08
0.994676	7.88994e+08
0.996666	8.02038e+08
0.998659	7.79962e+08
1.00066	7.15744e+08
1.00266	8.01274e+08
1.00466	7.77239e+08
1.00667	8.65632e+08
1.00869	8.53940e+08
1.01070	8.22094e+08
1.01272	9.19415e+08
1.01475	9.59027e+08
1.01678	8.75387e+08
1.01881	8.72578e+08
1.02085	9.46113e+08
1.02289	9.14971e+08
1.02494	9.06398e+08
1.02699	8.45523e+08
1.02904	8.61347e+08
1.03110	8.65317e+08
1.03316	8.83368e+08
1.03523	9.15692e+08
1.03730	9.61041e+08
1.03937	9.69200e+08
1.04145	1.00954e+09
1.04353	1.03579e+09
1.04562	1.00779e+09
1.04771	1.08989e+09
1.04981	1.06923e+09
1.05191	1.05585e+09
1.05401	1.06447e+09
1.05612	1.09711e+09
1.05823	1.10666e+09
1.06035	1.05151e+09
1.06247	1.13924e+09
1.06459	1.14905e+09
1.06672	1.15030e+09
1.06886	1.07969e+09
1.07099	1.15058e+09
1.07314	1.16988e+09
1.07528	1.21528e+09
1.07743	1.22735e+09
1.07959	1.17758e+09
1.08175	1.28618e+09
1.08391	1.25318e+09
1.08608	1.29432e+09
1.08825	1.24894e+09
1.09043	1.26446e+09
1.09261	1.23036e+09
1.09479	1.23846e+09
1.09698	1.20465e+09
1.09918	1.16817e+09
1.10137	1.12329e+09
1.10358	1.10662e+09
1.10578	1.10610e+09
1.10800	1.09070e+09
1.11021	1.09187e+09
1.11243	1.06964e+09
1.11466	1.05955e+09
1.11689	1.07003e+09
1.11912	1.11961e+09
1.12136	1.09701e+09
1.12360	1.12447e+09
1.12585	1.12265e+09
1.12810	1.11995e+09
1.13036	1.14419e+09
1.13262	1.12507e+09
1.13488	1.01306e+09
1.13715	1.01078e+09
1.13943	1.00806e+09
1.14170	1.01523e+09
1.14399	1.04025e+09
1.14628	1.13731e+09
1.14857	1.13327e+09
1.15087	1.11870e+09
1.15317	1.21351e+09
1.15547	1.18385e+09
1.15778	1.17231e+09
1.16010	1.15435e+09
1.16242	1.11761e+09
1.16475	1.11732e+09
1.16707	1.08320e+09
1.16941	1.04947e+09
1.17175	1.02895e+09
1.17409	1.05648e+09
1.17644	1.02102e+09
1.17879	1.04832e+09
1.18115	1.01718e+09
1.18351	1.08247e+09
1.18588	1.14737e+09
1.18825	1.14506e+09
1.19063	1.17612e+09
1.19301	1.12977e+09
1.19539	1.16415e+09
1.19778	1.11333e+09
1.20018	1.16878e+09
1.20258	1.18109e+09
1.20499	1.19017e+09
1.20740	1.21748e+09
1.20981	1.24467e+09
1.21223	1.21722e+09
1.21465	1.25925e+09
1.21708	1.26128e+09
1.21952	1.22330e+09
1.22196	1.28421e+09
1.22440	1.27742e+09
1.22685	1.27716e+09
1.22930	1.29657e+09
1.23176	1.29295e+09
1.23423	1.27238e+09
1.23669	1.24550e+09
1.23917	1.23276e+09
1.24165	1.21414e+09
1.24413	1.19949e+09
1.24662	1.21610e+09
1.24911	1.21862e+09
1.25161	1.21165e+09
1.25411	1.22347e+09
1.25662	1.25387e+09
1.25913	1.26700e+09
1.26165	1.27105e+09
1.26417	1.29011e+09
1.26670	1.30593e+09
1.26924	1.29289e+09
1.27177	1.30220e+09
1.27432	1.30011e+09
1.27687	1.28860e+09
1.27942	1.29673e+09
1.28198	1.28265e+09
1.28454	1.26393e+09
1.28711	1.27878e+09
1.28969	1.28649e+09
1.29227	1.25696e+09
1.29485	1.29579e+09
1.29744	1.27024e+09
1.30003	1.27707e+09
1.30263	1.28029e+09
1.30524	1.27356e+09
1.30785	1.25279e+09
1.31047	1.23906e+09
1.31309	1.25267e+09
1.31571	1.19570e+09
1.31834	1.19105e+09
1.32098	1.15930e+09
1.32362	1.13492e+09
1.32627	1.09820e+09
1.32892	9.73075e+08
1.33158	8.59497e+08
1.33424	7.29389e+08
1.33691	6.42618e+08
1.33959	5.14709e+08
1.34227	4.91658e+08
1.34495	5.07738e+08
1.34764	5.17283e+08
1.35033	4.24530e+08
1.35304	4.64670e+08
1.35574	4.45457e+08
1.35845	4.42910e+08
1.36117	5.02777e+08
1.36389	4.65582e+08
1.36662	4.31032e+08
1.36935	4.79644e+08
1.37209	5.12171e+08
1.37484	5.20434e+08
1.37759	5.10257e+08
1.38034	5.40477e+08
1.38310	4.81610e+08
1.38587	4.93729e+08
1.38864	4.72376e+08
1.39142	4.73091e+08
1.39420	4.66925e+08
1.39699	4.14696e+08
1.39978	5.18762e+08
1.40258	4.28460e+08
1.40539	4.16102e+08
1.40820	4.12349e+08
1.41101	4.27488e+08
1.41384	4.07142e+08
1.41666	3.91014e+08
1.41950	3.53176e+08
1.42234	3.76708e+08
1.42518	3.81438e+08
1.42803	3.83508e+08
1.43089	3.75343e+08
1.43375	3.92865e+08
1.43662	3.94847e+08
1.43949	3.79250e+08
1.44237	3.99769e+08
1.44525	4.21545e+08
1.44814	4.27680e+08
1.45104	3.99007e+08
1.45394	4.41640e+08
1.45685	4.78517e+08
1.45976	4.64943e+08
1.46268	4.14406e+08
1.46561	4.27269e+08
1.46854	4.57011e+08
1.47148	4.11798e+08
1.47442	4.36095e+08
1.47737	4.63517e+08
1.48032	4.75943e+08
1.48328	4.69009e+08
1.48625	4.71630e+08
1.48922	4.54967e+08
1.49220	4.72666e+08
1.49518	4.61329e+08
1.49817	5.02843e+08
1.50117	4.71889e+08
1.50417	4.87006e+08
1.50718	5.16288e+08
1.51020	4.83783e+08
1.51322	4.95881e+08
1.51624	5.18552e+08
1.51927	4.90194e+08
1.52231	5.13812e+08
1.52536	5.38641e+08
1.52841	5.46963e+08
1.53147	5.22780e+08
1.53453	5.31235e+08
1.53760	5.61402e+08
1.54067	5.41766e+08
1.54375	5.56829e+08
1.54684	5.48427e+08
1.54993	5.64562e+08
1.55303	5.70318e+08
1.55614	5.71033e+08
1.55925	5.79012e+08
1.56237	5.66434e+08
1.56550	5.74297e+08
1.56863	5.82016e+08
1.57176	5.93594e+08
1.57491	5.91779e+08
1.57806	5.95258e+08
1.58121	5.90080e+08
1.58438	6.00511e+08
1.58754	5.84589e+08
1.59072	5.97463e+08
1.59390	5.98517e+08
1.59709	5.95432e+08
1.60028	5.93379e+08
1.60348	5.91056e+08
1.60669	5.93751e+08
1.60990	5.89327e+08
1.61312	5.83718e+08
1.61635	5.88256e+08
1.61958	5.79297e+08
1.62282	5.85464e+08
1.62607	5.80060e+08
1.62932	5.75351e+08
1.63258	5.72313e+08
1.63584	5.69885e+08
1.63911	5.72142e+08
1.64239	5.60940e+08
1.64568	5.58014e+08
1.64897	5.55576e+08
1.65227	5.53998e+08
1.65557	5.47790e+08
1.65888	5.44211e+08
1.66220	5.40714e+08
1.66552	5.39855e+08
1.66886	5.33012e+08
1.67219	5.32239e+08
1.67554	5.31018e+08
1.67889	5.24036e+08
1.68225	5.15657e+08
1.68561	5.16418e+08
1.68898	5.09359e+08
1.69236	5.00609e+08
1.69574	4.92082e+08
1.69914	4.81875e+08
1.70253	4.82492e+08
1.70594	4.69962e+08
1.70935	4.66231e+08
1.71277	4.53589e+08
1.71620	4.35392e+08
1.71963	4.40595e+08
1.72307	4.10320e+08
1.72651	4.13910e+08
1.72997	4.09686e+08
1.73343	4.07166e+08
1.73689	3.98107e+08
1.74037	3.64405e+08
1.74385	3.75658e+08
1.74733	3.59474e+08
1.75083	3.59798e+08
1.75433	3.42312e+08
1.75784	3.40271e+08
1.76136	3.15441e+08
1.76488	3.46474e+08
1.76841	3.03142e+08
1.77194	3.02108e+08
1.77549	2.94015e+08
1.77904	2.91905e+08
1.78260	3.09926e+08
1.78616	2.59893e+08
1.78973	2.78170e+08
1.79331	2.62261e+08
1.79690	2.63742e+08
1.80049	2.65815e+08
1.80410	2.55394e+08
1.80770	2.60920e+08
1.81132	2.42853e+08
1.81494	2.58285e+08
1.81857	2.52570e+08
1.82221	2.24657e+08
1.82585	2.37601e+08
1.82950	2.30578e+08
1.83316	2.51803e+08
1.83683	2.43899e+08
1.84050	2.21626e+08
1.84418	2.15430e+08
1.84787	2.25753e+08
1.85157	2.24418e+08
1.85527	2.02020e+08
1.85898	2.17415e+08
1.86270	2.05715e+08
1.86642	1.97366e+08
1.87016	1.99405e+08
1.87390	2.29326e+08
1.87765	2.31926e+08
1.88140	2.18436e+08
1.88516	2.31679e+08
1.88893	2.29137e+08
1.89271	2.37258e+08
1.89650	2.30736e+08
1.90029	2.27372e+08
1.90409	2.39063e+08
1.90790	2.30519e+08
1.91171	2.25711e+08
1.91554	2.31028e+08
1.91937	2.34923e+08
1.92321	2.31726e+08
1.92705	2.25524e+08
1.93091	2.31942e+08
1.93477	2.18638e+08
1.93864	2.11426e+08
1.94252	2.06953e+08
1.94640	2.08319e+08
1.95029	2.13694e+08
1.95419	2.15563e+08
1.95810	2.03867e+08
1.96202	2.08872e+08
1.96594	2.17294e+08
1.96988	2.08944e+08
1.97382	1.97773e+08
1.97776	2.09059e+08
1.98172	1.94713e+08
1.98568	2.02950e+08
1.98965	1.87383e+08
1.99363	2.02428e+08
1.99762	2.04933e+08
2.00161	2.04719e+08
2.00562	2.07184e+08
2.00963	2.06977e+08
2.01365	1.99553e+08
2.01768	2.10064e+08
2.02171	2.03487e+08
2.02575	2.02246e+08
2.02981	2.08025e+08
2.03386	2.10154e+08
2.03793	2.10720e+08
2.04201	2.12550e+08
2.04609	2.12852e+08
2.05018	2.12833e+08
2.05428	2.15911e+08
2.05839	2.12358e+08
2.06251	2.19879e+08
2.06663	2.20434e+08
2.07077	2.12295e+08
2.07491	2.20902e+08
2.07906	2.21197e+08
2.08322	2.19574e+08
2.08738	2.23246e+08
2.09156	2.20156e+08
2.09574	2.20371e+08
2.09993	2.19851e+08
2.10413	2.21022e+08
2.10834	2.19321e+08
2.11256	2.18480e+08
2.11678	2.22063e+08
2.12102	2.18989e+08
2.12526	2.18870e+08
2.12951	2.18531e+08
2.13377	2.18367e+08
2.13804	2.17142e+08
2.14231	2.15423e+08
2.14660	2.15331e+08
2.15089	2.14236e+08
2.15519	2.13341e+08
2.15950	2.12976e+08
2.16382	2.10512e+08
2.16815	2.10757e+08
2.17248	2.08608e+08
2.17683	2.08065e+08
2.18118	2.07116e+08
2.18554	2.06222e+08
2.18992	2.04810e+08
2.19430	2.01972e+08
2.19868	2.03500e+08
2.20308	2.01442e+08
2.20749	1.98109e+08
2.21190	1.99001e+08
2.21633	1.97474e+08
2.22076	1.97107e+08
2.22520	1.94196e+08
2.22965	1.92941e+08
2.23411	1.93154e+08
2.23858	1.90527e+08
2.24306	1.90991e+08
2.24754	1.87445e+08
2.25204	1.88622e+08
2.25654	1.87371e+08
2.26105	1.87161e+08
2.26558	1.82445e+08
2.27011	1.82882e+08
2.27465	1.82521e+08
2.27920	1.80174e+08
2.28375	1.81090e+08
2.28832	1.77278e+08
2.29290	1.78573e+08
2.29748	1.70870e+08
2.30208	1.74165e+08
2.30668	1.73008e+08
2.31130	1.69546e+08
2.31592	1.72957e+08
2.32055	1.70428e+08
2.32519	1.64817e+08
2.32984	1.66932e+08
2.33450	1.60925e+08
2.33917	1.67954e+08
2.34385	1.61885e+08
2.34854	1.59490e+08
2.35323	1.62847e+08
2.35794	1.60368e+08
2.36266	1.58652e+08
2.36738	1.59570e+08
2.37212	1.60777e+08
2.37686	1.59168e+08
2.38161	1.52437e+08
2.38638	1.54454e+08
2.39115	1.57963e+08
2.39593	1.50737e+08
2.40072	1.51914e+08
2.40552	1.47531e+08
2.41034	1.47066e+08
2.41516	1.45510e+08
2.41999	1.44954e+08
2.42483	1.40146e+08
2.42968	1.39608e+08
2.43454	1.34000e+08
2.43940	1.39150e+08
2.44428	1.33006e+08
2.44917	1.34625e+08
2.45407	1.34244e+08
2.45898	1.29004e+08
2.46390	1.32352e+08
2.46882	1.28324e+08
2.47376	1.19383e+08
2.47871	1.23307e+08
2.48367	1.26186e+08
2.48863	1.13796e+08
2.49361	1.17850e+08
2.49860	1.19430e+08
2.50359	1.14703e+08
2.50860	1.13057e+08
2.51362	1.13438e+08
2.51865	1.12209e+08
2.52368	1.04511e+08
2.52873	1.11649e+08
2.53379	1.07926e+08
2.53886	1.05943e+08
2.54393	1.07713e+08
2.54902	1.03260e+08
2.55412	1.09355e+08
