0.600000	4.48000e+08
0.601200	4.76325e+08
0.602402	5.11706e+08
0.603607	5.37274e+08
0.604814	5.97937e+08
0.606024	6.14121e+08
0.607236	6.59817e+08
0.608450	6.91354e+08
0.609667	7.25592e+08
0.610887	7.38429e+08
0.612108	7.64869e+08
0.613333	7.05743e+08
0.614559	6.69714e+08
0.615788	6.15446e+08
0.617020	4.66638e+08
0.618254	4.22578e+08
0.619491	3.63105e+08
0.620729	3.39418e+08
0.621971	2.83024e+08
0.623215	3.20884e+08
0.624461	3.07976e+08
0.625710	3.66448e+08
0.626962	3.56186e+08
0.628215	4.11023e+08
0.629472	4.31968e+08
0.630731	4.34454e+08
0.631992	5.45156e+08
0.633256	4.89486e+08
0.634523	5.51657e+08
0.635792	4.95106e+08
0.637063	5.35291e+08
0.638337	5.53059e+08
0.639614	6.14668e+08
0.640893	6.22497e+08
0.642175	6.12673e+08
0.643459	6.83147e+08
0.644746	6.22767e+08
0.646036	7.54580e+08
0.647328	7.06888e+08
0.648623	6.96845e+08
0.649920	6.79742e+08
0.651220	7.20718e+08
0.652522	7.78846e+08
0.653827	8.11247e+08
0.655135	8.56074e+08
0.656445	7.97087e+08
0.657758	8.15721e+08
0.659073	8.72734e+08
0.660391	7.90498e+08
0.661712	8.43376e+08
0.663036	7.20896e+08
0.664362	7.22038e+08
0.665690	6.97745e+08
0.667022	6.38274e+08
0.668356	6.30296e+08
0.669692	5.92066e+08
0.671032	5.15784e+08
0.672374	5.02344e+08
0.673719	4.49713e+08
0.675066	4.93158e+08
0.676416	5.25582e+08
0.677769	4.29457e+08
0.679124	5.10046e+08
0.680483	4.69137e+08
0.681844	5.34876e+08
0.683207	5.08488e+08
0.684574	5.93982e+08
0.685943	5.83148e+08
0.687315	5.83510e+08
0.688689	6.39871e+08
0.690067	6.62020e+08
0.691447	6.48312e+08
0.692830	8.27173e+08
0.694215	7.76381e+08
0.695604	8.97334e+08
0.696995	9.83130e+08
0.698389	9.89514e+08
0.699786	1.17478e+09
0.701185	1.15807e+09
0.702587	1.18338e+09
0.703993	1.22698e+09
0.705401	1.13445e+09
0.706811	1.20568e+09
0.708225	1.07901e+09
0.709641	8.89119e+08
0.711061	7.96258e+08
0.712483	8.83276e+08
0.713908	7.03703e+08
0.715336	7.60576e+08
0.716766	6.96329e+08
0.718200	7.85725e+08
0.719636	8.56939e+08
0.721075	9.46745e+08
0.722517	9.24826e+08
0.723962	1.01846e+09
0.725410	1.35307e+09
0.726861	1.33604e+09
0.728315	1.39674e+09
0.729771	1.60226e+09
0.731231	1.61709e+09
0.732693	1.84656e+09
0.734159	1.89903e+09
0.735627	1.88693e+09
0.737098	2.08201e+09
0.738573	2.00163e+09
0.740050	2.25152e+09
0.741530	2.25097e+09
0.743013	2.23986e+09
0.744499	2.43825e+09
0.745988	2.32635e+09
0.747480	2.42278e+09
0.748975	2.45884e+09
0.750473	2.46875e+09
0.751974	2.44375e+09
0.753477	2.52445e+09
0.754984	2.49582e+09
0.756494	2.53704e+09
0.758007	2.48237e+09
0.759523	2.37214e+09
0.761042	2.24525e+09
0.762564	2.12896e+09
0.764089	2.05489e+09
0.765618	1.83680e+09
0.767149	1.74271e+09
0.768683	1.58296e+09
0.770220	1.60797e+09
0.771761	1.61019e+09
0.773304	1.75415e+09
0.774851	1.63725e+09
0.776401	1.57686e+09
0.777953	1.84463e+09
0.779509	1.46445e+09
0.781068	1.93703e+09
0.782630	1.81202e+09
0.784196	1.88176e+09
0.785764	1.87317e+09
0.787336	2.09176e+09
0.788910	1.99407e+09
0.790488	2.07657e+09
0.792069	2.13760e+09
0.793653	2.19539e+09
0.795240	2.23048e+09
0.796831	2.34498e+09
0.798424	2.33509e+09
0.800021	2.44245e+09
0.801621	2.49955e+09
0.803224	2.63350e+09
0.804831	2.69291e+09
0.806440	2.71122e+09
0.808053	2.77302e+09
0.809669	2.87140e+09
0.811289	2.89629e+09
0.812911	2.98894e+09
0.814537	2.97057e+09
0.816166	3.05848e+09
0.817798	2.99799e+09
0.819434	2.97247e+09
0.821073	2.98846e+09
0.822715	2.87537e+09
0.824360	2.97313e+09
0.826009	2.80321e+09
0.827661	2.79142e+09
0.829316	2.76860e+09
0.830975	2.77031e+09
0.832637	2.63950e+09
0.834302	2.66132e+09
0.835971	2.63955e+09
0.837643	2.64503e+09
0.839318	2.55075e+09
0.840996	2.38124e+09
0.842678	2.32240e+09
0.844364	2.09419e+09
0.846052	1.87940e+09
0.847745	1.92741e+09
0.849440	1.92128e+09
0.851139	1.92203e+09
0.852841	2.02177e+09
0.854547	1.97225e+09
0.856256	2.01668e+09
0.857968	2.23161e+09
0.859684	2.32866e+09
0.861404	2.33134e+09
0.863126	2.57394e+09
0.864853	2.50229e+09
0.866582	2.67287e+09
0.868315	2.61023e+09
0.870052	2.77530e+09
0.871792	2.74131e+09
0.873536	2.94135e+09
0.875283	2.96741e+09
0.877033	3.01742e+09
0.878787	3.03802e+09
0.880545	3.07438e+09
0.882306	3.11560e+09
0.884070	2.97347e+09
0.885839	2.95155e+09
0.887610	2.97095e+09
0.889385	2.86871e+09
0.891164	2.87944e+09
0.892946	2.90526e+09
0.894732	2.94906e+09
0.896522	2.91536e+09
0.898315	2.99828e+09
0.900111	2.77653e+09
0.901912	3.05949e+09
0.903715	3.04648e+09
0.905523	3.09073e+09
0.907334	3.14413e+09
0.909148	3.23488e+09
0.910967	3.18314e+09
0.912789	3.33534e+09
0.914614	3.31439e+09
0.916443	3.36793e+09
0.918276	3.24817e+09
0.920113	3.23032e+09
0.921953	3.09305e+09
0.923797	3.02845e+09
0.925644	3.02667e+09
0.927496	2.94485e+09
0.929351	2.93272e+09
0.931209	2.84457e+09
0.933072	2.83469e+09
0.934938	2.90240e+09
0.936808	2.90366e+09
0.938681	2.89862e+09
0.940559	2.91868e+09
0.942440	3.08372e+09
0.944325	3.03024e+09
0.946213	3.05659e+09
0.948106	3.09602e+09
0.950002	3.11704e+09
0.951902	3.12493e+09
0.953806	3.19571e+09
0.955713	3.09625e+09
0.957625	3.19969e+09
0.959540	3.21114e+09
0.961459	3.17424e+09
0.963382	3.27243e+09
0.965308	3.16011e+09
0.967239	3.25852e+09
0.969174	3.15263e+09
0.971112	3.25841e+09
0.973054	3.16569e+09
0.975000	3.22166e+09
0.976950	3.20362e+09
0.978904	3.29319e+09
0.980862	3.25164e+09
0.982824	3.27855e+09
0.984789	3.21795e+09
0.986759	3.24041e+09
0.988732	3.21070e+09
0.990710	3.31024e+09
0.992691	3.25797e+09
0.994676	3.32150e+09
0.996666	3.25644e+09
0.998659	3.33126e+09
1.00066	3.30445e+09
1.00266	3.27543e+09
1.00466	3.31443e+09
1.00667	3.25800e+09
1.00869	3.30636e+09
1.01070	3.24799e+09
1.01272	3.25967e+09
1.01475	3.32734e+09
1.01678	3.33198e+09
1.01881	3.23549e+09
1.02085	3.24640e+09
1.02289	3.21880e+09
1.02494	3.20236e+09
1.02699	3.26161e+09
1.02904	3.13826e+09
1.03110	3.28994e+09
1.03316	3.28047e+09
1.03523	3.20875e+09
1.03730	3.29032e+09
1.03937	3.25229e+09
1.04145	3.35838e+09
1.04353	3.29827e+09
1.04562	3.30055e+09
1.04771	3.35720e+09
1.04981	3.34290e+09
1.05191	3.33660e+09
1.05401	3.32794e+09
1.05612	3.29403e+09
1.05823	3.33452e+09
1.06035	3.31457e+09
1.06247	3.34447e+09
1.06459	3.33021e+09
1.06672	3.40057e+09
1.06886	3.35864e+09
1.07099	3.38283e+09
1.07314	3.36444e+09
1.07528	3.36805e+09
1.07743	3.38181e+09
1.07959	3.34301e+09
1.08175	3.37566e+09
1.08391	3.35091e+09
1.08608	3.37033e+09
1.08825	3.36583e+09
1.09043	3.32918e+09
1.09261	3.34069e+09
1.09479	3.27766e+09
1.09698	3.30529e+09
1.09918	3.24811e+09
1.10137	3.23248e+09
1.10358	3.23792e+09
1.10578	3.20271e+09
1.10800	3.20505e+09
1.11021	3.13211e+09
1.11243	3.17316e+09
1.11466	3.15254e+09
1.11689	3.12727e+09
1.11912	3.19667e+09
1.12136	3.12255e+09
1.12360	3.15388e+09
1.12585	3.13484e+09
1.12810	3.12891e+09
1.13036	3.10070e+09
1.13262	3.10515e+09
1.13488	3.05045e+09
1.13715	3.02897e+09
1.13943	3.02651e+09
1.14170	3.00556e+09
1.14399	3.06436e+09
1.14628	3.04464e+09
1.14857	3.13987e+09
1.15087	3.09274e+09
1.15317	3.09115e+09
1.15547	3.08520e+09
1.15778	3.08409e+09
1.16010	3.09291e+09
1.16242	3.07160e+09
1.16475	3.09581e+09
1.16707	3.05495e+09
1.16941	3.11299e+09
1.17175	3.04740e+09
1.17409	3.09260e+09
1.17644	3.01892e+09
1.17879	3.08226e+09
1.18115	3.03382e+09
1.18351	3.08258e+09
1.18588	3.02798e+09
1.18825	3.04852e+09
1.19063	2.97945e+09
1.19301	3.00604e+09
1.19539	2.98398e+09
1.19778	3.00269e+09
1.20018	2.96278e+09
1.20258	3.00571e+09
1.20499	2.99541e+09
1.20740	3.00915e+09
1.20981	3.02393e+09
1.21223	3.02713e+09
1.21465	3.03006e+09
1.21708	3.03258e+09
1.21952	3.02245e+09
1.22196	3.02906e+09
1.22440	3.01890e+09
1.22685	3.02636e+09
1.22930	3.04512e+09
1.23176	3.02557e+09
1.23423	3.02134e+09
1.23669	3.00873e+09
1.23917	2.97177e+09
1.24165	2.99941e+09
1.24413	2.95729e+09
1.24662	2.97341e+09
1.24911	2.96717e+09
1.25161	2.96489e+09
1.25411	2.97791e+09
1.25662	2.94349e+09
1.25913	2.95627e+09
1.26165	2.94492e+09
1.26417	2.96561e+09
1.26670	2.95951e+09
1.26924	2.97039e+09
1.27177	2.94478e+09
1.27432	2.93868e+09
1.27687	2.93323e+09
1.27942	2.92704e+09
1.28198	2.91387e+09
1.28454	2.92757e+09
1.28711	2.91426e+09
1.28969	2.91807e+09
1.29227	2.92005e+09
1.29485	2.90683e+09
1.29744	2.91709e+09
1.30003	2.91161e+09
1.30263	2.90700e+09
1.30524	2.89995e+09
1.30785	2.87050e+09
1.31047	2.86191e+09
1.31309	2.83110e+09
1.31571	2.80724e+09
1.31834	2.78171e+09
1.32098	2.77332e+09
1.32362	2.71885e+09
1.32627	2.70480e+09
1.32892	2.55031e+09
1.33158	2.58480e+09
1.33424	2.41122e+09
1.33691	2.44482e+09
1.33959	2.29463e+09
1.34227	2.30755e+09
1.34495	2.26014e+09
1.34764	2.25648e+09
1.35033	2.27890e+09
1.35304	2.26662e+09
1.35574	2.16574e+09
1.35845	2.15260e+09
1.36117	2.08081e+09
1.36389	2.02762e+09
1.36662	2.07313e+09
1.36935	2.06697e+09
1.37209	2.11430e+09
1.37484	2.09257e+09
1.37759	2.10757e+09
1.38034	2.07251e+09
1.38310	2.08151e+09
1.38587	2.06043e+09
1.38864	2.04040e+09
1.39142	1.92183e+09
1.39420	1.97266e+09
1.39699	1.86537e+09
1.39978	1.97726e+09
1.40258	1.89852e+09
1.40539	1.88688e+09
1.40820	1.81869e+09
1.41101	1.91372e+09
1.41384	1.82135e+09
1.41666	1.88402e+09
1.41950	1.73275e+09
1.42234	1.82971e+09
1.42518	1.71951e+09
1.42803	1.76719e+09
1.43089	1.73234e+09
1.43375	1.74386e+09
1.43662	1.71726e+09
1.43949	1.76189e+09
1.44237	1.73307e+09
1.44525	1.77464e+09
1.44814	1.78392e+09
1.45104	1.75233e+09
1.45394	1.74860e+09
1.45685	1.77487e+09
1.45976	1.70521e+09
1.46268	1.78627e+09
1.46561	1.67177e+09
1.46854	1.81556e+09
1.47148	1.67934e+09
1.47442	1.73092e+09
1.47737	1.75691e+09
1.48032	1.70666e+09
1.48328	1.72914e+09
1.48625	1.73793e+09
1.48922	1.72065e+09
1.49220	1.74256e+09
1.49518	1.74576e+09
1.49817	1.72538e+09
1.50117	1.69094e+09
1.50417	1.74572e+09
1.50718	1.73887e+09
1.51020	1.74335e+09
1.51322	1.72111e+09
1.51624	1.76542e+09
1.51927	1.68370e+09
1.52231	1.75152e+09
1.52536	1.71432e+09
1.52841	1.72530e+09
1.53147	1.71123e+09
1.53453	1.70871e+09
1.53760	1.70482e+09
1.54067	1.74636e+09
1.54375	1.74423e+09
1.54684	1.69734e+09
1.54993	1.73725e+09
1.55303	1.70146e+09
1.55614	1.75678e+09
1.55925	1.71041e+09
1.56237	1.74976e+09
1.56550	1.74785e+09
1.56863	1.72930e+09
1.57176	1.74830e+09
1.57491	1.78318e+09
1.57806	1.76516e+09
1.58121	1.75603e+09
1.58438	1.79463e+09
1.58754	1.77029e+09
1.59072	1.81280e+09
1.59390	1.75522e+09
1.59709	1.79863e+09
1.60028	1.77941e+09
1.60348	1.80481e+09
1.60669	1.79863e+09
1.60990	1.79543e+09
1.61312	1.81236e+09
1.61635	1.80076e+09
1.61958	1.81398e+09
1.62282	1.81493e+09
1.62607	1.82308e+09
1.62932	1.82615e+09
1.63258	1.84945e+09
1.63584	1.84210e+09
1.63911	1.85185e+09
1.64239	1.85781e+09
1.64568	1.87415e+09
1.64897	1.86600e+09
1.65227	1.87040e+09
1.65557	1.87520e+09
1.65888	1.85286e+09
1.66220	1.85786e+09
1.66552	1.86650e+09
1.66886	1.85825e+09
1.67219	1.84482e+09
1.67554	1.85522e+09
1.67889	1.85742e+09
1.68225	1.83551e+09
1.68561	1.83909e+09
1.68898	1.80984e+09
1.69236	1.82315e+09
1.69574	1.79038e+09
1.69914	1.78698e+09
1.70253	1.72931e+09
1.70594	1.70249e+09
1.70935	1.65688e+09
1.71277	1.66413e+09
1.71620	1.61743e+09
1.71963	1.64158e+09
1.72307	1.59753e+09
1.72651	1.62029e+09
1.72997	1.62113e+09
1.73343	1.53720e+09
1.73689	1.58899e+09
1.74037	1.50890e+09
1.74385	1.55033e+09
1.74733	1.44293e+09
1.75083	1.45934e+09
1.75433	1.37865e+09
1.75784	1.39344e+09
1.76136	1.39250e+09
1.76488	1.34490e+09
1.76841	1.27852e+09
1.77194	1.30319e+09
1.77549	1.25645e+09
1.77904	1.29983e+09
1.78260	1.21277e+09
1.78616	1.32927e+09
1.78973	1.21787e+09
1.79331	1.28634e+09
1.79690	1.20000e+09
1.80049	1.26930e+09
1.80410	1.19146e+09
1.80770	1.23505e+09
1.81132	1.18197e+09
1.81494	1.16899e+09
1.81857	1.16592e+09
1.82221	1.20482e+09
1.82585	1.16949e+09
1.82950	1.12774e+09
1.83316	1.15405e+09
1.83683	1.15512e+09
1.84050	1.09204e+09
1.84418	1.05658e+09
1.84787	1.06132e+09
1.85157	9.93086e+08
1.85527	1.00085e+09
1.85898	9.89412e+08
1.86270	1.02644e+09
1.86642	1.01242e+09
1.87016	1.04617e+09
1.87390	9.83801e+08
1.87765	1.04971e+09
1.88140	9.73234e+08
1.88516	1.05984e+09
1.88893	1.01495e+09
1.89271	1.05437e+09
1.89650	1.03686e+09
1.90029	1.02383e+09
1.90409	1.02549e+09
1.90790	1.01615e+09
1.91171	9.91467e+08
1.91554	1.02271e+09
1.91937	9.97522e+08
1.92321	1.00947e+09
1.92705	9.92669e+08
1.93091	9.79438e+08
1.93477	9.77538e+08
1.93864	9.95497e+08
1.94252	9.65426e+08
1.94640	9.77232e+08
1.95029	9.73211e+08
1.95419	9.90110e+08
1.95810	9.48404e+08
1.96202	9.66054e+08
1.96594	9.45274e+08
1.96988	9.62816e+08
1.97382	9.34463e+08
1.97776	9.02469e+08
1.98172	9.11028e+08
1.98568	9.12162e+08
1.98965	9.13456e+08
1.99363	9.07460e+08
1.99762	9.21690e+08
2.00161	9.11690e+08
2.00562	9.34465e+08
2.00963	8.98249e+08
2.01365	9.11725e+08
2.01768	8.86522e+08
2.02171	8.91975e+08
2.02575	8.61754e+08
2.02981	8.98258e+08
2.03386	8.58348e+08
2.03793	8.90634e+08
2.04201	8.90365e+08
2.04609	8.25774e+08
2.05018	8.92912e+08
2.05428	8.38102e+08
2.05839	8.87086e+08
2.06251	8.68186e+08
2.06663	8.53012e+08
2.07077	8.63148e+08
2.07491	8.29144e+08
2.07906	8.29523e+08
2.08322	8.61412e+08
2.08738	8.34826e+08
2.09156	8.80707e+08
2.09574	8.48501e+08
2.09993	8.70240e+08
2.10413	8.34853e+08
2.10834	8.45757e+08
2.11256	8.49000e+08
2.11678	8.51678e+08
2.12102	8.60808e+08
2.12526	8.47198e+08
2.12951	8.47426e+08
2.13377	8.54668e+08
2.13804	8.37765e+08
2.14231	8.50384e+08
2.14660	8.47393e+08
2.15089	8.50382e+08
2.15519	8.62386e+08
2.15950	8.63159e+08
2.16382	8.39372e+08
2.16815	8.57942e+08
2.17248	8.47058e+08
2.17683	8.53025e+08
2.18118	8.42712e+08
2.18554	8.41363e+08
2.18992	8.53636e+08
2.19430	8.35916e+08
2.19868	8.53294e+08
2.20308	8.36464e+08
2.20749	8.43607e+08
2.21190	8.38589e+08
2.21633	8.31626e+08
2.22076	8.35194e+08
2.22520	8.43091e+08
2.22965	8.32661e+08
2.23411	8.58072e+08
2.23858	8.48627e+08
2.24306	8.52032e+08
2.24754	8.59870e+08
2.25204	8.57131e+08
2.25654	8.52043e+08
2.26105	8.45154e+08
2.26558	8.43174e+08
2.27011	8.43214e+08
2.27465	8.33457e+08
2.27920	8.26685e+08
2.28375	8.11860e+08
2.28832	8.07750e+08
2.29290	8.00031e+08
2.29748	7.88791e+08
2.30208	8.03412e+08
2.30668	7.75185e+08
2.31130	7.89815e+08
2.31592	7.74066e+08
2.32055	7.64038e+08
2.32519	7.45229e+08
2.32984	7.45084e+08
2.33450	7.39198e+08
2.33917	7.35520e+08
2.34385	7.28083e+08
2.34854	7.08915e+08
2.35323	7.18373e+08
2.35794	7.11304e+08
2.36266	7.08713e+08
2.36738	7.03006e+08
2.37212	6.67695e+08
2.37686	6.88237e+08
2.38161	6.54889e+08
2.38638	6.51312e+08
2.39115	6.47122e+08
2.39593	6.31064e+08
2.40072	6.06615e+08
2.40552	5.99763e+08
2.41034	5.74745e+08
2.41516	5.82599e+08
2.41999	5.68086e+08
2.42483	5.54564e+08
2.42968	5.70178e+08
2.43454	5.28826e+08
2.43940	5.39802e+08
2.44428	5.13902e+08
2.44917	5.29735e+08
2.45407	5.04224e+08
2.45898	5.20412e+08
2.46390	5.10900e+08
2.46882	5.24202e+08
2.47376	5.00813e+08
2.47871	5.18065e+08
2.48367	4.76443e+08
2.48863	4.84553e+08
2.49361	4.67727e+08
2.49860	4.47975e+08
2.50359	4.53387e+08
2.50860	4.36189e+08
2.51362	4.45733e+08
2.51865	4.20344e+08
2.52368	4.32703e+08
2.52873	4.18774e+08
2.53379	4.30274e+08
2.53886	4.24326e+08
2.54393	4.27441e+08
2.54902	4.31784e+08
2.55412	4.13104e+08
