0.600000	32.3804
0.601200	34.7353
0.602402	37.3485
0.603607	41.2556
0.604814	45.9105
0.606024	51.4402
0.607236	57.7246
0.608450	64.7563
0.609667	72.6672
0.610887	81.5208
0.612108	91.5288
0.613333	102.859
0.614559	115.927
0.615788	130.737
0.617020	147.818
0.618254	167.882
0.619491	190.354
0.620729	218.288
0.621971	250.175
0.623215	287.706
0.624461	330.820
0.625710	382.057
0.626962	441.203
0.628215	509.777
0.629472	589.361
0.630731	680.316
0.631992	787.205
0.633256	909.329
0.634523	1048.47
0.635792	1208.17
0.637063	1393.01
0.638337	1601.86
0.639614	1839.94
0.640893	2105.87
0.642175	2395.27
0.643459	2726.82
0.644746	3098.12
0.646036	3484.82
0.647328	3978.40
0.648623	4464.77
0.649920	5062.19
0.651220	5667.47
0.652522	6316.61
0.653827	7067.08
0.655135	7873.95
0.656445	8742.17
0.657758	9641.53
0.659073	10604.7
0.660391	11719.1
0.661712	12872.7
0.663036	13937.8
0.664362	15115.8
0.665690	15988.6
0.667022	16510.5
0.668356	16573.7
0.669692	16785.0
0.671032	17871.4
0.672374	20226.5
0.673719	23241.8
0.675066	26148.6
0.676416	28601.6
0.677769	30600.3
0.679124	32397.7
0.680483	34043.1
0.681844	35597.7
0.683207	37071.6
0.684574	38414.2
0.685943	39544.0
0.687315	40557.2
0.688689	41136.6
0.690067	41586.9
0.691447	41209.8
0.692830	41352.7
0.694215	41716.6
0.695604	42498.5
0.696995	42944.6
0.698389	42470.2
0.699786	42134.2
0.701185	41217.7
0.702587	39843.4
0.703993	39599.8
0.705401	38425.2
0.706811	37449.0
0.708225	36250.9
0.709641	34596.7
0.711061	33165.2
0.712483	31339.5
0.713908	29143.0
0.715336	27264.5
0.716766	24582.0
0.718200	23341.8
0.719636	21998.3
0.721075	19999.7
0.722517	18861.7
0.723962	17798.0
0.725410	15887.9
0.726861	14235.3
0.728315	13630.8
0.729771	12412.1
0.731231	11166.5
0.732693	10674.9
0.734159	9741.24
0.735627	9136.19
0.737098	8259.79
0.738573	7547.47
0.740050	6866.21
0.741530	6215.34
0.743013	5679.32
0.744499	5276.13
0.745988	4814.37
0.747480	4401.00
0.748975	4031.85
0.750473	3713.67
0.751974	3406.12
0.753477	3111.94
0.754984	2843.76
0.756494	2578.77
0.758007	2307.51
0.759523	2015.46
0.761042	1695.34
0.762564	1348.54
0.764089	1008.84
0.765618	737.653
0.767149	602.401
0.768683	647.055
0.770220	883.464
0.771761	1287.63
0.773304	1796.69
0.774851	2322.43
0.776401	2810.68
0.777953	3297.20
0.779509	3791.66
0.781068	4453.49
0.782630	5255.60
0.784196	6118.88
0.785764	7064.48
0.787336	8029.17
0.788910	8920.47
0.790488	9823.69
0.792069	10616.8
0.793653	11578.9
0.795240	13269.8
0.796831	15796.2
0.798424	18824.6
0.800021	22168.4
0.801621	25474.2
0.803224	28906.5
0.804831	32433.9
0.806440	36019.5
0.808053	40009.2
0.809669	44944.5
0.811289	46936.7
0.812911	54159.0
0.814537	60703.2
0.816166	66576.1
0.817798	71083.9
0.819434	81144.0
0.821073	93071.0
0.822715	104588.
0.824360	115131.
0.826009	125809.
0.827661	135277.
0.829316	148968.
0.830975	167804.
0.832637	166027.
0.834302	195436.
0.835971	212026.
0.837643	226732.
0.839318	248505.
0.840996	269972.
0.842678	281122.
0.844364	309383.
0.846052	334317.
0.847745	340712.
0.849440	344370.
0.851139	362406.
0.852841	391053.
0.854547	431852.
0.856256	482791.
0.857968	524642.
0.859684	555433.
0.861404	574776.
0.863126	602915.
0.864853	627853.
0.866582	662780.
0.868315	709220.
0.870052	754904.
0.871792	776470.
0.873536	836195.
0.875283	860104.
0.877033	875903.
0.878787	867028.
0.880545	869888.
0.882306	843877.
0.884070	807237.
0.885839	786368.
0.887610	772205.
0.889385	734430.
0.891164	736738.
0.892946	700671.
0.894732	754314.
0.896522	806568.
0.898315	970420.
0.900111	1.15893e+06
0.901912	1.21383e+06
0.903715	1.46703e+06
0.905523	1.65741e+06
0.907334	1.66952e+06
0.909148	1.77180e+06
0.910967	1.74019e+06
0.912789	1.61373e+06
0.914614	1.74122e+06
0.916443	1.86526e+06
0.918276	1.74979e+06
0.920113	1.89992e+06
0.921953	1.76773e+06
0.923797	1.69712e+06
0.925644	1.56757e+06
0.927496	1.13908e+06
0.929351	912722.
0.931209	808155.
0.933072	778523.
0.934938	838706.
0.936808	955966.
0.938681	966433.
0.940559	1.32038e+06
0.942440	1.23472e+06
0.944325	1.17260e+06
0.946213	1.43365e+06
0.948106	1.17076e+06
0.950002	1.15353e+06
0.951902	1.53700e+06
0.953806	1.13023e+06
0.955713	1.31972e+06
0.957625	1.08580e+06
0.959540	1.25391e+06
0.961459	1.10047e+06
0.963382	1.39566e+06
0.965308	1.51803e+06
0.967239	1.49567e+06
0.969174	1.89549e+06
0.971112	1.69468e+06
0.973054	1.83715e+06
0.975000	1.73368e+06
0.976950	2.14487e+06
0.978904	2.06192e+06
0.980862	2.36232e+06
0.982824	2.21134e+06
0.984789	2.24663e+06
0.986759	2.51139e+06
0.988732	2.16827e+06
0.990710	2.48683e+06
0.992691	2.74102e+06
0.994676	2.76624e+06
0.996666	3.02082e+06
0.998659	3.29844e+06
1.00066	3.38753e+06
1.00266	3.55312e+06
1.00466	3.73776e+06
1.00667	3.97802e+06
1.00869	4.37402e+06
1.01070	4.66656e+06
1.01272	4.87249e+06
1.01475	5.10509e+06
1.01678	5.34730e+06
1.01881	5.69132e+06
1.02085	5.63363e+06
1.02289	6.32024e+06
1.02494	6.43385e+06
1.02699	6.65714e+06
1.02904	6.61539e+06
1.03110	7.28213e+06
1.03316	7.48860e+06
1.03523	7.59541e+06
1.03730	7.89896e+06
1.03937	8.39402e+06
1.04145	8.39058e+06
1.04353	8.47078e+06
1.04562	8.86463e+06
1.04771	9.08856e+06
1.04981	8.92765e+06
1.05191	9.38362e+06
1.05401	9.36171e+06
1.05612	9.68250e+06
1.05823	9.97458e+06
1.06035	9.98427e+06
1.06247	1.02122e+07
1.06459	9.99438e+06
1.06672	1.02405e+07
1.06886	1.03150e+07
1.07099	9.69516e+06
1.07314	1.01630e+07
1.07528	1.03321e+07
1.07743	1.05444e+07
1.07959	1.10329e+07
1.08175	1.01718e+07
1.08391	1.01940e+07
1.08608	1.00151e+07
1.08825	7.90736e+06
1.09043	7.37828e+06
1.09261	6.16827e+06
1.09479	4.90612e+06
1.09698	4.11553e+06
1.09918	3.50292e+06
1.10137	3.16220e+06
1.10358	2.56015e+06
1.10578	2.24311e+06
1.10800	1.63726e+06
1.11021	1.69872e+06
1.11243	1.29316e+06
1.11466	1.08472e+06
1.11689	1.28129e+06
1.11912	1.14209e+06
1.12136	889000.
1.12360	1.27706e+06
1.12585	1.35445e+06
1.12810	1.10518e+06
1.13036	1.19469e+06
1.13262	1.09712e+06
1.13488	896713.
1.13715	1.27214e+06
1.13943	1.26613e+06
1.14170	1.44945e+06
1.14399	1.52483e+06
1.14628	1.40496e+06
1.14857	1.49239e+06
1.15087	998963.
1.15317	1.35235e+06
1.15547	1.32904e+06
1.15778	1.07214e+06
1.16010	1.25533e+06
1.16242	1.01412e+06
1.16475	1.23783e+06
1.16707	1.15283e+06
1.16941	1.31423e+06
1.17175	1.60319e+06
1.17409	2.03501e+06
1.17644	2.32826e+06
1.17879	2.52801e+06
1.18115	2.58123e+06
1.18351	3.29077e+06
1.18588	3.36583e+06
1.18825	4.01288e+06
1.19063	4.26474e+06
1.19301	4.57407e+06
1.19539	5.41262e+06
1.19778	6.06478e+06
1.20018	6.59107e+06
1.20258	7.42425e+06
1.20499	7.47522e+06
1.20740	7.87296e+06
1.20981	8.37422e+06
1.21223	8.62279e+06
1.21465	8.91318e+06
1.21708	9.99333e+06
1.21952	1.00999e+07
1.22196	1.03695e+07
1.22440	1.14455e+07
1.22685	1.14355e+07
1.22930	1.24445e+07
1.23176	1.21012e+07
1.23423	1.32949e+07
1.23669	1.31092e+07
1.23917	1.36228e+07
1.24165	1.37813e+07
1.24413	1.38072e+07
1.24662	1.39348e+07
1.24911	1.36196e+07
1.25161	1.42848e+07
1.25411	1.45997e+07
1.25662	1.49422e+07
1.25913	1.59443e+07
1.26165	1.59828e+07
1.26417	1.60394e+07
1.26670	1.55208e+07
1.26924	1.53443e+07
1.27177	1.47295e+07
1.27432	1.46410e+07
1.27687	1.37978e+07
1.27942	1.45964e+07
1.28198	1.36297e+07
1.28454	1.14564e+07
1.28711	1.20222e+07
1.28969	1.11876e+07
1.29227	1.15870e+07
1.29485	1.12073e+07
1.29744	1.00541e+07
1.30003	1.03472e+07
1.30263	9.62570e+06
1.30524	9.40038e+06
1.30785	9.03339e+06
1.31047	8.58253e+06
1.31309	8.66896e+06
1.31571	7.14367e+06
1.31834	6.51356e+06
1.32098	6.76479e+06
1.32362	6.19293e+06
1.32627	6.14176e+06
1.32892	3.72546e+06
1.33158	2.43263e+06
1.33424	1.98580e+06
1.33691	1.05740e+06
1.33959	744838.
1.34227	524284.
1.34495	359348.
1.34764	297641.
1.35033	144404.
1.35304	155815.
1.35574	145743.
1.35845	162660.
1.36117	126493.
1.36389	176495.
1.36662	149913.
1.36935	211124.
1.37209	233261.
1.37484	270295.
1.37759	264190.
1.38034	270711.
1.38310	181728.
1.38587	269452.
1.38864	209381.
1.39142	269565.
1.39420	246440.
1.39699	257636.
1.39978	233960.
1.40258	289730.
1.40539	305951.
1.40820	238941.
1.41101	286818.
1.41384	241100.
1.41666	226426.
1.41950	308079.
1.42234	304559.
1.42518	328850.
1.42803	452983.
1.43089	462661.
1.43375	458417.
1.43662	443430.
1.43949	428510.
1.44237	611736.
1.44525	614838.
1.44814	813713.
1.45104	877914.
1.45394	1.05364e+06
1.45685	1.03770e+06
1.45976	1.28137e+06
1.46268	1.02880e+06
1.46561	963006.
1.46854	953491.
1.47148	1.04593e+06
1.47442	897551.
1.47737	921630.
1.48032	1.26526e+06
1.48328	1.20943e+06
1.48625	1.25347e+06
1.48922	998386.
1.49220	1.52476e+06
1.49518	1.11862e+06
1.49817	1.75708e+06
1.50117	1.83954e+06
1.50417	1.86378e+06
1.50718	1.87647e+06
1.51020	1.72210e+06
1.51322	2.06204e+06
1.51624	1.99915e+06
1.51927	3.13281e+06
1.52231	3.16060e+06
1.52536	3.05842e+06
1.52841	3.33162e+06
1.53147	3.30364e+06
1.53453	3.58965e+06
1.53760	4.08229e+06
1.54067	4.92243e+06
1.54375	4.59626e+06
1.54684	4.11809e+06
1.54993	5.03821e+06
1.55303	5.12440e+06
1.55614	5.84012e+06
1.55925	5.52519e+06
1.56237	6.56644e+06
1.56550	7.13792e+06
1.56863	7.46539e+06
1.57176	8.11848e+06
1.57491	7.57014e+06
1.57806	8.50935e+06
1.58121	7.56726e+06
1.58438	8.62050e+06
1.58754	8.21233e+06
1.59072	7.83501e+06
1.59390	6.58075e+06
1.59709	7.05779e+06
1.60028	6.57444e+06
1.60348	5.91257e+06
1.60669	5.63969e+06
1.60990	4.79454e+06
1.61312	4.48571e+06
1.61635	3.51049e+06
1.61958	3.60270e+06
1.62282	3.52508e+06
1.62607	4.26527e+06
1.62932	3.65556e+06
1.63258	3.79575e+06
1.63584	3.83313e+06
1.63911	5.06042e+06
1.64239	4.64868e+06
1.64568	4.40115e+06
1.64897	4.04095e+06
1.65227	4.00909e+06
1.65557	3.66321e+06
1.65888	3.47372e+06
1.66220	3.17505e+06
1.66552	2.39209e+06
1.66886	1.76737e+06
1.67219	1.81209e+06
1.67554	1.78932e+06
1.67889	1.75083e+06
1.68225	1.92317e+06
1.68561	1.85756e+06
1.68898	1.49917e+06
1.69236	1.51977e+06
1.69574	1.07199e+06
1.69914	1.20939e+06
1.70253	956357.
1.70594	1.47670e+06
1.70935	1.04501e+06
1.71277	1.51095e+06
1.71620	1.73057e+06
1.71963	1.67418e+06
1.72307	2.20323e+06
1.72651	1.83574e+06
1.72997	1.59998e+06
1.73343	2.00411e+06
1.73689	1.66949e+06
1.74037	2.17782e+06
1.74385	2.14749e+06
1.74733	2.37738e+06
1.75083	1.95713e+06
1.75433	1.80298e+06
1.75784	1.81035e+06
1.76136	1.37909e+06
1.76488	1.81113e+06
1.76841	1.40078e+06
1.77194	1.43966e+06
1.77549	1.25775e+06
1.77904	1.32730e+06
1.78260	1.37111e+06
1.78616	1.08181e+06
1.78973	1.18566e+06
1.79331	837972.
1.79690	982176.
1.80049	958502.
1.80410	867290.
1.80770	967230.
1.81132	929078.
1.81494	820351.
1.81857	900729.
1.82221	867708.
1.82585	855894.
1.82950	688204.
1.83316	900459.
1.83683	707459.
1.84050	556377.
1.84418	750578.
1.84787	841344.
1.85157	802194.
1.85527	635610.
1.85898	639742.
1.86270	576344.
1.86642	532252.
1.87016	467894.
1.87390	887085.
1.87765	790817.
1.88140	864130.
1.88516	1.46627e+06
1.88893	1.40873e+06
1.89271	1.49892e+06
1.89650	1.06426e+06
1.90029	1.17829e+06
1.90409	1.30579e+06
1.90790	946647.
1.91171	1.20862e+06
1.91554	1.04533e+06
1.91937	965492.
1.92321	923487.
1.92705	770274.
1.93091	834720.
1.93477	717391.
1.93864	572625.
1.94252	767232.
1.94640	766981.
1.95029	742182.
1.95419	817490.
1.95810	850144.
1.96202	815612.
1.96594	867314.
1.96988	1.29982e+06
1.97382	900752.
1.97776	1.24012e+06
1.98172	1.33450e+06
1.98568	1.41602e+06
1.98965	1.49681e+06
1.99363	1.88155e+06
1.99762	1.84924e+06
2.00161	2.32583e+06
2.00562	1.92275e+06
2.00963	2.28406e+06
2.01365	2.00828e+06
2.01768	2.49209e+06
2.02171	2.62546e+06
2.02575	2.67583e+06
2.02981	3.50384e+06
2.03386	3.11151e+06
2.03793	3.01652e+06
2.04201	3.73849e+06
2.04609	3.99572e+06
2.05018	4.12571e+06
2.05428	3.89625e+06
2.05839	4.61428e+06
2.06251	4.61042e+06
2.06663	5.32690e+06
2.07077	4.92373e+06
2.07491	5.45322e+06
2.07906	5.60291e+06
2.08322	5.28556e+06
2.08738	5.25827e+06
2.09156	5.56761e+06
2.09574	5.38548e+06
2.09993	5.28662e+06
2.10413	4.94054e+06
2.10834	4.90215e+06
2.11256	4.98831e+06
2.11678	4.59584e+06
2.12102	4.39503e+06
2.12526	4.21223e+06
2.12951	3.87894e+06
2.13377	3.96370e+06
2.13804	3.72693e+06
2.14231	3.24821e+06
2.14660	3.01792e+06
2.15089	3.10620e+06
2.15519	2.47373e+06
2.15950	2.59422e+06
2.16382	2.58530e+06
2.16815	2.08947e+06
2.17248	2.02753e+06
2.17683	1.69304e+06
2.18118	1.41385e+06
2.18554	1.10834e+06
2.18992	1.06025e+06
2.19430	749418.
2.19868	505083.
2.20308	393388.
2.20749	305054.
2.21190	373018.
2.21633	407881.
2.22076	392883.
2.22520	480338.
2.22965	379054.
2.23411	376580.
2.23858	351104.
2.24306	223774.
2.24754	149861.
2.25204	155600.
2.25654	174967.
2.26105	177064.
2.26558	209406.
2.27011	244091.
2.27465	169941.
2.27920	121067.
2.28375	141425.
2.28832	97032.0
2.29290	120776.
2.29748	145755.
2.30208	155855.
2.30668	237814.
2.31130	247288.
2.31592	182590.
2.32055	167628.
2.32519	121539.
2.32984	137009.
2.33450	108465.
2.33917	84290.0
2.34385	128082.
2.34854	132457.
2.35323	187409.
2.35794	175694.
2.36266	140675.
2.36738	133210.
2.37212	151504.
2.37686	174669.
2.38161	146304.
2.38638	142658.
2.39115	220843.
2.39593	227638.
2.40072	288852.
2.40552	293848.
2.41034	408901.
2.41516	347843.
2.41999	372230.
2.42483	349883.
2.42968	349981.
2.43454	444813.
2.43940	533139.
2.44428	551286.
2.44917	527116.
2.45407	609023.
2.45898	630497.
2.46390	886785.
2.46882	633644.
2.47376	626855.
2.47871	906806.
2.48367	819758.
2.48863	607039.
2.49361	749646.
2.49860	849150.
2.50359	671005.
2.50860	590327.
2.51362	639592.
2.51865	519782.
2.52368	341393.
2.52873	486671.
2.53379	393745.
2.53886	382430.
2.54393	313987.
2.54902	271471.
2.55412	351068.
