#wavelength	surface flux
0.6450077295303345	9803008.920845857
0.6472567915916443	14809149.553607065
0.6494921445846558	18015293.799771547
0.6517150402069092	19902017.079198178
0.6539263725280762	21434250.944909897
0.6561272740364075	20707374.438690927
0.6583186388015747	20193080.99366214
0.6605015397071838	21500594.533973444
0.6626768708229065	21790656.61350268
0.6648455858230591	19966606.70451094
0.6670085787773132	17598451.4494131
0.6691668033599854	15795416.637571992
0.6713210344314575	14888764.792074371
0.6734722256660461	15383731.660732565
0.6756211519241333	16582415.746466842
0.6777685880661011	17435080.224374007
0.6799154281616211	18024769.46773135
0.6820623278617859	18753755.140350368
0.6842101216316223	19535116.105662372
0.6863595843315125	20046421.78495744
0.688511312007904	20346966.975883957
0.6906660795211792	20584848.482457377
0.6928245425224304	20863464.8935742
0.6949873566627502	21790468.55508049
0.6971551775932312	23425041.371915456
0.6993286609649658	25886578.84345066
0.7015084028244019	35890669.59220466
0.7036949396133423	51596973.76320528
0.7058889269828796	47787614.47637727
0.7080909013748169	30008905.58160477
0.710301399230957	23171516.0910356
0.712520956993103	22940344.48451519
0.7147500514984131	23261139.537829936
0.7169892191886902	24676432.5409846
0.7192389369010925	26631132.449450467
0.7214996814727783	28978712.81548478
0.723771870136261	32806063.830100846
0.7260559797286987	38204868.48969345
0.7283523678779602	45295403.874062136
0.7306615710258484	54914330.5329171
0.7329838871955872	61402927.99576274
0.7353196740150452	59962108.01039183
0.7376693487167358	55660681.138896674
0.7400332689285278	49467498.90360681
0.7424117922782898	42731735.35564496
0.7448052167892456	39047775.616412066
0.7472138404846191	37941980.48871225
0.7496379613876343	38834289.418362886
0.7520779371261597	40050976.58105395
0.7545340061187744	41073704.798513144
0.7570064663887024	41116319.4046691
0.7594954967498779	39097190.472383514
0.7620013952255249	35187170.3380528
0.7645244002342224	28853364.890854318
0.7670646905899048	23004848.88880321
0.7696225643157959	23061609.793824982
0.7721980810165405	29915533.40100804
0.7747915983200073	39015820.781830765
0.7774031162261963	45313220.006928995
0.7800329327583313	49817145.53838115
0.7826811671257019	56209268.30604346
0.7853479981422424	61013116.32247559
0.7880334854125977	61969080.689189434
0.7907378077507019	60920100.870614715
0.7934610247612	58069313.06580843
0.7962033748626709	57521338.79812578
0.7989648580551147	62307713.399673715
0.801745593547821	74528784.63495468
0.8045456409454346	94741865.29350142
0.8073651194572449	123736001.82126427
0.8102040886878967	160471042.3346038
0.8130625486373901	189733010.34185335
0.8159406185150146	185697067.95883328
0.8188382983207703	162199568.26312238
0.8217556476593018	192593910.68154845
0.8246926665306091	268091050.1863135
0.8276493549346924	303839628.76215094
0.8306257724761963	296875454.0651632
0.8336219191551208	290357739.89004856
0.8366377949714661	292175295.2533604
0.8396733403205872	287901653.43634564
0.8427285552024841	252524063.4480035
0.8458034992218018	191196149.918503
0.8488980531692505	158225665.9824836
0.8520121574401855	158337661.84152365
0.8551458716392517	170450083.94562638
0.8582990765571594	181444847.27874842
0.8614717125892639	177931201.87222862
0.8646637797355652	164309667.28800464
0.8678751587867737	140868420.8386273
0.8711057901382446	124189551.82035437
0.8743556141853333	125702800.03675096
0.87762451171875	135763856.03067398
0.8809124231338501	150761701.2610297
0.8842192888259888	164127693.68427902
0.8875449895858765	170336025.07791278
0.8908893465995789	180689990.44245782
0.894252359867096	195183326.9094523
0.8976338505744934	202829325.4587593
0.9010337591171265	200155793.22364607
0.9044519662857056	188656653.50747272
0.9078882932662964	180387144.86922103
0.9113426208496094	187644311.58222592
0.914814829826355	203395112.7873083
0.9183048605918884	216549124.91123295
0.9218124747276306	224154182.39552706
0.925337553024292	228479820.2497179
0.9288799166679382	235065422.5448424
0.9324395060539246	248613273.5897367
0.9360161423683167	269563822.1102777
0.9396095871925354	294017136.6041056
0.943219780921936	320296617.5223974
0.9468464851379395	347891931.47010475
0.9504896402359009	371713546.96584904
0.9541489481925964	379449788.05159986
0.9578243494033813	366926605.40450126
0.9615156054496765	341207410.8499437
0.9652225375175476	319980167.6803995
0.9689450263977051	320068811.09877276
0.9726828336715698	340051333.3232574
0.9764357805252075	379364991.14113307
0.9802037477493286	436235037.4787216
0.983986496925354	486276783.1446295
0.9877838492393494	463636918.1337781
0.9915955662727356	335781165.4426479
0.9954215884208679	232895258.24335468
0.9992615580558777	222253640.640696
1.0031154155731201	230642816.62754622
1.0069829225540161	238468857.25247777
1.0108637809753418	249173186.96976492
1.0147579908370972	260001232.8459285
1.018665075302124	272373757.8635859
1.022585153579712	288621494.3752342
1.0265177488327026	307868088.030359
1.0304628610610962	328761770.63850975
1.0344202518463135	351518089.2948233
1.0383895635604858	378130818.7575532
1.0423706769943237	407088508.13588357
1.0463634729385376	425805690.9683289
1.0503677129745483	425237512.0000636
1.0543830394744873	414788065.30528134
1.058409333229065	405725113.8709951
1.0624464750289917	414441938.22552174
1.0664942264556885	455729642.2859323
1.0705522298812866	518769989.3452972
1.0746204853057861	585783342.2667172
1.0786986351013184	649329783.3922651
1.0827864408493042	707741339.9895217
1.086883783340454	776899841.4712449
1.0909905433654785	874257149.1393135
1.0951062440872192	944616830.1319256
1.0992310047149658	932592150.435387
1.10336434841156	863851390.9065856
1.1075061559677124	805748480.1536604
1.1116561889648438	802874621.3093373
1.115814208984375	817845540.2438128
1.1199802160263062	818716181.6938382
1.124153733253479	830683538.4820211
1.1283347606658936	831564733.2114712
1.1325229406356812	761926672.6682768
1.1367181539535522	620955523.452788
1.1409201622009277	553876567.0285014
1.145128846168518	674219948.8472817
1.1493438482284546	820244460.7488171
1.1535650491714478	859637125.4489148
1.1577922105789185	842443949.762877
1.1620250940322876	785962967.4858582
1.1662636995315552	665957193.688366
1.170507550239563	553696570.1446204
1.174756646156311	506977076.86486816
1.1790107488632202	534312739.6513607
1.1832695007324219	661399091.92694
1.1875330209732056	754950507.4829576
1.191800832748413	716552114.0107231
1.1960728168487549	614956295.839889
1.2003488540649414	535008956.194375
1.2046287059783936	535239611.8131677
1.2089121341705322	574123961.4135008
1.2131990194320679	586327539.0704811
1.2174891233444214	613241027.0268036
1.2217823266983032	663070853.1584638
1.2260783910751343	683129556.2877806
1.230377197265625	680702389.9172517
1.2346785068511963	668642260.6035413
1.238982081413269	616305189.4217756
1.2432878017425537	547366309.9977105
1.2475954294204712	535650381.8404314
1.2519049644470215	559577445.6197045
1.256216049194336	620287385.4769194
1.2605286836624146	698877036.3494184
1.2648425102233887	730746051.4519325
1.2691574096679688	739868220.0187453
1.2734732627868652	751725556.6840658
1.2777899503707886	764798264.9894643
1.2821072340011597	777963871.6695027
1.2864248752593994	794629139.678726
1.2907428741455078	816859622.967842
1.2950609922409058	846326301.6383218
1.2993791103363037	882413426.409119
1.303696870803833	917435993.2333817
1.3080145120620728	941201474.3994505
1.3123314380645752	957257807.0942711
1.3166478872299194	973574143.7656058
1.3209635019302368	980499585.2017195
1.3252781629562378	953945053.9447482
1.3295916318893433	852556522.1255373
1.3339040279388428	658112397.5728139
1.3382149934768677	477545827.3183342
1.3425244092941284	405440000.7311541
1.3468321561813354	388516761.13462734
1.3511382341384888	375181063.85684335
1.3554422855377197	373683211.29101866
1.3597444295883179	397663588.1011866
1.3640443086624146	438775251.2114759
1.3683418035507202	474699239.19579554
1.3726370334625244	504357712.8737042
1.3769296407699585	529596941.658585
1.381219506263733	523475611.4504366
1.3855066299438477	486363152.54447824
1.3897908926010132	446794920.75841635
1.3940720558166504	418506168.2586093
1.3983501195907593	412370313.1451762
1.4026249647140503	424936670.0568098
1.4068963527679443	426383944.0379493
1.4111642837524414	407224184.3365897
1.4154287576675415	389849471.5966874
1.419689416885376	381465985.27895796
1.4239463806152344	380559730.7462666
1.4281994104385376	389041341.93271184
1.4324485063552856	398011148.4497127
1.436693549156189	402134644.42598265
1.440934419631958	408435486.06760883
1.4451709985733032	417538173.18633443
1.449403166770935	428028798.1255426
1.453631043434143	441250284.6349849
1.4578542709350586	454553878.723544
1.4620729684829712	461759901.5332738
1.4662868976593018	461861401.6023945
1.4704961776733398	464370143.0735769
1.4747005701065063	472618653.84072447
1.4788999557495117	479684149.59317064
1.4830944538116455	485471881.27445287
1.4872838258743286	495327692.530822
1.491468071937561	506722205.71129954
1.4956470727920532	516715633.0967335
1.4998208284378052	526430606.3914053
1.5039892196655273	536535401.04664236
1.5081522464752197	545376640.6564224
1.5123097896575928	551007934.0164022
1.5164618492126465	555339969.291974
1.5206083059310913	569178969.8201454
1.5247491598129272	584254343.0262195
1.5288842916488647	591304293.4167386
1.5330137014389038	601574306.5502455
1.5371372699737549	611325102.9001218
1.541254997253418	614615881.4978874
1.545366883277893	619966572.1024129
1.5494728088378906	627553492.3885076
1.5535727739334106	632613969.9666286
1.5576666593551636	636484852.2855697
1.561754584312439	642125553.3387134
1.5658363103866577	649933445.7869272
1.5699119567871094	657514983.63361
1.5739814043045044	663385885.4064618
1.5780447721481323	668049297.1450665
1.582101821899414	673844696.5777221
1.5861525535583496	676252083.5131934
1.5901970863342285	671743602.8898191
1.5942351818084717	668399463.3876165
1.5982669591903687	669892939.854136
1.6022924184799194	673489570.6532358
1.606311559677124	677409668.8908291
1.6103241443634033	679047045.2716159
1.6143304109573364	679728264.6931199
1.6183301210403442	679582801.2040985
1.6223233938217163	679408367.0777096
1.6263102293014526	681385483.0211762
1.6302905082702637	683486320.1607225
1.634264349937439	686450951.16782
1.638231635093689	691140184.445818
1.6421923637390137	693715790.0250816
1.646146535873413	692041000.1149008
1.6500942707061768	687215862.9630176
1.6540353298187256	686325657.5751919
1.6579699516296387	687231178.4299805
1.661897897720337	686491769.46526
1.6658192873001099	687597644.817284
1.6697341203689575	688274363.305439
1.6736423969268799	688003484.0889997
1.677544116973877	686245700.6066321
1.6814392805099487	681554806.7279227
1.6853278875350952	673806615.4376688
1.6892099380493164	667290352.9662927
1.6930854320526123	661172890.0160214
1.696954369544983	652642941.2258033
1.7008168697357178	645625473.4644573
1.7046726942062378	638725462.7218021
1.708522081375122	625962051.8464979
1.712364912033081	604286584.7805566
1.7162011861801147	579370272.4146124
1.7200311422348022	564780855.8678277
1.723854422569275	557590409.9656055
1.7276713848114014	544623042.0473882
1.731481909751892	527402272.6734237
1.7352858781814575	507093595.5549082
1.7390835285186768	484777158.77551955
1.7428747415542603	467712537.66552883
1.7466596364974976	454620695.5559027
1.7504380941390991	441393173.96013176
1.7542102336883545	423806761.21360004
1.7579760551452637	406805031.85275483
1.7617355585098267	399525940.5288808
1.7654887437820435	389924066.8879269
1.7692357301712036	372896411.739433
1.7729763984680176	359527710.0378158
1.776710867881775	349660215.8565743
1.7804391384124756	338529585.8335321
1.7841613292694092	326243868.5162455
1.7878772020339966	320041440.4082193
1.7915871143341064	317853109.8145915
1.7952908277511597	311472611.3796777
1.7989884614944458	302209423.17327815
1.8026801347732544	294517166.1716172
1.806365728378296	294240449.3683639
1.8100452423095703	298611311.23080546
1.8137187957763672	300012238.9043326
1.817386507987976	292302936.3716473
1.8210482597351074	292480061.5175688
1.8247040510177612	304559976.4188456
1.828354001045227	303148820.58214784
1.8319982290267944	296451204.38756454
1.8356364965438843	295256956.58753854
1.8392690420150757	293603019.74175096
1.8428958654403687	288159441.69803774
1.8465168476104736	276866707.51158255
1.8501322269439697	268754113.5913757
1.8537418842315674	263058279.48110908
1.8573459386825562	252847010.26854077
1.860944390296936	248277555.1590559
1.864537239074707	255483285.83602536
1.8681244850158691	265305074.52785495
1.871706247329712	269767851.8173708
1.8752825260162354	272291486.9853086
1.8788533210754395	279311398.50326604
1.8824186325073242	289716604.0246119
1.8859784603118896	296749763.0117635
1.8895330429077148	297076405.3064927
1.8930821418762207	297945199.0536638
1.8966259956359863	302703679.0163635
1.9001644849777222	305470309.4871769
1.9036977291107178	305068232.96384645
1.9072256088256836	307694774.17371553
1.9107483625411987	311133226.5715987
1.9142658710479736	311038512.50550216
1.9177782535552979	307131648.3957556
1.9212853908538818	298040771.25923485
1.9247875213623047	291871776.2510135
1.9282845258712769	289396383.1534267
1.9317764043807983	284566320.10980827
1.9352631568908691	279074379.25602543
1.9387450218200684	268265493.25879735
1.942221760749817	261487907.40698075
1.9456936120986938	264688105.95209292
1.9491604566574097	267846860.70410442
1.952622413635254	265636404.64122328
1.956079363822937	260883295.45729697
1.959531545639038	261454390.9654047
1.962978720664978	265138725.2648926
1.966421127319336	269972612.35664684
1.9698586463928223	270230360.75002277
1.9732913970947266	261670663.83134
1.9767193794250488	252874331.85364592
1.9801424741744995	252635565.77934805
1.9835609197616577	261713188.83728975
1.9869745969772339	266590590.61033773
1.990383505821228	261590573.72955394
1.9937876462936401	262566242.4876408
1.9971871376037598	266435911.05933553
2.000581979751587	269059108.70963216
2.003972291946411	274737520.6878714
2.007357597351074	272073090.32652164
2.0107386112213135	268328335.3205954
2.0141148567199707	273629257.81790566
2.017486572265625	277618473.7722745
2.0208535194396973	282097098.2178453
2.0242159366607666	285324771.69992334
2.027573823928833	281185581.122682
2.0309269428253174	283089387.80673647
2.034275770187378	290764105.6671301
2.0376198291778564	293842767.7989772
2.040959596633911	295487396.31647
2.044294595718384	296818596.76597726
2.0476250648498535	298027402.27066016
2.0509510040283203	299546851.75500953
2.054272413253784	301780049.77344394
2.057589530944824	307179364.3179292
2.0609018802642822	306720446.9961472
2.0642096996307373	302368831.8531895
2.0675129890441895	306331600.41204315
2.0708119869232178	310661432.69811916
2.074106216430664	311773441.63045615
2.0773961544036865	315626773.2152729
2.080681324005127	316916876.2529821
2.0839622020721436	315629008.038382
2.087238311767578	316770623.9617481
2.090510129928589	318416631.60381657
2.0937774181365967	317951144.37308943
2.0970399379730225	317264454.44547147
2.1002981662750244	317715906.8488927
2.1035518646240234	319659477.3318271
2.1068007946014404	321781588.0370293
2.1100454330444336	320901607.5483608
2.1132853031158447	320559986.26740706
2.116520881652832	322330475.5131266
2.1197516918182373	324326577.5952376
2.1229779720306396	326597977.62975955
2.12619948387146	326093130.73309565
2.1294167041778564	323390248.9699248
2.132629156112671	323162467.0579774
2.1358368396759033	322348467.2088795
2.139039993286133	321251939.9015917
2.1422386169433594	324082931.9083089
2.145432472229004	327592602.24802095
2.1486217975616455	326309702.3022519
2.151806354522705	323485601.73128515
2.1549863815307617	323537982.1329621
2.1581614017486572	323260327.5245219
2.16133189201355	322253524.37398016
2.1644976139068604	322104588.15143317
2.167658567428589	322437205.9342216
2.1708147525787354	321505616.8593657
2.173966407775879	320440413.6289589
2.1771130561828613	320453937.6924023
2.1802549362182617	320805866.96656865
2.183391809463501	321506549.8490836
2.1865241527557373	320794467.08974767
2.1896514892578125	319406784.7685465
2.1927738189697266	319094998.0598403
2.1958916187286377	319005564.20735514
2.1990041732788086	317943981.9484725
2.2021119594573975	316207734.946091
2.2052149772644043	315721636.7406402
2.208312749862671	315984934.22490287
2.2114057540893555	315335309.8339866
2.214493751525879	313715375.1553556
2.217576742172241	311073974.763372
2.2206547260284424	309727047.34698325
2.2237277030944824	311058404.5642943
2.2267956733703613	311151973.4602666
2.2298583984375	309752860.2513641
2.2329163551330566	307905631.85541433
2.235969066619873	305584643.595266
2.2390167713165283	305409170.9158952
2.2420592308044434	305751115.1441437
2.2450966835021973	305285233.9415447
2.248128890991211	303936076.77009225
2.2511560916900635	302124324.27501786
2.254178285598755	301417351.8196975
2.257194995880127	301249018.70323694
2.260206699371338	300470268.7457155
2.2632133960723877	298131030.3362317
2.266214609146118	296517022.20385045
2.2692108154296875	296098977.69170606
2.2722020149230957	295338577.84188825
2.2751877307891846	295248957.60862386
2.278168201446533	294191126.449305
2.2811436653137207	292780762.3287625
2.284113883972168	293180658.56167847
2.287078857421875	293829806.9344661
2.290038824081421	288116024.09283787
2.2929933071136475	268323556.87991482
2.295942783355713	249068342.0864792
2.298887014389038	245234717.07987246
2.301826238632202	246322619.90940988
2.304760217666626	245271866.27900213
2.3076889514923096	246202504.50885114
2.310612440109253	249484665.10868722
2.3135311603546143	250746766.4605701
2.3164443969726562	250644567.24730617
2.319352865219116	249208263.45790246
2.322256088256836	240869215.84206814
2.3251543045043945	232944475.74784532
2.328047275543213	234569076.02208748
2.330935478210449	238717141.24261028
2.3338186740875244	240332260.9956119
2.3366971015930176	241747383.21464184
2.3395702838897705	243409627.7820362
2.3424389362335205	243199050.37820178
2.3453025817871094	243616003.2912538
2.348161458969116	246523465.54242578
2.351015567779541	243163684.069731
2.353865146636963	235827885.99648654
2.3567099571228027	232812849.37272504
2.3595502376556396	231553452.27987617
2.3623859882354736	233115583.27320364
2.3652172088623047	235695968.50137866
2.368043899536133	235288867.07034296
2.370866537094116	235981100.33616245
2.3736846446990967	237680170.38727102
2.3764986991882324	237054572.74799165
2.3793084621429443	233972687.27178016
2.3821144104003906	228846365.6886434
2.384916305541992	224528374.53514013
2.387714147567749	223403832.57365447
2.3905084133148193	225776489.18953687
2.393299102783203	228244403.41590443
2.3960859775543213	228182674.0203318
2.398869514465332	225601350.02176115
2.4016497135162354	221224307.18049267
2.4044265747070312	218734113.51822373
2.407200336456299	217037589.34535873
2.409970998764038	214404491.90218112
2.4127390384674072	211663468.14428428
2.415503978729248	209902132.41590062
2.418266534805298	209250102.19057283
2.4210267066955566	206267111.72027493
2.4237842559814453	202123063.68765774
2.426539897918701	199381855.52706566
2.429293394088745	198111723.81676733
2.4320452213287354	196250449.05317673
2.4347951412200928	191304378.62238395
2.4375438690185547	189182634.11638504
2.440291166305542	188445714.09745717
2.443037271499634	183710976.9884653
2.445782423019409	181343936.6205385
2.4485268592834473	181610527.50203294
2.451270818710327	176647557.9247983
2.454014539718628	172524092.84061623
2.4567582607269287	179671670.93027148
2.4595019817352295	180779596.3274213
2.4622461795806885	177568356.85425457
2.4649908542633057	177054447.0124947
2.4677364826202393	169149869.9265929
2.4704833030700684	164258858.81857812
2.473231554031372	160734994.04597962
2.4759814739227295	159107043.5012514
2.4787333011627197	161934000.4016729
2.481487512588501	161725589.56825784
2.4842441082000732	164030766.32504067
2.4870035648345947	160145001.6897658
2.4897661209106445	150610977.5195728
2.492532253265381	155070570.49401516
2.495302200317383	160126257.20224366
2.4980762004852295	156306597.7836152
2.500854969024658	155009632.76329386
2.50363826751709	150696963.28775144
2.506427049636841	147184579.12770396
2.509221315383911	149624775.93005583
2.512021541595459	147545325.6525611
2.5148282051086426	144200077.38079557
2.517641544342041	144886232.20275584
2.5204622745513916	145215606.99290636
2.5232906341552734	141732961.43489373
2.5261268615722656	138582110.19881445
2.5289716720581055	141907644.44471014
2.531825542449951	144369813.94526005
2.534688949584961	141135274.11029214
2.537562131881714	140684814.08881852
2.540445566177368	143081531.46394134
2.5433402061462402	141393664.71651348
2.546246290206909	138656386.41987723
2.549164056777954	138770671.99736226
2.5520944595336914	130874013.12822697
2.5550382137298584	104591617.04638015
