#wavelength	surface flux
0.6450077295303345	6936.662379236951
0.6472567915916443	10899.575155583087
0.6494921445846558	14185.502579588665
0.6517150402069092	16270.167711119737
0.6539263725280762	18443.529271623313
0.6561272740364075	20791.972220099648
0.6583186388015747	23326.804091126814
0.6605015397071838	26054.754343148976
0.6626768708229065	28977.221442681857
0.6648455858230591	32046.370112674726
0.6670085787773132	34446.000199925315
0.6691668033599854	34518.69968986591
0.6713210344314575	35765.58980225014
0.6734722256660461	42432.33021390187
0.6756211519241333	49957.30316940382
0.6777685880661011	55130.51222028811
0.6799154281616211	59719.052678428976
0.6820623278617859	64322.42242522206
0.6842101216316223	68964.28346294671
0.6863595843315125	73614.35611421363
0.688511312007904	78178.60110445078
0.6906660795211792	82391.6261065097
0.6928245425224304	86287.45433028821
0.6949873566627502	90550.58074347649
0.6971551775932312	95016.73775124154
0.6993286609649658	98939.46115693093
0.7015084028244019	102406.36377920039
0.7036949396133423	105430.7638983177
0.7058889269828796	107776.86527326817
0.7080909013748169	109443.38998484166
0.710301399230957	110518.98379425103
0.712520956993103	110834.90342658642
0.7147500514984131	109964.58445119786
0.7169892191886902	107872.69525088815
0.7192389369010925	104997.90759510949
0.7214996814727783	101330.68800346198
0.723771870136261	96471.19132764186
0.7260559797286987	90717.25496093939
0.7283523678779602	84476.8424923365
0.7306615710258484	78616.11447499203
0.7329838871955872	73479.19514583757
0.7353196740150452	67296.83465849143
0.7376693487167358	59803.42863948684
0.7400332689285278	52194.36510583117
0.7424117922782898	44796.61957947355
0.7448052167892456	37828.95981873471
0.7472138404846191	31321.007423779327
0.7496379613876343	25268.82810527306
0.7520779371261597	19821.012427004684
0.7545340061187744	15038.390017904841
0.7570064663887024	10925.539438104995
0.7594954967498779	7454.110846709257
0.7620013952255249	4544.5573583210335
0.7645244002342224	2255.073671644596
0.7670646905899048	969.2386214767319
0.7696225643157959	1026.8879877739946
0.7721980810165405	2734.167393790746
0.7747915983200073	6068.723002802209
0.7774031162261963	10247.478361230591
0.7800329327583313	15540.288857924777
0.7826811671257019	23865.086479544432
0.7853479981422424	35246.9107687495
0.7880334854125977	48242.97983735899
0.7907378077507019	57854.3324612705
0.7934610247612	60648.507444374794
0.7962033748626709	79446.74850797067
0.7989648580551147	122931.97423465834
0.801745593547821	166772.85735805857
0.8045456409454346	206256.5849069315
0.8073651194572449	247955.78960354204
0.8102040886878967	291961.80153652397
0.8130625486373901	343158.11880492733
0.8159406185150146	405883.6057561132
0.8188382983207703	478130.79825653555
0.8217556476593018	558634.8131630564
0.8246926665306091	644707.2481313993
0.8276493549346924	733273.3946280213
0.8306257724761963	831823.9197973261
0.8336219191551208	946929.5840007997
0.8366377949714661	1068900.0859431226
0.8396733403205872	1196705.8442818602
0.8427285552024841	1340613.491806833
0.8458034992218018	1483774.5643493908
0.8488980531692505	1537193.4654918285
0.8520121574401855	1561952.2582517054
0.8551458716392517	1831999.1939115007
0.8582990765571594	2242312.43214763
0.8614717125892639	2543105.6633870294
0.8646637797355652	2801605.1195831713
0.8678751587867737	3090501.350870531
0.8711057901382446	3404290.918530184
0.8743556141853333	3728672.5907557523
0.87762451171875	4054126.8828860736
0.8809124231338501	4364004.460290029
0.8842192888259888	4659398.478415089
0.8875449895858765	4887991.271613082
0.8908893465995789	4765134.142536957
0.894252359867096	4511633.931513095
0.8976338505744934	5147895.158370083
0.9010337591171265	6495364.397089435
0.9044519662857056	7570587.891832139
0.9078882932662964	8279730.911626264
0.9113426208496094	8791138.847949218
0.914814829826355	9159380.544664538
0.9183048605918884	9564923.793349573
0.9218124747276306	9659630.276314117
0.925337553024292	8367602.903351671
0.9288799166679382	6527067.525795266
0.9324395060539246	6065919.640970488
0.9360161423683167	6874438.1351432195
0.9396095871925354	7780412.009038226
0.943219780921936	7781448.1959313005
0.9468464851379395	6879148.585862799
0.9504896402359009	7241151.272180183
0.9541489481925964	9420472.449434133
0.9578243494033813	10365688.915634587
0.9615156054496765	9004529.665817956
0.9652225375175476	7863524.56207856
0.9689450263977051	9625876.663169455
0.9726828336715698	13151561.699594842
0.9764357805252075	15091744.195471274
0.9802037477493286	16053205.20581027
0.983986496925354	18034442.675947964
0.9877838492393494	20247590.985059086
0.9915955662727356	21852698.05023753
0.9954215884208679	22852567.748826355
0.9992615580558777	23060837.64102274
1.0031154155731201	23315831.903982
1.0069829225540161	24840351.218468055
1.0108637809753418	27353709.84661617
1.0147579908370972	29868302.41455244
1.018665075302124	31708770.723331746
1.022585153579712	32765414.237599984
1.0265177488327026	33791211.762564346
1.0304628610610962	35447938.65001464
1.0344202518463135	37388174.424867816
1.0383895635604858	39052919.391870104
1.0423706769943237	40365382.34275926
1.0463634729385376	41319213.0044081
1.0503677129745483	42239200.27802719
1.0543830394744873	43687581.77376542
1.058409333229065	45386988.39826568
1.0624464750289917	46699693.34045724
1.0664942264556885	47203828.39730703
1.0705522298812866	47218180.05673905
1.0746204853057861	47532857.09133325
1.0786986351013184	47881125.750994004
1.0827864408493042	47971532.47014952
1.086883783340454	46099620.44815407
1.0909905433654785	40450181.560233295
1.0951062440872192	33498573.36787932
1.0992310047149658	24955034.604417674
1.10336434841156	15036359.147238938
1.1075061559677124	9758380.696095003
1.1116561889648438	7907424.75993908
1.115814208984375	6235983.054732519
1.1199802160263062	6214359.469345264
1.124153733253479	6970680.974090242
1.1283347606658936	6469048.6757700285
1.1325229406356812	5311327.917061698
1.1367181539535522	7279056.424781705
1.1409201622009277	11543678.128334621
1.145128846168518	13351805.287557567
1.1493438482284546	11360929.167907078
1.1535650491714478	7721019.190021659
1.1577922105789185	6110611.061411714
1.1620250940322876	6864446.7959900405
1.1662636995315552	9133348.396140033
1.170507550239563	12143085.151580794
1.174756646156311	15833707.248510601
1.1790107488632202	20955814.102659497
1.1832695007324219	24780471.196684394
1.1875330209732056	25826050.469501223
1.191800832748413	30237046.044628996
1.1960728168487549	38473368.753454186
1.2003488540649414	43817506.36124541
1.2046287059783936	46627618.98429048
1.2089121341705322	48400526.77031096
1.2131990194320679	50301654.023979925
1.2174891233444214	54088491.529844925
1.2217823266983032	57751142.93943316
1.2260783910751343	60377933.90084245
1.230377197265625	62892610.66342623
1.2346785068511963	64823642.85604894
1.238982081413269	65642947.5091653
1.2432878017425537	66210543.03412048
1.2475954294204712	66972070.0605903
1.2519049644470215	67660265.2173926
1.256216049194336	71109107.57551195
1.2605286836624146	75035660.18961345
1.2648425102233887	75760950.4334017
1.2691574096679688	77051448.21100643
1.2734732627868652	79778437.43370388
1.2777899503707886	79592197.47896382
1.2821072340011597	76222623.78413148
1.2864248752593994	74032994.08544807
1.2907428741455078	72780584.93329614
1.2950609922409058	70303817.78233658
1.2993791103363037	63837924.23849319
1.303696870803833	58624939.73040569
1.3080145120620728	58382258.371035114
1.3123314380645752	58674720.264306545
1.3166478872299194	59132635.05188214
1.3209635019302368	53801439.03811702
1.3252781629562378	42202556.18969264
1.3295916318893433	28173487.282064844
1.3339040279388428	12876538.259674408
1.3382149934768677	3544459.8573810123
1.3425244092941284	1215723.4163055546
1.3468321561813354	832721.4821443971
1.3511382341384888	658122.2002692253
1.3554422855377197	472027.8175541562
1.3597444295883179	548240.908542046
1.3640443086624146	826817.1918501555
1.3683418035507202	839635.8547655066
1.3726370334625244	743023.2045940644
1.3769296407699585	886071.2880628726
1.381219506263733	776787.4353670346
1.3855066299438477	426772.54583104374
1.3897908926010132	410893.3228002456
1.3940720558166504	600085.3824213553
1.3983501195907593	589490.9068642535
1.4026249647140503	643072.5235008395
1.4068963527679443	786933.5742980685
1.4111642837524414	675313.6549391322
1.4154287576675415	565812.6367646948
1.419689416885376	549213.4296397659
1.4239463806152344	524828.4201250084
1.4281994104385376	463326.38874425966
1.4324485063552856	448827.63288024964
1.436693549156189	754549.2590682815
1.440934419631958	1422386.8592989098
1.4451709985733032	2582331.4240863416
1.449403166770935	3992489.7810787233
1.453631043434143	4422482.82987602
1.4578542709350586	4494950.207477568
1.4620729684829712	5554161.409191013
1.4662868976593018	6223167.9217315605
1.4704961776733398	4477850.071947701
1.4747005701065063	2446233.253845258
1.4788999557495117	3232370.1860589925
1.4830944538116455	5766989.97752485
1.4872838258743286	6629864.296739937
1.491468071937561	5504421.139200381
1.4956470727920532	5978784.89564755
1.4998208284378052	8950855.678129558
1.5039892196655273	10474992.663327273
1.5081522464752197	9139275.324246803
1.5123097896575928	9308819.841368215
1.5164618492126465	13222973.190421036
1.5206083059310913	18106465.37544435
1.5247491598129272	20615563.20728756
1.5288842916488647	21373118.191446558
1.5330137014389038	22920397.500034485
1.5371372699737549	24442598.36230609
1.541254997253418	24676292.325246323
1.545366883277893	25791146.240227297
1.5494728088378906	27797406.29326917
1.5535727739334106	29356685.78258186
1.5576666593551636	31154340.996074766
1.561754584312439	33551571.080039438
1.5658363103866577	35832099.14571612
1.5699119567871094	36794188.419758596
1.5739814043045044	36391817.65404256
1.5780447721481323	36378577.4277694
1.582101821899414	37602036.13467481
1.5861525535583496	38642370.35144986
1.5901970863342285	37993138.590851575
1.5942351818084717	36052494.41762554
1.5982669591903687	34701169.7325144
1.6022924184799194	33418563.128341418
1.606311559677124	31509572.223086264
1.6103241443634033	30524072.848179024
1.6143304109573364	28876960.84245002
1.6183301210403442	25653814.29550969
1.6223233938217163	23082450.280826986
1.6263102293014526	21463558.909729797
1.6302905082702637	21405795.57064861
1.634264349937439	23580798.15591198
1.638231635093689	26076981.57302012
1.6421923637390137	26054599.505214036
1.646146535873413	22103823.439936507
1.6500942707061768	18955355.80762205
1.6540353298187256	20014008.385853942
1.6579699516296387	21098219.178338632
1.661897897720337	19389147.79603247
1.6658192873001099	13983842.791747496
1.6697341203689575	9910428.79838943
1.6736423969268799	11536915.630672084
1.677544116973877	13289537.871174475
1.6814392805099487	12967574.479678523
1.6853278875350952	11863705.124189068
1.6892099380493164	10357332.013062755
1.6930854320526123	9196205.299413748
1.696954369544983	8094042.928901314
1.7008168697357178	7355097.664353272
1.7046726942062378	7306637.34939871
1.708522081375122	8238840.855677649
1.712364912033081	9113045.133268116
1.7162011861801147	9253481.929849967
1.7200311422348022	9830145.667985426
1.723854422569275	9902513.294281434
1.7276713848114014	8805293.418909095
1.731481909751892	7943937.433866144
1.7352858781814575	7812593.733577204
1.7390835285186768	8044494.964287503
1.7428747415542603	7972003.201744869
1.7466596364974976	6742803.548654228
1.7504380941390991	5275151.741006017
1.7542102336883545	5265561.208829735
1.7579760551452637	6312062.453535448
1.7617355585098267	6908289.481271275
1.7654887437820435	6332937.04915121
1.7692357301712036	4808422.557097372
1.7729763984680176	3276492.6838178085
1.776710867881775	2236197.4428740987
1.7804391384124756	1901823.6703233856
1.7841613292694092	1946193.9352951841
1.7878772020339966	1936357.393860292
1.7915871143341064	2459384.6581304534
1.7952908277511597	2919551.7398145576
1.7989884614944458	2528916.5388723677
1.8026801347732544	1754867.6940127865
1.806365728378296	1295067.2959588845
1.8100452423095703	1151669.9826457293
1.8137187957763672	918078.308631076
1.817386507987976	653347.3790578538
1.8210482597351074	980006.6380133576
1.8247040510177612	1664259.405426179
1.828354001045227	1622499.3308658877
1.8319982290267944	1045701.5921816797
1.8356364965438843	1009988.5425186343
1.8392690420150757	1643262.5315779615
1.8428958654403687	2191606.151097161
1.8465168476104736	2134451.6586118457
1.8501322269439697	1676868.3619254737
1.8537418842315674	1330121.3451179347
1.8573459386825562	1328967.6482571396
1.860944390296936	1082202.940709147
1.864537239074707	527281.7050346545
1.8681244850158691	289325.20554908115
1.871706247329712	488526.93644680694
1.8752825260162354	991465.0925130172
1.8788533210754395	1441856.571389031
1.8824186325073242	1741270.1343142735
1.8859784603118896	2284405.553330526
1.8895330429077148	2787810.584517659
1.8930821418762207	2379327.67006071
1.8966259956359863	1631645.8970478016
1.9001644849777222	1277460.4641119312
1.9036977291107178	1046850.245161701
1.9072256088256836	1409500.7224834398
1.9107483625411987	1790169.052208661
1.9142658710479736	1243974.7786609589
1.9177782535552979	919469.5603225793
1.9212853908538818	868227.3441358684
1.9247875213623047	461817.54114097956
1.9282845258712769	336920.05826367013
1.9317764043807983	773174.5061860791
1.9352631568908691	1453591.3472646459
1.9387450218200684	1577451.9766501398
1.942221760749817	1088717.410484164
1.9456936120986938	734989.0510717415
1.9491604566574097	646975.9781326769
1.952622413635254	740522.7339449746
1.956079363822937	1173517.4955386408
1.959531545639038	1785548.2336962256
1.962978720664978	1819894.8385331726
1.966421127319336	1615678.1469412388
1.9698586463928223	1957091.4057171976
1.9732913970947266	2304886.690374788
1.9767193794250488	2476889.0277991397
1.9801424741744995	2745149.567408355
1.9835609197616577	2899779.2256323625
1.9869745969772339	3139849.2337467587
1.990383505821228	3315534.8061134433
1.9937876462936401	3213182.4763014847
1.9971871376037598	2745742.4643038525
2.000581979751587	2313419.6062346282
2.003972291946411	2929760.879496304
2.007357597351074	3916150.42112235
2.0107386112213135	4351306.495733797
2.0141148567199707	4217902.945687874
2.017486572265625	3754734.6719183605
2.0208535194396973	3619441.2802034607
2.0242159366607666	3796029.45315376
2.027573823928833	3851233.9977437994
2.0309269428253174	3796225.032534134
2.034275770187378	4184024.406789665
2.0376198291778564	5097790.40442396
2.040959596633911	5721346.611357192
2.044294595718384	5879387.049542198
2.0476250648498535	5839164.602901004
2.0509510040283203	5567246.17528329
2.054272413253784	5346685.967923596
2.057589530944824	5508794.156939661
2.0609018802642822	5810128.759900925
2.0642096996307373	5972851.673302602
2.0675129890441895	5996888.177230894
2.0708119869232178	5931516.286600339
2.074106216430664	5834734.917058313
2.0773961544036865	5812732.036414063
2.080681324005127	5836608.571831323
2.0839622020721436	5794910.358547664
2.087238311767578	5706190.731128578
2.090510129928589	5646765.037112026
2.0937774181365967	5622710.817492721
2.0970399379730225	5549989.439182957
2.1002981662750244	5383725.128680362
2.1035518646240234	5264059.200909873
2.1068007946014404	5260949.26043091
2.1100454330444336	5258226.733540458
2.1132853031158447	5167144.580026307
2.116520881652832	4962183.9662090605
2.1197516918182373	4743029.82643131
2.1229779720306396	4607158.832095536
2.12619948387146	4510203.427952801
2.1294167041778564	4477587.2596910475
2.132629156112671	4507034.879355288
2.1358368396759033	4378399.7498482205
2.139039993286133	4156761.11486473
2.1422386169433594	3977920.059408681
2.145432472229004	3807590.9196848576
2.1486217975616455	3665835.636594283
2.151806354522705	3463867.989963122
2.1549863815307617	3414547.10586501
2.1581614017486572	3589708.157033107
2.16133189201355	3678294.286248618
2.1644976139068604	3608043.0998750986
2.167658567428589	3374257.706132606
2.1708147525787354	3196029.9772037733
2.173966407775879	3330765.392637163
2.1771130561828613	3569441.2451431407
2.1802549362182617	3556301.035844527
2.183391809463501	3277811.644617115
2.1865241527557373	3001644.0130499806
2.1896514892578125	2816144.911303751
2.1927738189697266	2488267.382465048
2.1958916187286377	1842235.372330337
2.1990041732788086	1138460.4336111038
2.2021119594573975	786945.7866521248
2.2052149772644043	826489.860606413
2.208312749862671	1055602.6426530923
2.2114057540893555	1365748.157530598
2.214493751525879	1559817.44072508
2.217576742172241	1386640.8082995666
2.2206547260284424	1063365.7625638205
2.2237277030944824	871127.539137795
2.2267956733703613	734613.3566350696
2.2298583984375	629988.1240818951
2.2329163551330566	596041.6346226182
2.235969066619873	631002.574741178
2.2390167713165283	637353.7295352444
2.2420592308044434	557238.2302723124
2.2450966835021973	473921.558941929
2.248128890991211	447641.01877917274
2.2511560916900635	479279.3462458961
2.254178285598755	596406.9708368229
2.257194995880127	806500.9225650525
2.260206699371338	798390.1864565341
2.2632133960723877	482594.40848760924
2.266214609146118	352894.80870308226
2.2692108154296875	603486.0252249544
2.2722020149230957	863727.8150991133
2.2751877307891846	829030.5631138658
2.278168201446533	677826.2490649804
2.2811436653137207	653828.5077462267
2.284113883972168	644414.7993230947
2.287078857421875	516715.81993806775
2.290038824081421	398660.295350456
2.2929933071136475	390310.08300666383
2.295942783355713	408234.6409340267
2.298887014389038	431440.697292197
2.301826238632202	516525.0682242771
2.304760217666626	707783.0449900529
2.3076889514923096	996953.3144459117
2.310612440109253	1291953.5886548166
2.3135311603546143	1499019.0323440891
2.3164443969726562	1341508.603026589
2.319352865219116	772398.2800391377
2.322256088256836	371569.1032207018
2.3251543045043945	315051.1910691806
2.328047275543213	306894.33163710224
2.330935478210449	280729.5914873688
2.3338186740875244	243135.94551762854
2.3366971015930176	197863.55043051566
2.3395702838897705	167961.827336056
2.3424389362335205	154771.2447108586
2.3453025817871094	143954.10298987175
2.348161458969116	140578.76889044757
2.351015567779541	216446.0137001699
2.353865146636963	444622.2555623273
2.3567099571228027	742204.9962050722
2.3595502376556396	946362.7168748602
2.3623859882354736	935899.2676672232
2.3652172088623047	669871.7749493329
2.368043899536133	335891.6657303759
2.370866537094116	160177.49013103935
2.3736846446990967	142898.6933130861
2.3764986991882324	165301.12808643398
2.3793084621429443	187203.04125276758
2.3821144104003906	255427.71396276695
2.384916305541992	370186.0639121119
2.387714147567749	430493.3030952422
2.3905084133148193	384590.6605926194
2.393299102783203	322430.8856931314
2.3960859775543213	284676.4622128484
2.398869514465332	290091.2129909262
2.4016497135162354	405094.96411618334
2.4044265747070312	631651.9141186128
2.407200336456299	810333.3346762074
2.409970998764038	803164.0338469777
2.4127390384674072	722705.070368914
2.415503978729248	725936.1628262791
2.418266534805298	819995.8501979521
2.4210267066955566	887616.658518764
2.4237842559814453	836438.4416091857
2.426539897918701	806560.5478664654
2.429293394088745	970407.472785621
2.4320452213287354	1152119.8265900495
2.4347951412200928	1126870.4588515877
2.4375438690185547	1050847.8263704393
2.440291166305542	1098391.4640827733
2.443037271499634	1125986.0266448895
2.445782423019409	1065882.7876737898
2.4485268592834473	1066882.091123089
2.451270818710327	1184380.8645321864
2.454014539718628	1330060.5551889976
2.4567582607269287	1398927.8040456034
2.4595019817352295	1425356.8107886887
2.4622461795806885	1582560.5984337567
2.4649908542633057	1801147.455447701
2.4677364826202393	1783204.809312667
2.4704833030700684	1450411.6690132737
2.473231554031372	1006787.7427480401
2.4759814739227295	683370.0982601686
2.4787333011627197	522259.58060523606
2.481487512588501	448001.12833353673
2.4842441082000732	420645.4123958163
2.4870035648345947	422490.3598177407
2.4897661209106445	452012.65008103376
2.492532253265381	586151.7444005281
2.495302200317383	752165.1675735152
2.4980762004852295	769868.1246750219
2.500854969024658	967377.7428982918
2.50363826751709	1400475.2604174784
2.506427049636841	1438435.598324248
2.509221315383911	974040.898169378
2.512021541595459	476377.3871125752
2.5148282051086426	346705.8065782349
2.517641544342041	610916.6476349541
2.5204622745513916	764011.0078588425
2.5232906341552734	577919.6582313591
2.5261268615722656	404818.4812826684
2.5289716720581055	315967.5410824482
2.531825542449951	222135.92346404793
2.534688949584961	355435.4200394761
2.537562131881714	800045.3966287116
2.540445566177368	999192.8424040301
2.5433402061462402	685936.3215248866
2.546246290206909	419227.04916071374
2.549164056777954	591892.9999889991
2.5520944595336914	896302.2606456162
2.5550382137298584	861487.1206084926
