#wavelength	surface flux
0.6450077295303345	1733865.0390676837
0.6472567915916443	2698721.7919973535
0.6494921445846558	3472647.81982146
0.6517150402069092	3900287.833097827
0.6539263725280762	4290837.0831429
0.6561272740364075	4668414.068286125
0.6583186388015747	5060437.235829201
0.6605015397071838	5395131.195691442
0.6626768708229065	5478165.67795065
0.6648455858230591	5437360.785444949
0.6670085787773132	4932042.302962098
0.6691668033599854	3511100.7154411264
0.6713210344314575	2760491.2853282047
0.6734722256660461	4263334.268235128
0.6756211519241333	6660123.333381999
0.6777685880661011	8216556.1236890815
0.6799154281616211	8909841.145187544
0.6820623278617859	9379838.010778809
0.6842101216316223	9894675.079873156
0.6863595843315125	10237411.976541381
0.688511312007904	10333897.822048921
0.6906660795211792	10439076.923764046
0.6928245425224304	10987592.012501469
0.6949873566627502	12262567.075302722
0.6971551775932312	13997188.396577794
0.6993286609649658	15332724.284056917
0.7015084028244019	15847237.54900011
0.7036949396133423	15902633.19930295
0.7058889269828796	15854988.637317311
0.7080909013748169	15795193.940918213
0.710301399230957	15657600.658440916
0.712520956993103	15422957.735493347
0.7147500514984131	15041073.928863013
0.7169892191886902	14469101.841352444
0.7192389369010925	13823222.034576472
0.7214996814727783	13106712.915244706
0.723771870136261	12302830.243544474
0.7260559797286987	11446589.046112623
0.7283523678779602	10524864.767768297
0.7306615710258484	9638905.490976544
0.7329838871955872	8825622.848151006
0.7353196740150452	7923843.355508694
0.7376693487167358	6929723.564217038
0.7400332689285278	5968729.723156354
0.7424117922782898	5062583.925510119
0.7448052167892456	4218767.92126238
0.7472138404846191	3439358.778592905
0.7496379613876343	2722700.821862736
0.7520779371261597	2080294.3632500693
0.7545340061187744	1516061.0585508565
0.7570064663887024	1032546.4026259297
0.7594954967498779	633823.9580203701
0.7620013952255249	325576.2237386707
0.7645244002342224	122449.1618137105
0.7670646905899048	31342.253315812457
0.7696225643157959	34064.24549622532
0.7721980810165405	146497.36729279545
0.7747915983200073	404696.25548451865
0.7774031162261963	755637.7095531384
0.7800329327583313	1215721.5312351228
0.7826811671257019	1978515.250092102
0.7853479981422424	3010671.8565876624
0.7880334854125977	4115266.4825895196
0.7907378077507019	4817095.457847742
0.7934610247612	4793498.478866548
0.7962033748626709	6083019.0189547455
0.7989648580551147	9489101.722228657
0.801745593547821	12864989.153110908
0.8045456409454346	15643932.130762868
0.8073651194572449	18337069.882992163
0.8102040886878967	21129276.384746615
0.8130625486373901	24041834.398217496
0.8159406185150146	25920209.921016697
0.8188382983207703	27662630.542211454
0.8217556476593018	33114547.061556384
0.8246926665306091	40481975.63402528
0.8276493549346924	46141505.9598006
0.8306257724761963	51573619.25906799
0.8336219191551208	57850952.78446114
0.8366377949714661	63597596.380535156
0.8396733403205872	68566653.89326434
0.8427285552024841	74062504.46191262
0.8458034992218018	78939581.8023582
0.8488980531692505	77039290.35039444
0.8520121574401855	73205129.3685299
0.8551458716392517	85223283.87245616
0.8582990765571594	96940894.95865528
0.8614717125892639	78633586.33542974
0.8646637797355652	54587862.96768119
0.8678751587867737	50767497.16719804
0.8711057901382446	51623843.49032164
0.8743556141853333	53862857.4364312
0.87762451171875	64290942.66871047
0.8809124231338501	74905342.22663434
0.8842192888259888	80110252.32705365
0.8875449895858765	78771030.97538495
0.8908893465995789	75461818.9082576
0.894252359867096	80170676.92884393
0.8976338505744934	91747528.58089085
0.9010337591171265	107322375.82107683
0.9044519662857056	124523496.22508094
0.9078882932662964	135308094.58312845
0.9113426208496094	141402351.86781603
0.914814829826355	147224133.79316643
0.9183048605918884	156146918.37561807
0.9218124747276306	157381216.51030523
0.925337553024292	140997166.30599675
0.9288799166679382	131451032.97821046
0.9324395060539246	135592091.55433235
0.9360161423683167	138734867.58785766
0.9396095871925354	136180299.66820824
0.943219780921936	132749432.35627104
0.9468464851379395	132400770.29187298
0.9504896402359009	146957882.70091322
0.9541489481925964	176451354.40127766
0.9578243494033813	186052192.44295445
0.9615156054496765	162778327.97320595
0.9652225375175476	135372652.3899842
0.9689450263977051	148468082.20022437
0.9726828336715698	195444339.87434337
0.9764357805252075	217226765.50606036
0.9802037477493286	213633520.88910088
0.983986496925354	219543106.59111658
0.9877838492393494	204094854.45600694
0.9915955662727356	159534152.92839745
0.9954215884208679	135254328.96528557
0.9992615580558777	119862805.78160778
1.0031154155731201	101277356.6466625
1.0069829225540161	101510964.70177911
1.0108637809753418	119727410.54008515
1.0147579908370972	146953012.11894676
1.018665075302124	163629069.66171575
1.022585153579712	156796657.89292273
1.0265177488327026	148979254.94636402
1.0304628610610962	166340793.58282143
1.0344202518463135	199891211.74700505
1.0383895635604858	217345807.33547473
1.0423706769943237	214356060.28001854
1.0463634729385376	219813594.5902911
1.0503677129745483	234386576.0660606
1.0543830394744873	249609572.1246281
1.058409333229065	258680650.2536381
1.0624464750289917	263929618.52450806
1.0664942264556885	281001384.0252612
1.0705522298812866	300956141.8414404
1.0746204853057861	312730801.82666385
1.0786986351013184	322443874.8596239
1.0827864408493042	329753886.44198674
1.086883783340454	315828654.84883374
1.0909905433654785	278873042.92289025
1.0951062440872192	245062064.77967265
1.0992310047149658	201084054.23384687
1.10336434841156	136732532.47051692
1.1075061559677124	103763038.95092915
1.1116561889648438	97633111.33309823
1.115814208984375	87549250.25274663
1.1199802160263062	88001986.18475261
1.124153733253479	93949831.68923849
1.1283347606658936	81412481.04949759
1.1325229406356812	61914988.95373435
1.1367181539535522	73337959.50445892
1.1409201622009277	114153430.7397945
1.145128846168518	144341248.3331307
1.1493438482284546	134811164.97642422
1.1535650491714478	112400871.47626524
1.1577922105789185	106529109.97791384
1.1620250940322876	106341074.9168049
1.1662636995315552	114233560.22766533
1.170507550239563	120889876.22184938
1.174756646156311	125482689.26433355
1.1790107488632202	150200815.28283668
1.1832695007324219	173184970.6825284
1.1875330209732056	169724593.81157142
1.191800832748413	190285331.98346806
1.1960728168487549	235653296.51713303
1.2003488540649414	252675444.51892003
1.2046287059783936	262189317.8983014
1.2089121341705322	272115662.50479436
1.2131990194320679	283918626.75448674
1.2174891233444214	313274433.7181463
1.2217823266983032	334149923.33581704
1.2260783910751343	339851176.47249216
1.230377197265625	350736648.97372353
1.2346785068511963	359854853.70728624
1.238982081413269	341851276.5845392
1.2432878017425537	311547667.3509276
1.2475954294204712	300451212.06454927
1.2519049644470215	302138740.0384567
1.256216049194336	350461103.467535
1.2605286836624146	403277903.53321826
1.2648425102233887	402680717.8687694
1.2691574096679688	417689740.1860345
1.2734732627868652	449754148.2163405
1.2777899503707886	449477360.5782685
1.2821072340011597	429728673.2347052
1.2864248752593994	422638450.08681685
1.2907428741455078	424163344.5781393
1.2950609922409058	417847094.41845405
1.2993791103363037	379090922.8608334
1.303696870803833	343767804.5847287
1.3080145120620728	347650387.0363471
1.3123314380645752	358568303.8370026
1.3166478872299194	354741267.17773634
1.3209635019302368	311494320.750473
1.3252781629562378	253647566.90041518
1.3295916318893433	191901203.16949493
1.3339040279388428	101980507.76683599
1.3382149934768677	36956775.75253748
1.3425244092941284	21018536.32586965
1.3468321561813354	19847320.969645575
1.3511382341384888	19274644.240400344
1.3554422855377197	16046182.600343676
1.3597444295883179	19355030.728005502
1.3640443086624146	27309318.250108924
1.3683418035507202	25149076.92079086
1.3726370334625244	20555486.14082736
1.3769296407699585	22549443.589339014
1.381219506263733	19131460.922804452
1.3855066299438477	12309767.19317666
1.3897908926010132	13034199.85649205
1.3940720558166504	17584280.779818684
1.3983501195907593	17277353.084582664
1.4026249647140503	16659345.271495357
1.4068963527679443	19846419.089887746
1.4111642837524414	23264649.02568204
1.4154287576675415	25066877.106522914
1.419689416885376	23099841.216915097
1.4239463806152344	21075606.81269109
1.4281994104385376	17997534.44429417
1.4324485063552856	13922043.569909489
1.436693549156189	15440132.22102709
1.440934419631958	21036189.323609628
1.4451709985733032	29579543.64286537
1.449403166770935	38913868.6738192
1.453631043434143	38354153.84270146
1.4578542709350586	33913482.467728265
1.4620729684829712	39968794.5331754
1.4662868976593018	47347176.291408114
1.4704961776733398	38940336.61256084
1.4747005701065063	27648052.059277847
1.4788999557495117	32482160.978414435
1.4830944538116455	47662579.4954493
1.4872838258743286	53839388.01313737
1.491468071937561	46438896.78940182
1.4956470727920532	44819825.51250318
1.4998208284378052	54444381.299886525
1.5039892196655273	58833288.87547544
1.5081522464752197	53050557.73622729
1.5123097896575928	56420789.588214226
1.5164618492126465	77994420.87030172
1.5206083059310913	99652991.52871603
1.5247491598129272	102245334.13521864
1.5288842916488647	98355246.50430067
1.5330137014389038	105405217.85678348
1.5371372699737549	110225869.47180708
1.541254997253418	106681613.36819221
1.545366883277893	110733601.87959516
1.5494728088378906	117347952.7359468
1.5535727739334106	119261720.47523792
1.5576666593551636	124913813.99705152
1.561754584312439	136433292.3603723
1.5658363103866577	150384369.890786
1.5699119567871094	156269934.26613414
1.5739814043045044	156179972.05468765
1.5780447721481323	165371721.8413207
1.582101821899414	180837332.2656955
1.5861525535583496	189507659.1758886
1.5901970863342285	186201630.18241188
1.5942351818084717	179007552.08220398
1.5982669591903687	185391969.74702516
1.6022924184799194	195958357.65446794
1.606311559677124	192200960.04110086
1.6103241443634033	192059363.55334952
1.6143304109573364	197256227.46731788
1.6183301210403442	192970903.05366176
1.6223233938217163	191948551.7837185
1.6263102293014526	197339607.37427318
1.6302905082702637	200066381.5976778
1.634264349937439	201453457.1953197
1.638231635093689	206217352.2153574
1.6421923637390137	212033476.37896112
1.646146535873413	210242818.7882978
1.6500942707061768	201346974.35856313
1.6540353298187256	194188703.32442454
1.6579699516296387	189713313.1529043
1.661897897720337	183578225.37055516
1.6658192873001099	166696231.37749797
1.6697341203689575	155071002.39737543
1.6736423969268799	171318824.8575008
1.677544116973877	189769720.18501312
1.6814392805099487	189767022.56215432
1.6853278875350952	179266496.4256526
1.6892099380493164	159933460.0506577
1.6930854320526123	137372006.96275878
1.696954369544983	130093731.46919475
1.7008168697357178	135467812.58014205
1.7046726942062378	135607548.2745021
1.708522081375122	128024260.13280368
1.712364912033081	116365855.90149629
1.7162011861801147	109876626.44633284
1.7200311422348022	110855619.0008398
1.723854422569275	109301650.66967766
1.7276713848114014	99009123.95493764
1.731481909751892	80791993.05791643
1.7352858781814575	69710971.32341243
1.7390835285186768	71709590.15042442
1.7428747415542603	71232458.92769535
1.7466596364974976	60430830.608619586
1.7504380941390991	51473684.60076294
1.7542102336883545	52373790.768408634
1.7579760551452637	61582932.91034858
1.7617355585098267	80683324.54028964
1.7654887437820435	89755340.35394394
1.7692357301712036	71069581.24349435
1.7729763984680176	47584586.84781834
1.776710867881775	32514401.39696312
1.7804391384124756	25820486.682835944
1.7841613292694092	25749336.282027494
1.7878772020339966	25326407.37598296
1.7915871143341064	32545415.42738565
1.7952908277511597	42018330.17689454
1.7989884614944458	39899942.51393218
1.8026801347732544	29459583.537266932
1.806365728378296	20706416.594128568
1.8100452423095703	18609029.952704877
1.8137187957763672	18147470.754937373
1.817386507987976	15572273.548483543
1.8210482597351074	23292320.209321596
1.8247040510177612	37501780.660202146
1.828354001045227	34857983.783049546
1.8319982290267944	22311151.1219966
1.8356364965438843	22157655.73206354
1.8392690420150757	29408849.404845893
1.8428958654403687	29765942.231378883
1.8465168476104736	26167275.327358074
1.8501322269439697	24910045.716898214
1.8537418842315674	22159562.284431
1.8573459386825562	19278608.699878942
1.860944390296936	15917934.567420721
1.864537239074707	10742561.50875554
1.8681244850158691	9466868.605364481
1.871706247329712	14526727.068079738
1.8752825260162354	20835216.538476367
1.8788533210754395	21118363.089857075
1.8824186325073242	19929588.580819257
1.8859784603118896	25974263.183646172
1.8895330429077148	33530921.172762044
1.8930821418762207	30502989.86340246
1.8966259956359863	23913164.969358385
1.9001644849777222	21396024.9763456
1.9036977291107178	18215937.871153425
1.9072256088256836	22283468.665809803
1.9107483625411987	27208587.779782567
1.9142658710479736	21239722.162201677
1.9177782535552979	19167381.77085799
1.9212853908538818	18259284.322626043
1.9247875213623047	10380382.605767913
1.9282845258712769	7891814.644415357
1.9317764043807983	15772990.335854251
1.9352631568908691	27879824.101309758
1.9387450218200684	29261952.692108735
1.942221760749817	19188508.37727849
1.9456936120986938	12644132.952447496
1.9491604566574097	11974453.88779895
1.952622413635254	15943476.748779358
1.956079363822937	27382263.930865385
1.959531545639038	36713340.913589895
1.962978720664978	30573456.95802116
1.966421127319336	22131546.307851683
1.9698586463928223	24245780.066916317
1.9732913970947266	26244137.334937293
1.9767193794250488	25719930.416465975
1.9801424741744995	26699799.722361542
1.9835609197616577	27082630.608289424
1.9869745969772339	30973866.141364202
1.990383505821228	34664872.05193784
1.9937876462936401	32715003.637011636
1.9971871376037598	27787444.295103084
2.000581979751587	24383009.635511473
2.003972291946411	28840685.64820617
2.007357597351074	34464107.26029163
2.0107386112213135	36316138.720021054
2.0141148567199707	35317122.75543342
2.017486572265625	31392463.74996582
2.0208535194396973	32708653.834966294
2.0242159366607666	38352237.30018921
2.027573823928833	38920634.73734603
2.0309269428253174	37420278.50907979
2.034275770187378	40761293.338587284
2.0376198291778564	48287344.84748542
2.040959596633911	55249916.83282425
2.044294595718384	57577202.30616827
2.0476250648498535	58089937.46789073
2.0509510040283203	56306102.59744876
2.054272413253784	51205336.945075415
2.057589530944824	51852466.78713566
2.0609018802642822	59764951.58197504
2.0642096996307373	65707891.34173757
2.0675129890441895	67709205.95543067
2.0708119869232178	68284706.49688363
2.074106216430664	68035664.63667618
2.0773961544036865	70408854.80887097
2.080681324005127	73920304.850547
2.0839622020721436	74475241.8721346
2.087238311767578	72849374.9036704
2.090510129928589	71169006.46041478
2.0937774181365967	72068804.29582022
2.0970399379730225	74341673.30384003
2.1002981662750244	73221692.9305391
2.1035518646240234	71346217.31594346
2.1068007946014404	72670851.44566487
2.1100454330444336	74197764.59741431
2.1132853031158447	74168172.83438626
2.116520881652832	73071070.60886087
2.1197516918182373	71910055.74980803
2.1229779720306396	71673900.34209421
2.12619948387146	71127636.71038343
2.1294167041778564	70478281.2922418
2.132629156112671	71246334.33299896
2.1358368396759033	71212513.7798021
2.139039993286133	69632702.44253807
2.1422386169433594	68764905.91542783
2.145432472229004	68517481.88918002
2.1486217975616455	67509202.36251396
2.151806354522705	65604543.706486754
2.1549863815307617	65212944.99972987
2.1581614017486572	66522901.851531394
2.16133189201355	67437814.43134877
2.1644976139068604	67640507.50344992
2.167658567428589	66110961.87589296
2.1708147525787354	63022175.26490684
2.173966407775879	60743717.51110265
2.1771130561828613	60257377.898415424
2.1802549362182617	60352845.07085255
2.183391809463501	59412390.0885044
2.1865241527557373	57618449.60394758
2.1896514892578125	55853942.962447435
2.1927738189697266	52678429.88470995
2.1958916187286377	46170093.71006319
2.1990041732788086	39189828.39886534
2.2021119594573975	35850152.00557463
2.2052149772644043	34657256.31233227
2.208312749862671	33900098.538224146
2.2114057540893555	35737006.165839
2.214493751525879	38842716.38145255
2.217576742172241	39077182.658415794
2.2206547260284424	37936851.76708108
2.2237277030944824	36323641.47232201
2.2267956733703613	32386714.953245223
2.2298583984375	28864405.25573715
2.2329163551330566	28401260.198383447
2.235969066619873	29978005.062832862
2.2390167713165283	30509327.12829525
2.2420592308044434	28699763.36657637
2.2450966835021973	26711605.247617938
2.248128890991211	26177098.70910721
2.2511560916900635	27026302.083741862
2.254178285598755	29350617.817325298
2.257194995880127	32494889.5711126
2.260206699371338	30971168.67996108
2.2632133960723877	23727287.11832329
2.266214609146118	20215937.579585426
2.2692108154296875	24555170.19404986
2.2722020149230957	29382825.438995957
2.2751877307891846	29526242.80569993
2.278168201446533	28206401.489336193
2.2811436653137207	27647806.041586943
2.284113883972168	25929880.245453604
2.287078857421875	23119962.374150027
2.290038824081421	21792193.402416535
2.2929933071136475	21841395.982086953
2.295942783355713	20974778.797187675
2.298887014389038	20483265.18364174
2.301826238632202	22102964.870474413
2.304760217666626	22667939.430868443
2.3076889514923096	22995580.645673625
2.310612440109253	28321166.62220553
2.3135311603546143	34526206.96389594
2.3164443969726562	32292953.552115973
2.319352865219116	22815782.13048577
2.322256088256836	15413404.624003638
2.3251543045043945	11885370.054408327
2.328047275543213	10482730.787023107
2.330935478210449	11739674.384090507
2.3338186740875244	12675269.982260076
2.3366971015930176	11707273.969026169
2.3395702838897705	10638274.23411478
2.3424389362335205	10605913.906696256
2.3453025817871094	11251591.744492251
2.348161458969116	11782508.071762647
2.351015567779541	13673395.18539256
2.353865146636963	18892703.249335837
2.3567099571228027	25266578.640255593
2.3595502376556396	28566972.332286876
2.3623859882354736	26888059.5089018
2.3652172088623047	21241776.068462644
2.368043899536133	14795611.44705717
2.370866537094116	11136340.61685688
2.3736846446990967	11724599.577744031
2.3764986991882324	13337217.67343968
2.3793084621429443	12836815.720996134
2.3821144104003906	11395886.46754425
2.384916305541992	11905355.655678218
2.387714147567749	14846596.095835157
2.3905084133148193	16992798.653963275
2.393299102783203	16710508.35207912
2.3960859775543213	15147910.597829336
2.398869514465332	14257592.10434068
2.4016497135162354	15457306.559903393
2.4044265747070312	18268982.13839517
2.407200336456299	19957042.91233441
2.409970998764038	18352739.73151627
2.4127390384674072	15368396.605905056
2.415503978729248	13739873.57660381
2.418266534805298	13475318.713186689
2.4210267066955566	13730238.69976822
2.4237842559814453	14273222.90648036
2.426539897918701	15217395.013929045
2.429293394088745	16520728.61778255
2.4320452213287354	17267860.222914036
2.4347951412200928	16516292.699798016
2.4375438690185547	14930051.334497577
2.440291166305542	14059927.323971478
2.443037271499634	14428095.119700518
2.445782423019409	16266630.979092788
2.4485268592834473	18474084.641372878
2.451270818710327	18168764.372979093
2.454014539718628	16302458.155450057
2.4567582607269287	15632252.355216421
2.4595019817352295	15503001.078044886
2.4622461795806885	16939303.43641043
2.4649908542633057	18903295.73434594
2.4677364826202393	17087367.04502074
2.4704833030700684	12382416.407541815
2.473231554031372	8300557.954190749
2.4759814739227295	6165660.66667721
2.4787333011627197	5532127.703449161
2.481487512588501	6057879.131676125
2.4842441082000732	7524785.371564977
2.4870035648345947	8385920.113229931
2.4897661209106445	7813091.115892958
2.492532253265381	8081321.991670473
2.495302200317383	9385604.783059431
2.4980762004852295	9252846.43406892
2.500854969024658	10507693.622530757
2.50363826751709	13695503.454779549
2.506427049636841	13594099.016076751
2.509221315383911	9993537.396310452
2.512021541595459	6071837.882535629
2.5148282051086426	4595126.885888382
2.517641544342041	6470346.309067556
2.5204622745513916	7995817.796265349
2.5232906341552734	7082366.248788983
2.5261268615722656	6572254.176263538
2.5289716720581055	6454056.332407756
2.531825542449951	4892935.530977939
2.534688949584961	4947521.086809959
2.537562131881714	8716367.208238494
2.540445566177368	10941232.941882577
2.5433402061462402	8315415.198914536
2.546246290206909	5578433.943873948
2.549164056777954	7064326.349023523
2.5520944595336914	9938827.462930268
2.5550382137298584	9294320.510606803
