#wavelength	surface_flux
0.001	2.3227902799640947e-96
0.00101	2.3227902799640943e-96
0.0010201000000000001	2.322790279964094e-96
0.0010303010000000002	2.3227902799640947e-96
0.00104060401	2.3227902799640947e-96
0.0010510100501000001	2.3227902799640943e-96
0.0010615201506010002	2.322790279964095e-96
0.00107213535210701	2.3227902799640943e-96
0.0010828567056280802	2.322790279964095e-96
0.0010936852726843608	2.322790279964095e-96
0.0011046221254112046	2.322790279964095e-96
0.0011156683466653167	2.3227902799640947e-96
0.0011268250301319698	2.3227902799640947e-96
0.0011380932804332896	2.322790279964095e-96
0.0011494742132376226	2.3227902799640947e-96
0.0011609689553699987	2.3227902799640943e-96
0.0011725786449236987	2.3227902799640947e-96
0.0011843044313729356	2.3227902799640947e-96
0.001196147475686665	2.322790279964095e-96
0.0012081089504435317	2.3227902799640947e-96
0.0012201900399479671	2.322790279964095e-96
0.0012323919403474468	2.3227902799640955e-96
0.0012447158597509213	2.3227902799640947e-96
0.0012571630183484304	2.3227902799640947e-96
0.0012697346485319148	2.3227902799640955e-96
0.0012824319950172339	2.3227902799640947e-96
0.0012952563149674064	2.3227902799640943e-96
0.0013082088781170805	2.322790279964094e-96
0.001321290966898251	2.322790279964095e-96
0.0013345038765672336	2.3227902799640947e-96
0.001347848915332906	2.322790279964095e-96
0.0013613274044862352	2.3227902799640943e-96
0.0013749406785310975	2.322790279964095e-96
0.0013886900853164084	2.3227902799640947e-96
0.0014025769861695724	2.322790279964095e-96
0.0014166027560312683	2.3227902799640947e-96
0.001430768783591581	2.3227902799640947e-96
0.0014450764714274969	2.3227902799640943e-96
0.0014595272361417717	2.322790279964094e-96
0.0014741225085031894	2.3227902799640947e-96
0.0014888637335882214	2.3227902799640943e-96
0.0015037523709241036	2.3227902799640947e-96
0.0015187898946333446	2.3227902799640947e-96
0.001533977793579678	2.3227902799640947e-96
0.001549317571515475	2.3227902799640943e-96
0.0015648107472306296	2.3227902799640943e-96
0.001580458854702936	2.322790279964095e-96
0.0015962634432499655	2.3227902799640955e-96
0.001612226077682465	2.322790279964095e-96
0.0016283483384592896	2.322790279964096e-96
0.0016446318218438828	2.322790279964095e-96
0.0016610781400623216	2.3227902799640947e-96
0.0016776889214629447	2.3227902799640943e-96
0.0016944658106775741	2.3227902799640947e-96
0.00171141046878435	2.3227902799640955e-96
0.0017285245734721935	2.322790279964094e-96
0.0017458098192069155	2.3227902799640955e-96
0.0017632679173989845	2.3227902799640947e-96
0.0017809005965729746	2.3227902799640947e-96
0.0017987096025387042	2.3227902799640947e-96
0.0018166966985640914	2.3227902799640955e-96
0.0018348636655497322	2.322790279964095e-96
0.0018532123022052297	2.3227902799640947e-96
0.001871744425227282	2.3227902799640943e-96
0.0018904618694795547	2.3227902799640947e-96
0.0019093664881743501	2.3227902799640955e-96
0.0019284601530560937	2.3227902799640943e-96
0.0019477447545866546	2.3227902799640943e-96
0.001967222202132521	2.3227902799640943e-96
0.0019868944241538465	2.3227902799640943e-96
0.0020067633683953853	2.3227902799640955e-96
0.002026831002079339	2.3227902799640943e-96
0.0020470993121001323	2.322790279964094e-96
0.0020675703052211334	2.3227902799640943e-96
0.002088246008273345	2.322790279964095e-96
0.0021091284683560784	2.3227902799640947e-96
0.0021302197530396394	2.3227902799640947e-96
0.002151521950570036	2.3227902799640947e-96
0.002173037170075736	2.3227902799640947e-96
0.0021947675417764933	2.3227902799640947e-96
0.0022167152171942584	2.3227902799640947e-96
0.002238882369366201	2.3227902799640943e-96
0.0022612711930598633	2.3227902799640947e-96
0.0022838839049904615	2.3227902799640947e-96
0.0023067227440403664	2.322790279964094e-96
0.00232978997148077	2.3227902799640943e-96
0.0023530878711955777	2.3227902799640947e-96
0.0023766187499075337	2.3227902799640947e-96
0.0024003849374066087	2.3227902799640947e-96
0.002424388786780675	2.3227902799640943e-96
0.0024486326746484817	2.3227902799640943e-96
0.0024731190013949664	2.3227902799640943e-96
0.0024978501914089163	2.322790279964094e-96
0.0025228286933230053	2.3227902799640947e-96
0.0025480569802562355	2.3227902799640947e-96
0.0025735375500587983	2.322790279964095e-96
0.0025992729255593858	2.3227902799640947e-96
0.00262526565481498	2.3227902799640943e-96
0.0026515183113631296	2.3227902799640943e-96
0.002678033494476761	2.322790279964095e-96
0.0027048138294215283	2.3227902799640947e-96
0.002731861967715744	2.3227902799640955e-96
0.002759180587392901	2.3227902799640947e-96
0.0027867723932668304	2.3227902799640943e-96
0.002814640117199499	2.322790279964096e-96
0.0028427865183714937	2.3227902799640947e-96
0.002871214383555209	2.3227902799640943e-96
0.0028999265273907606	2.3227902799640943e-96
0.002928925792664668	2.3227902799640955e-96
0.002958215050591315	2.3227902799640943e-96
0.002987797201097228	2.322790279964095e-96
0.0030176751731082006	2.322790279964095e-96
0.0030478519248392827	2.3227902799640947e-96
0.0030783304440876753	2.3227902799640943e-96
0.0031091137485285522	2.3227902799640947e-96
0.0031402048860138376	2.3227902799640943e-96
0.0031716069348739764	2.3227902799640943e-96
0.003203323004222716	2.3227902799640947e-96
0.003235356234264943	2.3227902799640947e-96
0.003267709796607593	2.322790279964095e-96
0.0033003868945736684	2.322790279964095e-96
0.003333390763519405	2.322790279964095e-96
0.0033667246711545995	2.3227902799640947e-96
0.0034003919178661455	2.322790279964095e-96
0.0034343958370448065	2.3227902799640943e-96
0.0034687397954152547	2.3227902799640943e-96
0.0035034271933694077	2.3227902799640943e-96
0.0035384614653031017	2.3227902799640947e-96
0.0035738460799561327	2.322790279964095e-96
0.003609584540755694	2.322790279964095e-96
0.003645680386163251	2.322790279964094e-96
0.0036821371900248832	2.3227902799640947e-96
0.0037189585619251324	2.3227902799640943e-96
0.0037561481475443838	2.322790279964095e-96
0.0037937096290198277	2.3227902799640947e-96
0.003831646725310026	2.322790279964095e-96
0.003869963192563126	2.322790279964095e-96
0.003908662824488757	2.322790279964095e-96
0.003947749452733645	2.3227902799640943e-96
0.003987226947260982	2.3227902799640955e-96
0.004027099216733592	2.322790279964095e-96
0.004067370208900928	2.3227902799640955e-96
0.004108043910989938	2.322790279964095e-96
0.004149124350099836	2.322790279964095e-96
0.004190615593600834	2.3227902799640943e-96
0.004232521749536843	2.3227902799640947e-96
0.004274846967032212	2.3227902799640943e-96
0.004317595436702534	2.3227902799640947e-96
0.004360771391069559	2.322790279964095e-96
0.0044043791049802545	2.322790279964095e-96
0.004448422896030057	2.3227902799640943e-96
0.0044929071249903575	2.322790279964096e-96
0.004537836196240262	2.3227902799640943e-96
0.004583214558202664	2.3227902799640947e-96
0.004629046703784691	2.3227902799640955e-96
0.0046753371708225374	2.3227902799640943e-96
0.004722090542530763	2.3227902799640947e-96
0.004769311447956071	2.3227902799640955e-96
0.004817004562435632	2.3227902799640947e-96
0.004865174608059988	2.3227902799640947e-96
0.004913826354140587	2.322790279964095e-96
0.004962964617681994	2.322790279964095e-96
0.005012594263858814	2.3227902799640947e-96
0.005062720206497402	2.3227902799640943e-96
0.0051133474085623765	2.322790279964095e-96
0.005164480882648	2.322790279964094e-96
0.0052161256914744795	2.322790279964094e-96
0.005268286948389224	2.3227902799640947e-96
0.0053209698178731165	2.3227902799640947e-96
0.005374179516051849	2.322790279964095e-96
0.005427921311212366	2.3227902799640947e-96
0.0054822005243244905	2.3227902799640943e-96
0.005537022529567735	2.3227902799640947e-96
0.005592392754863413	2.3227902799640947e-96
0.0056483166824120475	2.3227902799640947e-96
0.0057047998492361675	2.3227902799640943e-96
0.005761847847728529	2.3227902799640947e-96
0.005819466326205815	2.322790279964096e-96
0.005877660989467873	2.3227902799640943e-96
0.005936437599362551	2.322790279964095e-96
0.005995801975356177	2.3227902799640947e-96
0.0060557599951097385	2.322790279964095e-96
0.006116317595060837	2.3227902799640947e-96
0.006177480771011445	2.3227902799640947e-96
0.006239255578721559	2.322790279964095e-96
0.006301648134508775	2.322790279964095e-96
0.006364664615853863	2.3227902799640943e-96
0.006428311262012401	2.3227902799640955e-96
0.0064925943746325255	2.3227902799640947e-96
0.006557520318378851	2.3227902799640947e-96
0.006623095521562639	2.322790279964094e-96
0.006689326476778266	2.3227902799640947e-96
0.0067562197415460485	2.3227902799640947e-96
0.006823781938961509	2.322790279964094e-96
0.006892019758351124	2.3227902799640947e-96
0.0069609399559346355	2.3227902799640947e-96
0.007030549355493982	2.3227902799640947e-96
0.007100854849048922	2.3227902799640947e-96
0.007171863397539412	2.3227902799640943e-96
0.007243582031514805	2.3227902799640947e-96
0.007316017851829954	2.3227902799640947e-96
0.007389178030348253	2.3227902799640943e-96
0.007463069810651736	2.3227902799640943e-96
0.007537700508758254	2.3227902799640947e-96
0.007613077513845836	2.3227902799640943e-96
0.007689208288984294	2.322790279964095e-96
0.007766100371874137	2.322790279964094e-96
0.00784376137559288	2.3227902799640943e-96
0.007922198989348808	2.3227902799640947e-96
0.008001420979242295	2.3227902799640943e-96
0.008081435189034718	2.322790279964095e-96
0.008162249540925065	2.3227902799640943e-96
0.008243872036334317	2.3227902799640943e-96
0.008326310756697661	2.3227902799640947e-96
0.008409573864264637	2.322790279964095e-96
0.008493669602907282	2.3227902799640943e-96
0.008578606298936356	2.322790279964095e-96
0.008664392361925718	2.322790279964095e-96
0.008751036285544977	2.3227902799640947e-96
0.008838546648400426	2.3227902799640943e-96
0.008926932114884432	2.3227902799640947e-96
0.009016201436033275	2.3227902799640955e-96
0.009106363450393609	2.3227902799640943e-96
0.009197427084897545	2.322790279964094e-96
0.00928940135574652	2.3227902799640943e-96
0.009382295369303986	2.3227902799640947e-96
0.009476118322997024	2.3227902799640947e-96
0.009570879506226997	2.3227902799640947e-96
0.009666588301289265	2.322790279964095e-96
0.009763254184302158	2.3227902799640947e-96
0.00986088672614518	2.3227902799640943e-96
0.009959495593406632	2.3227902799640943e-96
0.0100590905493407	2.3227902799640955e-96
0.010159681454834106	2.322790279964094e-96
0.010261278269382446	2.322790279964095e-96
0.01036389105207627	2.3227902799640947e-96
0.010467529962597035	2.322790279964095e-96
0.010572205262223005	2.3227902799640947e-96
0.010677927314845235	2.322790279964095e-96
0.010784706587993687	2.3227902799640947e-96
0.010892553653873623	2.3227902799640947e-96
0.01100147919041236	2.322790279964095e-96
0.011111493982316483	2.3227902799640947e-96
0.01122260892213965	2.3227902799640947e-96
0.011334835011361045	2.322790279964095e-96
0.011448183361474655	2.3227902799640943e-96
0.011562665195089401	2.322790279964094e-96
0.011678291847040296	2.3227902799640947e-96
0.0117950747655107	2.3227902799640943e-96
0.011913025513165806	2.3227902799640947e-96
0.012032155768297465	2.3227902799640947e-96
0.01215247732598044	2.322790279964094e-96
0.012274002099240244	2.3227902799640943e-96
0.012396742120232647	2.3227902799640943e-96
0.012520709541434973	2.3227902799640943e-96
0.012645916636849323	2.3227902799640943e-96
0.012772375803217816	2.3227902799640947e-96
0.012900099561249994	2.322790279964095e-96
0.013029100556862495	2.322790279964095e-96
0.01315939156243112	2.322790279964095e-96
0.01329098547805543	2.3227902799640943e-96
0.013423895332835984	2.3227902799640947e-96
0.013558134286164345	2.3227902799640947e-96
0.01369371562902599	2.3227902799640943e-96
0.013830652785316248	2.3227902799640947e-96
0.013968959313169412	2.3227902799640947e-96
0.014108648906301107	2.322790279964095e-96
0.014249735395364118	2.3227902799640947e-96
0.014392232749317758	2.3227902799640943e-96
0.014536155076810936	2.322790279964095e-96
0.014681516627579045	2.3227902799640947e-96
0.014828331793854836	2.3227902799640943e-96
0.014976615111793384	2.3227902799640947e-96
0.015126381262911319	2.3227902799640943e-96
0.015277645075540433	2.3227902799640947e-96
0.015430421526295836	2.3227902799640943e-96
0.015584725741558796	2.3227902799640947e-96
0.015740572998974384	2.3227902799640947e-96
0.015897978728964125	2.3227902799640947e-96
0.01605695851625377	2.3227902799640955e-96
0.016217528101416308	2.322790279964094e-96
0.01637970338243047	2.322790279964095e-96
0.016543500416254773	2.3227902799640943e-96
0.016708935420417324	2.322790279964094e-96
0.016876024774621495	2.3227902799640947e-96
0.01704478502236771	2.322790279964095e-96
0.017215232872591385	2.322790279964095e-96
0.0173873852013173	2.3227902799640943e-96
0.017561259053330475	2.322790279964095e-96
0.01773687164386378	2.322790279964094e-96
0.017914240360302418	2.3227902799640947e-96
0.018093382763905444	2.3227902799640947e-96
0.0182743165915445	2.3227902799640947e-96
0.01845705975745994	2.3227902799640947e-96
0.01864163035503454	2.322790279964095e-96
0.01882804665858489	2.322790279964095e-96
0.019016327125170738	2.3227902799640947e-96
0.019206490396422443	2.322790279964095e-96
0.01939855530038667	2.3227902799640947e-96
0.019592540853390534	2.322790279964095e-96
0.01978846626192444	2.3227902799640943e-96
0.019986350924543685	2.3227902799640955e-96
0.020186214433789124	2.3227902799640947e-96
0.020388076578127013	2.322790279964095e-96
0.020591957343908285	2.3227902799640947e-96
0.020797876917347368	2.3227902799640955e-96
0.021005855686520844	2.3227902799640943e-96
0.02121591424338605	2.3227902799640955e-96
0.02142807338581991	2.3227902799640943e-96
0.02164235411967811	2.3227902799640943e-96
0.02185877766087489	2.322790279964095e-96
0.02207736543748364	2.3227902799640943e-96
0.022298139091858477	2.3227902799640955e-96
0.02252112048277706	2.3227902799640943e-96
0.022746331687604832	2.322790279964095e-96
0.022973795004480883	2.322790279964095e-96
0.02320353295452569	2.3227902799640947e-96
0.023435568284070948	2.3227902799640947e-96
0.023669923966911657	2.3227902799640947e-96
0.02390662320658077	2.3227902799640943e-96
0.024145689438646582	2.3227902799640947e-96
0.024387146333033047	2.3227902799640947e-96
0.024631017796363376	2.3227902799640943e-96
0.024877327974327013	2.3227902799640934e-96
0.025126101254070284	2.3227902799640947e-96
0.025377362266610984	2.3227902799640943e-96
0.025631135889277096	2.3227902799640943e-96
0.025887447248169868	2.3227902799640947e-96
0.026146321720651563	2.322790279964095e-96
0.026407784937858083	2.3227902799640947e-96
0.026671862787236662	2.3227902799640947e-96
0.02693858141510903	2.3227902799640955e-96
0.02720796722926012	2.322790279964094e-96
0.027480046901552722	2.3227902799640947e-96
0.02775484737056825	2.3227902799640947e-96
0.028032395844273934	2.322790279964095e-96
0.02831271980271667	2.3227902799640955e-96
0.02859584700074384	2.3227902799640955e-96
0.028881805470751278	2.322847187436544e-96
0.02917062352545879	2.323708303451679e-96
0.029462329760713377	2.3355256701489364e-96
0.029756953058320514	2.4937529116696303e-96
0.030054522588903718	4.559465304940629e-96
0.030355067814792754	3.086871610145511e-95
0.030658618492940683	3.578285733058897e-94
0.030965204677870093	4.3230669873028e-93
0.03127485672464879	5.126188305215365e-92
0.031587605291895283	5.937289828624796e-91
0.03190348134481423	6.71552589180764e-90
0.032222516158262375	7.419871810906841e-89
0.03254474131984499	8.008533307499999e-88
0.03287018873304345	8.444872021350513e-87
0.03319889062037388	8.702979643821646e-86
0.03353087952657762	8.767246770106977e-85
0.0338661883218434	8.63409305284075e-84
0.03420485020506183	8.314403771074947e-83
0.03454689870711246	7.830344326066025e-82
0.03489236769418358	7.213376247133535e-81
0.035241291371125416	6.500478270515196e-80
0.03559370428483667	5.732657950268493e-79
0.035949641327685036	4.948498246436458e-78
0.03630913774096189	4.181123882118671e-77
0.03667222911837151	3.458838893433091e-76
0.03703895140955522	2.8019068452954844e-75
0.03740934092365077	2.2230284343814373e-74
0.037783434332887285	1.7277226603044286e-73
0.03816126867621615	1.315642550861794e-72
0.038542881362978315	9.817347451847826e-72
0.038928310176608104	7.17990616629791e-71
0.03931759327837418	5.147631227471008e-70
0.039710769211157924	3.6183813777685956e-69
0.0401078769032695	2.494141306796411e-68
0.0405089556723022	1.6863823442902324e-67
0.04091404522902522	1.1185056534310748e-66
0.041323185681315475	7.278578514303111e-66
0.04173641753812863	4.647669819945717e-65
0.04215378171350991	2.913110151033394e-64
0.042575319530645014	1.792281104062119e-63
0.04300107272595147	1.0826523836997945e-62
0.043431083453210985	6.422410030479766e-62
0.04386539428774309	3.741702233608156e-61
0.04430404823062052	2.1414078779071367e-60
0.04474708871292673	1.204075361826349e-59
0.045194559600056	6.653241666472592e-59
0.04564650519605655	3.612957389029553e-58
0.04610297024801712	1.928601443018377e-57
0.046563999950497294	1.0121308570755743e-56
0.04702963995000226	5.223123885179913e-56
0.04749993634950229	2.6507413258138305e-55
0.04797493571299731	1.3232197938765437e-54
0.04845468507012728	6.498161112675903e-54
0.04893923192082856	3.1563242397636396e-53
0.04942862424003685	1.501015500858898e-52
0.04992291048243721	7.020660199062057e-52
0.050422139587261584	3.2904343877527334e-51
0.0509263609831342	1.5009261304021023e-50
0.051435624592965544	6.683478951204357e-50
0.0519499808388952	2.9317101829976485e-49
0.05246948064728415	1.2668656578978387e-48
0.052994175453756995	5.3955125358243075e-48
0.053524117208294565	2.2635957754197443e-47
0.05405935838037751	9.368411411410184e-47
0.05459995196418129	3.820240028746328e-46
0.0551459514838231	1.5357609575158327e-45
0.05569741099866134	6.087467618240274e-45
0.05625438510864795	2.3794563549229023e-44
0.056816928959734427	9.172805877956165e-44
0.05738509824933177	3.4879059926738014e-43
0.05795894923182509	1.3083386698666565e-42
0.05853853872414334	4.841329301846325e-42
0.05912392411138478	1.7681706274589946e-41
0.05971516335249862	6.372031016501407e-41
0.06031231498602361	2.2664275892953047e-40
0.06091543813588385	7.957273399179526e-40
0.06152459251724268	2.7580275955218458e-39
0.062139838442415114	9.438476571401516e-39
0.06276123682683926	3.1894710205210984e-38
0.06338884919510765	1.0644160464922005e-37
0.06402273768705874	3.5085429079499292e-37
0.06466296506392932	1.1423883620625103e-36
0.06530959471456863	3.674732476524882e-36
0.06596269066171431	1.1679212744690268e-35
0.06662231756833144	3.6680004552693687e-35
0.06728854074401477	1.1384592356153632e-34
0.06796142615145492	3.4925014537781842e-34
0.06864104041296946	1.0590781431645885e-33
0.06932745081709915	3.1750142566172606e-33
0.07002072532527015	9.411007750675172e-33
0.07072093257852285	2.758334562538597e-32
0.07142814190430807	7.995153670150732e-32
0.07214242332335115	2.29204004203018e-31
0.07286384755658468	6.499534500233505e-31
0.07359248603215052	1.8232722603355697e-30
0.07432841089247202	5.060305528551827e-30
0.07507169500139675	1.3896440276365433e-29
0.07582241195141072	3.7763981606373344e-29
0.07658063607092483	1.0156466547630412e-28
0.07734644243163408	2.7036101174739695e-28
0.07811990685595041	7.124035698711255e-28
0.07890110592450993	1.8583677381303593e-27
0.07969011698375501	4.799592533011142e-27
0.08048701815359258	1.2273975029053095e-26
0.08129188833512849	3.108283988489724e-26
0.08210480721847978	7.795585451943749e-26
0.08292585529066457	1.936484591703967e-25
0.08375511384357122	4.764906818393966e-25
0.08459266498200693	1.1614830870907409e-24
0.08543859163182702	2.804974449766423e-24
0.08629297754814527	6.71186827383054e-24
0.08715590732362674	1.5914551629920104e-23
0.08802746639686301	3.739578568351163e-23
0.08890774106083163	8.7089539668446e-23
0.08979681847143996	2.0103084189232672e-22
0.09069478665615435	4.599922522084631e-22
0.09160173452271589	1.4411494812987325e-19
0.09251775186794305	4.870095681030746e-19
0.09344292938662248	8.309770130198017e-19
0.09437735868048872	2.2263726608001203e-18
0.09532113226729359	5.5681737829699634e-18
0.09627434358996653	1.7694509698172187e-17
0.0972370870258662	1.5672194394977933e-17
0.09820945789612487	5.2395907362655664e-17
0.09919155247508611	1.1106364366368088e-16
0.10018346799983698	2.371288135464833e-16
0.10118530267983535	3.3339460114380817e-16
0.1021971557066337	6.183614989595418e-16
0.10321912726370003	6.832739782810019e-15
0.10425131853633704	1.7156303774795742e-14
0.10529383172170041	1.997180670536558e-14
0.10634677003891742	6.348248251882506e-14
0.1074102377393066	9.897516353547588e-14
0.10848434011669966	2.0449459077260163e-13
0.10956918351786665	3.1361821203255996e-13
0.11066487535304532	1.110210912283138e-12
0.11177152410657577	1.9905246934340085e-12
0.11288923934764154	4.62845074558615e-12
0.11401813174111795	4.1231387634267e-12
0.11515831305852914	4.668134789741284e-12
0.11630989618911443	3.1802590105350408e-12
0.11747299515100557	5.050482363730113e-12
0.11864772510251563	7.115146161847141e-12
0.1198342023535408	3.8146248195316753e-10
0.1210325443770762	1.6894897172478494e-10
0.12224286982084695	4.354667451920424e-10
0.12346529851905542	2.922918120610355e-09
0.12469995150424598	5.070979720905569e-09
0.12594695101928843	5.114438110770953e-09
0.12720642052948133	6.094018932037338e-09
0.12847848473477616	1.1151828655593837e-08
0.12976326958212392	2.7096690057057696e-08
0.13106090227794515	3.624632045287164e-08
0.13237151130072458	3.029948608846283e-08
0.13369522641373183	5.4813526807641665e-08
0.13503217867786915	9.693080933725705e-08
0.13638250046464784	1.3064155006421102e-07
0.13774632546929433	1.9024972409426498e-07
0.13912378872398729	5.794833458589766e-07
0.14051502661122714	1.695408860526739e-06
0.14192017687733943	3.34640614139321e-06
0.14333937864611285	5.502449854167132e-06
0.14477277243257397	8.371174919799357e-06
0.14622050015689972	1.298401232555114e-05
0.14768270515846868	1.934396749358721e-05
0.14915953221005337	3.122463433472358e-05
0.1506511275321539	4.6279337217781295e-05
0.15215763880747546	4.4608012210095765e-05
0.1536792151955502	3.822436322352832e-05
0.15521600734750574	3.9634414571703844e-05
0.15676816742098076	0.0001052129709832034
0.15833584909519058	0.00015046756221981673
0.15991920758614248	0.00016773116171980515
0.1615183996620039	0.00020719721942718552
0.16313358365862396	0.00036660058298227673
0.1647649194952102	0.0006319019039969715
0.1664125686901623	0.0009524938157688284
0.1680766943770639	0.00133715821550684
0.16975746132083458	0.0018571780416523982
0.1714550359340429	0.0033297809050138326
0.17316958629338333	0.00517589882920659
0.17490128215631717	0.0059366397818014045
0.17665029497788035	0.009076999006916123
0.17841679792765916	0.016567272527934152
0.18020096590693577	0.02143861798641387
0.18200297556600512	0.025111288514877338
0.18382300532166518	0.031087405314426195
0.18566123537488183	0.03138404538122279
0.18751784772863064	0.043772666112301475
0.18939302620591697	0.09037717565139419
0.19128695646797614	0.15196331365816435
0.19319982603265587	0.2152234937798372
0.19513182429298243	0.27645858962938874
0.19708314253591228	0.3948582896908419
0.1990539739612714	0.5475566724193117
0.2010445137008841	0.698263321860879
0.20305495883789296	0.8481042926113365
0.20508550842627188	1.1241640328363103
0.2071363635105346	5.552481026670832
0.20920772714563995	18.956307314785576
0.21129980441709634	17.655730600431145
0.21341280246126731	21.345840892266274
0.21554693048588	31.625510944274726
0.2177023997907388	33.014308233096024
0.2198794237886462	114.28461695004849
0.22207821802653266	64.08988707058565
0.224299000206798	226.12618733145905
0.22654199020886595	196.42936235695421
0.22880741011095462	335.28510043848644
0.23109548421206416	308.79509480816387
0.23340643905418482	694.7631703511537
0.23574050344472666	368.69391207811003
0.23809790847917392	1216.1239209296064
0.24047888756396565	2861.6927457520155
0.24288367643960532	3157.2730652416176
0.2453125132040014	5535.051761195818
0.2477656383360414	5487.773238799017
0.2502432947194018	4637.159797875139
0.2527457276665958	12019.583133643728
0.2552731849432618	32217.82830417642
0.2578259167926944	19792.25941690577
0.2604041759606214	30376.373582294673
0.26300821772022753	109887.32818097982
0.2656382998974299	103773.90455584461
0.2682946828964041	140428.95100298783
0.2709776297253682	145580.62094013227
0.27368740602262187	151220.67073497316
0.2764242800828481	292518.58832758444
0.27918852288367657	398118.3168689699
0.2819804081125134	488997.0470582668
0.28480021219363855	164682.6365355268
0.28764821431557486	740377.6062525728
0.2905246964587307	1861282.4900920992
0.2934299434233179	1691393.822893727
0.29636424285755114	1671820.628131631
0.29932788528612664	1800934.646641674
0.3023211641389879	2117265.3741441597
0.3053443757803778	3383656.2652271134
0.3083978195381816	5710720.026810927
0.3114817977335634	11873824.59912199
0.31459661571089903	15933689.95155475
0.317742581868008	20138951.650029894
0.3209200076866881	20139377.596096125
0.32412920776355497	24591748.789028913
0.3273704998411905	38075076.33752409
0.33064420483960244	45274901.11672483
0.33395064688799847	46566291.369998574
0.3372901533568785	32953787.687700182
0.34066305489044724	44086683.35041682
0.34406968543935174	34994329.656231195
0.34751038229374526	36916735.7290181
0.3509854861166827	45135324.66541062
0.35449534097784957	93668632.82403898
0.358040294387628	34259218.65004854
0.3616206973315043	59087426.56214119
0.36523690430481937	102905444.59335299
0.3688892733478676	103950508.00374584
0.37257816608134625	43076440.4558417
0.37630394774215975	95925761.67371906
0.38006698721958126	134529477.66244325
0.3838676570917771	79778866.18558793
0.38770633366269486	92121582.97535491
0.3915833969993219	105913649.81985955
0.3954992309693151	88832174.00527345
0.3994542232790082	260753059.35347602
0.4034487655117983	269397472.7054798
0.4074832531669163	342072212.81263906
0.41155808569858543	325261225.3438427
0.4156736665555713	333242366.3541447
0.419830403221127	234959000.3962143
0.42402870725333835	119346771.53315957
0.4282689943258717	226481955.54214224
0.43255168426913043	313083657.7174732
0.4368772011118217	318257929.76262265
0.44124597312293995	300723486.7167441
0.44565843285416934	256889909.92821017
0.450115017182711	331931126.3191181
0.4546161673545382	301006502.8207339
0.45916232902808357	290535228.8711998
0.4637539523183644	251431361.25553524
0.46839149184154805	270272291.41324854
0.4730754067599635	363445753.63013345
0.47780616082756316	232567855.76737988
0.4825842224358388	202002212.20680687
0.4874100646601972	289117421.05248684
0.49228416530679914	568929910.2418555
0.4972070069598672	358384367.7252764
0.5021790770294658	240079577.0920637
0.5072008677997605	347817317.4538871
0.5122728764777581	465955944.32967675
0.5173956052425357	349027639.8135577
0.5225695612949611	413470643.1039587
0.5277952569079107	542653841.5792677
0.5330732094769898	572088407.4217794
0.5384039415717596	527837797.22405034
0.5437879809874773	542035524.1185403
0.5492258607973521	446703215.75018317
0.5547181194053257	488063451.35432255
0.5602653005993788	414655214.4512733
0.5658679536053727	347225828.86611855
0.5715266331414264	471303342.40197563
0.5772418994728407	569572600.924463
0.5830143184675691	617960974.5337584
0.5888444616522447	335370843.1191481
0.5947329062687673	334356974.4330401
0.600680235331455	457789450.3847544
0.6066870376847694	643310847.94207
0.6127539080616171	756337624.8075815
0.6188814471422334	376925169.766012
0.6250702616136556	319022262.41371346
0.6313209642297922	525603792.40906274
0.6376341738720902	569903806.5191798
0.644010515610811	684877628.0631149
0.6504506207669192	609659483.5871643
0.6569551269745884	732030621.3236965
0.6635246782443343	697006005.7401322
0.6701599250267777	547112774.616359
0.6768615242770454	549824985.9102937
0.6836301395198159	618814496.372315
0.690466440915014	807940507.9089931
0.6973711053241641	1095363097.1453884
0.7043448163774058	1344841957.3931415
0.7113882645411799	673643215.8279194
0.7185021471865917	722380731.4974476
0.7256871686584576	1244987160.9554994
0.7329440403450421	2004390504.4679968
0.7402734807484926	2594043877.841315
0.7476762155559775	2460907781.286029
0.7551529777115373	2803090321.7060137
0.7627045074886527	2214400028.747687
0.7703315525635391	1677077034.8241305
0.7780348680891747	1659401818.2255948
0.7858152167700664	2004403665.160927
0.7936733689377671	2269769771.195303
0.8016101026271447	2626564804.2568
0.8096262036534162	3190685157.7651577
0.8177224656899503	3575614752.550448
0.8258996903468498	3386892700.311545
0.8341586872503184	3039337021.637001
0.8425002741228216	2623835441.293035
0.8509252768640498	1864575475.1477952
0.8594345296326903	2289569478.1382585
0.8680288749290173	2723368075.7099094
0.8767091636783074	3275232790.279278
0.8854762553150906	3317405002.356328
0.8943310178682414	3406410364.5438743
0.9032743280469238	3591351135.5708823
0.9123070713273931	3950732777.107622
0.921430142040667	3794818205.4191036
0.9306444434610737	3254858205.879101
0.9399508878956845	3382371362.3152423
0.9493503967746413	3592994683.9687324
0.9588439007423877	3888938612.4928045
0.9684323397498116	3957302232.40362
0.9781166631473096	3913079432.6112237
0.9878978297787828	3943089469.5783105
0.9977768080765707	3919945559.3519516
1.0077545761573363	3931601053.910514
1.0178321219189097	3981338998.013521
1.0280104431380988	3968463056.928455
1.0382905475694797	3993403678.26406
1.0486734530451747	4026571094.7499294
1.0591601875756265	4114491988.6220417
1.0697517894513826	4090928098.098403
1.0804493073458965	4150254884.710609
1.0912538004193555	4145257317.5479255
1.102166338423549	4025784192.2678533
1.1131880018077847	3950763495.115809
1.1243198818258624	3959042436.9906588
1.135563080644121	3909761463.574413
1.1469187114505621	3970132204.520651
1.158387898565068	3970494089.1855574
1.1699717775507186	3946377332.16748
1.1816714953262257	3880981129.569627
1.193488210279488	3840098042.7860155
1.2054230923822828	3858573947.258513
1.2174773233061058	3883998903.835389
1.2296520965391669	3847118236.825438
1.2419486175045586	3788587977.283852
1.254368103679604	3730528153.1204214
1.2669117847164002	3683361877.562161
1.2795809025635643	3675932042.00696
1.2923767115892	3646350908.0045595
1.305300478705092	3663605403.49282
1.3183534834921427	3570570537.9488196
1.3315370183270643	3324059979.664084
1.3448523885103347	3118137200.046848
1.3583009123954382	3004094506.7009497
1.3718839215193925	3126961519.006391
1.3856027607345867	3020547164.0149508
1.3994587883419325	2816797864.994275
1.4134533762253518	2823805678.436817
1.4275879099876054	2713151973.576963
1.4418637890874815	2685075285.3661532
1.4562824269783563	2700896861.191724
1.4708452512481398	2601850212.6521745
1.4855537037606212	2623928764.2588596
1.5004092407982272	2653847782.903433
1.5154133332062096	2699485581.1434736
1.5305674665382718	2731369440.202214
1.5458731412036546	2714740889.952114
1.561331872615691	2752460263.8894663
1.576945191341848	2756862931.5667405
1.5927146432552666	2868623448.3024297
1.6086417896878193	2895847390.843327
1.6247282075846974	2880984680.496098
1.6409754896605444	2912234156.9341016
1.65738524455715	2980061312.9246874
1.6739590970027214	2846177114.785717
1.6906986879727486	2889606030.1109743
1.7076056748524762	2684528803.40412
1.7246817316010008	2528730308.6884303
1.7419285489170109	2367880291.2744827
1.759347834406181	2199159127.172852
1.776941312750243	2144328763.712627
1.7947107258777453	1942085579.4700358
1.8126578331365226	1863821829.4696643
1.8307844114678882	1805493541.8937173
1.8490922555825668	1637632305.2961104
1.8675831781383925	1568572038.044263
1.8862590099197765	1587772365.4333608
1.9051216000189743	1538534093.1593502
1.924172816019164	1518236795.262239
1.9434145441793558	1467244047.8280263
1.9628486896211494	1534875508.2376053
1.9824771765173608	1349852384.0245113
2.0023019482825344	1371150288.722376
2.0223249677653596	1297752698.179692
2.0425482174430134	1291888980.457659
2.0629736996174435	1286082852.5658197
2.083603436613618	1252814633.6503136
2.1044394709797545	1239798184.611735
2.1254838656895516	1242196329.5487943
2.1467387043464474	1251210984.7490547
2.1682060913899117	1258006962.8356283
2.1898881523038107	1241159972.8914297
2.211787033826849	1234306797.8658936
2.2339049041651173	1219590158.2367337
2.2562439532067686	1197777047.5380948
2.2788063927388365	1189293960.5728686
2.3015944566662245	1067808674.731897
2.324610401232887	1005485355.5077184
2.347856505245216	939563906.6729089
2.3713350702976683	942181330.2773483
2.3950484210006446	839466127.5786958
2.418998905210651	761568736.475479
2.4431888942627578	717644683.8596627
2.4676207832053856	651431788.8056653
2.4922969910374397	519485954.4290595
2.517219960947814	504843250.7633407
2.542392160557292	490125724.7922253
2.567816082162865	489007319.3617589
2.5934942429844936	510526885.19452965
2.6194291854143383	506098960.5937905
2.645623477268482	477074980.9111571
2.6720797120411666	475320078.40697813
2.698800509161578	462382196.1424755
2.7257885142531944	459263838.6517373
2.753046399395726	454803756.3378907
2.7805768633896837	405685250.3241412
2.8083826320235805	385153881.6378341
2.8364664583438164	381270962.35236573
2.8648311229272547	384637384.083939
2.8934794341565273	371402505.2824161
2.9224142284980923	346175608.2737598
2.951638370783073	335053018.6578834
2.981154754490904	328140412.2469256
3.010966302035813	323754383.50897384
3.041075965056171	316150751.0872849
3.071486724706733	312009844.6866643
3.1022015919538	296548932.7024872
3.133223607873338	294665275.4872446
3.164555843952072	289245419.5448122
3.196201402391593	278929235.1385616
3.2281634164155086	281451471.4798113
3.2604450505796634	274068203.61611134
3.29304950108546	267221772.53244227
3.3259799960963146	268166966.82184067
3.359239796057278	266075086.45188057
3.392832194017851	258149796.9124831
3.4267605159580294	262976657.31712806
3.46102812111761	252146107.06678638
3.4956384023287854	247061325.25401542
3.530594786352074	240960928.84342661
3.5659007342155946	239268317.22110537
3.6015597415577503	232499336.95050082
3.637575338973328	230152325.5963255
3.6739510923630614	225514746.71427748
3.7106906032866918	220434141.81435177
3.747797509319559	214143105.38371158
3.7852754844127543	211980850.4322938
3.823128239256882	206839784.3370499
3.861359521649451	201715799.6606837
3.8999731168659455	192978234.16654193
3.938972848034605	189116895.47744536
3.978362576514951	180365165.0115751
4.018146202280101	173696495.94837427
4.058327664302902	165268472.30664134
4.098910940945931	156409929.01546022
4.13990005035539	152119436.32527262
4.181299050858944	147341703.21941766
4.223112041367534	141294151.8455558
4.2653431617812085	134332110.69811264
4.307996593399021	126138820.31762654
4.351076559333012	118414197.36842205
4.394587324926341	110413135.63354398
4.438533198175604	106577248.08659707
4.48291853015736	100310364.51567021
4.5277477154589345	96058699.31713295
4.573025192613525	91436239.92244378
4.6187554445396595	89243626.09978129
4.664942998985056	86587282.47125968
4.711592428974907	82484478.61476019
4.758708353264656	82092350.86173116
4.806295436797303	77973324.47854324
4.854358391165275	74927755.43588406
4.902901975076928	73110884.75502902
4.951930994827697	70041925.2578307
5.001450304775974	65311919.09477767
5.051464807823734	65216678.175401054
5.101979455901971	61111526.869615406
5.152999250460991	59808533.962747276
5.204529242965601	57037322.89185954
5.2565745353952575	55403352.822992586
5.30914028074921	54908798.90663849
5.362231683556701	53152434.26271448
5.415854000392269	49747503.89128456
5.470012540396192	48536200.74122455
5.524712665800154	46829340.22658911
5.579959792458156	43915046.243763044
5.635759390382738	44326198.45652445
5.692116984286565	43077415.66903749
5.74903815412943	40897155.47992817
5.806528535670725	40947910.13327218
5.864593821027432	38832042.128671445
5.923239759237706	37487431.74393566
5.982472156830083	37438245.13564321
6.042296878398385	35106760.96052913
6.102719847182367	34318640.038797
6.163747045654191	33668051.0039176
6.225384516110734	32910802.422797576
6.287638361271841	31912662.279062826
6.350514744884559	30359328.079105437
6.414019892333406	29176359.208939634
6.478160091256739	26707559.76842024
6.542941692169307	25539585.608378224
6.608371109091	24161921.026427537
6.67445482018191	22558489.52187459
6.741199368383729	21301149.734115142
6.808611362067567	20337676.473015804
6.876697475688242	20216169.712631453
6.945464450445124	19059381.26071693
7.014919094949576	19341353.841219593
7.085068285899072	18177865.319948748
7.155918968758063	17831789.165916517
7.227478158445644	16992230.043644994
7.2997529400301	16615793.482380962
7.372750469430401	15788201.802197587
7.446477974124705	15477667.778396875
7.520942753865953	14995065.892441727
7.596152181404612	14284202.282241298
7.672113703218658	13972728.94934608
7.7488348402508445	13490163.882241206
7.826323188653353	13236281.588255476
7.904586420539887	12634458.937142411
7.983632284745286	12057951.10919072
8.063468607592739	11537712.511653993
8.144103293668666	11099944.47012311
8.225544326605354	10842978.237382058
8.307799769871407	10295294.721104255
8.390877767570121	10043570.410332575
8.474786545245822	9552510.20056704
8.55953441069828	9220057.08543692
8.645129754805263	8847786.284000235
8.731581052353315	8770809.69171849
8.81889686287685	8324339.807011595
8.907085831505619	8247048.438890332
8.996156689820673	7695479.559003514
9.086118256718882	7618426.840749821
9.17697943928607	7404877.644394314
9.26874923367893	6928191.033893624
9.36143672601572	6876478.423394787
9.455051093275877	6579945.206426673
9.549601604208636	6384958.4229213055
9.645097620250723	6060823.577269136
9.74154859645323	5843851.197802166
9.838964082417762	5688650.959215819
9.937353723241939	5399463.54387106
10.03672726047436	5333412.553186063
10.137094533079102	5056177.482126392
10.238465478409893	4866782.289443936
10.340850133193994	4719737.987452077
10.444258634525934	4425137.122782336
10.548701220871191	4346613.309940901
10.654188233079903	4167118.7750206864
10.760730115410702	3988136.1943561323
10.868337416564811	3845098.0011651968
10.97702079073046	3742357.1425882853
11.086790998637763	3621353.63481862
11.19765890862414	3402320.526649183
11.309635497710381	3296121.2684662635
11.422731852687486	3177911.1806260627
11.536959171214361	3050437.2148035183
11.652328762926505	2950310.4669099986
11.76885205055577	2740938.162745695
11.886540571061328	2709981.2789284764
12.005405976771941	2608897.9503244865
12.125460036539662	2525316.0933425734
12.246714636905057	2429644.7764483197
12.36918178327411	2334598.8410317446
12.49287360110685	2240040.9737215526
12.617802337117919	2173394.9915326945
12.743980360489097	2062274.2756675226
12.871420164093989	2016305.4375942287
13.000134365734928	1920391.2483196598
13.130135709392277	1870016.0504553344
13.261437066486202	1779329.6234941282
13.394051437151063	1707916.1091741184
13.527991951522575	1626527.2589480008
13.6632718710378	1587482.4907185244
13.799904589748177	1522377.4677994333
13.937903635645661	1490998.781463844
14.077282672002116	1408735.867017581
14.218055498722139	1358734.6011169818
14.36023605370936	1325190.2202895132
14.503838414246454	1257451.2041540758
14.648876798388917	1197441.4653751038
14.795365566372807	1170400.5607825918
14.943319222036536	1126852.5570724625
15.0927524142569	1105193.927004471
15.24367993839947	1026231.8582964956
15.396116737783466	999238.4634104321
15.550077905161299	967827.7111281874
15.705578684212913	941486.1466384755
15.862634471055042	897226.761431025
16.021260815765594	857026.672290931
16.181473423923247	831020.6960401117
16.34328815816248	804336.6735228503
16.506721039744104	768536.1290862954
16.67178825014155	736345.1790738293
16.838506132642966	714194.0781306865
17.006891193969395	693840.3857381763
17.176960105909085	655613.3272128863
17.34872970696818	637130.6043791205
17.52221700403786	612114.200485268
17.697439174078237	590694.1190549899
17.874413565819022	572044.6675415346
18.05315770147721	555377.0781191124
18.233689278491983	525832.170696905
18.416026171276904	513106.04069237737
18.600186432989673	482753.03044442984
18.78618829731957	470943.3661459501
18.974050180292764	458238.9604462927
19.163790682095694	436250.4619892211
19.35542858891665	420430.69990657386
19.548982874805816	399793.3700334512
19.744472703553875	388051.33751598845
19.941917430589417	380294.5971149182
20.14133660489531	358896.1887334834
20.34274997094426	347624.36994337273
20.546177470653703	332028.6423992427
20.75163924536024	323236.0879781495
20.959155637813843	309065.3513060992
21.168747194191983	296793.52563292073
21.380434666133905	287417.7709785491
21.594239012795242	275349.7162948729
21.810181402923195	263883.0067232156
22.028283216952428	256843.16590620723
22.248566049121955	244844.86631114414
22.47105170961317	238940.9666170911
22.695762226709302	228063.9275464339
22.9227198489764	220825.15377619842
23.151947047466162	208838.97835276695
23.38346651794082	204699.8628215869
23.617301183120233	195101.22481455313
23.85347419495143	189394.35165938767
24.09200893690095	181570.42983961178
24.33292902626996	174982.4393258593
24.57625831653266	168526.01674595664
24.822020899697986	163636.60564474546
25.070241108694965	152322.21006957212
25.320943519781917	148836.4620907124
25.574152954979734	142356.3393983858
25.82989448452953	139665.14671398027
26.08819342937483	131614.13645722682
26.34907536366858	129250.24371579166
26.612566117305263	122224.99458826115
26.878691778478316	120747.76218509985
27.147478696263097	111380.80958050583
27.418953483225728	107432.02029815203
27.693143018057985	102701.77090423788
27.970074448238567	101549.83806434531
28.24977519272095	97062.66133411205
28.532272944648163	91026.61153093661
28.817595674094644	89953.86013632167
29.10577163083559	86020.47480015196
29.396829347143946	81543.3807466489
29.690797640615386	79319.19587397155
29.98770561702154	76201.6516789366
30.287582673191757	73386.7630333082
30.590458499923674	68173.47761308213
30.896363084922914	68463.47432397668
31.205326715772138	66296.03258653134
31.517379982929864	63937.11267997346
31.832553782759163	59662.169894272934
32.15087932058675	58106.82511120376
32.472388113792626	55325.22911978169
32.79711199493055	53523.723630416185
33.12508311487986	52239.57338121904
33.45633394602865	51085.023757665505
33.79089728548894	49129.83187100007
34.12880625834383	45504.866640222564
34.47009432092727	43067.87325381534
34.81479526413654	41666.19373145271
35.16294321677791	39668.8298378451
35.51457264894569	38571.09346037024
35.86971837543514	38768.14786214658
36.2284155591895	37407.705082286295
36.59069971478139	34480.06669146596
36.956606711929204	33330.17786873522
37.3261727790485	33022.08717000385
37.69943450683898	31222.091767356433
38.07642885190737	29278.026926664956
38.45719314042645	29223.58982567769
38.841765071830714	28113.148358780807
39.23018272254902	26477.741401894513
39.622484549774505	26564.634554692657
40.01870939527225	24953.52125736505
40.41889648922498	24086.50515411714
40.823085454117226	23203.0331933746
41.2313163086584	22350.052534623304
41.64362947174499	21089.738249011592
42.06006576646243	21209.903956740043
42.48066642412706	19696.680539110996
42.90547308836833	19181.50904692287
43.33452781925202	18159.83524384722
43.767873097444536	17389.77673839108
44.20555182841898	17089.830166069463
44.64760734670317	16215.052419835029
45.0940834201702	15791.67531952696
45.54502425437191	14526.991095363659
46.00047449691562	14449.700737152802
46.460479241884784	13595.35849645802
46.92508403430362	13638.598274455608
47.39433487464667	12952.776537961054
47.868278223393126	12585.523191374004
48.346961005627065	11690.07434079962
48.83043061568333	11553.086380283885
49.31873492184017	11419.094156155039
49.81192227105857	10663.445147264689
50.310041493769155	10502.837265721177
50.813141908706854	9993.511050208946
51.32127332779392	9483.956277211144
51.83448606107186	9017.988886239658
52.352830921682575	8852.971782557075
52.8763592308994	8335.530551214586
53.405122823208394	8147.267960272223
53.93917405144048	7776.104268298762
54.478565791954885	7510.324185126191
55.02335144987443	7256.88212285173
55.57358496437318	6979.132885938634
56.129320814016914	6704.221834922565
56.690614022157085	6402.0849968153325
57.257520162378654	6103.719303790556
57.83009536400244	5955.7459361763995
58.40839631764247	5688.536904934777
58.99248028081889	5546.605315431568
59.58240508362709	5322.96295789152
60.17822913446335	5046.889768694775
60.780011425807984	4872.201211577588
61.38781154006607	4752.895079733579
62.00168965546673	4515.025229807889
62.621706552021394	4404.294570143354
63.24792361754161	4236.680355133709
63.88040285371702	4023.7584977770543
64.5192068822542	3939.3077510543662
65.16439895107675	3702.178324880064
65.81604294058751	3563.6067951393184
66.47420336999339	3420.131334005955
67.13894540369331	3321.440590385302
67.81033485773025	3216.185695312031
68.48843820630756	3060.065115571319
69.17332258837064	2930.8464770928335
69.86505581425433	2824.499382291576
70.56370637239688	2729.096035128124
71.26934343612085	2626.5000067052297
71.98203687048206	2494.898840084999
72.70185723918688	2418.1143638407043
73.42887581157875	2316.6758534846176
74.16316456969453	2240.458426142291
74.90479621539149	2127.9812645194897
75.6538441775454	2057.2231821086903
76.41038261932086	2003.4297984537131
77.17448644551406	1927.5818494050168
77.9462313099692	1854.2947089581753
78.7256936230689	1770.8413840228923
79.51295055929958	1690.2544579495593
80.30808006489258	1639.3071218183359
81.11116086554152	1564.6410953368181
81.92227247419693	1536.4180105238045
82.74149519893889	1455.8435315474906
83.56891015092829	1412.591308550886
84.40459925243758	1339.3837118366357
85.24864524496195	1310.6824933539979
86.10113169741156	1258.9816509603627
86.96214301438569	1160.5539609759874
87.83176444452954	1131.982495709594
88.71008208897484	1083.7060762953924
89.59718290986459	1052.945154147654
90.49315473896324	1026.3212099568834
91.39808628635286	965.223709699157
92.3120671492164	928.1437524184001
93.23518782070856	906.6616383435369
94.16753969891565	877.738302833027
95.1092150959048	802.7053609365468
96.06030724686386	807.8471017152468
97.0209103193325	766.2755876007943
97.99111942252583	737.137491078961
98.97103061675108	682.5967564389327
99.96074092291859	683.9537173098977
100.96034833214779	648.1506647642381
101.96995181546924	627.1330368888645
102.98965133362394	584.9765581995678
104.0195478469602	587.9482418813512
105.05974332542979	565.5762350810577
106.11034075868409	536.4825972476423
107.17144416627093	519.5964206861984
108.24315860793364	495.8633774051774
109.32559019401299	473.2742599633106
110.41884609595311	457.77630708869304
111.52303455691263	443.477408651159
112.63826490248177	427.05143186606136
113.76464755150658	407.50799422785144
114.90229402702165	392.960057991977
116.05131696729188	373.188468464174
117.21183013696479	362.77246666310623
118.38394843833444	348.14598206925154
119.5677879227178	334.9323938916058
120.76346580194497	322.09365894829614
121.97110045996442	309.4778366186547
123.19081146456406	295.5244535786691
124.42271957920971	285.76128164841424
125.6669467750018	270.1063740615673
126.92361624275183	263.3393912607397
128.19285240517934	252.9313598940387
129.47478092923114	240.76215889552907
130.76952873852346	232.09216814851803
132.0772240259087	222.59413649583541
133.39799626616778	214.34064683372796
134.73197622882944	206.52757448647372
136.07929599111776	198.64262057398076
137.4400889510289	190.38718280315732
138.8144898405392	183.24257810811696
140.20263473894462	176.42783025614162
141.60466108633406	169.10305707131616
143.0207076971974	162.09705461839224
144.45091477416938	156.2188596525278
145.8954239219111	150.24062307178036
147.35437816113017	144.34541399564858
148.82792194274148	138.14768706535128
150.3162011621689	133.1990974264254
151.8193631737906	127.94978447207876
153.3375568055285	122.16048565847488
154.8709323735838	117.37968988273738
156.41964169731963	113.41072733685252
157.98383811429284	108.38511265273372
159.56367649543577	104.61943230622003
161.1593132603901	100.51359116706271
162.77090639299402	95.84405202697096
164.39861545692395	92.4846890101714
166.04260161149318	88.92763480277675
167.70302762760812	85.53131157947374
169.38005790388422	82.10142879545157
171.07385848292307	78.49677503001445
172.7845970677523	74.66646583463093
174.5124430384298	72.55857113049788
176.25756746881413	69.99913935921947
178.02014314350225	67.23168833998231
179.80034457493727	64.56335102522316
181.59834802068664	61.58104599966431
183.41433150089352	59.59201368670911
185.24847481590245	56.62980452645279
187.1009595640615	54.981609538791446
188.9719691597021	52.760972502746306
190.8616888512991	50.543588864515336
192.77030573981213	48.72391857715478
194.69800879721024	46.76490900364747
196.64498888518233	44.62898428371396
198.61143877403418	43.119774863160934
200.5975531617745	41.40205278379001
202.60352869339226	39.85141291990053
204.62956398032617	38.19501651586414
206.67585962012947	36.77271146046246
208.74261821633075	35.324233103076445
210.83004439849404	33.93058407927326
212.93834484247898	32.441180179262766
215.0677282909038	31.30659517873213
217.21840557381284	30.064673926972617
219.39058962955096	28.649199697372215
221.58449552584648	27.7435599329848
223.80034048110494	26.644423394497295
226.038343885916	25.59701686266965
228.29872732477517	24.58788119904374
230.5817145980229	23.619079107993755
232.88753174400313	22.68561827195185
235.21640706144316	21.7902501542584
237.56857113205763	20.931521522242996
239.94425684337818	20.106325007182924
242.34369941181194	19.31174037519971
244.76713640593007	18.54372987749569
247.2148077699894	17.81801434345018
249.68695584768926	17.11612261523601
252.18382540616616	16.44035138432185
254.70566366022786	15.791536745874044
257.2527202968301	15.167583029249268
259.8252474997984	14.568139409059443
262.4234999747964	13.99410953956984
265.04773497454437	13.442092925899365
267.69821232428984	12.911499766440652
270.3751944475327	12.402460372856044
273.07894639200805	11.912505353602807
275.8097358559282	11.442751241842013
278.5678332144874	10.986337245174097
281.35351154663226	10.550202902105138
284.16704666209864	10.137510198430563
287.00871712871964	9.72789405801812
289.87880430000683	9.35577353846095
292.77759234300686	8.986361087590048
295.70536826643695	8.631854065473272
298.6624219491013	8.290642879569296
301.64904616859235	7.964165239489235
304.66553663027827	7.649591410718097
307.71219199658105	7.347098986153318
310.78931391654686	7.057746774840863
313.8972070557124	6.766057450016622
317.0361791262695	6.505519606912175
320.20654091753215	6.2542351616895475
323.40860632670746	6.007607812540948
326.64269238997457	5.770565096771462
329.90911931387427	5.541496103647378
333.20821050701306	5.323697626343466
336.5402926120832	5.1135758758526695
339.90569553820404	4.9118699896198565
343.304752493586	4.717934586528473
346.73780001852197	4.531058519393037
350.20517801870716	4.352714022230854
353.7072297988942	4.180933182768601
357.2443020968832	4.015462583741686
360.816745117852	3.856309108768618
364.42491256903054	3.705029827722585
368.06916169472083	3.55873619142166
371.74985331166806	3.418226517345273
375.46735184478473	3.283243562461772
379.2220253632326	3.1536561915167405
383.01424561686497	3.025643692205702
386.8443880730336	2.9058705880233635
390.7128319537639	2.794635387002985
394.6199602733015	2.6842909401391317
398.5661598760346	2.5783061315290783
402.55182147479496	2.4765100020220006
406.5773396895429	2.378697895794138
410.64311308643835	2.2848107193559524
414.7495442173027	2.1945319018612732
418.89703965947575	2.1079113651144517
423.08601005607045	2.024700014692424
427.3168701566312	1.9445562522388713
431.59003885819754	1.867953156543074
435.9059392467795	1.7941908739613366
440.26499863924727	1.7232972175313959
444.66764862563974	1.6552789362733393
449.11432511189616	1.58988033706026
453.6054683630151	1.5267667198350778
458.14152304664526	1.4668412787948892
462.7229382771117	1.4080557761373171
467.35016765988286	1.353286395964009
472.0236693364817	1.2998414517663837
476.7439060298465	1.2485208941167891
481.51134509014497	1.1990791559431229
486.3264585410464	1.1518651020371276
491.1897231264569	1.1063753809245804
496.10162035772146	1.0626889474742063
501.0626365612987	1.0207114366465602
506.0732629269117	0.9782154689442925
511.1339955561808	0.9417012547935776
516.2453355117426	0.9043788283182118
521.4077888668601	0.8686774865478329
526.6218667555286	0.8344792292460947
531.888085423084	0.8015294113256656
537.2069662773148	0.7698705782466283
542.579035940088	0.739479709086752
548.0048262994887	0.7102771128605414
553.4848745624838	0.6822255450621665
559.0197233081085	0.6552860466583257
564.6099205411896	0.6294072930931932
570.2560197466016	0.6045491909856792
575.9585799440677	0.5806849100653442
581.7181657435083	0.5577504032244441
587.5353474009435	0.5357313139855908
593.4107008749528	0.5145747565540174
599.3448078837024	0.4942566563583061
605.3382559625394	0.4747162627290327
611.3916385221648	0.45598940564649837
617.5055549073865	0.4379858810803017
623.6806104564603	0.420690971100627
629.9174165610249	0.4040773802223824
636.2165907266352	0.38812395702454794
642.5787566339015	0.3727975958926085
649.0045442002405	0.3580779702351398
655.4945896422429	0.3439388341225064
662.0495355386654	0.33035572641419675
668.670030894052	0.31731339974686396
675.3567312029925	0.3047825515372683
682.1102985150225	0.29274929272650435
688.9314015001727	0.2811906693391487
695.8207155151745	0.2700883838961835
702.7789226703262	0.25942418069428586
709.8067118970295	0.2491793043122873
716.9047790159998	0.23934162700048703
724.0738268061598	0.2298759793572548
731.3145650742214	0.22081572901311805
738.6277107249635	0.21209747194173442
746.0139878322132	0.20372361264334427
753.4741277105354	0.1956780183699416
761.0088689876408	0.18795453664975673
768.6189576775171	0.1805312324778903
776.3051472542923	0.17340545281089992
784.0681987268352	0.16656024368919067
791.9088807141036	0.15954170936649234
799.8279695212447	0.15366823705390817
807.8262492164572	0.1476019275364714
815.9045117086216	0.14176048313527023
824.0635568257079	0.13617621073962308
832.304192393965	0.1308020812688766
840.6272343179047	0.12563836431687592
849.0335066610837	0.12067866178664924
857.5238417276945	0.11591477044204565
866.0990801449715	0.11133849603089509
874.7600709464213	0.10694386475515469
883.5076716558855	0.10272125540678312
892.3427483724444	0.09866734178128368
901.2661758561687	0.09477269240575
910.2788376147305	0.0910316903592842
919.3816259908778	0.0874383051362122
928.5754422507866	0.08398702455014682
937.8611966732944	0.08067193164197545
947.2398086400275	0.07748781958944391
956.7122067264277	0.07442933762626501
966.279328793692	0.07149162530427541
975.9421220816289	0.06866970911237089
985.7015433024452	0.06596607669581181
