#wavelength	surface flux
0.01	7.426162559071949e-94
0.0101	7.939576266859637e-94
0.010201	8.458124111725206e-94
0.010303010000000001	8.981857435039436e-94
0.0104060401	9.510828091586793e-94
0.010510100501000002	1.0045088454699642e-93
0.01061520150601	1.0584691421443605e-93
0.010721353521070101	1.1129690417855017e-93
0.010828567056280802	1.1680139404230534e-93
0.010936852726843608	1.2236092880469801e-93
0.011046221254112046	1.2560299636948851e-93
0.011156683466653166	1.2560299636948851e-93
0.011268250301319697	1.2560299636948851e-93
0.011380932804332895	1.2560299636948851e-93
0.011494742132376225	1.2560299636948851e-93
0.011609689553699986	1.2560299636948851e-93
0.011725786449236988	1.2560299636948851e-93
0.011843044313729357	1.2560299636948851e-93
0.01196147475686665	1.2560299636948851e-93
0.012081089504435316	1.2560299636948851e-93
0.012201900399479671	1.2560299636948851e-93
0.012323919403474468	1.2560299636948851e-93
0.012447158597509212	1.2560299636948851e-93
0.012571630183484304	1.2560299636948851e-93
0.012697346485319148	1.2560299636948851e-93
0.012824319950172339	1.2560299636948851e-93
0.012952563149674063	1.2560299636948851e-93
0.013082088781170804	1.2560299636948851e-93
0.013212909668982512	1.2560299636948851e-93
0.013345038765672336	1.2560299636948851e-93
0.013478489153329061	1.2560299636948851e-93
0.013613274044862352	1.2560299636948851e-93
0.013749406785310975	1.2560299636948851e-93
0.013886900853164083	1.2560299636948851e-93
0.014025769861695726	1.2560299636948851e-93
0.014166027560312683	1.2560299636948851e-93
0.01430768783591581	1.2560299636948851e-93
0.014450764714274969	1.2560299636948851e-93
0.014595272361417718	1.2560299636948851e-93
0.014741225085031895	1.2560299636948851e-93
0.014888637335882214	1.2560299636948851e-93
0.015037523709241036	1.2560299636948851e-93
0.015187898946333447	1.2560299636948851e-93
0.015339777935796781	1.2560299636948851e-93
0.015493175715154751	1.2560299636948851e-93
0.015648107472306296	1.2560299636948851e-93
0.01580458854702936	1.2560299636948851e-93
0.015962634432499654	1.2560299636948851e-93
0.016122260776824653	1.2560299636948851e-93
0.016283483384592897	1.2560299636948851e-93
0.016446318218438827	1.2560299636948851e-93
0.016610781400623217	1.2560299636948851e-93
0.016776889214629446	1.2560299636948851e-93
0.016944658106775742	1.2560299636948851e-93
0.0171141046878435	1.2560299636948851e-93
0.017285245734721934	1.2560299636948851e-93
0.017458098192069154	1.2560299636948851e-93
0.017632679173989845	1.2560299636948851e-93
0.017809005965729745	1.2560299636948851e-93
0.01798709602538704	1.2560299636948851e-93
0.018166966985640912	1.2560299636948851e-93
0.01834863665549732	1.2560299636948851e-93
0.018532123022052295	1.2560299636948851e-93
0.01871744425227282	1.2560299636948851e-93
0.01890461869479555	1.2560299636948851e-93
0.0190936648817435	1.2560299636948851e-93
0.019284601530560937	1.2560299636948851e-93
0.01947744754586655	1.2560299636948851e-93
0.019672222021325212	1.2560299636948851e-93
0.019868944241538466	1.2560299636948851e-93
0.020067633683953853	1.2560299636948851e-93
0.02026831002079339	1.2560299636948851e-93
0.020470993121001323	1.2560299636948851e-93
0.020675703052211336	1.2560299636948851e-93
0.02088246008273345	1.2560299636948851e-93
0.021091284683560786	1.2560299636948851e-93
0.021302197530396395	1.2560299636948851e-93
0.02151521950570036	1.2560299636948851e-93
0.02173037170075736	1.2560299636948851e-93
0.02194767541776493	1.2560299636948851e-93
0.022167152171942584	1.2560299636948851e-93
0.022388823693662012	1.2560299636948851e-93
0.02261271193059863	1.2560299636948851e-93
0.022838839049904615	1.2560299636948851e-93
0.023067227440403664	1.2560299636948851e-93
0.0232978997148077	1.2560299636948851e-93
0.023530878711955777	1.2560299636948851e-93
0.023766187499075334	1.2560299636948851e-93
0.024003849374066088	1.2560299636948851e-93
0.02424388786780675	1.2560299636948851e-93
0.024486326746484814	1.2560299636948851e-93
0.024731190013949664	1.2560299636948851e-93
0.024978501914089166	1.2560299636948851e-93
0.025228286933230055	1.2560299636948851e-93
0.02548056980256236	1.2560299636948851e-93
0.025735375500587982	1.2560299636948851e-93
0.025992729255593858	1.2560299636948851e-93
0.0262526565481498	1.2560299636948851e-93
0.026515183113631293	1.2560299636948851e-93
0.02678033494476761	1.2560299636948851e-93
0.027048138294215287	1.2560299636948851e-93
0.02731861967715744	1.2560299636948851e-93
0.027591805873929013	1.2560299636948851e-93
0.027867723932668304	1.2560299636948851e-93
0.02814640117199499	1.2560299636948851e-93
0.028427865183714936	1.2560299636948851e-93
0.02871214383555209	1.2560299636948851e-93
0.028999265273907608	1.2560299636948851e-93
0.029289257926646682	1.2560299636948851e-93
0.029582150505913153	1.2560299636948851e-93
0.02987797201097228	1.2560299636948851e-93
0.030176751731082006	1.2560299636948851e-93
0.030478519248392826	1.2560299636948851e-93
0.030783304440876753	1.2560299636948851e-93
0.031091137485285525	1.2560299636948851e-93
0.03140204886013838	1.2560299636948851e-93
0.03171606934873976	1.2560299636948851e-93
0.03203323004222716	1.2560299636948851e-93
0.03235356234264943	1.2560299636948851e-93
0.03267709796607593	1.2560299636948851e-93
0.03300386894573669	1.2560299636948851e-93
0.03333390763519405	1.2560299636948851e-93
0.033667246711545994	1.2560299636948851e-93
0.034003919178661454	1.2560299636948851e-93
0.03434395837044807	1.2560299636948851e-93
0.03468739795415255	1.2560299636948851e-93
0.03503427193369407	1.2560299636948851e-93
0.03538461465303102	1.2560299636948851e-93
0.03573846079956133	1.2560299636948851e-93
0.03609584540755694	1.2560299636948851e-93
0.03645680386163251	1.2560299636948851e-93
0.03682137190024883	1.2560299636948851e-93
0.03718958561925133	1.2560299636948851e-93
0.03756148147544384	1.2560299636948851e-93
0.03793709629019828	1.2560299636948851e-93
0.03831646725310026	1.2560299636948851e-93
0.038699631925631264	1.2560299636948851e-93
0.039086628244887574	1.2560299636948851e-93
0.039477494527336454	1.2560299636948851e-93
0.03987226947260982	1.2560299636948851e-93
0.04027099216733592	1.2560299636948851e-93
0.04067370208900927	1.2560299636948851e-93
0.04108043910989937	1.2560299636948851e-93
0.04149124350099836	1.2560299636948851e-93
0.04190615593600835	1.2560299636948851e-93
0.042325217495368425	1.2560299636948851e-93
0.04274846967032212	1.2560299636948851e-93
0.043175954367025336	1.2560299636948851e-93
0.04360771391069559	1.2560299636948851e-93
0.04404379104980254	1.2560299636948851e-93
0.04448422896030057	1.2560299636948851e-93
0.04492907124990358	1.2560299636948851e-93
0.04537836196240262	1.2560299636948851e-93
0.04583214558202665	1.2560299636948851e-93
0.04629046703784691	1.2560299636948851e-93
0.046753371708225376	1.2560299636948851e-93
0.04722090542530763	1.2560299636948851e-93
0.047693114479560705	1.2560299636948851e-93
0.04817004562435631	1.2560299636948851e-93
0.04865174608059988	1.2560299636948851e-93
0.04913826354140587	1.2560299636948851e-93
0.04962964617681994	1.2560299636948851e-93
0.05012594263858814	1.2560299636948851e-93
0.05062720206497402	1.2560299636948851e-93
0.05113347408562376	1.2560299636948851e-93
0.051644808826479996	1.2560299636948851e-93
0.0521612569147448	1.2560299636948851e-93
0.052682869483892246	1.2560299636948851e-93
0.05320969817873117	1.2560299636948851e-93
0.05374179516051848	1.2560299636948851e-93
0.054279213112123664	1.2560299636948851e-93
0.0548220052432449	1.2560299636948851e-93
0.05537022529567735	1.2560299636948851e-93
0.05592392754863413	1.2560299636948851e-93
0.056483166824120475	3.280129602771477e-92
0.057047998492361675	1.2637011541291112e-91
0.057618478477285295	8.374188030233461e-91
0.05819466326205815	1.8610422023203295e-88
0.05877660989467873	7.385384955924125e-88
0.05936437599362551	4.828393425472159e-86
0.05995801975356178	1.2539971339185048e-85
0.06055759995109739	2.185986298798263e-84
0.06116317595060837	1.184116906529381e-83
0.061774807710114454	4.191989166341094e-83
0.062392555787215594	3.1042737745785875e-82
0.06301648134508775	8.509117061466329e-82
0.06364664615853863	6.285267063762979e-81
0.06428311262012401	3.848209098710006e-80
0.06492594374632525	1.0466873148793805e-79
0.06557520318378851	7.999828531549296e-79
0.0662309552156264	4.334943193037063e-78
0.06689326476778266	1.3015722007573259e-77
0.06756219741546049	9.191340675194933e-77
0.0682378193896151	4.796018975065943e-76
0.06892019758351124	1.4188356914423635e-75
0.06960939955934635	9.543190654393141e-75
0.07030549355493981	5.095646765068076e-74
0.07100854849048922	1.4239900702286732e-73
0.07171863397539412	8.876895066711277e-73
0.07243582031514804	4.973922664710502e-72
0.07316017851829953	2.095910546244368e-71
0.07389178030348253	7.155579155724114e-71
0.07463069810651736	4.1203007906428533e-70
0.07537700508758254	2.042928309115854e-69
0.07613077513845835	7.954006744510014e-69
0.07689208288984294	2.8551920358302282e-68
0.07766100371874136	3.806466806266327e-52
0.07843761375592878	2.1605122595701947e-49
0.07922198989348807	2.3062518896561324e-48
0.08001420979242296	9.039806811743192e-48
0.08081435189034718	3.0353055141806477e-47
0.08162249540925066	1.129740517113763e-46
0.08243872036334317	3.971100117991001e-46
0.08326310756697661	1.0760600636076587e-45
0.08409573864264637	1.9396214975772183e-45
0.08493669602907282	2.8225826699122655e-46
0.08578606298936356	3.369475160841726e-47
0.0866439236192572	1.561068521534511e-65
0.08751036285544977	1.2140775577907145e-62
0.08838546648400426	1.277008023055488e-61
0.08926932114884432	6.628347973660915e-61
0.09016201436033276	6.398468984402519e-60
0.09106363450393609	3.6999237454001493e-59
0.09197427084897544	1.2455827773663779e-58
0.0928940135574652	9.083734789115743e-59
0.09382295369303986	7.473868209601617e-58
0.09476118322997025	6.342960217796437e-57
0.09570879506226997	6.702185027630843e-56
0.09666588301289265	6.876966017389781e-56
0.09763254184302157	2.1779687531069864e-55
0.09860886726145181	5.800244470249081e-52
0.09959495593406631	6.74652891850442e-51
0.10059090549340699	4.946631541456902e-51
0.10159681454834106	3.9880692315075105e-52
0.10261278269382446	3.0308146181700415e-53
0.10363891052076271	1.276038966314695e-52
0.10467529962597034	5.641433269812675e-52
0.10572205262223004	2.4359620718632458e-51
0.10677927314845236	4.340663523020053e-50
0.10784706587993687	1.6742592772162034e-47
0.10892553653873624	1.756992011320837e-46
0.1100147919041236	1.9583499626548874e-47
0.11111493982316484	3.973265816660989e-42
0.1122260892213965	1.0659525539681912e-40
0.11334835011361045	5.661515984984249e-40
0.11448183361474655	5.0694998487587034e-39
0.11562665195089401	2.739933198053908e-38
0.11678291847040295	6.735186685420214e-38
0.117950747655107	3.076996285565948e-37
0.11913025513165806	7.396429117671612e-37
0.12032155768297464	2.3502572890328553e-36
0.1215247732598044	9.376056569878132e-36
0.12274002099240244	3.3961669764821995e-35
0.12396742120232647	1.0312957122383033e-34
0.12520709541434974	3.032753781331672e-34
0.12645916636849325	4.412749837214896e-34
0.12772375803217817	2.454135089699274e-33
0.12900099561249995	7.517456024146432e-33
0.13029100556862497	2.2443669286011943e-32
0.1315939156243112	6.714052294359761e-32
0.1329098547805543	1.7865958202989645e-31
0.13423895332835986	5.115084113553214e-31
0.13558134286164344	1.4045852673845411e-30
0.1369371562902599	3.575894695486111e-30
0.1383065278531625	9.859913228802234e-30
0.13968959313169413	2.61204270275715e-29
0.14108648906301105	6.597749357831299e-29
0.1424973539536412	1.7692690634706262e-28
0.14392232749317757	4.3346769034765105e-28
0.14536155076810936	1.1313832514279365e-27
0.14681516627579044	2.7574761014201647e-27
0.14828331793854838	6.915793011114408e-27
0.14976615111793384	1.6685481662818066e-26
0.15126381262911318	4.060434307026148e-26
0.15277645075540433	9.589009690491079e-26
0.15430421526295837	2.295315000304347e-25
0.15584725741558797	5.294139068796398e-25
0.15740572998974384	1.2519127469544852e-24
0.15897978728964127	2.7867144609894422e-24
0.1605695851625377	6.38341026312054e-24
0.16217528101416306	1.445683773018756e-23
0.16379703382430472	3.225263179781228e-23
0.16543500416254772	7.241874649005756e-23
0.16708935420417323	1.5602995523350672e-22
0.16876024774621495	3.4177985372508786e-22
0.17044785022367712	7.35153108602926e-22
0.17215232872591388	1.5053297341174977e-21
0.173873852013173	3.2897670370335915e-21
0.17561259053330475	6.979094961254367e-21
0.1773687164386378	1.452138582832896e-20
0.1791424036030242	2.967611050968618e-20
0.1809338276390544	6.031753391480182e-20
0.18274316591544498	1.234032263721095e-19
0.18457059757459943	2.4900997615125376e-19
0.1864163035503454	4.796504736051415e-19
0.18828046658584888	9.73452264149601e-19
0.19016327125170737	1.9135363945226423e-18
0.19206490396422443	3.699093886580255e-18
0.1939855530038667	7.12070691561804e-18
0.19592540853390536	1.3679390523396726e-17
0.19788466261924442	2.612432731435546e-17
0.19986350924543686	4.9401791965226906e-17
0.2018621443378912	9.268437089850801e-17
0.20388076578127012	1.7488081787550489e-16
0.20591957343908285	3.2925284607705976e-16
0.20797876917347366	6.099199398676519e-16
0.21005855686520844	1.1511188635391715e-15
0.2121591424338605	1.987627211127235e-15
0.21428073385819912	3.982320584797601e-15
0.21642354119678112	7.361575351282412e-15
0.2185877766087489	1.3559795043387878e-14
0.2207736543748364	2.489119970005742e-14
0.22298139091858477	4.548287558691571e-14
0.2252112048277706	8.276238063020306e-14
0.22746331687604834	1.502527590018735e-13
0.22973795004480882	2.710931729963635e-13
0.23203532954525688	4.879786246090277e-13
0.23435568284070946	8.738466504300871e-13
0.23669923966911657	1.5303295118569484e-12
0.2390662320658077	2.758285934074036e-12
0.2414568943864658	3.87992225773161e-12
0.2438714633303305	8.560017921585184e-12
0.24631017796363378	1.495187659353067e-11
0.24877327974327013	2.3293631499868004e-11
0.2512610125407028	4.473932799427791e-11
0.25377362266610987	7.692364675203278e-11
0.25631135889277096	1.3144058156420088e-10
0.25887447248169865	2.233591207145221e-10
0.26146321720651566	3.774823792359789e-10
0.2640778493785808	6.345039327956556e-10
0.2667186278723666	1.0606975358889544e-09
0.2693858141510903	1.7640255103046525e-09
0.2720796722926012	2.9180504740064027e-09
0.27480046901552724	4.800291314134988e-09
0.27754847370568253	7.859426105977137e-09
0.28032395844273933	1.2741210661787279e-08
0.28312719802716674	2.0722491815198087e-08
0.2859584700074384	3.3376969580602514e-08
0.28881805470751276	5.3505510157552706e-08
0.2917062352545879	8.534887449658636e-08
0.2946232976071338	1.3542169073056668e-07
0.2975695305832051	2.0879367245297015e-07
0.30054522588903715	3.3600214587706497e-07
0.3035506781479275	5.26087234053552e-07
0.3065861849294068	8.144004709770121e-07
0.3096520467787009	1.269484311734705e-06
0.3127485672464879	1.961983774669721e-06
0.3158760529189528	2.972366126909053e-06
0.31903481344814233	4.6193914592088595e-06
0.3222251615826237	7.041079917678716e-06
0.32544741319844994	1.0687541542905135e-05
0.3287018873304345	1.6174860492071597e-05
0.33198890620373883	2.43931184443817e-05
0.3353087952657762	3.664181835344578e-05
0.338661883218434	5.431112478478223e-05
0.3420485020506183	8.132587255159333e-05
0.34546898707112456	0.00012072923592020166
0.3489236769418358	0.00017824761609314582
0.35241291371125416	0.00023557168557534182
0.3559370428483667	0.0003818711801484858
0.3594964132768504	0.0005583079578715585
0.3630913774096189	0.0008097584977903578
0.3667222911837151	0.001169726765308138
0.37038951409555215	0.0016820578563809146
0.37409340923650775	0.0024090224431884046
0.37783434332887283	0.0034347193463370768
0.38161268676216153	0.004875826599454048
0.38542881362978315	0.006890937348382362
0.389283101766081	0.00969757420704564
0.39317593278374185	0.013571228846312552
0.39710769211157926	0.01896869175790073
0.401078769032695	0.026344855779954556
0.405089556723022	0.03652726641179322
0.4091404522902522	0.050425198462145916
0.4132318568131547	0.06931646781146199
0.4173641753812863	0.09489329623740235
0.42153781713509914	0.1293666322136719
0.4257531953064501	0.17465159039737205
0.43001072725951467	0.23743574382337357
0.43431083453210984	0.31975503683749
0.43865394287743087	0.42893157062848364
0.44304048230620524	0.5732361879069913
0.44747088712926725	0.7633589891326963
0.45194559600055995	1.012940228616899
0.4564650519605655	1.339493364778873
0.4610297024801712	1.7650801020826183
0.4656399995049729	2.3182683774756883
0.47029639950002267	3.0339307259060897
0.47499936349502286	3.957002007243982
0.4797493571299731	5.143204716021427
0.48454685070127285	6.6621926671609275
0.48939231920828563	8.600376229676119
0.4942862424003685	11.065116887812566
0.4992291048243721	14.188021777705215
0.5042213958726158	18.131361951537805
0.509263609831342	23.094577092166002
0.5143562459296555	29.316770692505187
0.519499808388952	37.09444302123749
0.5246948064728415	46.787670871526814
0.52994175453757	58.82279481973431
0.5352411720829456	73.71085827541641
0.5405935838037751	92.07684562833501
0.5459995196418129	114.63411056910618
0.551459514838231	142.38990180667037
0.5569741099866133	176.25593545496986
0.5625438510864794	217.52786641454972
0.5681692895973443	267.64159526292065
0.5738509824933177	328.3575474424506
0.5795894923182509	401.61937732757815
0.5853853872414334	489.18957671724564
0.5912392411138477	550.0881623310535
0.5971516335249862	722.9707024087145
0.6031231498602361	875.1604737703124
0.6091543813588385	1056.4694038280923
0.6152459251724268	1271.8526069199875
0.6213983844241512	1526.712906269709
0.6276123682683926	1827.4517182766315
0.6338884919510765	2181.864157004459
0.6402273768705874	2598.6432385663734
0.6466296506392932	3086.37900462094
0.6530959471456862	3654.0742940143814
0.6596269066171431	4314.704562912782
0.6662231756833145	5088.041238530949
0.6728854074401477	5999.102779486413
0.6796142615145492	7071.859811272528
0.6864104041296946	8327.828007996919
0.6932745081709915	9791.308103394742
0.7002072532527015	11486.713425195592
0.7072093257852285	13436.741488170423
0.7142814190430807	15664.915921487402
0.7214242332335116	18195.006515568737
0.7286384755658467	21058.411340144186
0.7359248603215052	24302.371529376716
0.7432841089247202	27971.52479646559
0.7507169500139675	32121.329778411688
0.7582241195141072	36820.580560218776
0.7658063607092482	41787.71819713854
0.7734644243163408	48177.464503365736
0.781199068559504	55019.2707280603
0.7890110592450992	62796.676231970836
0.7969011698375502	71503.25606070805
0.8048701815359257	81261.13818261403
0.8129188833512849	92108.851685987
0.8210480721847978	104256.12654475178
0.8292585529066457	117733.73880245723
0.8375511384357123	132517.9212933537
0.8459266498200694	148849.4655204172
0.8543859163182701	166716.53388546337
0.8629297754814528	186299.34454580428
0.8715590732362674	207715.75310161043
0.8802746639686301	231105.78821229783
0.8890774106083162	256640.16003350294
0.8979681847143995	284245.1320298492
0.9069478665615435	315037.4003267243
0.9160173452271589	348224.5796449192
0.9251775186794305	384519.8810531487
0.9344292938662249	422621.248330723
0.9437735868048871	467005.7181586271
0.953211322672936	511821.5696800509
0.9627434358996654	563099.553683232
0.9723708702586621	618293.5986721277
0.9820945789612486	677636.0150930275
0.9919155247508612	741079.1307291264
1.0018346799983697	809266.1424057607
1.0118530267983534	882070.890183952
1.021971557066337	960297.4549534398
1.0321912726370004	1043955.5975992878
1.0425131853633705	1133145.442625237
1.0529383172170041	1228891.7807821361
1.0634677003891742	1330841.901553328
1.074102377393066	1439715.8297677783
1.0848434011669965	1556243.7026423623
1.0956918351786664	1679249.5044055458
1.1066487535304532	1793165.750740499
1.1177152410657578	1932945.6024040289
1.1288923934764155	2090969.980094256
1.1401813174111797	2254742.733836878
1.1515831305852913	2427041.211162173
1.1630989618911443	2606317.3712266907
1.1747299515100555	2794705.6895013154
1.1864772510251562	2993616.756129522
1.1983420235354079	3209944.729461075
1.210325443770762	3433095.1330542644
1.2224286982084696	3671552.5035430305
1.2346529851905543	3921130.034826019
1.2469995150424598	4184377.4840608123
1.2594695101928843	4463517.267799171
1.2720642052948132	4753172.7846192205
1.2847848473477614	5055633.7342686355
1.2976326958212392	5382011.943181973
1.3106090227794513	5719879.061018287
1.323715113007246	6068835.3896379685
1.3369522641373184	6367673.958572373
1.3503217867786916	6503264.711014196
1.3638250046464786	6901255.534099707
1.3774632546929433	7578794.68574214
1.3912378872398727	7973695.17137823
1.4051502661122715	8359946.144195609
1.4192017687733942	8246532.712505507
1.4333937864611284	8971104.130852303
1.4477277243257396	9908436.340129046
1.4622050015689971	10331620.386993285
1.4768270515846869	10925594.733928597
1.4915953221005338	11579349.07522596
1.506511275321539	12190042.244662585
1.5215763880747546	12908993.315775506
1.5367921519555021	13602223.330548149
1.5521600734750574	14276469.180023097
1.5676816742098079	14982855.500732502
1.5833584909519058	15716383.266000424
1.5991920758614249	16477070.542449944
1.615183996620039	17255991.9095511
1.6313358365862396	18064211.6563295
1.647649194952102	18919467.630174115
1.664125686901623	19735661.56227381
1.6807669437706392	20674126.628257137
1.6975746132083458	21566393.921243317
1.7145503593404292	22219108.18332325
1.7316958629338333	22952357.086901337
1.7490128215631717	23625267.208169598
1.7665029497788036	24310654.586102728
1.7841679792765917	25182473.606716488
1.8020096590693575	23915402.447509393
1.8200297556600513	25889838.72470958
1.8382300532166518	25132906.378549267
1.8566123537488182	22456550.42376659
1.8751784772863065	23761810.956382994
1.8939302620591696	29063811.704413243
1.9128695646797613	29650593.83429017
1.9319982603265586	33037936.739719156
1.9513182429298244	30467449.223095473
1.9708314253591226	31110925.659474306
1.990539739612714	32894952.258839823
2.010445137008841	35951879.92894388
2.0305495883789293	36591577.96462734
2.050855084262719	38614814.415748075
2.071363635105346	40965455.42286991
2.0920772714563993	42995909.678295664
2.1129980441709635	44028754.54499802
2.1341280246126733	45604507.27925805
2.1554693048588	47849246.87675989
2.177023997907388	49255993.861446284
2.198794237886462	50684106.01581946
2.2207821802653265	52699823.50957166
2.24299000206798	52740404.89206577
2.2654199020886594	54715355.61273359
2.288074101109546	54889609.80603765
2.3109548421206414	53088890.16785252
2.334064390541848	52940266.73268696
2.357405034447267	51882548.4569365
2.3809790847917394	52033727.28040344
2.4047888756396567	51955040.33017999
2.428836764396053	52959090.35009483
2.453125132040014	50474520.28650023
2.477656383360414	46365980.05335504
2.502432947194018	32408881.570302457
2.527457276665958	38800845.21580422
2.5527318494326177	44371189.09241608
2.578259167926944	47911688.54267298
2.604041759606214	42801725.84703879
2.6300821772022753	43495455.34296022
2.6563829989742986	44661400.77798846
2.6829468289640412	46992050.109538995
2.7097762972536823	35200049.80054436
2.736874060226219	36253230.55959183
2.764242800828481	42946351.4374574
2.7918852288367657	42300191.48841574
2.8198040811251337	29666112.225740373
2.848002121936385	38193299.16767141
2.876482143155749	41138876.42680873
2.9052469645873065	43961445.94862996
2.9342994342331794	35988292.108334355
2.963642428575511	40864386.82308084
2.993278852861266	38480544.03878241
3.0232116413898793	41850569.702676974
3.053443757803778	38160212.79839288
3.0839781953818157	38191316.997908056
3.1148179773356337	44287882.54732587
3.1459661571089903	42703871.803064905
3.17742581868008	44199608.497832365
3.2092000768668814	41751105.15492156
3.2412920776355496	43582468.631820984
3.273704998411905	45828922.80684407
3.306442048396024	43310620.4396
3.3395064688799847	45730033.79427289
3.372901533568785	46195811.00362725
3.406630548904473	43757292.50879712
3.4406968543935172	42879097.997209914
3.4751038229374522	47395080.91231873
3.509854861166827	46196822.188732356
3.5449534097784956	46426445.770867065
3.58040294387628	47018618.98048914
3.616206973315043	46720353.458519906
3.6523690430481937	46719108.91170057
3.6888927334786756	45464220.89620747
3.7257816608134626	46431414.2788245
3.7630394774215974	44664829.81509435
3.800669872195813	46390078.7226145
3.8386765709177713	45333456.517262585
3.8770633366269487	45974507.60439345
3.9158339699932188	42222451.615021214
3.954992309693151	43267182.62083638
3.994542232790082	40799809.19122952
4.034487655117983	38798068.60163587
4.074832531669164	36646114.12833902
4.115580856985854	35494914.69259293
4.156736665555713	34217511.981542535
4.19830403221127	31582637.82499898
4.240287072533383	31564469.569035694
4.282689943258717	26849846.374806862
4.325516842691305	27709341.722376555
4.368772011118217	26634647.995293975
4.412459731229399	21618691.531746373
4.456584328541694	22987129.30810999
4.501150171827111	17471543.05205475
4.546161673545382	21607581.753177837
4.591623290280835	22652056.254992105
4.637539523183644	22216138.206142716
4.68391491841548	18812305.356154956
4.730754067599635	20774219.941812474
4.778061608275632	17531549.915168945
4.8258422243583885	19468796.392186612
4.874100646601972	17637115.6365577
4.922841653067992	17360502.40032675
4.972070069598671	17634812.676393386
5.0217907702946585	16907365.644291557
5.072008677997605	18301922.709259775
5.122728764777581	16378000.812524343
5.173956052425357	15462295.111299649
5.225695612949611	15895310.261672225
5.277952569079107	12184098.995758565
5.330732094769898	13486193.953163408
5.384039415717597	14490705.056535078
5.437879809874772	13618811.889096033
5.492258607973521	13804437.097134562
5.547181194053256	13314828.83007464
5.602653005993789	12183331.08593314
5.658679536053727	11960245.993452758
5.715266331414264	11905525.370297227
5.772418994728406	10038360.366799423
5.83014318467569	10810423.594313197
5.888444616522447	10044619.669848856
5.947329062687673	10213849.328574287
6.00680235331455	10414624.493745822
6.066870376847694	10956721.9474674
6.127539080616172	9961549.0590475
6.188814471422334	10408344.087115208
6.250702616136556	10421832.486083165
6.313209642297923	10428727.509828206
6.376341738720902	9821957.563691288
6.44010515610811	8513965.328231689
6.504506207669192	7717967.204514571
6.569551269745883	6753689.959161055
6.6352467824433425	6472331.114448302
6.701599250267776	6677691.853432848
6.768615242770454	7010162.92417436
6.836301395198159	6637820.62279979
6.90466440915014	6468952.739007412
6.973711053241641	6037513.199252138
7.043448163774058	5710402.446963191
7.113882645411799	5568945.115814514
7.185021471865916	5723770.984634053
7.256871686584576	5548107.13309623
7.3294404034504215	5507353.883405028
7.402734807484926	5521589.655075205
7.476762155559775	5942221.571672815
7.551529777115373	5227637.733285009
7.627045074886527	4592634.109638328
7.703315525635392	4915674.9113237765
7.780348680891747	4354443.123727195
7.8581521677006645	4287210.979993754
7.93673368937767	3795104.193913894
8.016101026271446	3736567.8384872205
8.096262036534162	3443185.827441371
8.177224656899504	3277392.3342665783
8.258996903468498	3090330.043186272
8.341586872503184	2858992.849310517
8.425002741228216	2658877.873590737
8.509252768640499	2523074.714781003
8.594345296326903	2377707.703928541
8.680288749290172	2269394.085002333
8.767091636783075	2150181.036023717
8.854762553150906	2046499.809097448
8.943310178682413	1947621.1269148248
9.032743280469237	1860524.3837236932
9.12307071327393	1781780.6461547702
9.21430142040667	1711472.8304256308
9.306444434610736	1647090.5805215791
9.399508878956844	1589920.4977655
9.493503967746413	1534821.2686972986
9.588439007423876	1482475.492485943
9.684323397498117	1440960.8420090813
9.781166631473097	1400352.90092084
9.878978297787828	1362817.6568515066
9.977768080765706	1325801.8828830242
10.077545761573363	1292575.001657802
10.178321219189097	1258046.8405104084
10.280104431380988	1225315.9400731241
10.382905475694796	1193948.5023783774
10.486734530451747	1164925.3909772837
10.591601875756265	1135065.1113466655
10.697517894513826	1107520.6757709065
10.804493073458964	1082664.0957396096
10.912538004193555	1056748.472214244
11.02166338423549	1032960.6084464847
11.131880018077846	1009841.5853072552
11.243198818258625	987738.5166083088
11.35563080644121	966034.0511480713
11.46918711450562	947595.0848307528
11.58387898565068	929508.847804752
11.699717775507185	915953.5612660301
11.816714953262258	895883.7986786901
11.93488210279488	872785.1843188823
12.054230923822828	865423.9598965463
12.174773233061059	797334.8821289495
12.29652096539167	822795.2038189552
12.419486175045586	804882.268291066
12.543681036796041	770258.1281470093
12.669117847164003	743603.6061457663
12.795809025635643	722542.3332534891
12.923767115892	699339.7169548259
13.053004787050918	676719.9536927548
13.183534834921428	658720.5967868986
13.315370183270643	633495.1481175506
13.448523885103349	615515.7316681219
13.583009123954383	585438.0893056955
13.718839215193926	520770.53572698904
13.856027607345865	538374.5832500376
13.994587883419324	523483.1773448076
14.134533762253518	505279.72527227865
14.275879099876054	482149.216677735
14.418637890874814	448419.6106444851
14.562824269783562	444874.7237799127
14.708452512481397	426940.09452292195
14.855537037606211	408617.5811090386
15.004092407982274	390077.6307437861
15.154133332062097	361313.2286899247
15.305674665382718	358740.6050859155
15.458731412036546	341562.25155000814
15.61331872615691	323610.2668026552
15.76945191341848	306738.5765902737
15.927146432552666	296912.30730127275
16.086417896878192	280475.2884148928
16.247282075846975	271989.7553277549
16.409754896605442	257656.42901274347
16.5738524455715	248562.62278334828
16.739590970027216	241099.58919905097
16.906986879727487	230896.3843457477
17.07605674852476	223819.71317318475
17.24681731601001	215882.71115394475
17.419285489170107	208353.4824859728
17.59347834406181	201316.888602578
17.76941312750243	193376.4589543567
17.947107258777454	187941.09902360526
18.126578331365227	181983.2943269446
18.307844114678883	175916.42496210686
18.49092255582567	170131.0927108432
18.675831781383923	164755.34416811657
18.862590099197764	159309.254872125
19.051216000189743	152966.82358751888
19.24172816019164	148089.86243329346
19.434145441793557	144772.4877340665
19.628486896211495	140102.82286183702
19.824771765173608	131360.74219532224
20.023019482825344	129082.49946529279
20.223249677653598	125665.6218652295
20.425482174430133	122214.57548916564
20.629736996174433	118252.87118453725
20.83603436613618	113975.32725177286
21.044394709797544	110478.85405088445
21.25483865689552	110020.6040020065
21.467387043464473	109557.77145263976
21.682060913899118	109090.31057777935
21.89888152303811	108618.17509417035
22.11787033826849	108141.31825572526
22.339049041651176	107659.6928488957
22.56243953206769	107173.25118799786
22.788063927388368	106681.94511049104
23.01594456666225	106185.72597220915
23.24610401232887	105684.54464254444
23.478565052452158	105178.35149958309
23.713350702976683	104667.09642519211
23.950484210006447	104150.72880005724
24.18998905210651	103629.19749867101
24.43188894262758	103102.45088427092
24.676207832053855	102570.43680372683
24.922969910374395	102033.1025823773
25.172199609478138	101490.39501881426
25.423921605572918	100942.26037961562
25.678160821628648	100388.64439402496
25.934942429844938	99829.4922485784
26.194291854143387	99264.74858167738
26.45623477268482	98694.35747810737
26.720797120411667	98118.26246350164
26.988005091615783	97536.40649874986
27.25788514253194	96948.73197435056
27.53046399395726	96355.18070470727
27.805768633896836	95755.69392236753
28.083826320235804	95150.2122722044
28.364664583438163	94538.67580553965
28.648311229272544	93921.02397420825
28.934794341565272	93297.19562456352
29.22414228498092	92667.12899142236
29.516383707830734	92030.76169194978
29.81154754490904	91388.03071948249
30.10966302035813	90738.8724372905
30.410759650561715	90083.2225722766
30.71486724706733	89421.01620861258
31.022015919538003	88752.1877813119
31.33223607873338	88076.67106973822
31.64555843952072	87394.3991910488
31.962014023915927	86705.30459357248
32.281634164155086	86009.31905012141
32.604450505796635	85306.37365123583
32.9304950108546	84596.39879836139
33.25979996096315	83879.32419695819
33.59239796057278	83155.07884954097
33.928321940178506	82423.5910486496
34.26760515958029	81684.7883697493
34.6102812111761	80938.59766405997
34.95638402328785	80184.94505131379
35.305947863520736	79423.75591244012
35.659007342155945	78654.95488217771
36.0155974155775	77878.46584161269
36.37575338973328	77094.21191064201
36.73951092363062	76302.11544036161
37.10690603286692	75502.09800537844
37.47797509319559	74694.08039604544
37.852754844127546	73877.98261061907
38.23128239256882	73053.72384733846
38.61359521649451	72221.22249642506
38.99973116865946	71380.3961320025
39.38972848034605	70531.16150393573
39.78362576514951	69673.4345295883
40.18146202280101	68807.13028549738
40.583276643029016	67932.16299896553
40.98910940945931	67048.4460395684
41.3990005035539	66155.89191057728
41.812990508589436	65254.41224029626
42.231120413675335	64343.917773312416
42.65343161781208	63424.31836165875
43.07996593399021	62495.522955888526
43.51076559333011	61557.439596060605
43.945873249263414	60609.97540263441
44.385331981756046	59653.03656727396
44.82918530157361	58686.52834355989
45.27747715458934	57710.3550376087
45.730251926135246	56724.419998597965
46.18755444539659	55728.62560919715
46.64942998985056	54722.873275902326
47.11592428974907	53707.06341927454
47.58708353264656	52681.095464080485
48.06295436797303	51644.867829334486
48.54358391165275	50598.27791824104
49.02901975076928	49541.22210803665
49.51930994827697	48473.595739730226
50.014503047759746	47395.29310774071
50.51464807823734	46306.20744943132
51.019794559019715	45206.230934538835
51.52999250460991	44095.25465449743
52.04529242965601	42973.16861165561
52.56574535395257	41839.86170838536
53.091402807492095	40695.221736082414
53.62231683556702	39539.135364056434
54.15854000392269	38371.4881283102
54.70012540396192	37192.16442020649
55.247126658001534	36001.04747502177
55.79959792458156	34798.01936038515
56.35759390382737	33582.960964602215
56.92116984286565	32355.751984861432
57.490381541294305	31116.270915323243
58.06528535670725	29864.395035089678
58.645938210274316	28600.000396053787
59.23239759237707	27322.9618106275
59.82472156830083	26033.152839346993
60.42296878398384	24730.445778353664
61.02719847182368	23414.711646750395
61.63747045654191	22085.820173831118
62.25384516110734	20743.639786182597
62.87638361271841	19388.037594657624
63.50514744884559	18018.879381217426
64.14019892333405	16636.029585642784
64.7816009125674	15239.351292112391
65.42941692169306	13828.706215646744
66.08371109091	12403.954688416401
66.7445482018191	10964.955645913753
67.4119936838373	9511.566612986091
68.08611362067568	8043.643689729128
68.76697475688242	6561.041537239653
69.45464450445125	5063.613363225231
70.14919094949576	3551.2109074706823
70.85068285899072	2023.684427158587
71.55918968758063	1681.8416721178835
72.27478158445643	1660.4723718674481
72.997529400301	1638.8893786145081
73.727504694304	1617.0905554290393
74.46477974124706	1595.073744011715
75.20942753865953	1572.836764480218
75.96152181404612	1550.377415153406
76.72113703218658	1527.693472333326
77.48834840250845	1504.7826900850448
78.26323188653353	1481.6428000142812
79.04586420539887	1458.2715110428096
79.83632284745286	1434.6665091816235
80.63468607592739	1410.8254573018255
81.44103293668667	1386.7459949032293
82.25544326605353	1362.4257378806474
83.07799769871406	1337.8622782878401
83.9087776757012	1313.053184099104
84.74786545245821	1287.995998968481
85.5953441069828	1262.6882419865517
86.45129754805262	1237.127407434803
87.31581052353314	1211.3109645375368
88.18896862876849	1185.2363572112974
89.07085831505617	1158.9010038117963
89.96156689820673	1132.3022968783002
90.8611825671888	1105.4376028754687
91.7697943928607	1078.3042619326088
92.68749233678929	1050.8995875803214
93.6143672601572	1023.22086648451
94.55051093275877	995.2653581777408
95.49601604208635	967.0302947879042
96.45097620250723	938.5128807641684
97.4154859645323	909.7102926001962
98.38964082417762	880.619678554584
99.37353723241938	851.238158368516
100.36727260474359	821.5628229805865
101.37094533079102	791.5907342387784
102.38465478409893	761.3189246095519
103.40850133193993	730.7443968840328
104.44258634525933	699.8641238812589
105.48701220871192	668.6750481484573
106.54188233079904	637.1740816583276
107.60730115410703	605.3581055032967
108.68337416564812	573.2239695867149
109.7702079073046	540.768492310968
110.86790998637764	507.9884602624634
111.9765890862414	474.8806278934742
113.09635497710383	441.4417172007945
114.22731852687487	407.6684174011882
115.36959171214362	373.5573846035859
116.52328762926506	339.10524147800743
117.6885205055577	304.3085769211732
118.86540571061329	269.1639457187705
120.05405976771941	233.66786820434436
121.25460036539663	204.63719812357473
122.46714636905057	200.9099681710673
123.6918178327411	197.14546591903468
124.92873601106851	193.34331864448177
126.1780233711792	189.50314989718333
127.43980360489097	185.624579462412
128.71420164093988	181.70722332329285
130.00134365734928	177.75069362278253
131.30135709392277	173.7545986252671
132.614370664862	169.71854267777653
133.94051437151063	165.64212617081103
135.27991951522574	161.52494549877588
136.632718710378	157.36659302002045
137.99904589748178	153.16665701647736
139.3790363564566	148.92472165289888
140.77282672002116	144.64036693568465
142.1805549872214	140.31316867129817
143.6023605370936	135.94269842426792
145.03838414246454	131.52852347476735
146.48876798388918	127.07020677577181
147.95365566372806	122.56730690978631
149.43319222036536	118.01937804514087
150.927524142569	113.42596989184902
152.4367993839947	108.7866276570243
153.96116737783464	104.1008919998513
155.500779051613	99.36829898610654
157.05578684212912	94.58838004222437
158.62634471055043	89.76066190890333
160.21260815765592	84.88466659424914
161.81473423923248	79.9599113264484
163.4328815816248	74.98590850596966
165.06721039744104	69.9621656572861
166.7178825014155	64.88818538011563
168.38506132642965	59.76346530017352
170.06891193969395	54.58749801943199
171.76960105909086	51.21350355742568
173.48729706968177	50.07090126201897
175.2221700403786	48.9168729436582
176.97439174078238	47.75130434211381
178.7441356581902	46.57408005455399
180.53157701477213	45.38508352411855
182.33689278491985	44.18419702837877
184.16026171276903	42.97130166768161
186.00186432989673	41.74627735337745
187.8618829731957	40.509002795930265
189.74050180292764	39.25935549290861
191.6379068209569	37.99721171685673
193.5542858891665	36.72244650304433
195.4898287480582	35.43493363709379
197.44472703553876	34.13454564248377
199.41917430589416	32.82115376792764
201.4133660489531	31.494627974625953
203.4274997094426	30.154836923391265
205.46177470653703	28.801647961644214
207.51639245360244	27.434927110279666
209.59155637813845	26.05453905040151
211.68747194191982	24.660347109924565
213.80434666133905	23.252213250042825
215.94239012795242	21.829998051562306
218.10181402923195	20.393560701096966
220.28283216952426	18.942758977126978
222.48566049121953	18.15826959446227
224.7105170961317	17.69787191249627
226.95762226709303	17.2328702537106
229.227198489764	16.763218578337074
231.5194704746616	16.288870386209823
233.83466517940823	15.80977871216129
236.1730118312023	15.325896121372278
238.5347419495143	14.837174704675375
240.92008936900947	14.343566073811497
243.32929026269957	13.845021356638982
245.7625831653266	13.34149119229474
248.22020899697986	12.832925726307057
250.70241108694967	12.3192746056595
253.20943519781915	11.80048697380547
255.74152954979735	11.276511465632893
258.2989448452953	10.7472962023786
260.88193429374826	10.212788786491757
263.4907536366858	9.672936296446037
266.1256611730526	9.127685281499877
268.78691778478316	8.576981756404242
271.47478696263096	8.08084809740949
274.18953483225727	7.862584526685781
276.93143018057987	7.6421383202548325
279.7007444823857	7.419487651759575
282.4977519272095	7.194610476579371
285.3227294464816	6.967484529647359
288.17595674094645	6.7380873232460265
291.0577163083559	6.506396144780683
293.9682934714395	6.272388054530683
296.90797640615386	6.036039883378189
299.8770561702154	5.797328230514168
302.8758267319176	5.556229461121502
305.9045849992367	5.312719704034917
308.9636308492291	5.06677484937746
312.0532671577214	4.81837054617343
315.1737998292986	4.567482199937359
318.32553782759163	4.314084970238927
321.5087932058675	4.080590103345268
324.72388113792624	3.963875834361074
327.9711199493055	3.84599442268704
331.25083114879857	3.726934196896265
334.5633394602865	3.6066833688475852
337.9089728548894	3.4852300325184156
341.2880625834383	3.362562162825953
344.7009432092727	3.238667614436569
348.1479526413654	3.11353412056329
351.6294321677791	2.987149291751277
355.1457264894569	2.8595006146511452
358.69718375435144	2.7305754507800124
362.28415559189494	2.600361035270168
365.9069971478139	2.4688444756052244
369.5660671192921	2.3360127503436305
373.26172779048494	2.2425903990941696
376.9943450683898	2.1743197513773413
380.7642885190738	2.1053663971833445
384.5719314042645	2.035723509447409
388.41765071830713	1.9653841928341138
392.30182722549023	1.8943414830546854
396.22484549774504	1.8225883461774646
400.18709395272253	1.750117677931469
404.18896489224977	1.6769223030030145
408.2308545411722	1.6029949743252763
412.313163086584	1.5283283723607588
416.43629471744987	1.4529151043765964
420.6006576646243	1.3767477037125944
424.80666424127054	1.331397412612086
429.0547308836833	1.288939553998006
433.34527819252014	1.2460571167977856
437.6787309744454	1.2027458552255628
442.0555182841898	1.1590014810376184
446.4760734670317	1.1148196631077942
450.94083420170205	1.070196026998672
455.45024254371907	1.0251261545284582
460.00474496915626	0.9796055833335424
464.6047924188478	0.9336298064266778
469.25084034303626	0.8871942717507446
473.94334874646665	0.8525992192030761
478.6827822339313	0.8250438025562336
483.4696100562706	0.7972128317429222
488.3043061568333	0.7691035512214777
493.18734921840166	0.7407131778948187
498.1192227105857	0.7120389008348933
503.10041493769154	0.6830778810043686
508.13141908706854	0.6538272509755382
513.2127332779392	0.6242841146464203
518.3448606107186	0.5944455469540106
523.5283092168257	0.5699270984538971
528.763592308994	0.5511228206863861
534.051228232084	0.5321305001411999
539.3917405144048	0.5129482563905621
544.7856579195488	0.4935741902024178
550.2335144987444	0.47400638335239176
555.7358496437317	0.4542428984338661
561.2932081401692	0.43428177866615425
566.9061402215708	0.4141210477007662
572.5752016237866	0.3957898614801891
578.3009536400244	0.3826070010048242
584.0839631764246	0.36929231192470574
589.9248028081889	0.3558444759537858
595.8240508362709	0.3422621616231567
601.7822913446334	0.3285440241492218
607.8001142580798	0.3146887053005471
613.8781154006607	0.30069483326338553
620.0168965546673	0.2865610225058527
626.217065520214	0.2763042971976305
632.4792361754161	0.26670980839210745
638.8040285371702	0.2570193746985292
645.192068822542	0.24723203666801508
651.6439895107675	0.2373468252571957
658.1604294058751	0.22736276173226835
664.7420336999338	0.21727885757209175
671.3894540369332	0.20728217168407467
678.1033485773025	0.20023754763016582
684.8843820630756	0.19312247733571788
691.7332258837064	0.1859362563383254
698.6505581425433	0.17867817313095918
705.6370637239687	0.17134750909151925
712.6934343612085	0.16394353841168474
719.8203687048206	0.15646552802505198
727.0185723918688	0.15078177053003675
734.2887581157875	0.14541116644237417
741.6316456969454	0.1399868563138349
749.0479621539149	0.13450830308401024
756.538441775454	0.12897496432188743
764.1038261932085	0.12338629217214331
771.7448644551406	0.11789597082565752
779.4623130996921	0.11379300231459359
787.256936230689	0.10964900411841909
795.1295055929959	0.10546356594028283
803.0808006489258	0.10123627338036524
811.1116086554152	0.09696670789484835
819.2227247419693	0.09265444675447644
827.414951989389	0.08920120080968559
835.689101509283	0.08596586087706808
844.0459925243758	0.0826981675451244
852.4864524496196	0.0793977972798613
861.0113169741156	0.07606442331194566
869.6214301438569	0.07269771560435075
878.3176444452955	0.070021386414698
887.1008208897484	0.06745606079427727
895.9718290986458	0.06486508191765235
904.9315473896323	0.062248193252261136
913.9808628635286	0.059605135700216035
923.120671492164	0.05511393116108913
932.3518782070855	0.044487882148377865
941.6753969891564	0.03375557264553933
951.092150959048	0.022915940047672403
960.6030724686386	0.01196791112382669
