#wavelength	surface flux
0.6450077295303345	848252863.2727758
0.6472567915916443	981992189.5779324
0.6494921445846558	824913697.4655774
0.6517150402069092	1079452840.4987433
0.6539263725280762	1309469381.5995538
0.6561272740364075	1049965014.2825103
0.6583186388015747	1311695082.675835
0.6605015397071838	1401377686.9805353
0.6626768708229065	1419552870.0633984
0.6648455858230591	1063259231.6476865
0.6670085787773132	944675865.9287083
0.6691668033599854	595446285.8907703
0.6713210344314575	569849362.6373634
0.6734722256660461	494045330.7673796
0.6756211519241333	393303024.72968435
0.6777685880661011	587439500.9816654
0.6799154281616211	455448481.31208855
0.6820623278617859	382243119.23691964
0.6842101216316223	483536029.0405072
0.6863595843315125	441238135.96394277
0.688511312007904	344713378.3121315
0.6906660795211792	606865711.4297845
0.6928245425224304	657441963.530295
0.6949873566627502	809609053.5127951
0.6971551775932312	1009331579.9983083
0.6993286609649658	1562422232.765631
0.7015084028244019	901998149.129043
0.7036949396133423	1653508897.7055805
0.7058889269828796	1440970271.0302536
0.7080909013748169	704867546.1729827
0.710301399230957	597347959.1278526
0.712520956993103	656780188.5263263
0.7147500514984131	321607918.2917408
0.7169892191886902	552502643.3267587
0.7192389369010925	840193056.1729178
0.7214996814727783	697313483.4706562
0.723771870136261	1044344412.1500905
0.7260559797286987	1817931204.132128
0.7283523678779602	1961920036.0029001
0.7306615710258484	2509723905.2864814
0.7329838871955872	2278284330.740902
0.7353196740150452	2672546543.8765864
0.7376693487167358	3116827371.8905635
0.7400332689285278	3210304794.196271
0.7424117922782898	3327067892.2578664
0.7448052167892456	2927354542.102259
0.7472138404846191	2979964618.758045
0.7496379613876343	3292982299.3753357
0.7520779371261597	3439650490.264386
0.7545340061187744	3411299625.5125413
0.7570064663887024	3601909234.837855
0.7594954967498779	2542541971.953774
0.7620013952255249	2385298388.445781
0.7645244002342224	1717727196.5494828
0.7670646905899048	696432671.4315292
0.7696225643157959	833398726.0802503
0.7721980810165405	1736006243.7799406
0.7747915983200073	2223876879.3117304
0.7774031162261963	1674917286.8991978
0.7800329327583313	2368373082.6080933
0.7826811671257019	2726341506.985179
0.7853479981422424	2564964654.7882557
0.7880334854125977	2893163214.2207932
0.7907378077507019	3107799097.9206314
0.7934610247612	3162258090.3515644
0.7962033748626709	3502375540.282669
0.7989648580551147	3629176811.955251
0.801745593547821	3700260877.245943
0.8045456409454346	3579831958.626296
0.8073651194572449	3618454543.916402
0.8102040886878967	3719614649.9675274
0.8130625486373901	4144458693.74185
0.8159406185150146	3907181681.7187543
0.8188382983207703	2326827761.996386
0.8217556476593018	3598263248.12793
0.8246926665306091	3780467612.867883
0.8276493549346924	3730074179.2672267
0.8306257724761963	3605686355.64061
0.8336219191551208	3597666242.350186
0.8366377949714661	3644135134.0865726
0.8396733403205872	3371145084.1998835
0.8427285552024841	3377971791.9696345
0.8458034992218018	2638356790.1517787
0.8488980531692505	2612062250.8462515
0.8520121574401855	2849423158.3079324
0.8551458716392517	3119619130.1947823
0.8582990765571594	3452749380.2181096
0.8614717125892639	3525004902.317414
0.8646637797355652	3416279842.871748
0.8678751587867737	3437421309.8068337
0.8711057901382446	2917216058.557347
0.8743556141853333	3191324227.2389107
0.87762451171875	3767980014.50915
0.8809124231338501	3607343710.367009
0.8842192888259888	3643873551.292508
0.8875449895858765	2772056161.357382
0.8908893465995789	3155957889.812183
0.894252359867096	3352647312.3672533
0.8976338505744934	3443491855.878718
0.9010337591171265	3346805600.5136065
0.9044519662857056	3619845237.9805455
0.9078882932662964	3728454570.6187806
0.9113426208496094	3865475776.5327816
0.914814829826355	4115810138.2993383
0.9183048605918884	3781533868.9916615
0.9218124747276306	3554120068.715365
0.925337553024292	3860680692.2677736
0.9288799166679382	3627402291.6310205
0.9324395060539246	3773876473.573992
0.9360161423683167	3533746289.8485303
0.9396095871925354	3493749129.9243617
0.943219780921936	3850825480.876245
0.9468464851379395	3863955008.174358
0.9504896402359009	4026581268.7981706
0.9541489481925964	3523667357.898288
0.9578243494033813	4153795136.8870015
0.9615156054496765	3900979202.234689
0.9652225375175476	3651596183.7367506
0.9689450263977051	3649313129.5591083
0.9726828336715698	3811231028.413652
0.9764357805252075	3985075638.377159
0.9802037477493286	3799263237.5721707
0.983986496925354	3982296608.11995
0.9877838492393494	3943606704.8329644
0.9915955662727356	1570761168.7399766
0.9954215884208679	2591881566.1817517
0.9992615580558777	2207946330.8365498
1.0031154155731201	2893284502.0579042
1.0069829225540161	2392815984.742251
1.0108637809753418	2877629470.5757265
1.0147579908370972	2624356091.847519
1.018665075302124	2737801072.728406
1.022585153579712	2913106097.9953523
1.0265177488327026	2316358783.8274693
1.0304628610610962	2552737789.722065
1.0344202518463135	2581703712.664413
1.0383895635604858	2979675347.953659
1.0423706769943237	3061618622.642629
1.0463634729385376	2882136540.3192005
1.0503677129745483	3313415439.7964706
1.0543830394744873	3523774356.2830667
1.058409333229065	3453861446.9125876
1.0624464750289917	3443480833.392613
1.0664942264556885	3358287021.5944076
1.0705522298812866	3320202829.8571057
1.0746204853057861	3646220857.1701374
1.0786986351013184	3812313502.316488
1.0827864408493042	3854435490.851471
1.086883783340454	3319893875.142383
1.0909905433654785	3451570093.2002635
1.0951062440872192	3935556163.4710793
1.0992310047149658	3088336066.8819304
1.10336434841156	3407490954.0375338
1.1075061559677124	3400003445.873866
1.1116561889648438	3295995060.376688
1.115814208984375	3777888807.4975677
1.1199802160263062	3800707704.01265
1.124153733253479	3753912291.78534
1.1283347606658936	3249530329.9988737
1.1325229406356812	3840758190.9133096
1.1367181539535522	3419015142.828533
1.1409201622009277	3009500617.337594
1.145128846168518	3714954573.8945045
1.1493438482284546	3796454684.2434235
1.1535650491714478	3871325847.3342385
1.1577922105789185	3891142730.2303467
1.1620250940322876	3796196537.4870987
1.1662636995315552	3458219065.4487953
1.170507550239563	3546591008.3272295
1.174756646156311	3731644218.697369
1.1790107488632202	3268013339.173612
1.1832695007324219	3693105043.2674365
1.1875330209732056	3570642109.5480566
1.191800832748413	3737487177.3297873
1.1960728168487549	3468574364.9933596
1.2003488540649414	3390761392.941859
1.2046287059783936	3616178989.3780193
1.2089121341705322	3598522401.799138
1.2131990194320679	3463619631.152751
1.2174891233444214	3616796908.1468415
1.2217823266983032	3548894542.867245
1.2260783910751343	3621324091.599936
1.230377197265625	3645286395.5338354
1.2346785068511963	3539589120.3938046
1.238982081413269	3468924503.665657
1.2432878017425537	3132220667.768178
1.2475954294204712	3312681291.554013
1.2519049644470215	3340506901.4840503
1.256216049194336	3560613007.860161
1.2605286836624146	3517371978.125517
1.2648425102233887	3380777940.8579817
1.2691574096679688	3508212484.746948
1.2734732627868652	3469054790.7851977
1.2777899503707886	3530247398.3057256
1.2821072340011597	3454262734.9554396
1.2864248752593994	3476252123.381326
1.2907428741455078	3269847441.492444
1.2950609922409058	3230019134.036369
1.2993791103363037	3401845941.9472733
1.303696870803833	3400907480.74633
1.3080145120620728	3315916070.5538135
1.3123314380645752	3296101021.883568
1.3166478872299194	3182468893.94979
1.3209635019302368	3380812880.959868
1.3252781629562378	3280254309.3449926
1.3295916318893433	3267620780.1331625
1.3339040279388428	2931032631.4195204
1.3382149934768677	2657515139.8195157
1.3425244092941284	2667052640.0054207
1.3468321561813354	2487987336.423341
1.3511382341384888	2567469337.740616
1.3554422855377197	2737053333.172869
1.3597444295883179	2801250188.679731
1.3640443086624146	2723970948.5168915
1.3683418035507202	2733229769.9990773
1.3726370334625244	2851808589.4374228
1.3769296407699585	2950878828.9203005
1.381219506263733	2875253270.595509
1.3855066299438477	2726459341.680244
1.3897908926010132	2528033527.916679
1.3940720558166504	2569364807.271605
1.3983501195907593	2552469835.7029786
1.4026249647140503	2572675924.9421167
1.4068963527679443	2646594601.613638
1.4111642837524414	2618889451.6349225
1.4154287576675415	2517383319.606827
1.419689416885376	2410007950.0217443
1.4239463806152344	2369148733.183665
1.4281994104385376	2465100986.772206
1.4324485063552856	2505130513.071667
1.436693549156189	2501454234.2006564
1.440934419631958	2417557207.3006186
1.4451709985733032	2522895315.192094
1.449403166770935	2473953715.0597396
1.453631043434143	2375157365.8269105
1.4578542709350586	2438131895.851463
1.4620729684829712	2340294050.0640984
1.4662868976593018	2325753779.187694
1.4704961776733398	2341834629.399804
1.4747005701065063	2350226184.205282
1.4788999557495117	2449497952.7922883
1.4830944538116455	2368804506.8063703
1.4872838258743286	2395795714.8571796
1.491468071937561	2387312078.4869127
1.4956470727920532	2418711108.0259233
1.4998208284378052	2424917622.8079076
1.5039892196655273	2372161922.390461
1.5081522464752197	2460006322.925974
1.5123097896575928	2373860032.5043902
1.5164618492126465	2353895674.029017
1.5206083059310913	2458563274.5225697
1.5247491598129272	2417842622.7237263
1.5288842916488647	2288290357.3900204
1.5330137014389038	2394854692.9962225
1.5371372699737549	2385703006.4386015
1.541254997253418	2312069437.915195
1.545366883277893	2360602045.6751475
1.5494728088378906	2386633662.287815
1.5535727739334106	2364331923.959537
1.5576666593551636	2391321165.2573633
1.561754584312439	2395579434.9857407
1.5658363103866577	2407958119.694684
1.5699119567871094	2481678803.4544234
1.5739814043045044	2422940151.12935
1.5780447721481323	2487833428.235771
1.582101821899414	2468859372.553583
1.5861525535583496	2434676733.5666633
1.5901970863342285	2430548155.6518817
1.5942351818084717	2464633081.395532
1.5982669591903687	2501377729.2697997
1.6022924184799194	2483710412.4040756
1.606311559677124	2438725907.158083
1.6103241443634033	2434921906.5621576
1.6143304109573364	2443265709.2368784
1.6183301210403442	2401270198.6883664
1.6223233938217163	2405961475.5090384
1.6263102293014526	2409683667.545994
1.6302905082702637	2441692878.110965
1.634264349937439	2428942409.03263
1.638231635093689	2449192372.0848565
1.6421923637390137	2416450883.205959
1.646146535873413	2404135396.2412524
1.6500942707061768	2428007507.120184
1.6540353298187256	2413542227.175372
1.6579699516296387	2429169756.1432705
1.661897897720337	2355484830.7877936
1.6658192873001099	2383135727.5635204
1.6697341203689575	2331450506.7834153
1.6736423969268799	2350922284.892581
1.677544116973877	2348306578.8752728
1.6814392805099487	2365004477.9917226
1.6853278875350952	2351746368.668424
1.6892099380493164	2342833668.0965033
1.6930854320526123	2311469517.9787354
1.696954369544983	2246593832.0153403
1.7008168697357178	2221648273.9533486
1.7046726942062378	2250902604.541026
1.708522081375122	2224701975.3230906
1.712364912033081	2172873556.6306314
1.7162011861801147	2167116814.7888694
1.7200311422348022	2105555388.5909905
1.723854422569275	2080217918.8186796
1.7276713848114014	2005707968.3776636
1.731481909751892	2058826355.0121684
1.7352858781814575	1924088645.4369285
1.7390835285186768	1910841643.110072
1.7428747415542603	1831953766.2891076
1.7466596364974976	1935014204.7600174
1.7504380941390991	1959062791.5420444
1.7542102336883545	1826531784.0044937
1.7579760551452637	1807811311.7455528
1.7617355585098267	1815237596.528872
1.7654887437820435	1690373865.1676133
1.7692357301712036	1685397141.8183417
1.7729763984680176	1651080749.6971538
1.776710867881775	1485058521.937379
1.7804391384124756	1628795264.5606048
1.7841613292694092	1581541359.4250238
1.7878772020339966	1502722326.0658844
1.7915871143341064	1388746880.1914427
1.7952908277511597	1463263171.8071475
1.7989884614944458	1451662977.967787
1.8026801347732544	1428857143.35196
1.806365728378296	1366374932.416119
1.8100452423095703	1290984316.3855398
1.8137187957763672	1488532176.2619143
1.817386507987976	1436480889.69803
1.8210482597351074	1374968796.8116875
1.8247040510177612	1497298229.1977942
1.828354001045227	1447526756.6920075
1.8319982290267944	1401274525.0527143
1.8356364965438843	1432470734.5527472
1.8392690420150757	1378440860.2706943
1.8428958654403687	1412889102.587784
1.8465168476104736	1194322729.2745073
1.8501322269439697	1242580540.1422522
1.8537418842315674	1363952040.9666798
1.8573459386825562	1176907245.4281778
1.860944390296936	1114226980.81565
1.864537239074707	1210250056.3173845
1.8681244850158691	1237244714.0785434
1.871706247329712	1199318062.8080688
1.8752825260162354	1207038345.2371206
1.8788533210754395	1278553967.935781
1.8824186325073242	1304688635.3026042
1.8859784603118896	1257064162.0801022
1.8895330429077148	1258110355.2460904
1.8930821418762207	1288815167.7772977
1.8966259956359863	1283462440.0087833
1.9001644849777222	1227409482.674886
1.9036977291107178	1226643113.2862914
1.9072256088256836	1297807015.5708327
1.9107483625411987	1311712179.0876153
1.9142658710479736	1279784168.9300914
1.9177782535552979	1290796759.3333824
1.9212853908538818	1230156735.587731
1.9247875213623047	1193836739.8722377
1.9282845258712769	1268411272.191452
1.9317764043807983	1142956733.2788796
1.9352631568908691	1218317614.716161
1.9387450218200684	1122241266.9408133
1.942221760749817	1112781249.8818727
1.9456936120986938	977990092.2461271
1.9491604566574097	994617589.4530455
1.952622413635254	1074443730.718143
1.956079363822937	1072663446.3112986
1.959531545639038	1126057408.7819448
1.962978720664978	1157669713.6321476
1.966421127319336	1214106985.2470114
1.9698586463928223	1162546968.6424143
1.9732913970947266	1169381803.0748124
1.9767193794250488	1021752225.7736009
1.9801424741744995	1026497976.5742681
1.9835609197616577	1097274559.3387597
1.9869745969772339	1055691991.1465173
1.990383505821228	1011748857.6265571
1.9937876462936401	1032457188.6914359
1.9971871376037598	1082095481.4221249
2.000581979751587	1056891259.9130479
2.003972291946411	1047932555.7790678
2.007357597351074	1098101766.3517582
2.0107386112213135	1072357782.5584378
2.0141148567199707	1105204743.625855
2.017486572265625	1078290445.7552247
2.0208535194396973	1064851335.2935812
2.0242159366607666	1086620435.5881855
2.027573823928833	1013083933.8895553
2.0309269428253174	1049336954.3868451
2.034275770187378	1110966271.4277258
2.0376198291778564	1070452062.654879
2.040959596633911	1057415265.0358495
2.044294595718384	1071270259.3436497
2.0476250648498535	1042991669.7258773
2.0509510040283203	1034576398.7299074
2.054272413253784	1038634933.2633932
2.057589530944824	1048842459.9315321
2.0609018802642822	1022766023.047
2.0642096996307373	1032719275.9805285
2.0675129890441895	1041346698.7904055
2.0708119869232178	1051633106.6505477
2.074106216430664	1052756773.907649
2.0773961544036865	1031542102.0556054
2.080681324005127	1064507483.5374526
2.0839622020721436	1085507361.7268372
2.087238311767578	1045954285.5698097
2.090510129928589	1052814213.7459582
2.0937774181365967	1032307642.8084896
2.0970399379730225	1027587923.0685861
2.1002981662750244	1025846156.5566565
2.1035518646240234	1024546642.3065339
2.1068007946014404	1056096670.5946088
2.1100454330444336	1048565573.2372403
2.1132853031158447	1025342070.7852833
2.116520881652832	1046026955.2896267
2.1197516918182373	1031467275.7497164
2.1229779720306396	1026519722.6364716
2.12619948387146	1029748328.5581478
2.1294167041778564	1025437353.9191719
2.132629156112671	1051883625.0349107
2.1358368396759033	1062077705.0697589
2.139039993286133	1052945421.5738236
2.1422386169433594	1058434991.4482625
2.145432472229004	1065044939.9459709
2.1486217975616455	1046527549.2098246
2.151806354522705	1028581028.0686672
2.1549863815307617	1021859780.5599611
2.1581614017486572	1022659749.6408864
2.16133189201355	1029464758.5707184
2.1644976139068604	1010056294.6466209
2.167658567428589	1018126378.9869925
2.1708147525787354	1039511324.0651196
2.173966407775879	1028522465.157567
2.1771130561828613	1025958173.7349828
2.1802549362182617	1038161111.6014024
2.183391809463501	1039220902.7248142
2.1865241527557373	1033293872.3695828
2.1896514892578125	1027356152.0059572
2.1927738189697266	1023098631.4643307
2.1958916187286377	1029488712.7306538
2.1990041732788086	1012277453.5159326
2.2021119594573975	984170642.6484382
2.2052149772644043	946281070.8078339
2.208312749862671	917367328.6723946
2.2114057540893555	964934820.2439684
2.214493751525879	1008140389.365729
2.217576742172241	995162842.7155731
2.2206547260284424	985607844.9261315
2.2237277030944824	994107034.9908892
2.2267956733703613	979357028.5492423
2.2298583984375	971123563.9843438
2.2329163551330566	985466505.6146042
2.235969066619873	983262121.5865927
2.2390167713165283	982073605.606785
2.2420592308044434	986419676.0122926
2.2450966835021973	983131802.6105471
2.248128890991211	979377943.3788973
2.2511560916900635	978113141.7892561
2.254178285598755	967093193.1131549
2.257194995880127	957876238.8761119
2.260206699371338	954031292.7494595
2.2632133960723877	949828757.0159132
2.266214609146118	954208356.8160914
2.2692108154296875	954144995.7848972
2.2722020149230957	942044800.7024689
2.2751877307891846	936451858.4913833
2.278168201446533	933508070.0035609
2.2811436653137207	937878385.036483
2.284113883972168	943276579.3842078
2.287078857421875	941797298.9103022
2.290038824081421	920385594.4636261
2.2929933071136475	853169270.7194071
2.295942783355713	831838314.3707275
2.298887014389038	869073166.9952476
2.301826238632202	887922752.9584758
2.304760217666626	901621496.2285993
2.3076889514923096	894664498.6393919
2.310612440109253	882502030.0062673
2.3135311603546143	883774044.1044195
2.3164443969726562	887069623.9568632
2.319352865219116	855836767.8450369
2.322256088256836	772493488.2381388
2.3251543045043945	755175210.8724784
2.328047275543213	795973670.8279332
2.330935478210449	776435464.1966218
2.3338186740875244	720036353.5667411
2.3366971015930176	739797485.9432454
2.3395702838897705	789825867.6734272
2.3424389362335205	813715598.5748653
2.3453025817871094	794831715.8410455
2.348161458969116	784377483.1475838
2.351015567779541	789062575.4634956
2.353865146636963	767510243.7879153
2.3567099571228027	723662256.4979489
2.3595502376556396	700292258.8709936
2.3623859882354736	736399306.6737009
2.3652172088623047	757427204.2822055
2.368043899536133	707480703.6860708
2.370866537094116	689640861.3452111
2.3736846446990967	720631774.8793693
2.3764986991882324	710417051.1138312
2.3793084621429443	666434081.3472481
2.3821144104003906	668763699.7294943
2.384916305541992	704585606.1584672
2.387714147567749	715298075.7166293
2.3905084133148193	700383636.1822685
2.393299102783203	689260257.439065
2.3960859775543213	702971103.7022274
2.398869514465332	671763876.1087718
2.4016497135162354	639512451.9555255
2.4044265747070312	639600739.7165073
2.407200336456299	627641410.222754
2.409970998764038	626373137.4869442
2.4127390384674072	634342604.4799398
2.415503978729248	645227111.5258859
2.418266534805298	657550321.4137579
2.4210267066955566	632452895.6372036
2.4237842559814453	585733442.6755053
2.426539897918701	570337469.1858927
2.429293394088745	559330310.9269775
2.4320452213287354	553633874.366383
2.4347951412200928	556078115.0685371
2.4375438690185547	548796839.9560006
2.440291166305542	526762885.0768963
2.443037271499634	522577694.13799274
2.445782423019409	558653237.4887067
2.4485268592834473	579326024.3649503
2.451270818710327	556573056.172611
2.454014539718628	541456360.852095
2.4567582607269287	551313349.9560767
2.4595019817352295	547526824.2066121
2.4622461795806885	561569979.2922193
2.4649908542633057	570679048.2998555
2.4677364826202393	550617461.3033355
2.4704833030700684	528717544.0503779
2.473231554031372	513918599.87812513
2.4759814739227295	533298025.38365394
2.4787333011627197	528723238.7734935
2.481487512588501	483212861.0061408
2.4842441082000732	462494557.87382704
2.4870035648345947	452914351.99890256
2.4897661209106445	448795507.8111812
2.492532253265381	483923342.7373101
2.495302200317383	515909114.7433212
2.4980762004852295	496054873.77594244
2.500854969024658	465948256.7910666
2.50363826751709	463916986.8720734
2.506427049636841	474829094.511458
2.509221315383911	473456774.9089877
2.512021541595459	433227030.69174606
2.5148282051086426	413097357.1188648
2.517641544342041	445572017.3494681
2.5204622745513916	459901774.3374424
2.5232906341552734	442126413.54514694
2.5261268615722656	437932167.9948417
2.5289716720581055	430201409.91288066
2.531825542449951	406194546.4418912
2.534688949584961	398326174.28199214
2.537562131881714	412408579.04363334
2.540445566177368	427233789.0738713
2.5433402061462402	439489120.03278923
2.546246290206909	459145967.09043586
2.549164056777954	462290662.6246105
2.5520944595336914	463672499.34767133
2.5550382137298584	462542319.17395854
