#wavelength	surface flux
0.676892	12388715.904399885
0.678297	10605957.195699722
0.679702	11162973.782566369
0.681109	10509354.014063599
0.682517	10099884.404300587
0.683926	9606448.874178536
0.685337	8492697.651692314
0.686749	7614630.405992732
0.688164	6388083.212477733
0.689581	5748991.905263465
0.691	7222787.387399645
0.692422	8930583.356250195
0.693847	7503713.935533373
0.695274	11192572.651971718
0.696705	13458193.436621385
0.698139	11376552.745907888
0.699576	13601004.192204393
0.701017	11159330.143451875
0.702461	12525445.195103282
0.70391	16414912.850832004
0.705362	18239212.579955418
0.706819	16751647.495310597
0.70828	16904580.56875644
0.709745	16687375.25932468
0.711216	17143736.460377976
0.71269	17319903.21546894
0.71417	17040065.20250339
0.715655	17664818.661136188
0.717145	18261036.106188215
0.71864	19037900.841849945
0.72014	18930806.910965964
0.721647	19501201.19000806
0.723158	20323118.359746296
0.724676	21228917.406233504
0.726199	22131076.512413602
0.727728	22177168.362477828
0.729264	23809189.792436823
0.730805	24595701.58997352
0.732353	24993483.640705902
0.733907	21297326.867187984
0.735468	18551024.009251807
0.737035	20891404.106945563
0.738609	17937573.770561002
0.74019	16611886.028685182
0.741777	14660479.463444114
0.743372	15754970.568032613
0.744973	13296980.949450618
0.746582	13954955.846787784
0.748197	14894478.38176686
0.74982	16562969.229218055
0.751451	15749847.877270065
0.753088	17641814.86302527
0.754734	18588609.003783714
0.756386	20161613.29107253
0.758047	19583972.781563856
0.759715	18354753.85168444
0.76139	16542410.671226574
0.763074	12361579.54334986
0.764765	5363876.657988152
0.766464	841156.3131284411
0.768172	1819875.9985780902
0.769887	1217649.4617840592
0.77161	6179078.814984409
0.773341	15436742.258750936
0.775081	21229356.659383737
0.776829	24109382.78785077
0.778585	25058702.606444508
0.780349	20903763.964610424
0.782121	29350681.860548515
0.783902	30548944.505860828
0.785691	31348425.908859443
0.787489	32471022.243811797
0.789295	34501541.126210965
0.79111	34114959.08789796
0.792933	31635729.147391513
0.794764	26177963.042807955
0.796604	32942065.721222475
0.798453	33388227.899163377
0.80031	32807125.26670461
0.802176	33517718.5442587
0.804051	34913295.97301192
0.805934	33888115.001584746
0.807826	37462695.912628785
0.809727	40637514.574551456
0.811636	44786555.12618281
0.813554	48707198.72350344
0.81548	49821420.71947301
0.817416	46144169.003531255
0.81936	42013460.09765793
0.821313	45867866.29876541
0.823274	50090383.24973454
0.825244	49495280.12736552
0.827223	48944809.22711388
0.829211	47415386.63818536
0.831208	46719402.45708571
0.833213	48283886.36399423
0.835227	49273346.23068868
0.837249	50842591.82348029
0.83928	49170924.913698524
0.841321	53238184.207557775
0.843369	49389314.295767255
0.845427	45451979.309079796
0.847493	45500065.87339911
0.849567	45862726.696573526
0.851651	46753866.26972548
0.853742	43013120.19459787
0.855843	45010328.72313457
0.857952	45275814.510072954
0.86007	41183946.97583135
0.862196	42739534.366845146
0.864331	41099510.80980649
0.866474	40746158.10627228
0.868626	39878367.15391864
0.870786	40239638.98553549
0.872955	43299552.84275256
0.875132	44739020.45903092
0.877317	48597765.41627486
0.879511	51225802.17057384
0.881713	53465013.59285624
0.883923	56399489.70122863
0.886142	55586220.8231065
0.888369	53960784.12822319
0.890604	57572052.102624476
0.892847	58816600.7770358
0.895099	59305120.09138693
0.897358	61097387.21171305
0.899626	61457084.88614175
0.901901	63841251.691855036
0.904185	66459313.14897727
0.906476	67983789.6366043
0.908776	72307018.59695244
0.911083	77694944.55355722
0.913398	82555177.53612846
0.915721	85307318.85866417
0.918051	82578385.41078468
0.92039	75793903.02762282
0.922736	73448155.01489545
0.925089	72504753.98997119
0.927451	69563971.72388506
0.929819	68339175.54519472
0.932195	70170105.33032297
0.934579	71687694.35831515
0.93697	73909998.08760206
0.939369	74604661.87769255
0.941774	79841072.90881617
0.944187	77839361.44181663
0.946607	78817550.29158747
0.949035	83682779.22271149
0.951469	84972033.32091358
0.953911	80698141.65650833
0.956359	89047278.5433115
0.958814	96732671.02124728
0.961277	89641806.25189605
0.963746	93343707.15646406
0.966222	98348662.67914014
0.968705	97241650.17192931
0.971194	100365107.43202697
0.97369	90103510.76318608
0.976193	94864669.3899829
0.978702	96108380.45457685
0.981217	90383632.96239567
0.983739	92922292.43785925
0.986268	94027249.82667165
0.988802	90758559.35229777
0.991343	68875381.60546902
0.99389	72515746.09399003
0.996444	76280257.51061255
0.999003	74243958.34314255
1.00157	78871263.71141891
1.00414	80656422.85992593
1.00672	77680286.70875974
1.0093	83508615.47205713
1.01189	82683910.27739285
1.01448	81571684.91599362
1.01708	82512244.58510119
1.01969	84284981.36911498
1.0223	85303898.72991785
1.02492	86485636.81294061
1.02754	84865706.00896716
1.03017	86488696.00202064
1.0328	89191826.37558566
1.03544	90476850.79838037
1.03808	93376339.98934288
1.04073	97845694.86674674
1.04339	95360696.49148762
1.04604	97674029.34873989
1.04871	97573140.32132378
1.05138	99598808.8594318
1.05405	108336588.53922473
1.05673	102590042.81869273
1.05941	112742331.64214015
1.0621	110376747.11664096
1.06479	115776658.80778234
1.06749	111580426.9717841
1.07019	117835294.82314342
1.07289	118833324.19984381
1.0756	131571427.3627144
1.07832	137206004.86065033
1.08104	146340698.91621011
1.08376	144939608.03732255
1.08649	130562124.5664432
1.08922	133143208.7439082
1.09195	141125891.6516536
1.09469	147922887.09688428
1.09743	132435786.8876337
1.10018	127254611.29733351
1.10293	125955462.83385396
1.10568	120445820.97721387
1.10844	122438377.38375564
1.1112	122665270.00687063
1.11396	135314491.8116173
1.11673	136942355.95507064
1.1195	133845980.6861869
1.12228	133024453.33085255
1.12505	135243931.15775186
1.12783	131686198.24161357
1.13062	146922484.69213215
1.13341	140355604.1028523
1.1362	130371181.6702177
1.13899	127139180.72095966
1.14178	127299185.34429607
1.14458	138274664.2001507
1.14738	146996379.79422885
1.15019	157770241.99638724
1.153	157982218.90450892
1.1558	159186991.57520762
1.15862	160368071.04601768
1.16143	153655329.849066
1.16425	143613548.2463425
1.16707	139376323.26657143
1.16989	129735374.18125474
1.17271	144517225.77398497
1.17554	135089855.8734604
1.17837	122792445.45880966
1.1812	145640873.45567226
1.18403	152857967.4036619
1.18686	152938300.82833853
1.1897	158436663.88279802
1.19253	163807502.85980463
1.19537	159745004.27862364
1.19822	157160329.78316197
1.20106	159435730.24198964
1.2039	170736082.37533948
1.20675	172201707.1453911
1.2096	171610242.48796457
1.21245	166259969.3763811
1.2153	168006616.136441
1.21815	179738875.6294659
1.221	177715841.97923616
1.22385	180420657.3673354
1.22671	182258429.0714687
1.22957	190643907.8037944
1.23242	192457990.75890848
1.23528	182472145.93579367
1.23814	177489244.7168512
1.241	160056537.41827095
1.24387	152957187.94492874
1.24673	169681067.18537465
1.24959	164212368.21646976
1.25245	153970764.30998042
1.25532	174136306.33230725
1.25818	180161780.04073814
1.26105	179902209.57987976
1.26392	163594665.48424008
1.26678	190109758.53566593
1.26965	196933663.73433506
1.27252	194034397.19684738
1.27538	192971852.05339578
1.27825	201175252.51772714
1.28112	195964112.73115358
1.28399	196620655.90696695
1.28686	197998773.5674304
1.28973	181364326.54428083
1.2926	179243816.882958
1.29546	183417883.201925
1.29833	192425758.44883212
1.3012	189480081.94067967
1.30407	193521537.6751008
1.30694	194957076.9174016
1.30981	187191222.5786206
1.31267	197915817.136264
1.31554	189104736.68031278
1.31841	197405355.6610462
1.32128	196818522.8129429
1.32414	182382860.9716365
1.32701	183481834.85123017
1.32987	180637004.69208354
1.33274	163340729.3691608
1.3356	148604113.64223588
1.33847	135053704.05178383
1.34133	130560027.3717022
1.34419	117801243.94491304
1.34705	122376845.1925657
1.34991	121369309.72353582
1.35277	139368757.93115786
1.35563	128859579.14416476
1.35849	128953167.26192886
1.36135	139290375.37383443
1.3642	138907815.24616283
1.36706	145557603.37093392
1.36991	144132113.0666653
1.37277	149228388.21451518
1.37562	146877445.49891308
1.37847	161513865.2214637
1.38132	153994927.0633595
1.38417	147657624.11727485
1.38701	130944393.27281836
1.38986	137626745.53827792
1.39271	139882486.84726262
1.39555	130766192.71072756
1.39839	141800795.70522565
1.40123	143984529.62008882
1.40407	150600931.39452836
1.40691	149777186.01968953
1.40974	152367649.8801149
1.41258	148973470.83537188
1.41541	142587619.50228935
1.41824	127872046.8542177
1.42107	139862625.39118063
1.4239	134178526.15657827
1.42673	143854606.3042124
1.42955	147689824.93166006
1.43237	145473261.27736208
1.43519	149695200.65306926
1.43801	152819378.797542
1.44083	146196387.8366925
1.44365	152231590.28138456
1.44646	154874595.7327679
1.44927	153238083.97754526
1.45208	150696778.27505782
1.45489	140690835.6519946
1.45769	159546563.65418562
1.4605	163838609.25757045
1.4633	153216742.81310904
1.4661	155336013.93777823
1.4689	154438223.66756147
1.47169	163256551.20098302
1.47449	159597214.4908508
1.47728	164678307.47822985
1.48007	166056212.53427282
1.48286	162290547.7001045
1.48564	163408069.47631058
1.48842	167582960.18841416
1.4912	170034407.78137538
1.49398	168762211.68036434
1.49676	169907119.1991947
1.49953	171411143.83055478
1.5023	172396593.31376362
1.50507	173046409.60036123
1.50784	174203147.2052007
1.51061	172869658.6778512
1.51337	175053198.8211372
1.51613	173969106.0312605
1.51888	175583296.52875036
1.52164	179482853.4084714
1.52439	177651896.4349966
1.52714	172046169.67960608
1.52989	172843226.00792745
1.53263	177811599.32688412
1.53538	180375361.89484388
1.53812	182993088.70804363
1.54086	182328344.5594085
1.54359	180690097.17638242
1.54632	184185163.58307233
1.54905	185657488.30343
1.55178	185585204.44504622
1.5545	187642558.77301112
1.55723	188916979.19883308
1.55995	188894969.30811977
1.56266	188183542.50206488
1.56538	188712127.24191418
1.56809	195730938.9786358
1.5708	197274876.6617437
1.57351	195415703.98605683
1.57621	199006377.36983335
1.57891	197838446.51162332
1.58161	195935339.82938296
1.5843	194322537.33896598
1.587	197639415.1754054
1.58969	200329064.1399123
1.59238	198393477.01274207
1.59506	202275372.73330915
1.59774	203713346.86810815
1.60042	202560972.82450032
1.6031	204086145.03949082
1.60577	202551172.79975402
1.60844	202404959.3799418
1.61111	202627267.9346774
1.61378	205579525.24402052
1.61644	206458963.66290516
1.6191	206728685.5713387
1.62176	207001641.19156703
1.62441	205353039.6254572
1.62707	208191422.33033228
1.62971	208498655.0132096
1.63236	208958196.9502831
1.635	210022991.40524867
1.63764	211743791.73379266
1.64028	210221001.8868067
1.64292	208334290.20088324
1.64555	209232265.6311788
1.64818	210863307.53489855
1.65081	212261813.40037286
1.65343	212883410.0494815
1.65605	214167835.6477232
1.65867	213200730.67121994
1.66128	211146136.09107858
1.6639	212424363.4942177
1.66651	212953116.85317907
1.66911	211081269.53829566
1.67172	211868673.61792517
1.67432	214883341.99961594
1.67692	213711969.32863885
1.67951	213655966.43316963
1.68211	214846624.33137065
1.6847	214839435.40237916
1.68728	215220419.70766765
1.68987	215433965.6310567
1.69245	212890910.41424134
1.69503	209767488.3084048
1.6976	205354634.34372735
1.70018	203467975.5358292
1.70275	208350529.67903817
1.70531	209676374.45754853
1.70788	209141543.77580905
1.71044	208421343.74768218
1.713	206447033.7912343
1.71556	206191239.81197664
1.71811	203946663.73106304
1.72066	202373648.49320167
1.72321	198603729.20935494
1.72575	195323608.33358568
1.7283	194337940.96792182
1.73084	194513659.87023228
1.73337	192268283.74695948
1.73591	184915548.53712985
1.73844	186128313.23199147
1.74097	181400921.28410995
1.74349	182152958.8374976
1.74602	187046695.00985304
1.74854	192007668.26646718
1.75105	190387901.6019731
1.75357	181837814.24511608
1.75608	179528256.68066823
1.75859	182316727.6792613
1.7611	183386054.95014706
1.7636	179608588.81920323
1.7661	170140941.90329605
1.7686	166696123.26936716
1.7711	176119963.60726407
1.77359	165366044.67024708
1.77608	151809263.73787078
1.77857	165650696.97358826
1.78105	169669613.35030544
1.78354	165579015.4776508
1.78602	163354411.6798653
1.78849	155326051.08347115
1.79097	141729856.50874132
1.79344	151368864.66789758
1.79591	156993168.12226164
1.79837	158033950.9616833
1.80084	145556650.96528926
1.8033	154611511.1421312
1.80576	154286110.0864218
1.80821	134619075.45576495
1.81067	136635368.04300347
1.81312	157238465.492606
1.81557	168040526.3052945
1.81801	161847651.3615664
1.82046	159043441.34707037
1.8229	168457128.2463274
1.82533	173359898.8311962
1.82777	170301400.04860103
1.8302	168539558.04910824
1.83263	164091246.8934558
1.83506	167214926.56425303
1.83749	164968174.63365564
1.83991	159796168.8466819
1.84233	164169639.1075796
1.84475	159726033.03399956
1.84716	144035392.0976435
1.84957	146995672.8167772
1.85198	162506184.19928592
1.85439	164287407.61199075
1.8568	150907392.84469813
1.8592	136018909.77090722
1.8616	124079347.51045763
1.864	133172051.86692986
1.86639	141434518.00216216
1.86878	137646135.04576826
1.87118	140818243.83510858
1.87356	135831152.60669535
1.87595	147160189.55482495
1.87833	159160758.34614134
1.88071	158786609.78833255
1.88309	158215326.68523258
1.88547	152732765.92265436
1.88784	154120864.87781098
1.89021	157428785.60200638
1.89258	159171210.08327153
1.89494	158352593.2309013
1.89731	160379370.6376561
1.89967	154371222.98058927
1.90203	144583695.98388287
1.90439	154326365.09067616
1.90674	168938745.22254467
1.90909	174005526.23259202
1.91144	169777213.1520593
1.91379	163143101.57081693
1.91613	164204187.27650535
1.91848	170742393.66163445
1.92082	161614064.43127468
1.92315	146111521.48198447
1.92549	157854638.52072605
1.92782	169322836.18129826
1.93015	165985207.76713967
1.93248	163874894.2669036
1.93481	161777363.97790414
1.93713	142384827.50728232
1.93945	130171433.67410654
1.94177	139790658.8029086
1.94409	139107396.97462323
1.94641	136172922.3652903
1.94872	138846020.3793105
1.95103	148941882.85993674
1.95334	152828754.307666
1.95564	135676964.2733784
1.95795	134758316.34441313
1.96025	145000362.68634814
1.96255	150998504.43720055
1.96484	158838498.50866136
1.96714	161645129.85578254
1.96943	156860273.19283205
1.97172	159810088.88892186
1.97401	161846631.20402592
1.97629	156992534.5663376
1.97858	157626991.48815712
1.98086	156859760.50825632
1.98314	157582052.44580483
1.98541	161003646.80046883
1.98769	154994539.31642622
1.98996	142784429.87618774
1.99223	143660942.1973678
1.9945	153424544.8517723
1.99677	156478412.50580686
1.99903	152677478.598857
2.00129	149009574.26999223
2.00355	152135107.93840978
2.00581	159873627.1151983
2.00806	160840309.9966623
2.01031	160026273.03268263
2.01256	164656754.17519492
2.01481	168096923.7288203
2.01706	165001299.11964515
2.0193	162185266.7082441
2.02154	166266681.33787328
2.02378	167920951.84509468
2.02602	162191077.142666
2.02825	158360435.41953787
2.03049	160854723.30198297
2.03272	168426546.9320311
2.03494	172565971.2381917
2.03717	170376436.57668087
2.03939	168549013.21982297
2.04162	169336800.2124146
2.04384	170710223.30695423
2.04605	171135345.4677445
2.04827	168781623.70346755
2.05048	167744475.53259945
2.05269	168874326.6747302
2.0549	170388037.87815174
2.05711	171989998.60362872
2.05931	168858050.59239227
2.06151	166560878.66810334
2.06371	170040853.25937808
2.06591	173360132.69945022
2.06811	174339425.9161274
2.0703	175086455.7071748
2.07249	176499551.119259
2.07468	175609833.98582298
2.07686	174230535.96445847
2.07905	175951950.65923554
2.08123	179041063.03953844
2.08341	180141734.18970898
2.08559	177306766.56417185
2.08776	174995362.75345078
2.08994	175844764.31538826
2.09211	175716992.05397335
2.09428	174959456.19785687
2.09645	176115961.79936263
2.09861	176665756.33403447
2.10077	175995180.23288795
2.10293	176223862.4935528
2.10509	177393644.7666937
2.10725	178360489.12101102
2.1094	177110952.3987765
2.11155	174006094.2363233
2.1137	173689178.8639325
2.11585	176264040.6489873
2.11799	177745836.18754056
2.12013	177329560.64590263
2.12227	177027923.25551054
2.12441	177658078.88546577
2.12655	177900911.177836
2.12868	177584032.71901417
2.13081	177694495.98300081
2.13294	179010625.92619693
2.13507	180270674.9390992
2.13719	180336304.77146983
2.13931	179986475.77692387
2.14143	179792431.12160715
2.14355	179969785.0943421
2.14567	180223876.03613955
2.14778	179648041.81059548
2.14989	179014304.62764108
2.152	178809741.6653439
2.1541	178576276.11393502
2.15621	178443702.96620312
2.15831	178837326.47735137
2.16041	179424487.7688703
2.16251	178751473.385734
2.1646	177267437.882133
2.1667	177145778.6152866
2.16879	178272743.66325256
2.17087	178896126.39595503
2.17296	178645713.53616044
2.17504	178715127.43307534
2.17713	179481717.46296263
2.1792	180129292.0583043
2.18128	180390044.8647674
2.18336	180274160.30880406
2.18543	179862226.21873835
2.1875	179351724.20014584
2.18957	178978795.9815025
2.19163	178784443.2742772
2.1937	179143894.01727206
2.19576	179542521.01430026
2.19782	178826726.98578578
2.19987	177656238.3248419
2.20193	176285407.69689968
2.20398	175480455.54155943
2.20603	175747119.20334852
2.20808	176030908.76417765
2.21012	176449582.59081078
2.21217	177385443.62569535
2.21421	177799486.64123356
2.21625	177135533.80678502
2.21828	175798187.9031954
2.22032	175048166.6815215
2.22235	175490291.77041626
2.22438	176217838.5717323
2.22641	176079435.10241845
2.22843	175252355.40684572
2.23046	175453025.2933681
2.23248	176696172.9122479
2.2345	177027058.03619048
2.23651	175992744.74632174
2.23853	174991904.09283647
2.24054	175525144.15973392
2.24255	176749282.4814326
2.24456	177119486.09858882
2.24657	176941257.92983943
2.24857	176846166.1569133
2.25057	176781301.6738351
2.25257	176140157.24693203
2.25457	175285202.48681456
2.25656	174538619.50148538
2.25856	174040518.97691652
2.26055	173441741.80764177
2.26254	172151044.53146237
2.26453	171786228.79643953
2.26651	173003926.58710805
2.2685	173775744.15725622
2.27048	172686578.17186344
2.27246	171615159.9325934
2.27443	171570704.59076887
2.27641	171757383.304166
2.27838	171577984.6229403
2.28036	172129624.76488286
2.28233	172930699.7900257
2.28429	173441935.50156635
2.28626	173741804.5551358
2.28823	173483226.47526932
2.29019	170248783.97315878
2.29215	162968350.10940048
2.29411	156553962.54732952
2.29607	156695032.2589487
2.29802	161012802.1706196
2.29998	163283421.93209913
2.30193	164631329.44936222
2.30388	166574428.86320806
2.30583	167817856.4148896
2.30778	167259509.48572806
2.30972	165992275.34405386
2.31167	164981963.15533864
2.31361	165021063.5702726
2.31555	166132527.70561197
2.31749	166177382.7519486
2.31943	162282040.174647
2.32137	154118887.77043748
2.32331	146378910.4618951
2.32524	145944987.85895655
2.32718	151107998.86348417
2.32911	153380615.9131344
2.33104	148792492.39723986
2.33297	141457129.3879051
2.3349	140055873.91090134
2.33683	146201480.02487445
2.33876	152679394.05751103
2.34068	156463642.0719618
2.34261	157036712.85408652
2.34453	154768958.32127547
2.34646	153510325.10722408
2.34838	156063192.7579776
2.3503	159249978.02267176
2.35223	160415910.43041104
2.35415	157737122.76676214
2.35607	149705956.09530142
2.35799	141825586.38368434
2.35991	140486561.02735257
2.36183	145234894.03686497
2.36375	147199788.2825719
2.36566	139607115.463773
2.36758	129779526.56412905
2.3695	127910130.00170814
2.37142	136454713.37912977
2.37334	144743418.814986
2.37526	147373709.60450634
2.37718	141388333.09502178
2.3791	131678968.78254172
2.38101	128827982.52390558
2.38293	136964486.9608484
2.38485	146994739.08854753
2.38677	151549681.16967204
2.3887	152619772.68989712
2.39062	150533005.02869028
2.39254	147804768.64303064
2.39446	147859482.5093914
2.39639	148747997.4557585
2.39831	145929863.95618483
2.40024	141519421.49967396
2.40216	139860039.7319154
2.40409	139652015.6487636
2.40602	137168612.33531424
2.40795	135411091.34610155
2.40989	137705972.34698144
2.41182	140323781.93009835
2.41376	139301449.54691666
2.4157	136944802.04025796
2.41764	137691824.05533314
2.41958	139034056.3429163
2.42152	136087729.19468436
2.42347	131370951.29085135
2.42542	128088480.16451187
2.42737	126145670.19715957
2.42932	122325033.82092954
2.43128	119928122.21591856
2.43324	119079702.05830336
2.4352	118994189.7107251
2.43717	119180274.61571832
2.43913	116752014.32768753
2.44111	114534866.39152917
2.44308	116285056.55925363
2.44506	122895146.20487505
2.44704	127761596.97061434
2.44903	128411253.85817991
2.45102	124251869.66916962
2.45302	121006716.90913086
2.45501	120666142.56304723
2.45702	121038527.67687282
2.45903	119205621.4357689
2.46104	121508850.3601494
2.46306	127068338.57088323
2.46508	128413799.68761776
2.46711	123398907.31841415
2.46914	118215889.6582521
2.47118	115558317.34941077
2.47322	114634858.16056617
2.47527	117946861.08032773
2.47733	119825475.38830125
2.47939	112903809.22546548
2.48146	101337217.25822268
2.48354	95013628.08636081
2.48562	95508355.86486842
2.48771	93179780.74641554
2.4898	95055497.94492166
2.49191	106838332.44144079
2.49402	120791622.81492355
2.49614	122106354.50686443
2.49826	114459810.44655235
2.5004	108407126.26162219
2.50254	108412425.19131236
2.50469	111127741.32520881
2.50685	113760880.70316471
2.50902	112729471.57723238
2.5112	104212774.33413017
2.51339	91735481.58199297
2.51558	87170594.34885377
2.51779	94376521.71427198
2.52001	101179700.19661212
2.52224	97914699.49031469
2.52448	90709196.35863848
2.52672	87585909.35000317
2.52898	84118535.4391095
2.53126	75189163.5065734
2.53354	70197612.75756773
2.53583	74805481.17402048
2.53814	82555221.9098679
2.54046	86279672.10571615
