0.600000	2.86699e+07
0.601200	3.09712e+07
0.602402	3.51108e+07
0.603607	3.93045e+07
0.604814	4.31136e+07
0.606024	4.65222e+07
0.607236	5.18526e+07
0.608450	5.00402e+07
0.609667	3.92939e+07
0.610887	4.13154e+07
0.612108	4.77682e+07
0.613333	5.64367e+07
0.614559	5.44126e+07
0.615788	3.69636e+07
0.617020	2.71197e+07
0.618254	2.56698e+07
0.619491	2.60253e+07
0.620729	2.70931e+07
0.621971	2.55935e+07
0.623215	2.39217e+07
0.624461	2.55004e+07
0.625710	2.92045e+07
0.626962	2.92776e+07
0.628215	3.06447e+07
0.629472	3.59772e+07
0.630731	4.07606e+07
0.631992	4.51692e+07
0.633256	4.98615e+07
0.634523	4.84939e+07
0.635792	3.69937e+07
0.637063	3.32741e+07
0.638337	3.61529e+07
0.639614	4.79185e+07
0.640893	5.55178e+07
0.642175	5.68624e+07
0.643459	5.68034e+07
0.644746	5.87609e+07
0.646036	6.56646e+07
0.647328	6.98625e+07
0.648623	6.29554e+07
0.649920	6.99695e+07
0.651220	7.88368e+07
0.652522	8.01546e+07
0.653827	7.75963e+07
0.655135	7.06263e+07
0.656445	6.81170e+07
0.657758	6.93264e+07
0.659073	7.51911e+07
0.660391	7.03971e+07
0.661712	7.11637e+07
0.663036	7.08752e+07
0.664362	6.62728e+07
0.665690	5.71589e+07
0.667022	5.50625e+07
0.668356	5.09825e+07
0.669692	4.46935e+07
0.671032	3.93144e+07
0.672374	4.21982e+07
0.673719	4.60075e+07
0.675066	4.59492e+07
0.676416	4.82362e+07
0.677769	4.88491e+07
0.679124	4.75997e+07
0.680483	4.88675e+07
0.681844	4.80904e+07
0.683207	5.23831e+07
0.684574	5.31028e+07
0.685943	4.94924e+07
0.687315	4.58321e+07
0.688689	4.04508e+07
0.690067	4.77080e+07
0.691447	5.92909e+07
0.692830	6.12798e+07
0.694215	6.06304e+07
0.695604	8.19143e+07
0.696995	9.85864e+07
0.698389	1.09998e+08
0.699786	1.04494e+08
0.701185	9.68020e+07
0.702587	1.15148e+08
0.703993	1.35818e+08
0.705401	1.16400e+08
0.706811	6.94335e+07
0.708225	6.51074e+07
0.709641	6.20521e+07
0.711061	6.06107e+07
0.712483	6.05643e+07
0.713908	5.55290e+07
0.715336	5.75468e+07
0.716766	6.22133e+07
0.718200	6.98190e+07
0.719636	7.03883e+07
0.721075	7.11282e+07
0.722517	8.23638e+07
0.723962	9.40068e+07
0.725410	1.13134e+08
0.726861	1.23577e+08
0.728315	1.37533e+08
0.729771	1.71657e+08
0.731231	2.05462e+08
0.732693	2.21841e+08
0.734159	1.92047e+08
0.735627	1.80740e+08
0.737098	2.01229e+08
0.738573	1.88967e+08
0.740050	1.65157e+08
0.741530	1.27466e+08
0.743013	1.29780e+08
0.744499	1.10969e+08
0.745988	9.75773e+07
0.747480	1.08249e+08
0.748975	1.28531e+08
0.750473	1.43591e+08
0.751974	1.38022e+08
0.753477	1.56046e+08
0.754984	1.81611e+08
0.756494	2.11113e+08
0.758007	1.97372e+08
0.759523	1.44784e+08
0.761042	1.26176e+08
0.762564	1.21793e+08
0.764089	9.71467e+07
0.765618	5.60573e+07
0.767149	3.83793e+07
0.768683	5.05110e+07
0.770220	4.93285e+07
0.771761	9.09120e+07
0.773304	1.35526e+08
0.774851	1.49049e+08
0.776401	1.39640e+08
0.777953	1.50372e+08
0.779509	1.71039e+08
0.781068	2.03636e+08
0.782630	2.22609e+08
0.784196	2.12881e+08
0.785764	2.11834e+08
0.787336	2.19555e+08
0.788910	2.53537e+08
0.790488	2.34696e+08
0.792069	2.04208e+08
0.793653	1.88104e+08
0.795240	1.74882e+08
0.796831	2.18673e+08
0.798424	2.29507e+08
0.800021	2.02395e+08
0.801621	2.29633e+08
0.803224	3.01335e+08
0.804831	3.11410e+08
0.806440	3.34210e+08
0.808053	4.21826e+08
0.809669	5.11432e+08
0.811289	6.20615e+08
0.812911	7.14493e+08
0.814537	7.68248e+08
0.816166	7.52302e+08
0.817798	5.69658e+08
0.819434	4.22186e+08
0.821073	5.09922e+08
0.822715	6.37670e+08
0.824360	7.29199e+08
0.826009	7.60585e+08
0.827661	6.71328e+08
0.829316	5.65749e+08
0.830975	5.47475e+08
0.832637	5.62668e+08
0.834302	6.08442e+08
0.835971	6.32585e+08
0.837643	6.32945e+08
0.839318	6.12382e+08
0.840996	6.72389e+08
0.842678	5.81032e+08
0.844364	3.62500e+08
0.846052	2.50280e+08
0.847745	2.45369e+08
0.849440	2.58158e+08
0.851139	2.72257e+08
0.852841	2.78360e+08
0.854547	2.91488e+08
0.856256	3.27251e+08
0.857968	3.36539e+08
0.859684	3.10027e+08
0.861404	3.33647e+08
0.863126	3.58394e+08
0.864853	3.41491e+08
0.866582	3.15315e+08
0.868315	3.00313e+08
0.870052	3.21157e+08
0.871792	3.73984e+08
0.873536	4.19440e+08
0.875283	4.62529e+08
0.877033	5.29192e+08
0.878787	5.98368e+08
0.880545	6.65171e+08
0.882306	7.18259e+08
0.884070	7.86876e+08
0.885839	6.51500e+08
0.887610	4.21205e+08
0.889385	4.23840e+08
0.891164	4.56186e+08
0.892946	4.95084e+08
0.894732	5.15429e+08
0.896522	5.62965e+08
0.898315	6.57269e+08
0.900111	7.26318e+08
0.901912	8.10565e+08
0.903715	8.15293e+08
0.905523	8.76257e+08
0.907334	1.03304e+09
0.909148	1.14355e+09
0.910967	1.25262e+09
0.912789	1.34527e+09
0.914614	1.37441e+09
0.916443	1.42517e+09
0.918276	1.37046e+09
0.920113	1.25005e+09
0.921953	1.05917e+09
0.923797	9.07500e+08
0.925644	8.60126e+08
0.927496	8.05311e+08
0.929351	7.44532e+08
0.931209	7.17775e+08
0.933072	7.71324e+08
0.934938	8.04334e+08
0.936808	8.16671e+08
0.938681	8.50977e+08
0.940559	9.12092e+08
0.942440	1.00400e+09
0.944325	9.56250e+08
0.946213	9.83973e+08
0.948106	1.09107e+09
0.950002	1.11437e+09
0.951902	1.11116e+09
0.953806	1.08339e+09
0.955713	1.09410e+09
0.957625	1.19711e+09
0.959540	1.19116e+09
0.961459	1.15265e+09
0.963382	1.12444e+09
0.965308	1.13807e+09
0.967239	1.19533e+09
0.969174	1.21933e+09
0.971112	1.23977e+09
0.973054	1.15084e+09
0.975000	1.11714e+09
0.976950	1.15067e+09
0.978904	1.14883e+09
0.980862	1.16155e+09
0.982824	1.11082e+09
0.984789	1.19847e+09
0.986759	1.26829e+09
0.988732	1.13935e+09
0.990710	7.00289e+08
0.992691	5.74778e+08
0.994676	7.57716e+08
0.996666	8.11189e+08
0.998659	7.63528e+08
1.00066	8.51532e+08
1.00266	9.64136e+08
1.00466	8.80087e+08
1.00667	8.36128e+08
1.00869	1.01002e+09
1.01070	1.04393e+09
1.01272	9.86905e+08
1.01475	9.19147e+08
1.01678	9.28779e+08
1.01881	9.57579e+08
1.02085	9.93094e+08
1.02289	1.03264e+09
1.02494	1.02882e+09
1.02699	9.57878e+08
1.02904	9.75250e+08
1.03110	1.00271e+09
1.03316	1.00157e+09
1.03523	1.07596e+09
1.03730	1.18073e+09
1.03937	1.19273e+09
1.04145	1.20790e+09
1.04353	1.22792e+09
1.04562	1.28205e+09
1.04771	1.18999e+09
1.04981	1.20696e+09
1.05191	1.22086e+09
1.05401	1.29590e+09
1.05612	1.21304e+09
1.05823	1.19532e+09
1.06035	1.29516e+09
1.06247	1.34898e+09
1.06459	1.34748e+09
1.06672	1.32419e+09
1.06886	1.34773e+09
1.07099	1.32718e+09
1.07314	1.41937e+09
1.07528	1.51868e+09
1.07743	1.56780e+09
1.07959	1.66252e+09
1.08175	1.69344e+09
1.08391	1.71083e+09
1.08608	1.61183e+09
1.08825	1.59566e+09
1.09043	1.59379e+09
1.09261	1.62727e+09
1.09479	1.64477e+09
1.09698	1.52695e+09
1.09918	1.46096e+09
1.10137	1.46330e+09
1.10358	1.39334e+09
1.10578	1.36013e+09
1.10800	1.34870e+09
1.11021	1.35019e+09
1.11243	1.38584e+09
1.11466	1.43517e+09
1.11689	1.43581e+09
1.11912	1.36159e+09
1.12136	1.41873e+09
1.12360	1.48117e+09
1.12585	1.46968e+09
1.12810	1.44181e+09
1.13036	1.46957e+09
1.13262	1.47397e+09
1.13488	1.35527e+09
1.13715	1.16480e+09
1.13943	9.86227e+08
1.14170	1.10218e+09
1.14399	1.31491e+09
1.14628	1.44156e+09
1.14857	1.50643e+09
1.15087	1.53269e+09
1.15317	1.52506e+09
1.15547	1.53225e+09
1.15778	1.52916e+09
1.16010	1.49622e+09
1.16242	1.48471e+09
1.16475	1.42289e+09
1.16707	1.30218e+09
1.16941	1.09616e+09
1.17175	1.27924e+09
1.17409	1.30879e+09
1.17644	1.02710e+09
1.17879	1.01048e+09
1.18115	1.29684e+09
1.18351	1.41362e+09
1.18588	1.39017e+09
1.18825	1.35835e+09
1.19063	1.44638e+09
1.19301	1.49406e+09
1.19539	1.43012e+09
1.19778	1.33009e+09
1.20018	1.40151e+09
1.20258	1.47535e+09
1.20499	1.52317e+09
1.20740	1.53167e+09
1.20981	1.53967e+09
1.21223	1.53495e+09
1.21465	1.53872e+09
1.21708	1.57753e+09
1.21952	1.57503e+09
1.22196	1.57085e+09
1.22440	1.61711e+09
1.22685	1.63183e+09
1.22930	1.63304e+09
1.23176	1.62457e+09
1.23423	1.61223e+09
1.23669	1.61751e+09
1.23917	1.57950e+09
1.24165	1.40302e+09
1.24413	1.32746e+09
1.24662	1.48336e+09
1.24911	1.47831e+09
1.25161	1.28904e+09
1.25411	1.36428e+09
1.25662	1.57568e+09
1.25913	1.59998e+09
1.26165	1.58635e+09
1.26417	1.55329e+09
1.26670	1.58890e+09
1.26924	1.62449e+09
1.27177	1.65791e+09
1.27432	1.64614e+09
1.27687	1.66475e+09
1.27942	1.65793e+09
1.28198	1.61909e+09
1.28454	1.59935e+09
1.28711	1.58426e+09
1.28969	1.54338e+09
1.29227	1.53758e+09
1.29485	1.58407e+09
1.29744	1.62720e+09
1.30003	1.63089e+09
1.30263	1.62246e+09
1.30524	1.62468e+09
1.30785	1.60511e+09
1.31047	1.58365e+09
1.31309	1.51226e+09
1.31571	1.48011e+09
1.31834	1.52601e+09
1.32098	1.53424e+09
1.32362	1.48000e+09
1.32627	1.39869e+09
1.32892	1.32044e+09
1.33158	1.13590e+09
1.33424	8.56846e+08
1.33691	6.98133e+08
1.33959	7.24074e+08
1.34227	7.23653e+08
1.34495	7.04786e+08
1.34764	7.05506e+08
1.35033	6.68501e+08
1.35304	6.58526e+08
1.35574	6.65259e+08
1.35845	6.89406e+08
1.36117	6.84451e+08
1.36389	6.80824e+08
1.36662	7.03898e+08
1.36935	7.25482e+08
1.37209	7.58275e+08
1.37484	7.61020e+08
1.37759	8.29207e+08
1.38034	8.37342e+08
1.38310	8.08177e+08
1.38587	7.90291e+08
1.38864	7.31642e+08
1.39142	6.85772e+08
1.39420	6.63101e+08
1.39699	6.57607e+08
1.39978	6.61071e+08
1.40258	6.47462e+08
1.40539	6.42183e+08
1.40820	6.40519e+08
1.41101	6.54885e+08
1.41384	6.49367e+08
1.41666	5.97388e+08
1.41950	5.64679e+08
1.42234	5.64674e+08
1.42518	5.38137e+08
1.42803	5.61659e+08
1.43089	6.11989e+08
1.43375	6.28744e+08
1.43662	6.15302e+08
1.43949	5.95873e+08
1.44237	6.10431e+08
1.44525	6.19580e+08
1.44814	6.26707e+08
1.45104	6.37524e+08
1.45394	6.41776e+08
1.45685	6.59492e+08
1.45976	6.87910e+08
1.46268	6.44772e+08
1.46561	6.51925e+08
1.46854	6.30565e+08
1.47148	6.58529e+08
1.47442	6.43708e+08
1.47737	6.56840e+08
1.48032	6.65869e+08
1.48328	6.73337e+08
1.48625	6.71539e+08
1.48922	6.69348e+08
1.49220	6.86030e+08
1.49518	6.87220e+08
1.49817	6.97482e+08
1.50117	6.87583e+08
1.50417	7.09516e+08
1.50718	7.19471e+08
1.51020	7.27305e+08
1.51322	7.33083e+08
1.51624	7.36328e+08
1.51927	7.61160e+08
1.52231	7.91766e+08
1.52536	7.61168e+08
1.52841	7.52157e+08
1.53147	7.63246e+08
1.53453	7.88266e+08
1.53760	8.01030e+08
1.54067	7.94328e+08
1.54375	7.89844e+08
1.54684	8.01741e+08
1.54993	8.13347e+08
1.55303	8.32572e+08
1.55614	8.35873e+08
1.55925	8.41011e+08
1.56237	8.61915e+08
1.56550	8.71699e+08
1.56863	8.78665e+08
1.57176	8.78636e+08
1.57491	8.96554e+08
1.57806	9.28180e+08
1.58121	9.22372e+08
1.58438	9.11877e+08
1.58754	9.35293e+08
1.59072	9.46286e+08
1.59390	9.59364e+08
1.59709	9.65671e+08
1.60028	9.65680e+08
1.60348	9.75413e+08
1.60669	9.75908e+08
1.60990	9.85651e+08
1.61312	9.89999e+08
1.61635	9.91384e+08
1.61958	9.85299e+08
1.62282	9.87288e+08
1.62607	1.00362e+09
1.62932	1.00703e+09
1.63258	1.00056e+09
1.63584	1.00734e+09
1.63911	1.01116e+09
1.64239	1.00224e+09
1.64568	1.02825e+09
1.64897	1.03970e+09
1.65227	1.03735e+09
1.65557	1.04992e+09
1.65888	1.03885e+09
1.66220	1.02594e+09
1.66552	1.04019e+09
1.66886	1.03926e+09
1.67219	1.04618e+09
1.67554	1.04863e+09
1.67889	1.04054e+09
1.68225	1.04142e+09
1.68561	1.04325e+09
1.68898	1.03878e+09
1.69236	1.02450e+09
1.69574	9.96029e+08
1.69914	9.65878e+08
1.70253	9.59029e+08
1.70594	9.35330e+08
1.70935	9.06525e+08
1.71277	8.73720e+08
1.71620	8.35525e+08
1.71963	8.11208e+08
1.72307	8.11333e+08
1.72651	7.66495e+08
1.72997	7.36551e+08
1.73343	7.12995e+08
1.73689	6.84794e+08
1.74037	6.69998e+08
1.74385	6.50680e+08
1.74733	6.59385e+08
1.75083	6.43878e+08
1.75433	6.01271e+08
1.75784	5.83895e+08
1.76136	5.85633e+08
1.76488	5.74230e+08
1.76841	5.34318e+08
1.77194	5.28088e+08
1.77549	5.14882e+08
1.77904	5.06081e+08
1.78260	5.02423e+08
1.78616	4.86383e+08
1.78973	4.63679e+08
1.79331	4.45918e+08
1.79690	4.46205e+08
1.80049	4.23806e+08
1.80410	4.35705e+08
1.80770	4.02205e+08
1.81132	4.19054e+08
1.81494	4.45632e+08
1.81857	4.17787e+08
1.82221	4.33012e+08
1.82585	4.38780e+08
1.82950	4.34126e+08
1.83316	4.46449e+08
1.83683	4.44232e+08
1.84050	4.19263e+08
1.84418	3.88276e+08
1.84787	3.67596e+08
1.85157	3.85305e+08
1.85527	3.62226e+08
1.85898	3.36064e+08
1.86270	3.56775e+08
1.86642	3.73514e+08
1.87016	3.78905e+08
1.87390	3.68921e+08
1.87765	3.78128e+08
1.88140	3.94618e+08
1.88516	4.00808e+08
1.88893	4.10020e+08
1.89271	4.09014e+08
1.89650	4.12040e+08
1.90029	4.08210e+08
1.90409	4.18058e+08
1.90790	4.22399e+08
1.91171	4.22992e+08
1.91554	4.29663e+08
1.91937	4.14803e+08
1.92321	4.01015e+08
1.92705	4.23775e+08
1.93091	4.04595e+08
1.93477	3.91161e+08
1.93864	3.82047e+08
1.94252	3.62711e+08
1.94640	3.53424e+08
1.95029	3.61510e+08
1.95419	3.53770e+08
1.95810	3.50182e+08
1.96202	3.65545e+08
1.96594	3.96791e+08
1.96988	3.84517e+08
1.97382	3.61513e+08
1.97776	3.49795e+08
1.98172	3.57483e+08
1.98568	3.57422e+08
1.98965	3.46007e+08
1.99363	3.59751e+08
1.99762	3.52638e+08
2.00161	3.50226e+08
2.00562	3.58790e+08
2.00963	3.64331e+08
2.01365	3.62377e+08
2.01768	3.65944e+08
2.02171	3.76012e+08
2.02575	3.66218e+08
2.02981	3.57664e+08
2.03386	3.75766e+08
2.03793	3.77018e+08
2.04201	3.76993e+08
2.04609	3.83113e+08
2.05018	3.86666e+08
2.05428	3.89022e+08
2.05839	3.97808e+08
2.06251	3.93101e+08
2.06663	3.99220e+08
2.07077	4.09855e+08
2.07491	4.06487e+08
2.07906	4.07435e+08
2.08322	4.10781e+08
2.08738	4.20161e+08
2.09156	4.26763e+08
2.09574	4.26931e+08
2.09993	4.31482e+08
2.10413	4.32216e+08
2.10834	4.39266e+08
2.11256	4.41498e+08
2.11678	4.41072e+08
2.12102	4.42456e+08
2.12526	4.48310e+08
2.12951	4.53098e+08
2.13377	4.59631e+08
2.13804	4.53831e+08
2.14231	4.55387e+08
2.14660	4.54901e+08
2.15089	4.54359e+08
2.15519	4.59749e+08
2.15950	4.63867e+08
2.16382	4.63753e+08
2.16815	4.61926e+08
2.17248	4.60892e+08
2.17683	4.57291e+08
2.18118	4.58345e+08
2.18554	4.58089e+08
2.18992	4.61195e+08
2.19430	4.61697e+08
2.19868	4.63881e+08
2.20308	4.53425e+08
2.20749	4.45762e+08
2.21190	4.55710e+08
2.21633	4.57561e+08
2.22076	4.46671e+08
2.22520	4.53744e+08
2.22965	4.53649e+08
2.23411	4.49274e+08
2.23858	4.49980e+08
2.24306	4.51736e+08
2.24754	4.51876e+08
2.25204	4.47871e+08
2.25654	4.44670e+08
2.26105	4.41108e+08
2.26558	4.36594e+08
2.27011	4.36947e+08
2.27465	4.37183e+08
2.27920	4.29407e+08
2.28375	4.31954e+08
2.28832	4.33130e+08
2.29290	3.89741e+08
2.29748	3.62922e+08
2.30208	3.70507e+08
2.30668	3.72495e+08
2.31130	3.84658e+08
2.31592	3.83091e+08
2.32055	3.55633e+08
2.32519	3.29344e+08
2.32984	3.45858e+08
2.33450	3.46725e+08
2.33917	3.43921e+08
2.34385	3.50955e+08
2.34854	3.46916e+08
2.35323	3.21548e+08
2.35794	3.17024e+08
2.36266	3.18356e+08
2.36738	3.19259e+08
2.37212	3.24001e+08
2.37686	3.14385e+08
2.38161	3.03473e+08
2.38638	2.92864e+08
2.39115	2.89789e+08
2.39593	2.90593e+08
2.40072	2.86254e+08
2.40552	2.76487e+08
2.41034	2.71011e+08
2.41516	2.69830e+08
2.41999	2.61866e+08
2.42483	2.54534e+08
2.42968	2.48435e+08
2.43454	2.33375e+08
2.43940	2.27973e+08
2.44428	2.23410e+08
2.44917	2.26689e+08
2.45407	2.17280e+08
2.45898	2.19571e+08
2.46390	2.15414e+08
2.46882	1.99001e+08
2.47376	1.90097e+08
2.47871	1.94919e+08
2.48367	1.96271e+08
2.48863	1.89030e+08
2.49361	1.90531e+08
2.49860	1.93460e+08
2.50359	1.78674e+08
2.50860	1.77295e+08
2.51362	1.75661e+08
2.51865	1.76446e+08
2.52368	1.70487e+08
2.52873	1.74143e+08
2.53379	1.74858e+08
2.53886	1.75651e+08
2.54393	1.73586e+08
2.54902	1.71324e+08
2.55412	1.74656e+08
