#wavelength	surface flux
0.001	5.594540881067813e-94
0.00101	5.787932417697318e-94
0.0010201000000000001	5.98325786969312e-94
0.0010303010000000002	6.180536576208878e-94
0.00104060401	6.379788069789791e-94
0.0010510100501000001	6.581032078306517e-94
0.0010615201506010002	6.784288526908411e-94
0.00107213535210701	6.989577539996319e-94
0.0010828567056280802	7.196919443215108e-94
0.0010936852726843608	7.406334765466083e-94
0.0011046221254112046	7.617844240939575e-94
0.0011156683466653167	7.831468811167797e-94
0.0011268250301319698	8.0472296270983e-94
0.0011380932804332896	8.265148051188113e-94
0.0011494742132376226	8.485245659518822e-94
0.0011609689553699987	8.707544243932835e-94
0.0011725786449236987	8.93206581419099e-94
0.0011843044313729356	9.158832600151725e-94
0.001196147475686665	9.38786705397207e-94
0.0012081089504435317	9.462371613657906e-94
0.0012201900399479671	9.462371613657906e-94
0.0012323919403474468	9.462371613657906e-94
0.0012447158597509213	9.462371613657906e-94
0.0012571630183484304	9.462371613657906e-94
0.0012697346485319148	9.462371613657906e-94
0.0012824319950172339	9.462371613657906e-94
0.0012952563149674064	9.462371613657906e-94
0.0013082088781170805	9.462371613657906e-94
0.001321290966898251	9.462371613657906e-94
0.0013345038765672336	9.462371613657906e-94
0.001347848915332906	9.462371613657906e-94
0.0013613274044862352	9.462371613657906e-94
0.0013749406785310975	9.462371613657906e-94
0.0013886900853164084	9.462371613657906e-94
0.0014025769861695724	9.462371613657906e-94
0.0014166027560312683	9.462371613657906e-94
0.001430768783591581	9.462371613657906e-94
0.0014450764714274969	9.462371613657906e-94
0.0014595272361417717	9.462371613657906e-94
0.0014741225085031894	9.462371613657906e-94
0.0014888637335882214	9.462371613657906e-94
0.0015037523709241036	9.462371613657906e-94
0.0015187898946333446	9.462371613657906e-94
0.001533977793579678	9.462371613657906e-94
0.001549317571515475	9.462371613657906e-94
0.0015648107472306296	9.462371613657906e-94
0.001580458854702936	9.462371613657906e-94
0.0015962634432499655	9.462371613657906e-94
0.001612226077682465	9.462371613657906e-94
0.0016283483384592896	9.462371613657906e-94
0.0016446318218438828	9.462371613657906e-94
0.0016610781400623216	9.462371613657906e-94
0.0016776889214629447	9.462371613657906e-94
0.0016944658106775741	9.462371613657906e-94
0.00171141046878435	9.462371613657906e-94
0.0017285245734721935	9.462371613657906e-94
0.0017458098192069155	9.462371613657906e-94
0.0017632679173989845	9.462371613657906e-94
0.0017809005965729746	9.462371613657906e-94
0.0017987096025387042	9.462371613657906e-94
0.0018166966985640914	9.462371613657906e-94
0.0018348636655497322	9.462371613657906e-94
0.0018532123022052297	9.462371613657906e-94
0.001871744425227282	9.462371613657906e-94
0.0018904618694795547	9.462371613657906e-94
0.0019093664881743501	9.462371613657906e-94
0.0019284601530560937	9.462371613657906e-94
0.0019477447545866546	9.462371613657906e-94
0.001967222202132521	9.462371613657906e-94
0.0019868944241538465	9.462371613657906e-94
0.0020067633683953853	9.462371613657906e-94
0.002026831002079339	9.462371613657906e-94
0.0020470993121001323	9.462371613657906e-94
0.0020675703052211334	9.462371613657906e-94
0.002088246008273345	9.462371613657906e-94
0.0021091284683560784	9.462371613657906e-94
0.0021302197530396394	9.462371613657906e-94
0.002151521950570036	9.462371613657906e-94
0.002173037170075736	9.462371613657906e-94
0.0021947675417764933	9.462371613657906e-94
0.0022167152171942584	9.462371613657906e-94
0.002238882369366201	9.462371613657906e-94
0.0022612711930598633	9.462371613657906e-94
0.0022838839049904615	9.462371613657906e-94
0.0023067227440403664	9.462371613657906e-94
0.00232978997148077	9.462371613657906e-94
0.0023530878711955777	9.462371613657906e-94
0.0023766187499075337	9.462371613657906e-94
0.0024003849374066087	9.462371613657906e-94
0.002424388786780675	9.462371613657906e-94
0.0024486326746484817	9.462371613657906e-94
0.0024731190013949664	9.462371613657906e-94
0.0024978501914089163	9.462371613657906e-94
0.0025228286933230053	9.462371613657906e-94
0.0025480569802562355	9.462371613657906e-94
0.0025735375500587983	9.462371613657906e-94
0.0025992729255593858	9.462371613657906e-94
0.00262526565481498	9.462371613657906e-94
0.0026515183113631296	9.462371613657906e-94
0.002678033494476761	9.462371613657906e-94
0.0027048138294215283	9.462371613657906e-94
0.002731861967715744	9.462371613657906e-94
0.002759180587392901	9.462371613657906e-94
0.0027867723932668304	9.462371613657906e-94
0.002814640117199499	9.462371613657906e-94
0.0028427865183714937	9.462371613657906e-94
0.002871214383555209	9.462371613657906e-94
0.0028999265273907606	9.462371613657906e-94
0.002928925792664668	9.462371613657906e-94
0.002958215050591315	9.462371613657906e-94
0.002987797201097228	9.462371613657906e-94
0.0030176751731082006	9.462371613657906e-94
0.0030478519248392827	9.462371613657906e-94
0.0030783304440876753	9.462371613657906e-94
0.0031091137485285522	9.462371613657906e-94
0.0031402048860138376	9.462371613657906e-94
0.0031716069348739764	9.462371613657906e-94
0.003203323004222716	9.462371613657906e-94
0.003235356234264943	9.462371613657906e-94
0.003267709796607593	9.462371613657906e-94
0.0033003868945736684	9.462371613657906e-94
0.003333390763519405	9.462371613657906e-94
0.0033667246711545995	9.462371613657906e-94
0.0034003919178661455	9.462371613657906e-94
0.0034343958370448065	9.462371613657906e-94
0.0034687397954152547	9.462371613657906e-94
0.0035034271933694077	9.462371613657906e-94
0.0035384614653031017	9.462371613657906e-94
0.0035738460799561327	9.462371613657906e-94
0.003609584540755694	9.462371613657906e-94
0.003645680386163251	9.462371613657906e-94
0.0036821371900248832	9.462371613657906e-94
0.0037189585619251324	9.462371613657906e-94
0.0037561481475443838	9.462371613657906e-94
0.0037937096290198277	9.462371613657906e-94
0.003831646725310026	9.462371613657906e-94
0.003869963192563126	9.462371613657906e-94
0.003908662824488757	9.462371613657906e-94
0.003947749452733645	9.462371613657906e-94
0.003987226947260982	9.462371613657906e-94
0.004027099216733592	9.462371613657906e-94
0.004067370208900928	9.462371613657906e-94
0.004108043910989938	9.462371613657906e-94
0.004149124350099836	9.462371613657906e-94
0.004190615593600834	9.462371613657906e-94
0.004232521749536843	9.462371613657906e-94
0.004274846967032212	9.462371613657906e-94
0.004317595436702534	9.462371613657906e-94
0.004360771391069559	9.462371613657906e-94
0.0044043791049802545	9.462371613657906e-94
0.004448422896030057	9.462371613657906e-94
0.0044929071249903575	9.462371613657906e-94
0.004537836196240262	9.462371613657906e-94
0.004583214558202664	9.462371613657906e-94
0.004629046703784691	9.462371613657906e-94
0.0046753371708225374	9.462371613657906e-94
0.004722090542530763	9.462371613657906e-94
0.004769311447956071	9.462371613657906e-94
0.004817004562435632	9.462371613657906e-94
0.004865174608059988	9.462371613657906e-94
0.004913826354140587	9.462371613657906e-94
0.004962964617681994	9.462371613657906e-94
0.005012594263858814	9.462371613657906e-94
0.005062720206497402	9.462371613657906e-94
0.0051133474085623765	9.462371613657906e-94
0.005164480882648	9.462371613657906e-94
0.0052161256914744795	9.462371613657906e-94
0.005268286948389224	9.462371613657906e-94
0.0053209698178731165	9.462371613657906e-94
0.005374179516051849	9.462371613657906e-94
0.005427921311212366	9.462371613657906e-94
0.0054822005243244905	9.462371613657906e-94
0.005537022529567735	9.462371613657906e-94
0.005592392754863413	9.462371613657906e-94
0.0056483166824120475	9.462371613657906e-94
0.0057047998492361675	9.462371613657906e-94
0.005761847847728529	9.462371613657906e-94
0.005819466326205815	9.462371613657906e-94
0.005877660989467873	9.462371613657906e-94
0.005936437599362551	9.462371613657906e-94
0.005995801975356177	9.462371613657906e-94
0.0060557599951097385	9.462371613657906e-94
0.006116317595060837	9.462371613657906e-94
0.006177480771011445	9.462371613657906e-94
0.006239255578721559	9.462371613657906e-94
0.006301648134508775	9.462371613657906e-94
0.006364664615853863	9.462371613657906e-94
0.006428311262012401	9.462371613657906e-94
0.0064925943746325255	9.462371613657906e-94
0.006557520318378851	9.462371613657906e-94
0.006623095521562639	9.462371613657906e-94
0.006689326476778266	9.462371613657906e-94
0.0067562197415460485	9.462371613657906e-94
0.006823781938961509	9.462371613657906e-94
0.006892019758351124	9.462371613657906e-94
0.0069609399559346355	9.462371613657906e-94
0.007030549355493982	9.462371613657906e-94
0.007100854849048922	9.462371613657906e-94
0.007171863397539412	9.462371613657906e-94
0.007243582031514805	9.462371613657906e-94
0.007316017851829954	9.462371613657906e-94
0.007389178030348253	9.462371613657906e-94
0.007463069810651736	9.462371613657906e-94
0.007537700508758254	9.462371613657906e-94
0.007613077513845836	9.462371613657906e-94
0.007689208288984294	9.462371613657906e-94
0.007766100371874137	9.462371613657906e-94
0.00784376137559288	9.462371613657906e-94
0.007922198989348808	9.462371613657906e-94
0.008001420979242295	9.462371613657906e-94
0.008081435189034718	9.462371613657906e-94
0.008162249540925065	9.462371613657906e-94
0.008243872036334317	9.462371613657906e-94
0.008326310756697661	9.462371613657906e-94
0.008409573864264637	9.462371613657906e-94
0.008493669602907282	9.462371613657906e-94
0.008578606298936356	9.462371613657906e-94
0.008664392361925718	9.462371613657906e-94
0.008751036285544977	9.462371613657906e-94
0.008838546648400426	9.462371613657906e-94
0.008926932114884432	9.462371613657906e-94
0.009016201436033275	9.462371613657906e-94
0.009106363450393609	9.462371613657906e-94
0.009197427084897545	9.462371613657906e-94
0.00928940135574652	9.462371613657906e-94
0.009382295369303986	9.462371613657906e-94
0.009476118322997024	9.462371613657906e-94
0.009570879506226997	9.462371613657906e-94
0.009666588301289265	9.462371613657906e-94
0.009763254184302158	9.462371613657906e-94
0.00986088672614518	9.462371613657906e-94
0.009959495593406632	9.462371613657906e-94
0.0100590905493407	9.462371613657906e-94
0.010159681454834106	9.462371613657906e-94
0.010261278269382446	9.462371613657906e-94
0.01036389105207627	9.462371613657906e-94
0.010467529962597035	9.462371613657906e-94
0.010572205262223005	9.462371613657906e-94
0.010677927314845235	9.462371613657906e-94
0.010784706587993687	9.462371613657906e-94
0.010892553653873623	9.462371613657906e-94
0.01100147919041236	9.462371613657906e-94
0.011111493982316483	9.462371613657906e-94
0.01122260892213965	9.462371613657906e-94
0.011334835011361045	9.462371613657906e-94
0.011448183361474655	9.462371613657906e-94
0.011562665195089401	9.462371613657906e-94
0.011678291847040296	9.462371613657906e-94
0.0117950747655107	9.462371613657906e-94
0.011913025513165806	9.462371613657906e-94
0.012032155768297465	9.462371613657906e-94
0.01215247732598044	9.462371613657906e-94
0.012274002099240244	9.462371613657906e-94
0.012396742120232647	9.462371613657906e-94
0.012520709541434973	9.462371613657906e-94
0.012645916636849323	9.462371613657906e-94
0.012772375803217816	9.462371613657906e-94
0.012900099561249994	9.462371613657906e-94
0.013029100556862495	9.462371613657906e-94
0.01315939156243112	9.462371613657906e-94
0.01329098547805543	9.462371613657906e-94
0.013423895332835984	9.462371613657906e-94
0.013558134286164345	9.462371613657906e-94
0.01369371562902599	9.462371613657906e-94
0.013830652785316248	9.462371613657906e-94
0.013968959313169412	9.462371613657906e-94
0.014108648906301107	9.462371613657906e-94
0.014249735395364118	9.462371613657906e-94
0.014392232749317758	9.462371613657906e-94
0.014536155076810936	9.462371613657906e-94
0.014681516627579045	9.462371613657906e-94
0.014828331793854836	9.462371613657906e-94
0.014976615111793384	9.462371613657906e-94
0.015126381262911319	9.462371613657906e-94
0.015277645075540433	9.462371613657906e-94
0.015430421526295836	9.462371613657906e-94
0.015584725741558796	9.462371613657906e-94
0.015740572998974384	9.462371613657906e-94
0.015897978728964125	9.462371613657906e-94
0.01605695851625377	9.462371613657906e-94
0.016217528101416308	9.462371613657906e-94
0.01637970338243047	9.462371613657906e-94
0.016543500416254773	9.462371613657906e-94
0.016708935420417324	9.462371613657906e-94
0.016876024774621495	9.462371613657906e-94
0.01704478502236771	9.462371613657906e-94
0.017215232872591385	9.462371613657906e-94
0.0173873852013173	9.462371613657906e-94
0.017561259053330475	9.462371613657906e-94
0.01773687164386378	9.462371613657906e-94
0.017914240360302418	9.462371613657906e-94
0.018093382763905444	9.462371613657906e-94
0.0182743165915445	9.462371613657906e-94
0.01845705975745994	9.462371613657906e-94
0.01864163035503454	9.462371613657906e-94
0.01882804665858489	9.462371613657906e-94
0.019016327125170738	9.462371613657906e-94
0.019206490396422443	9.462371613657906e-94
0.01939855530038667	9.462371613657906e-94
0.019592540853390534	9.462371613657906e-94
0.01978846626192444	9.462371613657906e-94
0.019986350924543685	9.462371613657906e-94
0.020186214433789124	9.462371613657906e-94
0.020388076578127013	9.462371613657906e-94
0.020591957343908285	9.462371613657906e-94
0.020797876917347368	9.462371613657906e-94
0.021005855686520844	9.462371613657906e-94
0.02121591424338605	9.462371613657906e-94
0.02142807338581991	9.462371613657906e-94
0.02164235411967811	9.462371613657906e-94
0.02185877766087489	9.462371613657906e-94
0.02207736543748364	9.462371613657906e-94
0.022298139091858477	9.462371613657906e-94
0.02252112048277706	9.462371613657906e-94
0.022746331687604832	9.462371613657906e-94
0.022973795004480883	9.462371613657906e-94
0.02320353295452569	9.462371613657906e-94
0.023435568284070948	9.462371613657906e-94
0.023669923966911657	9.462371613657906e-94
0.02390662320658077	9.462371613657906e-94
0.024145689438646582	9.462371613657906e-94
0.024387146333033047	9.462371613657906e-94
0.024631017796363376	9.462371613657906e-94
0.024877327974327013	9.462371613657906e-94
0.025126101254070284	9.462371613657906e-94
0.025377362266610984	9.462371613657906e-94
0.025631135889277096	9.462371613657906e-94
0.025887447248169868	9.462371613657906e-94
0.026146321720651563	9.462371613657906e-94
0.026407784937858083	9.462371613657906e-94
0.026671862787236662	9.462371613657906e-94
0.02693858141510903	9.462371613657906e-94
0.02720796722926012	9.462371613657906e-94
0.027480046901552722	9.462371613657906e-94
0.02775484737056825	9.462371613657906e-94
0.028032395844273934	9.462371613657906e-94
0.02831271980271667	9.462371613657906e-94
0.02859584700074384	9.462371613657906e-94
0.028881805470751278	9.462371613657906e-94
0.02917062352545879	9.462371613657906e-94
0.029462329760713377	9.462371613657906e-94
0.029756953058320514	9.462371613657906e-94
0.030054522588903718	9.462371613657906e-94
0.030355067814792754	9.462371613657906e-94
0.030658618492940683	9.462371613657906e-94
0.030965204677870093	9.462371613657906e-94
0.03127485672464879	9.462371613657906e-94
0.031587605291895283	9.462371613657906e-94
0.03190348134481423	9.462371613657906e-94
0.032222516158262375	9.462371613657906e-94
0.03254474131984499	9.462371613657906e-94
0.03287018873304345	9.462371613657906e-94
0.03319889062037388	9.462371613657906e-94
0.03353087952657762	9.462371613657906e-94
0.0338661883218434	9.462371613657906e-94
0.03420485020506183	9.462371613657906e-94
0.03454689870711246	9.462371613657906e-94
0.03489236769418358	9.462371613657906e-94
0.035241291371125416	9.462371613657906e-94
0.03559370428483667	9.462371613657906e-94
0.035949641327685036	9.462371613657906e-94
0.03630913774096189	9.462371613657906e-94
0.03667222911837151	9.462371613657906e-94
0.03703895140955522	9.462371613657906e-94
0.03740934092365077	9.462371613657906e-94
0.037783434332887285	9.462371613657906e-94
0.03816126867621615	9.462371613657906e-94
0.038542881362978315	9.462371613657906e-94
0.038928310176608104	9.462371613657906e-94
0.03931759327837418	9.462371613657906e-94
0.039710769211157924	9.462371613657906e-94
0.0401078769032695	9.462371613657906e-94
0.0405089556723022	9.462371613657906e-94
0.04091404522902522	9.462371613657906e-94
0.041323185681315475	9.462371613657906e-94
0.04173641753812863	9.462371613657906e-94
0.04215378171350991	9.462371613657906e-94
0.042575319530645014	9.462371613657906e-94
0.04300107272595147	9.462371613657906e-94
0.043431083453210985	9.462371613657906e-94
0.04386539428774309	9.462371613657906e-94
0.04430404823062052	9.462371613657906e-94
0.04474708871292673	9.462371613657906e-94
0.045194559600056	9.462371613657906e-94
0.04564650519605655	9.462371613657906e-94
0.04610297024801712	9.462371613657906e-94
0.046563999950497294	9.462371613657906e-94
0.04702963995000226	9.462371613657906e-94
0.04749993634950229	9.462371613657906e-94
0.04797493571299731	9.462402989165665e-94
0.04845468507012728	9.523488886403946e-94
0.04893923192082856	1.0337334781970799e-93
0.04942862424003685	2.003316745468904e-93
0.04992291048243721	1.381695174428475e-92
0.050422139587261584	3.997051961278807e-71
0.0509263609831342	8.716460785307947e-70
0.051435624592965544	1.3850574592560468e-67
0.0519499808388952	1.0345420707509758e-66
0.05246948064728415	8.07156660107292e-66
0.052994175453756995	4.580273758703072e-65
0.053524117208294565	4.273195324039753e-65
0.05405935838037751	8.15979798905874e-64
0.05459995196418129	4.730486753516052e-63
0.0551459514838231	2.1498888203789446e-62
0.05569741099866134	8.886889435140031e-62
0.05625438510864795	3.62586482981448e-61
0.056816928959734427	1.3666268489330265e-60
0.05738509824933177	2.0050714842744628e-57
0.05795894923182509	2.2844941207561972e-55
0.05853853872414334	1.3401953479202625e-55
0.05912392411138478	7.377456444260581e-54
0.05971516335249862	4.338132704935099e-53
0.06031231498602361	1.7814358886337327e-52
0.06091543813588385	6.440786654084127e-52
0.06152459251724268	2.2231269746803713e-51
0.062139838442415114	7.576816862825898e-51
0.06276123682683926	2.5084946327123986e-50
0.06338884919510765	8.281171105286801e-50
0.06402273768705874	2.7127318904861876e-49
0.06466296506392932	7.828925095695977e-49
0.06530959471456863	2.789523802677438e-48
0.06596269066171431	8.697578352350168e-48
0.06662231756833144	2.69056540588589e-47
0.06728854074401477	8.302824102661385e-47
0.06796142615145492	2.4978647191395244e-46
0.06864104041296946	7.472144479104902e-46
0.06932745081709915	2.2074572059520837e-45
0.07002072532527015	6.381879295867118e-45
0.07072093257852285	1.7056794104631743e-44
0.07142814190430807	5.292679185909324e-44
0.07214242332335115	1.5015753410372561e-43
0.07286384755658468	4.1978730850101625e-43
0.07359248603215052	7.731650586963772e-43
0.07432841089247202	3.081056774741969e-42
0.07507169500139675	8.544693677731253e-42
0.07582241195141072	2.2595549008748344e-41
0.07658063607092483	5.168967059981042e-41
0.07734644243163408	1.5052936844655959e-40
0.07811990685595041	4.112779926989701e-40
0.07890110592450993	1.8472824090221843e-38
0.07969011698375501	5.657322503874004e-38
0.08048701815359258	1.5518213765783076e-37
0.08129188833512849	3.5810372942919556e-37
0.08210480721847978	1.113732020550688e-36
0.08292585529066457	2.8654650282335624e-36
0.08375511384357122	7.655319790814759e-36
0.08459266498200693	2.3657562701106618e-36
0.08543859163182702	5.270507187148512e-38
0.08629297754814527	9.219505568448265e-39
0.08715590732362674	6.139589383775205e-38
0.08802746639686301	3.073894229680496e-40
0.08890774106083163	6.470560462801953e-37
0.08979681847143996	1.2612673078214837e-37
0.09069478665615435	2.2468352937038765e-38
0.09160173452271589	9.576462180129393e-38
0.09251775186794305	3.5769358568784297e-37
0.09344292938662248	1.4799509455368673e-36
0.09437735868048872	8.784132846496832e-34
0.09532113226729359	5.09142745027432e-38
0.09627434358996653	1.6447464294779733e-36
0.0972370870258662	4.609629076289944e-35
0.09820945789612487	6.075275978377884e-36
0.09919155247508611	2.030752149238164e-36
0.10018346799983698	3.994050424310394e-30
0.10118530267983535	1.4374168680211614e-36
0.1021971557066337	1.802927425925913e-33
0.10321912726370003	6.675437699004821e-32
0.10425131853633704	4.602315493929652e-31
0.10529383172170041	1.7113178746454334e-31
0.10634677003891742	5.566864517550828e-30
0.1074102377393066	3.6147427653497063e-26
0.10848434011669966	5.084526799996203e-27
0.10956918351786665	1.1643745149693699e-25
0.11066487535304532	3.3291118447863466e-27
0.11177152410657577	3.3487711663418567e-22
0.11288923934764154	8.033654221543311e-21
0.11401813174111795	8.829502294449462e-20
0.11515831305852914	8.991373817738307e-17
0.11630989618911443	4.76758479225034e-20
0.11747299515100557	6.832697943780895e-16
0.11864772510251563	1.5153227849206172e-16
0.1198342023535408	6.932177763111781e-17
0.1210325443770762	2.298128933346686e-17
0.12224286982084695	1.0767228925763594e-16
0.12346529851905542	7.665054559156423e-16
0.12469995150424598	3.6593644309710034e-16
0.12594695101928843	1.57349161459226e-16
0.12720642052948133	1.2676578285785229e-16
0.12847848473477616	1.9257788717893662e-16
0.12976326958212392	9.002642091616004e-16
0.13106090227794515	1.8526593051185987e-15
0.13237151130072458	6.280126000264905e-16
0.13369522641373183	1.8882597158283533e-15
0.13503217867786915	3.484533439595348e-15
0.13638250046464784	4.7095064996544846e-15
0.13774632546929433	8.197922311531513e-15
0.13912378872398729	7.477402841901554e-14
0.14051502661122714	6.147495762466862e-13
0.14192017687733943	8.509591944436201e-12
0.14333937864611285	1.802474604600482e-11
0.14477277243257397	2.0660892003127183e-11
0.14622050015689972	5.140901803632637e-11
0.14768270515846868	4.953108428897188e-11
0.14915953221005337	5.4308085269333734e-11
0.1506511275321539	1.2586105016026331e-10
0.15215763880747546	1.9124386777543326e-11
0.1536792151955502	7.011121289679545e-12
0.15521600734750574	3.1327987605678558e-12
0.15676816742098076	1.369361738417909e-11
0.15833584909519058	1.6088073335168635e-10
0.15991920758614248	1.1979480077605626e-10
0.1615183996620039	1.1302601952169155e-11
0.16313358365862396	8.56099796273029e-11
0.1647649194952102	6.998630131704344e-12
0.1664125686901623	3.935266926390661e-11
0.1680766943770639	9.680419502559426e-10
0.16975746132083458	7.794505656898173e-10
0.1714550359340429	1.128441404862872e-07
0.17316958629338333	2.047343194128022e-07
0.17490128215631717	4.988915852239372e-09
0.17665029497788035	4.849084423060538e-07
0.17841679792765916	1.5785300118111047e-06
0.18020096590693577	1.0620741063549476e-05
0.18200297556600512	3.5253065583934076e-06
0.18382300532166518	7.71234637941921e-08
0.18566123537488183	4.4841057912101984e-07
0.18751784772863064	6.564968834688988e-08
0.18939302620591697	5.790765576377184e-06
0.19128695646797614	0.00014627898877761942
0.19319982603265587	0.0004725757314653221
0.19513182429298243	0.00019010287723751217
0.19708314253591228	0.0003167096832001234
0.1990539739612714	0.0010501222707676766
0.2010445137008841	0.0013580274326376073
0.20305495883789296	0.00133168079049923
0.20508550842627188	0.0005996482783075478
0.2071363635105346	0.0007363256788263646
0.20920772714563995	0.0023243534314617725
0.21129980441709634	0.0004951713698149255
0.21341280246126731	0.002651660446356968
0.21554693048588	0.0005554351945849745
0.2177023997907388	0.08613278114524883
0.2198794237886462	0.013021431747152803
0.22207821802653266	0.037861223226066304
0.224299000206798	0.003960571177763923
0.22654199020886595	0.020389959310926586
0.22880741011095462	0.5322487140833251
0.23109548421206416	0.14899103264604047
0.23340643905418482	1.4340963801551734
0.23574050344472666	0.09331901076402752
0.23809790847917392	0.012083649093618696
0.24047888756396565	13.857538495585661
0.24288367643960532	41.30522274677158
0.2453125132040014	43.350320374741884
0.2477656383360414	16.56639144027592
0.2502432947194018	11.862598732964289
0.2527457276665958	17.93379417838815
0.2552731849432618	221.5775340921734
0.2578259167926944	103.69668729752748
0.2604041759606214	2049.0342415418772
0.26300821772022753	1186.632215102826
0.2656382998974299	243.50906825051644
0.2682946828964041	2627.316892732427
0.2709776297253682	2282.517382386979
0.27368740602262187	1406.6174408533789
0.2764242800828481	4448.179074343274
0.27918852288367657	765.6500369240964
0.2819804081125134	2252.2968547107243
0.28480021219363855	234.35999078605292
0.28764821431557486	4169.91229405827
0.2905246964587307	13550.522184965097
0.2934299434233179	21801.884473056256
0.29636424285755114	18342.29200473829
0.29932788528612664	9130.622846597613
0.3023211641389879	8711.852677947645
0.3053443757803778	20304.819877139285
0.3083978195381816	71529.91526367754
0.3114817977335634	573620.5400783216
0.31459661571089903	1317083.8443255096
0.317742581868008	2848568.902895967
0.3209200076866881	2946965.85155114
0.32412920776355497	1540895.5685167096
0.3273704998411905	4891303.083191102
0.33064420483960244	5901763.3429816365
0.33395064688799847	17935500.394908693
0.3372901533568785	1198829.222274521
0.34066305489044724	4270251.398265912
0.34406968543935174	323148.1203767366
0.34751038229374526	878887.4737046757
0.3509854861166827	1480528.0497975622
0.35449534097784957	12698052.641057352
0.358040294387628	310316.4764742804
0.3616206973315043	1568942.9531745017
0.36523690430481937	6820324.397539254
0.3688892733478676	5516842.46274374
0.37257816608134625	357491.8374170222
0.37630394774215975	4073918.7336023506
0.38006698721958126	11936484.197438667
0.3838676570917771	4418574.676053198
0.38770633366269486	2412921.2470191075
0.3915833969993219	6629036.048318825
0.3954992309693151	3050042.081089031
0.3994542232790082	42716469.583829634
0.4034487655117983	17477389.51229741
0.4074832531669163	57639764.06267708
0.41155808569858543	31318320.626389574
0.4156736665555713	21171468.7575185
0.419830403221127	4676648.93859295
0.42402870725333835	1515647.1049959383
0.4282689943258717	6510341.770554372
0.43255168426913043	23473618.362174835
0.4368772011118217	39610985.45013606
0.44124597312293995	27237547.34941259
0.44565843285416934	25294863.70707363
0.450115017182711	55142856.928979784
0.4546161673545382	48443391.30045027
0.45916232902808357	16059050.55839011
0.4637539523183644	16098901.064838175
0.46839149184154805	10849503.740025934
0.4730754067599635	14250955.577824812
0.47780616082756316	10432184.456939893
0.4825842224358388	7616206.41749665
0.4874100646601972	31242125.14294956
0.49228416530679914	81199186.53301372
0.4972070069598672	20403730.810700726
0.5021790770294658	10745559.119100716
0.5072008677997605	17833090.802949894
0.5122728764777581	83690956.71401839
0.5173956052425357	55211845.91148588
0.5225695612949611	60155200.21465827
0.5277952569079107	52475048.36110764
0.5330732094769898	72656857.00838044
0.5384039415717596	101421947.78317302
0.5437879809874773	102843439.91893622
0.5492258607973521	54125700.8836855
0.5547181194053257	83907889.65449132
0.5602653005993788	30598223.859536707
0.5658679536053727	38360472.84098339
0.5715266331414264	85520322.62540841
0.5772418994728407	71925348.2391945
0.5830143184675691	61687626.62649163
0.5888444616522447	11831628.130870167
0.5947329062687673	27550779.52016031
0.600680235331455	52284803.06181791
0.6066870376847694	138033889.97250855
0.6127539080616171	171989952.37192485
0.6188814471422334	29249999.6578393
0.6250702616136556	26424554.341094606
0.6313209642297922	71092821.78590621
0.6376341738720902	61509455.9854179
0.644010515610811	133086883.5912991
0.6504506207669192	155787162.60706162
0.6569551269745884	144740034.42059395
0.6635246782443343	152544772.89101434
0.6701599250267777	62243836.379931636
0.6768615242770454	58377834.69152721
0.6836301395198159	92525686.79279354
0.690466440915014	80787363.19633667
0.6973711053241641	227186796.62227106
0.7043448163774058	340510681.768684
0.7113882645411799	72388861.30388333
0.7185021471865917	96889787.03922382
0.7256871686584576	219585867.52294716
0.7329440403450421	689096276.2822447
0.7402734807484926	989193632.6236311
0.7476762155559775	1035598523.9999734
0.7551529777115373	1445022592.8622336
0.7627045074886527	402670413.6277293
0.7703315525635391	151786242.3623137
0.7780348680891747	351678831.62648565
0.7858152167700664	586868721.0384396
0.7936733689377671	843485499.2028881
0.8016101026271447	1242510660.7214057
0.8096262036534162	1688612358.5298145
0.8177224656899503	1845179412.464936
0.8258996903468498	2008058134.355078
0.8341586872503184	1495182151.2621214
0.8425002741228216	1246472031.3679087
0.8509252768640498	638495005.1387473
0.8594345296326903	1073325361.0529901
0.8680288749290173	1243729012.9663813
0.8767091636783074	1636007065.1585727
0.8854762553150906	1696471388.5193334
0.8943310178682414	1532014172.0155528
0.9032743280469238	1728823140.3474474
0.9123070713273931	2405360439.363555
0.921430142040667	2240357880.6207256
0.9306444434610737	1727160735.7224288
0.9399508878956845	1989750082.674081
0.9493503967746413	2405547387.0804133
0.9588439007423877	2663460411.7380557
0.9684323397498116	2604515253.621296
0.9781166631473096	2327328169.082494
0.9878978297787828	2179623274.343675
0.9977768080765707	1114079099.8675442
1.0077545761573363	1236242486.9030173
1.0178321219189097	1723645943.1981742
1.0280104431380988	1123723674.2374318
1.0382905475694797	1911214119.6587327
1.0486734530451747	1793883639.2222497
1.0591601875756265	2304223481.9851494
1.0697517894513826	2078993430.336685
1.0804493073458965	3276822371.556271
1.0912538004193555	2208404184.3468165
1.102166338423549	2657316579.6119285
1.1131880018077847	2579077619.866539
1.1243198818258624	2511424685.9547043
1.135563080644121	2764723651.125141
1.1469187114505621	3027926018.827861
1.158387898565068	3046124051.9868507
1.1699717775507186	2572116745.433854
1.1816714953262257	2806602139.301529
1.193488210279488	2804420215.718701
1.2054230923822828	2657143430.837839
1.2174773233061058	2872348080.288607
1.2296520965391669	2949957077.836668
1.2419486175045586	2381934848.959223
1.254368103679604	2569332621.9721227
1.2669117847164002	2792399630.403558
1.2795809025635643	2811973645.209542
1.2923767115892	2566243507.6231265
1.305300478705092	2706107112.1496854
1.3183534834921427	2553894161.60174
1.3315370183270643	2446349619.2964764
1.3448523885103347	1781674779.8426528
1.3583009123954382	1672540797.3253248
1.3718839215193925	1920187875.5777361
1.3856027607345867	1922739172.7434568
1.3994587883419325	1544271017.0591965
1.4134533762253518	1477613893.7045584
1.4275879099876054	1504986198.3942702
1.4418637890874815	1535641765.4400563
1.4562824269783563	1580705434.8767483
1.4708452512481398	1528410838.026605
1.4855537037606212	1451793021.0748272
1.5004092407982272	1591902304.0281098
1.5154133332062096	1581606845.027565
1.5305674665382718	1643430825.8522785
1.5458731412036546	1637506499.1091135
1.561331872615691	1727598965.5247142
1.576945191341848	1792665631.2736611
1.5927146432552666	1890863886.8798733
1.6086417896878193	1912789994.7788262
1.6247282075846974	1875135389.3472288
1.6409754896605444	1916849390.48595
1.65738524455715	1958223736.478709
1.6739590970027214	1920973686.2148156
1.6906986879727486	1931538138.761964
1.7076056748524762	1830538770.2952056
1.7246817316010008	1555216004.2032273
1.7419285489170109	1366838511.8610318
1.759347834406181	1217601069.96739
1.776941312750243	1218017001.5933459
1.7947107258777453	937151103.9957502
1.8126578331365226	923024238.784721
1.8307844114678882	982376656.5781399
1.8490922555825668	748085858.8029847
1.8675831781383925	879610284.9334774
1.8862590099197765	811628557.4550538
1.9051216000189743	834500790.8994919
1.924172816019164	930038083.1047126
1.9434145441793558	705345175.1520134
1.9628486896211494	721433582.0827065
1.9824771765173608	704022165.3857758
2.0023019482825344	659736865.852763
2.0223249677653596	726939971.9147898
2.0425482174430134	717281050.0499662
2.0629736996174435	732406657.194752
2.083603436613618	757591732.6732589
2.1044394709797545	814950199.3005605
2.1254838656895516	816217327.813976
2.1467387043464474	833829567.0799241
2.1682060913899117	852335422.880275
2.1898881523038107	852092372.9721993
2.211787033826849	806681262.7372383
2.2339049041651173	827011999.0169499
2.2562439532067686	849008600.0745058
2.2788063927388365	833827481.8168999
2.3015944566662245	682817377.5356039
2.324610401232887	662961958.2604765
2.347856505245216	681218565.9403322
2.3713350702976683	624144208.4778984
2.3950484210006446	484311253.1904229
2.418998905210651	521775881.83487827
2.4431888942627578	444944421.66912955
2.4676207832053856	323314275.733844
2.4922969910374397	360603121.40966165
2.517219960947814	263559585.46768045
2.542392160557292	324300833.571473
2.567816082162865	305567282.02152795
2.5934942429844936	316869340.98555595
2.6194291854143383	296344210.47491515
2.645623477268482	236320767.47515512
2.6720797120411666	274911817.68787044
2.698800509161578	262116651.43093613
2.7257885142531944	257775780.38464114
2.753046399395726	253239846.2765775
2.7805768633896837	233948251.39694837
2.8083826320235805	243620548.78190383
2.8364664583438164	202199232.50472617
2.8648311229272547	215027888.393239
2.8934794341565273	213111118.85916066
2.9224142284980923	193994730.4663731
2.951638370783073	194142747.85671544
2.981154754490904	184775682.99819556
3.010966302035813	195916652.1114027
3.041075965056171	178694260.92479175
3.071486724706733	173449810.29960078
3.1022015919538	171198376.04251733
3.133223607873338	186205157.8390658
3.164555843952072	176568109.75011858
3.196201402391593	189158475.07287452
3.2281634164155086	183669116.19397047
3.2604450505796634	183933648.9441147
3.29304950108546	182281693.9638223
3.3259799960963146	174267117.89246982
3.359239796057278	183902126.47048876
3.392832194017851	182284194.33607462
3.4267605159580294	178220722.08121917
3.46102812111761	184205627.7312067
3.4956384023287854	171650508.50599208
3.530594786352074	181369459.9539385
3.5659007342155946	174529458.4441192
3.6015597415577503	170251407.27264753
3.637575338973328	167770734.9011666
3.6739510923630614	166621457.82230023
3.7106906032866918	173993918.1103628
3.747797509319559	169703903.62809354
3.7852754844127543	166687001.16749233
3.823128239256882	165092795.23682383
3.861359521649451	162152278.995106
3.8999731168659455	154962198.66294363
3.938972848034605	151421574.7148766
3.978362576514951	146436704.27998558
4.018146202280101	125068449.63406445
4.058327664302902	123133807.37606987
4.098910940945931	111202359.71539384
4.13990005035539	111060559.31224704
4.181299050858944	106962849.1707925
4.223112041367534	92381594.87717837
4.2653431617812085	98584426.74337526
4.307996593399021	85477625.69178033
4.351076559333012	83907437.80866109
4.394587324926341	70312698.76461029
4.438533198175604	70643450.60689962
4.48291853015736	67551168.25899182
4.5277477154589345	55212178.79782724
4.573025192613525	63004105.03287013
4.6187554445396595	67927608.0775789
4.664942998985056	56046351.656342804
4.711592428974907	53716923.43583418
4.758708353264656	53858499.92489665
4.806295436797303	51912594.20045112
4.854358391165275	52040038.14076229
4.902901975076928	50734663.438903496
4.951930994827697	51837957.820147164
5.001450304775974	40893623.514908224
5.051464807823734	41197065.71470191
5.101979455901971	40782816.03098058
5.152999250460991	37894464.22819114
5.204529242965601	40896724.11365578
5.2565745353952575	37970416.74459425
5.30914028074921	38183602.54187311
5.362231683556701	33741536.22357101
5.415854000392269	33568545.66636082
5.470012540396192	30912161.501713805
5.524712665800154	31966447.049712203
5.579959792458156	29765096.14493551
5.635759390382738	29529980.98721627
5.692116984286565	30456091.01501985
5.74903815412943	30753311.15146522
5.806528535670725	28512005.61223952
5.864593821027432	26691242.01773501
5.923239759237706	26443697.738421954
5.982472156830083	25137187.33911405
6.042296878398385	23514129.67714881
6.102719847182367	23859928.818393502
6.163747045654191	22999006.898083676
6.225384516110734	23029457.349956736
6.287638361271841	24870470.324644987
6.350514744884559	21043057.139163323
6.414019892333406	21814516.85222332
6.478160091256739	17523835.248394426
6.542941692169307	15488148.97942959
6.608371109091	15489770.190562245
6.67445482018191	15206262.18244837
6.741199368383729	14438702.043454206
6.808611362067567	14799454.316678958
6.876697475688242	13358161.43815749
6.945464450445124	13631896.410673933
7.014919094949576	11339442.184190596
7.085068285899072	11502270.69632147
7.155918968758063	12677503.561528899
7.227478158445644	13189280.366354857
7.2997529400301	11448275.053842073
7.372750469430401	10433012.305539787
7.446477974124705	11130987.418217873
7.520942753865953	9905065.01701383
7.596152181404612	10295115.827977212
7.672113703218658	10616983.63358889
7.7488348402508445	8580270.751174837
7.826323188653353	8964321.8730332
7.904586420539887	8382233.690061136
7.983632284745286	7755478.447500826
8.063468607592739	8214062.278317261
8.144103293668666	7144956.935004584
8.225544326605354	7011006.301685135
8.307799769871407	7079038.062233375
8.390877767570121	6889780.008532875
8.474786545245822	6505153.610772455
8.55953441069828	6294589.797565763
8.645129754805263	6173559.640113268
8.731581052353315	6070959.188454117
8.81889686287685	5854700.668300139
8.907085831505619	5953487.896749655
8.996156689820673	5487061.818980133
9.086118256718882	5453398.180551017
9.17697943928607	5225910.921740947
9.26874923367893	5224708.830501157
9.36143672601572	5092690.926247297
9.455051093275877	5071906.59522072
9.549601604208636	4966616.136654475
9.645097620250723	4747174.7403358705
9.74154859645323	4518351.988613168
9.838964082417762	4688213.227948591
9.937353723241939	4453864.1524610305
10.03672726047436	4111198.469088644
10.137094533079102	3813379.969324182
10.238465478409893	3653962.9909008387
10.340850133193994	3539048.9440764766
10.444258634525934	3704705.02978619
10.548701220871191	3193237.6243611644
10.654188233079903	3369753.70467507
10.760730115410702	3305827.6643119166
10.868337416564811	3024562.302503625
10.97702079073046	2822404.3452094607
11.086790998637763	2834452.1385002425
11.19765890862414	2790229.131420756
11.309635497710381	2692261.5991499554
11.422731852687486	2542609.0083081485
11.536959171214361	2381315.7339317324
11.652328762926505	2320929.1363055455
11.76885205055577	2165407.21232959
11.886540571061328	2099617.9290665374
12.005405976771941	2041729.6954012464
12.125460036539662	1969801.4583410902
12.246714636905057	2104249.641228149
12.36918178327411	1812351.3675546865
12.49287360110685	1754818.1638680056
12.617802337117919	1875589.7818378645
12.743980360489097	1573894.5145097163
12.871420164093989	1552557.1138069595
13.000134365734928	1379778.3318389836
13.130135709392277	1494976.4304851242
13.261437066486202	1455003.1267175013
13.394051437151063	1385407.4723023858
13.527991951522575	1280181.5143615473
13.6632718710378	1163785.9381176648
13.799904589748177	1250257.7161628392
13.937903635645661	1244389.3189481692
14.077282672002116	1122728.594558921
14.218055498722139	1080607.440159759
14.36023605370936	980042.5212071681
14.503838414246454	1012389.3577553754
14.648876798388917	931707.3979105349
14.795365566372807	975447.5670915478
14.943319222036536	948166.6455243538
15.0927524142569	905212.1191810247
15.24367993839947	841175.7114120929
15.396116737783466	769788.6463307875
15.550077905161299	798649.3053451938
15.705578684212913	695141.0733236871
15.862634471055042	726030.6072471406
16.021260815765594	630305.3073781043
16.181473423923247	625144.0160208992
16.34328815816248	653409.6621395292
16.506721039744104	615138.0516275844
16.67178825014155	595516.3478336893
16.838506132642966	594674.0198242079
17.006891193969395	559547.3147054792
17.176960105909085	540649.545530954
17.34872970696818	487043.4124354117
17.52221700403786	467244.8056337298
17.697439174078237	503402.45186520874
17.874413565819022	459840.9909294333
18.05315770147721	470881.3573638694
18.233689278491983	453982.7698610973
18.416026171276904	427513.9923981376
18.600186432989673	408595.8771605563
18.78618829731957	412620.03012944455
18.974050180292764	351883.8659684822
19.163790682095694	348509.7689166465
19.35542858891665	312495.56705586734
19.548982874805816	301292.4902209365
19.744472703553875	320517.8544459789
19.941917430589417	314506.84569705836
20.14133660489531	293552.9860794524
20.34274997094426	290342.4055254256
20.546177470653703	235582.3137166254
20.75163924536024	268723.3257994529
20.959155637813843	243135.85371906427
21.168747194191983	227291.4153213331
21.380434666133905	220088.25493048856
21.594239012795242	235303.86718162466
21.810181402923195	203444.93586736725
22.028283216952428	218779.52648708658
22.248566049121955	218486.8245725185
22.47105170961317	205929.37845462945
22.695762226709302	198958.64856148712
22.9227198489764	179805.12840367397
23.151947047466162	186996.77844545717
23.38346651794082	170030.1125637862
23.617301183120233	151121.12251095328
23.85347419495143	138634.4944766872
24.09200893690095	161034.03527477212
24.33292902626996	140906.84800545554
24.57625831653266	151892.32600608628
24.822020899697986	128124.34079795248
25.070241108694965	140608.25561430302
25.320943519781917	127777.33269036979
25.574152954979734	112877.22696693266
25.82989448452953	117449.01263568347
26.08819342937483	111132.79495052418
26.34907536366858	110572.34125959901
26.612566117305263	104677.77198786075
26.878691778478316	108423.55010226226
27.147478696263097	96025.75576636934
27.418953483225728	101811.38332215307
27.693143018057985	89227.55476362724
27.970074448238567	82531.97828781533
28.24977519272095	87361.74858674598
28.532272944648163	82389.63800522388
28.817595674094644	81390.07563029228
29.10577163083559	76323.77743946004
29.396829347143946	65508.40102772992
29.690797640615386	69673.46483733182
29.98770561702154	63135.92923220982
30.287582673191757	61968.996262792425
30.590458499923674	61499.17742594745
30.896363084922914	59787.894392221184
31.205326715772138	55180.181302409816
31.517379982929864	55493.04992999238
31.832553782759163	49305.270386523094
32.15087932058675	52682.464468117905
32.472388113792626	47181.35586729414
32.79711199493055	44976.077683978314
33.12508311487986	46430.42869512464
33.45633394602865	44463.28856285938
33.79089728548894	45304.792490774824
34.12880625834383	38840.10418790226
34.47009432092727	34802.09566355159
34.81479526413654	36983.136409788975
35.16294321677791	36912.258931855395
35.51457264894569	33596.56763605106
35.86971837543514	33918.065521030294
36.2284155591895	32386.59412339971
36.59069971478139	29576.18557299547
36.956606711929204	30440.578039063927
37.3261727790485	28517.996604400072
37.69943450683898	26219.27762226208
38.07642885190737	25288.04579684306
38.45719314042645	26390.373573210647
38.841765071830714	25160.572088624103
39.23018272254902	23167.25547676543
39.622484549774505	24308.25109979529
40.01870939527225	23398.586261332814
40.41889648922498	21554.853758381716
40.823085454117226	21524.415794555774
41.2313163086584	18937.535442194745
41.64362947174499	18495.67411981629
42.06006576646243	20263.74261240422
42.48066642412706	15947.950807351821
42.90547308836833	17447.910124569276
43.33452781925202	16729.823287145457
43.767873097444536	17193.823086528293
44.20555182841898	15470.904881113036
44.64760734670317	13499.210009924607
45.0940834201702	13944.649303965343
45.54502425437191	13311.374128213076
46.00047449691562	12181.433474868854
46.460479241884784	12249.042431062411
46.92508403430362	12502.108690046853
47.39433487464667	12173.433529890166
47.868278223393126	11633.526995630931
48.346961005627065	10142.343057978003
48.83043061568333	11260.338174819824
49.31873492184017	10637.14886754532
49.81192227105857	9911.02396225745
50.310041493769155	8986.245454659254
50.813141908706854	9784.459611826362
51.32127332779392	9233.356768404696
51.83448606107186	7232.392899419578
52.352830921682575	8083.876813182462
52.8763592308994	8404.058975591626
53.405122823208394	7851.083744522084
53.93917405144048	7577.655989502935
54.478565791954885	6194.8693609342745
55.02335144987443	6622.713405776177
55.57358496437318	5893.877269448314
56.129320814016914	6080.752765802664
56.690614022157085	5361.928863576815
57.257520162378654	4706.179746621272
57.83009536400244	4971.224730305857
58.40839631764247	5646.1683440015195
58.99248028081889	5111.511761327792
59.58240508362709	4545.4924102272835
60.17822913446335	4496.926797493153
60.780011425807984	4702.352485371292
61.38781154006607	4657.512017722609
62.00168965546673	4134.585341928682
62.621706552021394	4284.7048580082355
63.24792361754161	3989.8332951844664
63.88040285371702	3948.3741601747365
64.5192068822542	3714.083288304699
65.16439895107675	3499.888504030012
65.81604294058751	3418.422530780881
66.47420336999339	3314.263347076954
67.13894540369331	3213.953369508688
67.81033485773025	3116.2429627968822
68.48843820630756	2926.8427126789447
69.17332258837064	2870.2124263200185
69.86505581425433	2763.3273990238386
70.56370637239688	2572.1903194513015
71.26934343612085	2531.138996263662
71.98203687048206	2392.910621707011
72.70185723918688	2287.624418072169
73.42887581157875	2188.5995785584787
74.16316456969453	2121.6675881854458
74.90479621539149	2069.7998309240375
75.6538441775454	1955.0671872257162
76.41038261932086	1922.9348700459946
77.17448644551406	1493.8652844917672
77.9462313099692	1588.2800177348827
78.7256936230689	1708.4808481526009
79.51295055929958	1625.5180471513524
80.30808006489258	1520.9638072837568
81.11116086554152	1439.193424086329
81.92227247419693	1373.0839405131062
82.74149519893889	1395.1093845597597
83.56891015092829	1309.6542412942601
84.40459925243758	1257.4423477637038
85.24864524496195	1236.1319116318932
86.10113169741156	1189.1297695194019
86.96214301438569	1086.6335109976321
87.83176444452954	1053.0547783742475
88.71008208897484	1021.8133623611299
89.59718290986459	1012.1059233212314
90.49315473896324	958.4927088236676
91.39808628635286	929.6748975408668
92.3120671492164	880.6264688990948
93.23518782070856	859.4389108508356
94.16753969891565	825.9538388556927
95.1092150959048	716.060217686212
96.06030724686386	756.6553109014824
97.0209103193325	722.7121661208056
97.99111942252583	694.2860791125759
98.97103061675108	622.4452897559206
99.96074092291859	650.1896632824764
100.96034833214779	639.5246013773835
101.96995181546924	628.9616575404762
102.98965133362394	618.2930842651995
104.0195478469602	607.5178252571699
105.05974332542979	596.6348136590601
106.11034075868409	585.6429719449693
107.17144416627093	574.5412118137375
108.24315860793364	563.3284340811934
109.32559019401299	552.0035285713237
110.41884609595311	540.5653740063556
111.52303455691263	529.0128378957378
112.63826490248177	517.3447764240136
113.76464755150658	505.5600343375723
114.90229402702165	493.6574448302665
116.05131696729188	481.6358294278876
117.21183013696479	469.49399787148513
118.38394843833444	457.2307479995185
119.5677879227178	444.84486562883205
120.76346580194497	432.33512443443897
121.97110045996442	419.700285828102
123.19081146456406	406.9390988357015
124.42271957920971	394.0502999733769
125.6669467750018	381.0326131224293
126.92361624275183	367.88474940297203
128.19285240517934	354.60540704632047
129.47478092923114	341.19327126610204
130.76952873852346	327.64701412808154
132.0772240259087	313.96529441868097
133.39799626616778	300.1467575121863
134.73197622882944	286.1900352366269
136.07929599111776	272.0937457383114
137.4400889510289	257.85649334501335
138.8144898405392	243.47686842778188
140.20263473894462	228.95344726137802
141.60466108633406	214.28479188331045
143.0207076971974	199.46944995146214
144.45091477416938	184.50595460029524
145.8954239219111	169.39282429561655
147.35437816113017	154.12856268789153
148.82792194274148	138.71165846408888
150.3162011621689	125.89689806789949
151.8193631737906	123.27311713751467
153.3375568055285	120.62309839782608
154.8709323735838	117.94657947074052
156.41964169731963	115.24329535438416
157.98383811429284	112.5129783968642
159.56367649543577	109.75535826976905
161.1593132603901	106.97016194140302
162.77090639299402	104.15711364975323
164.39861545692395	101.315934875187
166.04260161149318	98.4463443128751
167.70302762760812	95.54805784494005
169.38005790388422	92.62078851232565
171.07385848292307	89.66424648638511
172.7845970677523	86.6781390401852
174.5124430384298	83.66217051952327
176.25756746881413	80.61604231365469
178.02014314350225	77.5394528257275
179.80034457493727	74.43209744292099
181.59834802068664	71.29366850628642
183.41433150089352	68.12385528028548
185.24847481590245	64.92234392202457
187.1009595640615	61.68881745018099
188.9719691597021	58.42295571361905
190.8616888512991	55.124435359691475
192.77030573981213	51.79292980222455
194.69800879721024	48.42810918918305
196.64498888518233	45.02964037001111
198.61143877403418	41.59718686264739
200.5975531617745	38.89417888916777
202.60352869339226	37.95669585341824
204.62956398032617	37.009837987311236
206.67585962012947	36.05351154254313
208.74261821633075	35.08762183332736
210.83004439849404	34.11207322701945
212.93834484247898	33.12676913464844
215.0677282909038	32.131612001353716
217.21840557381284	31.126503296726053
219.39058962955096	30.11134350505212
221.58449552584648	29.08603211546144
223.80034048110494	28.050467611974856
226.038343885916	27.004547463453406
228.29872732477517	25.94816811344673
230.5817145980229	24.88122496994001
232.88753174400313	23.80361239499821
235.21640706144316	22.715223694306992
237.56857113205763	21.61595110660885
239.94425684337818	20.50568579303375
242.34369941181194	19.3843178263229
244.76713640593007	18.25173617994492
247.2148077699894	17.107828717103164
249.68695584768926	15.952482179633009
252.18382540616616	15.444363820542401
254.70566366022786	15.026542790287328
257.2527202968301	14.604543549729717
259.8252474997984	14.178324316766519
262.4234999747964	13.74784289147369
265.04773497454437	13.313056651927937
267.69821232428984	12.87392254998672
270.3751944475327	12.430397107026105
273.07894639200805	11.982436409635868
275.8097358559282	11.529996105271728
278.5678332144874	11.073031397863964
281.35351154663226	10.611497043382114
284.16704666209864	10.145347345355434
287.00871712871964	9.674536150348494
289.87880430000683	9.19901684339149
292.77759234300686	8.71874234336492
295.70536826643695	8.233665098338074
298.6624219491013	7.743737080860964
301.64904616859235	7.406728979705862
304.66553663027827	7.195641567099053
307.71219199658105	6.982443280366175
310.78931391654686	6.767113010765969
313.8972070557124	6.549629438469756
317.0361791262695	6.329971030450587
320.20654091753215	6.108116038351226
323.40860632670746	5.8840424963308715
326.64269238997457	5.657728218890309
329.90911931387427	5.429150798675346
333.20821050701306	5.198287604258228
336.5402926120832	4.965115777896942
339.90569553820404	4.729612233272042
343.304752493586	4.491753653200899
346.73780001852197	4.251516487329033
350.20517801870716	4.016299425985368
353.7072297988942	3.897922970380982
357.2443020968832	3.778362750220551
360.816745117852	3.6576069278585166
364.42491256903054	3.5356435472728616
368.06916169472083	3.4124605328813504
371.74985331166806	3.288045688345923
375.46735184478473	3.1623866953651425
379.2220253632326	3.035471112454553
383.01424561686497	2.9072863737148573
386.8443880730336	2.7778197875877666
390.7128319537639	2.647058535599405
394.6199602733015	2.5149896710911603
398.5661598760346	2.3816001179378294
402.55182147479496	2.287713356172087
406.5773396895429	2.2160628640860742
410.64311308643835	2.143695867079201
414.7495442173027	2.07060520010226
418.89703965947575	1.9967836264555485
423.08601005607045	1.9222238370723714
427.3168701566312	1.846918449795361
431.59003885819754	1.7708600086455801
435.9059392467795	1.6940409830843026
440.26499863924727	1.6164537672674124
444.66764862563974	1.5380906792923528
449.11432511189616	1.4589439604375423
453.6054683630151	1.407155095878867
458.14152304664526	1.361832305947174
462.7229382771117	1.316056288116164
467.35016765988286	1.2698225101068437
472.0236693364817	1.2231263943174302
476.7439060298465	1.1759633173701227
481.51134509014497	1.1283286096533425
486.3264585410464	1.0802175548593942
491.1897231264569	1.0316253895175063
496.10162035772146	0.9825473025221996
501.0626365612987	0.9370965982435195
506.0732629269117	0.9064503261783623
511.1339955561808	0.8754975913925535
516.2453355117426	0.8442353292588868
521.4077888668601	0.8126604445038831
526.6218667555286	0.7807698109013301
531.888085423084	0.7485602709627501
537.2069662773148	0.7160286356247857
542.579035940088	0.6831716839334406
548.0048262994887	0.6499861627251837
553.4848745624838	0.6247411519468681
559.0197233081085	0.6040271787114141
564.6099205411896	0.583106065743605
570.2560197466016	0.5619757416461173
575.9585799440677	0.5406341143076552
581.7181657435083	0.5190790706958086
587.5353474009435	0.4973084766478431
593.4107008749528	0.4753201766593987
599.3448078837024	0.45311199367106914
605.3382559625394	0.4372495054757751
611.3916385221648	0.4220425510020285
617.5055549073865	0.4066835269835446
623.6806104564603	0.3911709127248759
629.9174165610249	0.3755031723236204
636.2165907266352	0.35967875451835213
642.5787566339015	0.3436960925350314
649.0045442002405	0.32755360393187766
655.4945896422429	0.31583043512436976
662.0495355386654	0.30482822791510444
668.670030894052	0.2937159986337466
675.3567312029925	0.28249264705957533
682.1102985150225	0.2711570619696621
688.9314015001727	0.2597081210288498
695.8207155151745	0.24814469067862935
702.7789226703262	0.23773478747104856
709.8067118970295	0.22914859296249968
716.9047790159998	0.2204765365088652
724.0738268061598	0.21171775949069443
731.3145650742214	0.20287139470234197
738.6277107249635	0.19393656626610603
746.0139878322132	0.1849123895455077
753.4741277105354	0.1771935937937096
761.0088689876408	0.1710148790415469
768.6189576775171	0.1647743771418627
776.3051472542923	0.15847147022318153
784.0681987268352	0.15210553423531353
791.9088807141036	0.1456759388875669
799.8279695212447	0.13918204758634278
807.8262492164572	0.13439137400664922
815.9045117086216	0.12959204858736542
824.0635568257079	0.12474472991388863
832.304192393965	0.11984893805367713
840.6272343179047	0.11490418827486346
849.0335066610837	0.10990999099826172
857.5238417276945	0.10592834309703553
866.0990801449715	0.10204472846912815
874.7600709464213	0.09812227769494171
883.5076716558855	0.09416060241301341
892.3427483724444	0.09015931037826583
901.2661758561687	0.08449610793285683
910.2788376147305	0.06886969539305288
919.3816259908778	0.053087018727851085
928.5754422507866	0.03714651529599701
937.8611966732944	0.021046606829824677
