#wavelength	surface flux
0.001	5.479796765965478e-96
0.00101	5.669221839356878e-96
0.0010201000000000001	5.8605411634821925e-96
0.0010303010000000002	6.0537736808487595e-96
0.00104060401	6.248938523388989e-96
0.0010510100501000001	6.446055014354625e-96
0.0010615201506010002	6.645142670229918e-96
0.00107213535210701	6.84622120266396e-96
0.0010828567056280802	7.049310520422342e-96
0.0010936852726843608	7.254430731358308e-96
0.0011046221254112046	7.4616021444036395e-96
0.0011156683466653167	7.67084527157942e-96
0.0011268250301319698	7.882180830026957e-96
0.0011380932804332896	8.095629744058974e-96
0.0011494742132376226	8.31121314723131e-96
0.0011609689553699987	8.528952384435365e-96
0.0011725786449236987	8.748869014011465e-96
0.0011843044313729356	8.970984809883322e-96
0.001196147475686665	9.195321763713902e-96
0.0012081089504435317	9.268298233793462e-96
0.0012201900399479671	9.268298233793462e-96
0.0012323919403474468	9.268298233793462e-96
0.0012447158597509213	9.268298233793462e-96
0.0012571630183484304	9.268298233793462e-96
0.0012697346485319148	9.268298233793462e-96
0.0012824319950172339	9.268298233793462e-96
0.0012952563149674064	9.268298233793462e-96
0.0013082088781170805	9.268298233793462e-96
0.001321290966898251	9.268298233793462e-96
0.0013345038765672336	9.268298233793462e-96
0.001347848915332906	9.268298233793462e-96
0.0013613274044862352	9.268298233793462e-96
0.0013749406785310975	9.268298233793462e-96
0.0013886900853164084	9.268298233793462e-96
0.0014025769861695724	9.268298233793462e-96
0.0014166027560312683	9.268298233793462e-96
0.001430768783591581	9.268298233793462e-96
0.0014450764714274969	9.268298233793462e-96
0.0014595272361417717	9.268298233793462e-96
0.0014741225085031894	9.268298233793462e-96
0.0014888637335882214	9.268298233793462e-96
0.0015037523709241036	9.268298233793462e-96
0.0015187898946333446	9.268298233793462e-96
0.001533977793579678	9.268298233793462e-96
0.001549317571515475	9.268298233793462e-96
0.0015648107472306296	9.268298233793462e-96
0.001580458854702936	9.268298233793462e-96
0.0015962634432499655	9.268298233793462e-96
0.001612226077682465	9.268298233793462e-96
0.0016283483384592896	9.268298233793462e-96
0.0016446318218438828	9.268298233793462e-96
0.0016610781400623216	9.268298233793462e-96
0.0016776889214629447	9.268298233793462e-96
0.0016944658106775741	9.268298233793462e-96
0.00171141046878435	9.268298233793462e-96
0.0017285245734721935	9.268298233793462e-96
0.0017458098192069155	9.268298233793462e-96
0.0017632679173989845	9.268298233793462e-96
0.0017809005965729746	9.268298233793462e-96
0.0017987096025387042	9.268298233793462e-96
0.0018166966985640914	9.268298233793462e-96
0.0018348636655497322	9.268298233793462e-96
0.0018532123022052297	9.268298233793462e-96
0.001871744425227282	9.268298233793462e-96
0.0018904618694795547	9.268298233793462e-96
0.0019093664881743501	9.268298233793462e-96
0.0019284601530560937	9.268298233793462e-96
0.0019477447545866546	9.268298233793462e-96
0.001967222202132521	9.268298233793462e-96
0.0019868944241538465	9.268298233793462e-96
0.0020067633683953853	9.268298233793462e-96
0.002026831002079339	9.268298233793462e-96
0.0020470993121001323	9.268298233793462e-96
0.0020675703052211334	9.268298233793462e-96
0.002088246008273345	9.268298233793462e-96
0.0021091284683560784	9.268298233793462e-96
0.0021302197530396394	9.268298233793462e-96
0.002151521950570036	9.268298233793462e-96
0.002173037170075736	9.268298233793462e-96
0.0021947675417764933	9.268298233793462e-96
0.0022167152171942584	9.268298233793462e-96
0.002238882369366201	9.268298233793462e-96
0.0022612711930598633	9.268298233793462e-96
0.0022838839049904615	9.268298233793462e-96
0.0023067227440403664	9.268298233793462e-96
0.00232978997148077	9.268298233793462e-96
0.0023530878711955777	9.268298233793462e-96
0.0023766187499075337	9.268298233793462e-96
0.0024003849374066087	9.268298233793462e-96
0.002424388786780675	9.268298233793462e-96
0.0024486326746484817	9.268298233793462e-96
0.0024731190013949664	9.268298233793462e-96
0.0024978501914089163	9.268298233793462e-96
0.0025228286933230053	9.268298233793462e-96
0.0025480569802562355	9.268298233793462e-96
0.0025735375500587983	9.268298233793462e-96
0.0025992729255593858	9.268298233793462e-96
0.00262526565481498	9.268298233793462e-96
0.0026515183113631296	9.268298233793462e-96
0.002678033494476761	9.268298233793462e-96
0.0027048138294215283	9.268298233793462e-96
0.002731861967715744	9.268298233793462e-96
0.002759180587392901	9.268298233793462e-96
0.0027867723932668304	9.268298233793462e-96
0.002814640117199499	9.268298233793462e-96
0.0028427865183714937	9.268298233793462e-96
0.002871214383555209	9.268298233793462e-96
0.0028999265273907606	9.268298233793462e-96
0.002928925792664668	9.268298233793462e-96
0.002958215050591315	9.268298233793462e-96
0.002987797201097228	9.268298233793462e-96
0.0030176751731082006	9.268298233793462e-96
0.0030478519248392827	9.268298233793462e-96
0.0030783304440876753	9.268298233793462e-96
0.0031091137485285522	9.268298233793462e-96
0.0031402048860138376	9.268298233793462e-96
0.0031716069348739764	9.268298233793462e-96
0.003203323004222716	9.268298233793462e-96
0.003235356234264943	9.268298233793462e-96
0.003267709796607593	9.268298233793462e-96
0.0033003868945736684	9.268298233793462e-96
0.003333390763519405	9.268298233793462e-96
0.0033667246711545995	9.268298233793462e-96
0.0034003919178661455	9.268298233793462e-96
0.0034343958370448065	9.268298233793462e-96
0.0034687397954152547	9.268298233793462e-96
0.0035034271933694077	9.268298233793462e-96
0.0035384614653031017	9.268298233793462e-96
0.0035738460799561327	9.268298233793462e-96
0.003609584540755694	9.268298233793462e-96
0.003645680386163251	9.268298233793462e-96
0.0036821371900248832	9.268298233793462e-96
0.0037189585619251324	9.268298233793462e-96
0.0037561481475443838	9.268298233793462e-96
0.0037937096290198277	9.268298233793462e-96
0.003831646725310026	9.268298233793462e-96
0.003869963192563126	9.268298233793462e-96
0.003908662824488757	9.268298233793462e-96
0.003947749452733645	9.268298233793462e-96
0.003987226947260982	9.268298233793462e-96
0.004027099216733592	9.268298233793462e-96
0.004067370208900928	9.268298233793462e-96
0.004108043910989938	9.268298233793462e-96
0.004149124350099836	9.268298233793462e-96
0.004190615593600834	9.268298233793462e-96
0.004232521749536843	9.268298233793462e-96
0.004274846967032212	9.268298233793462e-96
0.004317595436702534	9.268298233793462e-96
0.004360771391069559	9.268298233793462e-96
0.0044043791049802545	9.268298233793462e-96
0.004448422896030057	9.268298233793462e-96
0.0044929071249903575	9.268298233793462e-96
0.004537836196240262	9.268298233793462e-96
0.004583214558202664	9.268298233793462e-96
0.004629046703784691	9.268298233793462e-96
0.0046753371708225374	9.268298233793462e-96
0.004722090542530763	9.268298233793462e-96
0.004769311447956071	9.268298233793462e-96
0.004817004562435632	9.268298233793462e-96
0.004865174608059988	9.268298233793462e-96
0.004913826354140587	9.268298233793462e-96
0.004962964617681994	9.268298233793462e-96
0.005012594263858814	9.268298233793462e-96
0.005062720206497402	9.268298233793462e-96
0.0051133474085623765	9.268298233793462e-96
0.005164480882648	9.268298233793462e-96
0.0052161256914744795	9.268298233793462e-96
0.005268286948389224	9.268298233793462e-96
0.0053209698178731165	9.268298233793462e-96
0.005374179516051849	9.268298233793462e-96
0.005427921311212366	9.268298233793462e-96
0.0054822005243244905	9.268298233793462e-96
0.005537022529567735	9.268298233793462e-96
0.005592392754863413	9.268298233793462e-96
0.0056483166824120475	9.268298233793462e-96
0.0057047998492361675	9.268298233793462e-96
0.005761847847728529	9.268298233793462e-96
0.005819466326205815	9.268298233793462e-96
0.005877660989467873	9.268298233793462e-96
0.005936437599362551	9.268298233793462e-96
0.005995801975356177	9.268298233793462e-96
0.0060557599951097385	9.268298233793462e-96
0.006116317595060837	9.268298233793462e-96
0.006177480771011445	9.268298233793462e-96
0.006239255578721559	9.268298233793462e-96
0.006301648134508775	9.268298233793462e-96
0.006364664615853863	9.268298233793462e-96
0.006428311262012401	9.268298233793462e-96
0.0064925943746325255	9.268298233793462e-96
0.006557520318378851	9.268298233793462e-96
0.006623095521562639	9.268298233793462e-96
0.006689326476778266	9.268298233793462e-96
0.0067562197415460485	9.268298233793462e-96
0.006823781938961509	9.268298233793462e-96
0.006892019758351124	9.268298233793462e-96
0.0069609399559346355	9.268298233793462e-96
0.007030549355493982	9.268298233793462e-96
0.007100854849048922	9.268298233793462e-96
0.007171863397539412	9.268298233793462e-96
0.007243582031514805	9.268298233793462e-96
0.007316017851829954	9.268298233793462e-96
0.007389178030348253	9.268298233793462e-96
0.007463069810651736	9.268298233793462e-96
0.007537700508758254	9.268298233793462e-96
0.007613077513845836	9.268298233793462e-96
0.007689208288984294	9.268298233793462e-96
0.007766100371874137	9.268298233793462e-96
0.00784376137559288	9.268298233793462e-96
0.007922198989348808	9.268298233793462e-96
0.008001420979242295	9.268298233793462e-96
0.008081435189034718	9.268298233793462e-96
0.008162249540925065	9.268298233793462e-96
0.008243872036334317	9.268298233793462e-96
0.008326310756697661	9.268298233793462e-96
0.008409573864264637	9.268298233793462e-96
0.008493669602907282	9.268298233793462e-96
0.008578606298936356	9.268298233793462e-96
0.008664392361925718	9.268298233793462e-96
0.008751036285544977	9.268298233793462e-96
0.008838546648400426	9.268298233793462e-96
0.008926932114884432	9.268298233793462e-96
0.009016201436033275	9.268298233793462e-96
0.009106363450393609	9.268298233793462e-96
0.009197427084897545	9.268298233793462e-96
0.00928940135574652	9.268298233793462e-96
0.009382295369303986	9.268298233793462e-96
0.009476118322997024	9.268298233793462e-96
0.009570879506226997	9.268298233793462e-96
0.009666588301289265	9.268298233793462e-96
0.009763254184302158	9.268298233793462e-96
0.00986088672614518	9.268298233793462e-96
0.009959495593406632	9.268298233793462e-96
0.0100590905493407	9.268298233793462e-96
0.010159681454834106	9.268298233793462e-96
0.010261278269382446	9.268298233793462e-96
0.01036389105207627	9.268298233793462e-96
0.010467529962597035	9.268298233793462e-96
0.010572205262223005	9.268298233793462e-96
0.010677927314845235	9.268298233793462e-96
0.010784706587993687	9.268298233793462e-96
0.010892553653873623	9.268298233793462e-96
0.01100147919041236	9.268298233793462e-96
0.011111493982316483	9.268298233793462e-96
0.01122260892213965	9.268298233793462e-96
0.011334835011361045	9.268298233793462e-96
0.011448183361474655	9.268298233793462e-96
0.011562665195089401	9.268298233793462e-96
0.011678291847040296	9.268298233793462e-96
0.0117950747655107	9.268298233793462e-96
0.011913025513165806	9.268298233793462e-96
0.012032155768297465	9.268298233793462e-96
0.01215247732598044	9.268298233793462e-96
0.012274002099240244	9.268298233793462e-96
0.012396742120232647	9.268298233793462e-96
0.012520709541434973	9.268298233793462e-96
0.012645916636849323	9.268298233793462e-96
0.012772375803217816	9.268298233793462e-96
0.012900099561249994	9.268298233793462e-96
0.013029100556862495	9.268298233793462e-96
0.01315939156243112	9.268298233793462e-96
0.01329098547805543	9.268298233793462e-96
0.013423895332835984	9.268298233793462e-96
0.013558134286164345	9.268298233793462e-96
0.01369371562902599	9.268298233793462e-96
0.013830652785316248	9.268298233793462e-96
0.013968959313169412	9.268298233793462e-96
0.014108648906301107	9.268298233793462e-96
0.014249735395364118	9.268298233793462e-96
0.014392232749317758	9.268298233793462e-96
0.014536155076810936	9.268298233793462e-96
0.014681516627579045	9.268298233793462e-96
0.014828331793854836	9.268298233793462e-96
0.014976615111793384	9.268298233793462e-96
0.015126381262911319	9.268298233793462e-96
0.015277645075540433	9.268298233793462e-96
0.015430421526295836	9.268298233793462e-96
0.015584725741558796	9.268298233793462e-96
0.015740572998974384	9.268298233793462e-96
0.015897978728964125	9.268298233793462e-96
0.01605695851625377	9.268298233793462e-96
0.016217528101416308	9.268298233793462e-96
0.01637970338243047	9.268298233793462e-96
0.016543500416254773	9.268298233793462e-96
0.016708935420417324	9.268298233793462e-96
0.016876024774621495	9.268298233793462e-96
0.01704478502236771	9.268298233793462e-96
0.017215232872591385	9.268298233793462e-96
0.0173873852013173	9.268298233793462e-96
0.017561259053330475	9.268298233793462e-96
0.01773687164386378	9.268298233793462e-96
0.017914240360302418	9.268298233793462e-96
0.018093382763905444	9.268298233793462e-96
0.0182743165915445	9.268298233793462e-96
0.01845705975745994	9.268298233793462e-96
0.01864163035503454	9.268298233793462e-96
0.01882804665858489	9.268298233793462e-96
0.019016327125170738	9.268298233793462e-96
0.019206490396422443	9.268298233793462e-96
0.01939855530038667	9.268298233793462e-96
0.019592540853390534	9.268298233793462e-96
0.01978846626192444	9.268298233793462e-96
0.019986350924543685	9.268298233793462e-96
0.020186214433789124	9.268298233793462e-96
0.020388076578127013	9.268298233793462e-96
0.020591957343908285	9.268298233793462e-96
0.020797876917347368	9.268298233793462e-96
0.021005855686520844	9.268298233793462e-96
0.02121591424338605	9.268298233793462e-96
0.02142807338581991	9.268298233793462e-96
0.02164235411967811	9.268298233793462e-96
0.02185877766087489	9.268298233793462e-96
0.02207736543748364	9.268298233793462e-96
0.022298139091858477	9.268298233793462e-96
0.02252112048277706	9.268298233793462e-96
0.022746331687604832	9.268298233793462e-96
0.022973795004480883	9.268298233793462e-96
0.02320353295452569	9.268298233793462e-96
0.023435568284070948	9.268298233793462e-96
0.023669923966911657	9.268298233793462e-96
0.02390662320658077	9.268298233793462e-96
0.024145689438646582	9.268298233793462e-96
0.024387146333033047	9.268298233793462e-96
0.024631017796363376	9.268298233793462e-96
0.024877327974327013	9.268298233793462e-96
0.025126101254070284	9.268298233793462e-96
0.025377362266610984	9.268298233793462e-96
0.025631135889277096	9.268298233793462e-96
0.025887447248169868	9.268298233793462e-96
0.026146321720651563	9.268298233793462e-96
0.026407784937858083	9.268298233793462e-96
0.026671862787236662	9.268298233793462e-96
0.02693858141510903	9.268298233793462e-96
0.02720796722926012	9.268298233793462e-96
0.027480046901552722	9.268298233793462e-96
0.02775484737056825	9.268298233793462e-96
0.028032395844273934	9.268298233793462e-96
0.02831271980271667	9.268298233793462e-96
0.02859584700074384	9.268298233793462e-96
0.028881805470751278	9.268298233793462e-96
0.02917062352545879	9.268298233793462e-96
0.029462329760713377	9.268298233793462e-96
0.029756953058320514	9.268298233793462e-96
0.030054522588903718	9.268298233793462e-96
0.030355067814792754	9.268298233793462e-96
0.030658618492940683	9.268298233793462e-96
0.030965204677870093	9.268298233793462e-96
0.03127485672464879	9.268298233793462e-96
0.031587605291895283	9.268298233793462e-96
0.03190348134481423	9.268298233793462e-96
0.032222516158262375	9.268298233793462e-96
0.03254474131984499	9.268298233793462e-96
0.03287018873304345	9.268298233793462e-96
0.03319889062037388	9.268298233793462e-96
0.03353087952657762	9.268298233793462e-96
0.0338661883218434	9.268298233793462e-96
0.03420485020506183	9.268298233793462e-96
0.03454689870711246	9.268298233793462e-96
0.03489236769418358	9.268298233793462e-96
0.035241291371125416	9.268298233793462e-96
0.03559370428483667	9.268298233793462e-96
0.035949641327685036	9.268298233793462e-96
0.03630913774096189	9.268298233793462e-96
0.03667222911837151	9.268298233793462e-96
0.03703895140955522	9.268298233793462e-96
0.03740934092365077	9.268298233793462e-96
0.037783434332887285	9.268298233793462e-96
0.03816126867621615	9.268298233793462e-96
0.038542881362978315	9.268298233793462e-96
0.038928310176608104	9.268298233793462e-96
0.03931759327837418	9.268298233793462e-96
0.039710769211157924	9.268298233793462e-96
0.0401078769032695	9.268298233793462e-96
0.0405089556723022	9.268298233793462e-96
0.04091404522902522	9.268298233793462e-96
0.041323185681315475	9.268298233793462e-96
0.04173641753812863	9.268298233793462e-96
0.04215378171350991	9.268298233793462e-96
0.042575319530645014	9.268298233793462e-96
0.04300107272595147	9.268298233793462e-96
0.043431083453210985	9.268298233793462e-96
0.04386539428774309	9.268298233793462e-96
0.04430404823062052	9.268298233793462e-96
0.04474708871292673	9.268298233793462e-96
0.045194559600056	9.268298233793462e-96
0.04564650519605655	9.268298233793462e-96
0.04610297024801712	9.268298233793462e-96
0.046563999950497294	9.268298233793462e-96
0.04702963995000226	9.268298233793462e-96
0.04749993634950229	9.268298233793462e-96
0.04797493571299731	9.268298233793462e-96
0.04845468507012728	9.268298233793462e-96
0.04893923192082856	9.268298233793462e-96
0.04942862424003685	9.268298233793462e-96
0.04992291048243721	9.268298233793462e-96
0.050422139587261584	3.2915054029931326e-81
0.0509263609831342	3.7669659265203935e-79
0.051435624592965544	1.791214900611981e-76
0.0519499808388952	1.6977154889412237e-75
0.05246948064728415	2.079098327784022e-74
0.052994175453756995	1.541740012773448e-73
0.053524117208294565	1.0356103616055173e-73
0.05405935838037751	3.7044434742794323e-72
0.05459995196418129	3.2600900184091174e-71
0.0551459514838231	1.9033790349944456e-70
0.05569741099866134	9.883269781161389e-70
0.05625438510864795	4.886304861754942e-69
0.056816928959734427	2.190718943519687e-68
0.05738509824933177	1.9961978584770613e-67
0.05795894923182509	1.268411059036921e-65
0.05853853872414334	6.089894313395381e-66
0.05912392411138478	1.2380029827171084e-63
0.05971516335249862	1.1071622553641356e-62
0.06031231498602361	5.928169078028149e-62
0.06091543813588385	2.7647657071878294e-61
0.06152459251724268	1.2283551918601263e-60
0.062139838442415114	5.320065386488172e-60
0.06276123682683926	2.2435290232737535e-59
0.06338884919510765	9.350971473786708e-59
0.06402273768705874	3.887522687162645e-58
0.06466296506392932	1.5074205352284687e-57
0.06530959471456863	6.43330824060493e-57
0.06596269066171431	2.529291386829332e-56
0.06662231756833144	9.864738007863886e-56
0.06728854074401477	3.857184666171259e-55
0.06796142615145492	1.460094987350529e-54
0.06864104041296946	5.512973315844275e-54
0.06932745081709915	2.0533594586345724e-53
0.07002072532527015	7.491810930695567e-53
0.07072093257852285	2.6588288695429108e-52
0.07142814190430807	9.802580420252898e-52
0.07214242332335115	3.493108194806935e-51
0.07286384755658468	1.2276330825694857e-50
0.07359248603215052	3.3612885431612117e-50
0.07432841089247202	1.4186123807645561e-49
0.07507169500139675	4.913305490621676e-49
0.07582241195141072	1.6256307551861782e-48
0.07658063607092483	4.5239888588786895e-48
0.07734644243163408	1.6908235245092993e-47
0.07811990685595041	5.728117078516058e-47
0.07890110592450993	6.395040602652681e-46
0.07969011698375501	2.2533353234349635e-45
0.08048701815359258	7.33607570332429e-45
0.08129188833512849	2.0090072091822245e-44
0.08210480721847978	7.438891569182886e-44
0.08292585529066457	2.2692667407345694e-43
0.08375511384357122	7.197431102906987e-43
0.08459266498200693	2.0934876559566664e-43
0.08543859163182702	2.126415185821235e-46
0.08629297754814527	1.3732559470451797e-47
0.08715590732362674	4.190104185529995e-46
0.08802746639686301	2.1122133885161303e-48
0.08890774106083163	6.48656851323776e-45
0.08979681847143996	8.967351469669784e-46
0.09069478665615435	1.5444027620351664e-46
0.09160173452271589	5.299552597778759e-46
0.09251775186794305	4.8299042148324754e-45
0.09344292938662248	2.2043752347978869e-44
0.09437735868048872	1.2595772417201298e-41
0.09532113226729359	1.0758723975303273e-45
0.09627434358996653	8.023951680322125e-44
0.0972370870258662	7.72562781287773e-43
0.09820945789612487	1.5715090743796614e-43
0.09919155247508611	6.461951531974888e-44
0.10018346799983698	2.669398426778948e-37
0.10118530267983535	2.4571750098123414e-43
0.1021971557066337	9.93181896533952e-41
0.10321912726370003	4.674079426903909e-39
0.10425131853633704	2.9225641760214643e-38
0.10529383172170041	1.9132246268019234e-38
0.10634677003891742	5.042129073807529e-37
0.1074102377393066	1.6370364958885923e-32
0.10848434011669966	5.242921242878153e-33
0.10956918351786665	1.3073813636072322e-31
0.11066487535304532	1.9884092887347672e-32
0.11177152410657577	6.2152611288235344e-27
0.11288923934764154	1.8082770637233116e-24
0.11401813174111795	2.9164934920226408e-24
0.11515831305852914	1.941766700344899e-20
0.11630989618911443	2.5601977815916055e-24
0.11747299515100557	1.5024454304205844e-19
0.11864772510251563	4.804619533298514e-20
0.1198342023535408	5.963991292997788e-20
0.1210325443770762	1.1107280041863602e-20
0.12224286982084695	2.423447095258305e-19
0.12346529851905542	3.724655328599197e-18
0.12469995150424598	1.7574607185360286e-18
0.12594695101928843	3.9472885908464285e-19
0.12720642052948133	1.7200495457205319e-19
0.12847848473477616	2.4441131530551557e-19
0.12976326958212392	3.2490658291809327e-18
0.13106090227794515	7.08015033331283e-18
0.13237151130072458	3.027437662295357e-19
0.13369522641373183	2.2017357640062626e-18
0.13503217867786915	3.726350457366553e-18
0.13638250046464784	4.019793735650087e-18
0.13774632546929433	5.5950346876312165e-18
0.13912378872398729	2.3129100740001087e-16
0.14051502661122714	5.301370870221215e-15
0.14192017687733943	7.890955912770941e-14
0.14333937864611285	1.6965795210535084e-13
0.14477277243257397	2.0976423473856557e-13
0.14622050015689972	5.462964218193943e-13
0.14768270515846868	5.868199541013929e-13
0.14915953221005337	6.62523058569552e-13
0.1506511275321539	1.5669103052807144e-12
0.15215763880747546	1.4063644528640356e-13
0.1536792151955502	1.858169210330666e-14
0.15521600734750574	6.850787343718621e-15
0.15676816742098076	1.0358735911241679e-13
0.15833584909519058	2.988391018586252e-12
0.15991920758614248	1.6905771549205378e-12
0.1615183996620039	9.353823968651749e-14
0.16313358365862396	9.965354058064138e-13
0.1647649194952102	5.610686579766658e-14
0.1664125686901623	7.908702537742221e-13
0.1680766943770639	2.783932771085044e-11
0.16975746132083458	3.7376684647067957e-11
0.1714550359340429	3.8078361825252214e-09
0.17316958629338333	2.424711257789483e-09
0.17490128215631717	1.8125941208447871e-10
0.17665029497788035	1.481406988597914e-08
0.17841679792765916	4.4171688567495154e-08
0.18020096590693577	1.2848307067448714e-07
0.18200297556600512	7.102269001466606e-08
0.18382300532166518	3.5001813255121673e-09
0.18566123537488183	1.6053867056556678e-08
0.18751784772863064	1.935348829386365e-09
0.18939302620591697	1.7296397201333258e-07
0.19128695646797614	1.2695052687636156e-06
0.19319982603265587	3.7672098734746292e-06
0.19513182429298243	2.504407812945949e-06
0.19708314253591228	3.91520140683776e-06
0.1990539739612714	1.0216186539135275e-05
0.2010445137008841	1.6378641401868563e-05
0.20305495883789296	1.8866402307781322e-05
0.20508550842627188	8.093490726765415e-06
0.2071363635105346	1.8292538403238222e-05
0.20920772714563995	0.0002999092770630561
0.21129980441709634	4.438341665725646e-05
0.21341280246126731	0.0004885175191026867
0.21554693048588	8.401220316378284e-05
0.2177023997907388	0.021273147009010677
0.2198794237886462	0.0019749785671805855
0.22207821802653266	0.011403608262190815
0.224299000206798	0.0010486437175586804
0.22654199020886595	0.004724840480743418
0.22880741011095462	0.1551512258656675
0.23109548421206416	0.10776776148729399
0.23340643905418482	0.46663307849911645
0.23574050344472666	0.013928272080299542
0.23809790847917392	0.0018217201118829387
0.24047888756396565	3.706357361893405
0.24288367643960532	72.16603253868843
0.2453125132040014	28.26888202134051
0.2477656383360414	15.775582086477975
0.2502432947194018	9.300486079641118
0.2527457276665958	20.392708454153514
0.2552731849432618	279.3665995276336
0.2578259167926944	39.292528298965095
0.2604041759606214	2061.8309340009614
0.26300821772022753	485.98333648899893
0.2656382998974299	67.0578016580856
0.2682946828964041	4508.505507201508
0.2709776297253682	4675.678888561087
0.27368740602262187	2875.1275722362197
0.2764242800828481	7167.01692746584
0.27918852288367657	903.1786262827518
0.2819804081125134	1741.984219238877
0.28480021219363855	334.734291409987
0.28764821431557486	10685.04897517214
0.2905246964587307	52969.4065395934
0.2934299434233179	114723.34736093084
0.29636424285755114	73401.73227465076
0.29932788528612664	23901.305837517255
0.3023211641389879	24585.950860359342
0.3053443757803778	77233.3670470634
0.3083978195381816	97597.6362025636
0.3114817977335634	377609.4796983632
0.31459661571089903	1668379.0421036896
0.317742581868008	2730773.640495328
0.3209200076866881	2387073.112856287
0.32412920776355497	2055735.044216109
0.3273704998411905	7710328.015326713
0.33064420483960244	10740628.947894381
0.33395064688799847	12816890.071955027
0.3372901533568785	4784710.413463534
0.34066305489044724	12753800.703157563
0.34406968543935174	2136260.3910574615
0.34751038229374526	6810995.294798161
0.3509854861166827	10174568.89895845
0.35449534097784957	28500623.94088627
0.358040294387628	1763701.5481088276
0.3616206973315043	9056797.123347232
0.36523690430481937	18128581.264399722
0.3688892733478676	27014722.458956826
0.37257816608134625	1888857.1566235921
0.37630394774215975	18941899.584310573
0.38006698721958126	37412837.89329915
0.3838676570917771	17440730.814045485
0.38770633366269486	14273766.849466477
0.3915833969993219	26495802.98603688
0.3954992309693151	8648955.214299103
0.3994542232790082	79037164.176847
0.4034487655117983	50097318.66511617
0.4074832531669163	100404722.57478814
0.41155808569858543	62338324.00415483
0.4156736665555713	45877365.83212352
0.419830403221127	18661411.69768107
0.42402870725333835	5394026.610238872
0.4282689943258717	21267879.083222803
0.43255168426913043	39040537.52815183
0.4368772011118217	41447291.15276904
0.44124597312293995	32340411.269220818
0.44565843285416934	23537556.866363894
0.450115017182711	38580780.77687634
0.4546161673545382	36178673.33398722
0.45916232902808357	12712117.009537494
0.4637539523183644	10756515.236140627
0.46839149184154805	5371709.102704272
0.4730754067599635	8260536.1757278275
0.47780616082756316	6498760.157587641
0.4825842224358388	4148170.2404433456
0.4874100646601972	25194936.311533757
0.49228416530679914	76589232.46758544
0.4972070069598672	18052607.57596379
0.5021790770294658	7124211.802359648
0.5072008677997605	10207785.648329321
0.5122728764777581	78969366.70707256
0.5173956052425357	53836726.39704877
0.5225695612949611	64576441.720298335
0.5277952569079107	42620515.6729475
0.5330732094769898	53371818.52709133
0.5384039415717596	79770510.99722701
0.5437879809874773	76255890.98789895
0.5492258607973521	43996320.86969873
0.5547181194053257	56823894.722282454
0.5602653005993788	15000693.085136026
0.5658679536053727	16004886.27345031
0.5715266331414264	51001014.336004294
0.5772418994728407	46358537.43620036
0.5830143184675691	49217659.84547616
0.5888444616522447	6945259.868705084
0.5947329062687673	10580113.793634241
0.600680235331455	24038512.263444282
0.6066870376847694	84239098.77508366
0.6127539080616171	108705558.7174953
0.6188814471422334	9828944.863336764
0.6250702616136556	9237190.94802716
0.6313209642297922	34253282.01750507
0.6376341738720902	33043585.976121332
0.644010515610811	82642184.52031252
0.6504506207669192	79314199.35184048
0.6569551269745884	76738189.34563516
0.6635246782443343	80242648.26178335
0.6701599250267777	27090826.278972924
0.6768615242770454	24658796.0460381
0.6836301395198159	63670773.39770928
0.690466440915014	51545526.108004846
0.6973711053241641	173708807.94401675
0.7043448163774058	266645776.4994818
0.7113882645411799	39260360.66396019
0.7185021471865917	48926327.50990227
0.7256871686584576	138213599.3875724
0.7329440403450421	561681455.1155967
0.7402734807484926	861693184.4871528
0.7476762155559775	1056763265.06625
0.7551529777115373	1356416595.5703611
0.7627045074886527	461389876.9483817
0.7703315525635391	127667230.21654072
0.7780348680891747	266566001.51523364
0.7858152167700664	441127259.6356323
0.7936733689377671	588029996.5152911
0.8016101026271447	934862925.1347234
0.8096262036534162	1430790696.662937
0.8177224656899503	1839674817.430222
0.8258996903468498	1487347876.9999213
0.8341586872503184	1076339484.738342
0.8425002741228216	928436572.4486839
0.8509252768640498	408446224.29104847
0.8594345296326903	823640770.3085973
0.8680288749290173	1182445922.7922635
0.8767091636783074	1536847709.065813
0.8854762553150906	1570275464.353891
0.8943310178682414	1387821895.1113389
0.9032743280469238	1408413734.2357218
0.9123070713273931	1944797221.0352063
0.921430142040667	1770966215.7207997
0.9306444434610737	1271235234.2879157
0.9399508878956845	1508519533.7312646
0.9493503967746413	1829050326.2476437
0.9588439007423877	2134376505.9267619
0.9684323397498116	2154709779.7190933
0.9781166631473096	1952398706.3927767
0.9878978297787828	1837859397.7429388
0.9977768080765707	1764282357.0879307
1.0077545761573363	1502651985.8658605
1.0178321219189097	1965220529.750646
1.0280104431380988	1339896694.020508
1.0382905475694797	2147755065.748874
1.0486734530451747	1879905810.8633103
1.0591601875756265	2208583074.246251
1.0697517894513826	2033910119.8237727
1.0804493073458965	2612604070.1206503
1.0912538004193555	2076212635.178879
1.102166338423549	2145556454.5043614
1.1131880018077847	2057065303.3893428
1.1243198818258624	1857462124.2117262
1.135563080644121	2235689107.085377
1.1469187114505621	2345706999.8363423
1.158387898565068	2413306139.38313
1.1699717775507186	2280012248.5869007
1.1816714953262257	2257223164.289689
1.193488210279488	2229052636.0350237
1.2054230923822828	2228065882.096428
1.2174773233061058	2354532932.4007163
1.2296520965391669	2383510235.140624
1.2419486175045586	2228615662.200439
1.254368103679604	2293508032.547435
1.2669117847164002	2276981428.2593646
1.2795809025635643	2313366452.1913896
1.2923767115892	2163298751.929579
1.305300478705092	2244638996.827539
1.3183534834921427	2103493612.3990796
1.3315370183270643	1941124795.3518324
1.3448523885103347	1405499088.2711103
1.3583009123954382	1369107948.546228
1.3718839215193925	1445344804.6777015
1.3856027607345867	1464423165.9554293
1.3994587883419325	1128113061.419984
1.4134533762253518	1054691443.3489864
1.4275879099876054	1086191129.9250188
1.4418637890874815	1110043785.2322083
1.4562824269783563	1131010624.7784467
1.4708452512481398	1113514694.4395847
1.4855537037606212	1070870631.0751327
1.5004092407982272	1209715923.8485336
1.5154133332062096	1164955868.4209769
1.5305674665382718	1237493042.5909483
1.5458731412036546	1222818156.8216853
1.561331872615691	1324554432.527602
1.576945191341848	1363550412.37986
1.5927146432552666	1455007173.1974115
1.6086417896878193	1498153752.3728006
1.6247282075846974	1460689664.9709883
1.6409754896605444	1536647087.9490438
1.65738524455715	1565402816.1280386
1.6739590970027214	1575595604.2875233
1.6906986879727486	1570819085.5193613
1.7076056748524762	1523701908.892379
1.7246817316010008	1275578758.2724388
1.7419285489170109	1095441617.7387516
1.759347834406181	995130134.1063721
1.776941312750243	1091098808.12621
1.7947107258777453	776445019.7177453
1.8126578331365226	747271086.3688241
1.8307844114678882	828535173.6209117
1.8490922555825668	600242782.4921727
1.8675831781383925	727439296.9924607
1.8862590099197765	690406026.1125063
1.9051216000189743	677036999.0195547
1.924172816019164	779824453.1012135
1.9434145441793558	584159137.5563638
1.9628486896211494	604361696.7443938
1.9824771765173608	674516198.0875351
2.0023019482825344	541133866.1195667
2.0223249677653596	613940186.397485
2.0425482174430134	604533473.4827932
2.0629736996174435	599736023.0448935
2.083603436613618	632832351.8629693
2.1044394709797545	679013137.9787054
2.1254838656895516	688168093.9929587
2.1467387043464474	693386641.1695386
2.1682060913899117	718091628.3548905
2.1898881523038107	717595689.2127374
2.211787033826849	699373576.5503178
2.2339049041651173	705822668.9447798
2.2562439532067686	737637560.4808279
2.2788063927388365	724164452.0243809
2.3015944566662245	584929614.6667026
2.324610401232887	592507300.7718745
2.347856505245216	617253802.9143631
2.3713350702976683	574739019.1945637
2.3950484210006446	417167427.68468034
2.418998905210651	484814395.8855378
2.4431888942627578	399862151.27066976
2.4676207832053856	280641260.71458274
2.4922969910374397	337974889.1040484
2.517219960947814	241612660.2946028
2.542392160557292	320628145.046203
2.567816082162865	281822600.3057144
2.5934942429844936	296614518.00313187
2.6194291854143383	268117347.46322814
2.645623477268482	194095934.86395866
2.6720797120411666	242638287.15958413
2.698800509161578	233430329.3818647
2.7257885142531944	230842896.90615556
2.753046399395726	237239976.4183634
2.7805768633896837	219143596.84766993
2.8083826320235805	219693734.1893035
2.8364664583438164	180704774.36206868
2.8648311229272547	189809202.71373716
2.8934794341565273	187662269.56693596
2.9224142284980923	173285688.11761516
2.951638370783073	171940587.69647673
2.981154754490904	170845487.3640844
3.010966302035813	172713889.10301104
3.041075965056171	156068328.5744743
3.071486724706733	153459312.00301555
3.1022015919538	151258531.16391766
3.133223607873338	163745884.06323668
3.164555843952072	161322940.54911533
3.196201402391593	170273931.92563283
3.2281634164155086	176051955.54766083
3.2604450505796634	163330483.2719321
3.29304950108546	163474486.30583793
3.3259799960963146	149707514.98352608
3.359239796057278	160120483.2493443
3.392832194017851	161789132.98312753
3.4267605159580294	157391872.42751005
3.46102812111761	164309561.85927743
3.4956384023287854	150522647.6524877
3.530594786352074	164195135.48251858
3.5659007342155946	151918290.70956475
3.6015597415577503	147430973.71369034
3.637575338973328	150022100.7718467
3.6739510923630614	148663916.74775657
3.7106906032866918	162931950.87370002
3.747797509319559	152300522.19002676
3.7852754844127543	148033851.5606723
3.823128239256882	148738329.33819267
3.861359521649451	146054457.86181208
3.8999731168659455	136560212.37166256
3.938972848034605	138147144.17217016
3.978362576514951	132566646.05790189
4.018146202280101	109705697.99800843
4.058327664302902	108081428.66772172
4.098910940945931	98013492.41738246
4.13990005035539	97678721.75657056
4.181299050858944	94233749.08655535
4.223112041367534	80770323.87771025
4.2653431617812085	92923897.22454464
4.307996593399021	74438682.53734235
4.351076559333012	77859504.151094
4.394587324926341	75780887.16481197
4.438533198175604	65306387.28205604
4.48291853015736	60453865.97499291
4.5277477154589345	50445874.082716145
4.573025192613525	60493460.89790619
4.6187554445396595	65576040.97161725
4.664942998985056	53725272.066099346
4.711592428974907	50993653.472736806
4.758708353264656	52513963.73171272
4.806295436797303	48657846.36398287
4.854358391165275	51937057.30024341
4.902901975076928	48216274.337414995
4.951930994827697	51106189.387099475
5.001450304775974	39474347.460718274
5.051464807823734	38525777.67575081
5.101979455901971	40199874.678664885
5.152999250460991	35419306.59178663
5.204529242965601	39573711.88757916
5.2565745353952575	35159035.60817275
5.30914028074921	37914839.205170915
5.362231683556701	31505138.27200751
5.415854000392269	31227782.010166906
5.470012540396192	28886113.741990175
5.524712665800154	30054922.853017803
5.579959792458156	27592354.146814607
5.635759390382738	27631420.46088997
5.692116984286565	29354244.490130033
5.74903815412943	28391454.10019634
5.806528535670725	27226779.724709116
5.864593821027432	25597436.48833512
5.923239759237706	24649724.764059618
5.982472156830083	23363467.030804764
6.042296878398385	22554853.51287122
6.102719847182367	21891320.409178454
6.163747045654191	21293299.713598795
6.225384516110734	21284228.659404393
6.287638361271841	22895128.423855215
6.350514744884559	19713453.73464922
6.414019892333406	20984754.532538388
6.478160091256739	16974953.2219997
6.542941692169307	14552442.369035546
6.608371109091	14809246.255274298
6.67445482018191	14598888.733389575
6.741199368383729	13617701.645116225
6.808611362067567	13869359.989418967
6.876697475688242	12487895.490772828
6.945464450445124	13013974.933851438
7.014919094949576	10444695.83796506
7.085068285899072	10713775.463936163
7.155918968758063	12267060.1141124
7.227478158445644	12743973.450157316
7.2997529400301	10953632.782622535
7.372750469430401	9892479.873972705
7.446477974124705	10524368.761050906
7.520942753865953	9417015.4265111
7.596152181404612	9888165.97722029
7.672113703218658	10347995.391271649
7.7488348402508445	8282119.961506512
7.826323188653353	8551391.580118254
7.904586420539887	8162330.564844309
7.983632284745286	7419379.520626816
8.063468607592739	7687439.795067383
8.144103293668666	6591981.958592612
8.225544326605354	6882107.720159695
8.307799769871407	6872553.325607919
8.390877767570121	6645373.929556751
8.474786545245822	6056111.927559922
8.55953441069828	6078160.970914733
8.645129754805263	5762094.847506664
8.731581052353315	5727597.037245122
8.81889686287685	5408442.360363711
8.907085831505619	5660983.3359147
8.996156689820673	5144824.494779087
9.086118256718882	5184799.599220437
9.17697943928607	4927727.283389103
9.26874923367893	4973823.561149987
9.36143672601572	4801397.1443144865
9.455051093275877	4791256.50469643
9.549601604208636	4691189.317813361
9.645097620250723	4468795.483434928
9.74154859645323	4215629.01912931
9.838964082417762	4494198.822259866
9.937353723241939	4182142.706649371
10.03672726047436	3824521.09096429
10.137094533079102	3643466.947500675
10.238465478409893	3448191.503724262
10.340850133193994	3292154.31819604
10.444258634525934	3586576.9968498293
10.548701220871191	3024970.33921496
10.654188233079903	3181640.362670098
10.760730115410702	3074373.0756289735
10.868337416564811	2797980.23481331
10.97702079073046	2647134.882513705
11.086790998637763	2739650.3727467074
11.19765890862414	2699396.167564299
11.309635497710381	2536102.837008199
11.422731852687486	2402618.7522907574
11.536959171214361	2273515.8518477012
11.652328762926505	2203098.8682826958
11.76885205055577	2067628.803877162
11.886540571061328	1962796.7550304227
12.005405976771941	1989937.9015853996
12.125460036539662	1925071.1840410596
12.246714636905057	1961962.521285911
12.36918178327411	1702455.531235071
12.49287360110685	1660053.487366321
12.617802337117919	1780021.786242981
12.743980360489097	1514459.8842308766
12.871420164093989	1506772.786643746
13.000134365734928	1278534.3775378435
13.130135709392277	1427570.3836596922
13.261437066486202	1361660.033429566
13.394051437151063	1304583.3425678867
13.527991951522575	1260198.4302326932
13.6632718710378	1123730.3811280474
13.799904589748177	1183216.6841892265
13.937903635645661	1162570.5745732258
14.077282672002116	1069826.4301971216
14.218055498722139	1038024.3291691989
14.36023605370936	956120.1242775499
14.503838414246454	944434.0952039866
14.648876798388917	908099.3179020524
14.795365566372807	913874.5559572928
14.943319222036536	877798.9279465282
15.0927524142569	877518.7819145485
15.24367993839947	790206.9084630506
15.396116737783466	745874.4825951284
15.550077905161299	755497.6061182339
15.705578684212913	674473.4403551175
15.862634471055042	704620.9071227084
16.021260815765594	601513.1318438976
16.181473423923247	587693.2550233535
16.34328815816248	615287.47004678
16.506721039744104	582425.5769178291
16.67178825014155	555113.4215197949
16.838506132642966	546868.5757795221
17.006891193969395	511364.80798966554
17.176960105909085	505527.448868821
17.34872970696818	454632.9772594279
17.52221700403786	442516.6532551307
17.697439174078237	477393.65859572147
17.874413565819022	433582.95284900407
18.05315770147721	444165.65927530226
18.233689278491983	428740.69335721014
18.416026171276904	406499.9464866908
18.600186432989673	387099.2881808898
18.78618829731957	387620.77626530663
18.974050180292764	351988.1941272335
19.163790682095694	325347.7294960145
19.35542858891665	295550.148640117
19.548982874805816	286911.6493016443
19.744472703553875	301939.9881343114
19.941917430589417	292704.9535492078
20.14133660489531	278885.47423904756
20.34274997094426	264742.00044978026
20.546177470653703	224269.31621031847
20.75163924536024	249053.2022404471
20.959155637813843	222489.79215908225
21.168747194191983	217458.64235597057
21.380434666133905	205042.23929706935
21.594239012795242	219783.85452683532
21.810181402923195	188310.26352058403
22.028283216952428	204050.40934995507
22.248566049121955	206017.14284716127
22.47105170961317	188441.69023361974
22.695762226709302	184487.94766959175
22.9227198489764	169114.66135844326
23.151947047466162	170821.74306493928
23.38346651794082	156563.8458452772
23.617301183120233	142100.22082886237
23.85347419495143	126506.78878074732
24.09200893690095	147039.9561881487
24.33292902626996	130493.12594635315
24.57625831653266	139246.0459283831
24.822020899697986	118335.07414471895
25.070241108694965	131697.11096201534
25.320943519781917	117109.8263033306
25.574152954979734	102769.92608270125
25.82989448452953	107107.80682248392
26.08819342937483	100850.76012928002
26.34907536366858	100939.77853901988
26.612566117305263	94314.27617895967
26.878691778478316	99698.54344584263
27.147478696263097	88262.30083398933
27.418953483225728	93221.74815960531
27.693143018057985	82852.51104940387
27.970074448238567	80385.66235313614
28.24977519272095	79913.35350664695
28.532272944648163	75919.77997192099
28.817595674094644	73751.12277985924
29.10577163083559	69953.44527512821
29.396829347143946	60915.560624997444
29.690797640615386	63800.29852162114
29.98770561702154	57207.02831457964
30.287582673191757	56050.353960362525
30.590458499923674	55544.53270312876
30.896363084922914	53751.50296556781
31.205326715772138	50016.4872032324
31.517379982929864	50863.48710754199
31.832553782759163	44841.35203800916
32.15087932058675	47218.184823300966
32.472388113792626	43108.07425160456
32.79711199493055	41970.36203348162
33.12508311487986	42226.378281493686
33.45633394602865	40562.661191341176
33.79089728548894	41696.736760146305
34.12880625834383	36295.29040615176
34.47009432092727	32248.838394518498
34.81479526413654	34922.57906689099
35.16294321677791	32555.37265008191
35.51457264894569	30662.17136065385
35.86971837543514	30656.469836963795
36.2284155591895	29860.550653007977
36.59069971478139	26733.34608482296
36.956606711929204	27619.33216472807
37.3261727790485	25932.010150347367
37.69943450683898	25248.050945191106
38.07642885190737	22490.139297740374
38.45719314042645	23982.650937014027
38.841765071830714	23122.28755379156
39.23018272254902	20864.40781904614
39.622484549774505	22794.97390569834
40.01870939527225	21467.608423176513
40.41889648922498	19945.491087029262
40.823085454117226	19184.607214150525
41.2313163086584	17415.40135105367
41.64362947174499	17033.492130851017
42.06006576646243	18928.923081979654
42.48066642412706	14184.086386825125
42.90547308836833	15686.417447321313
43.33452781925202	15176.16614511248
43.767873097444536	15813.684622278544
44.20555182841898	14094.79033672403
44.64760734670317	12616.170769757144
45.0940834201702	12657.578439652963
45.54502425437191	12192.779509422347
46.00047449691562	11154.109147774174
46.460479241884784	11470.94618476864
46.92508403430362	11253.072963354749
47.39433487464667	11063.342207140182
47.868278223393126	10554.386640233597
48.346961005627065	9216.15040645887
48.83043061568333	10341.994208253001
49.31873492184017	9863.81262820745
49.81192227105857	9121.870760807613
50.310041493769155	7983.852126139818
50.813141908706854	8992.898594504422
51.32127332779392	8572.944187840742
51.83448606107186	6648.306443037876
52.352830921682575	7272.206619664254
52.8763592308994	7961.439419177777
53.405122823208394	7194.53076394981
53.93917405144048	6929.006700859009
54.478565791954885	5654.222658807275
55.02335144987443	6115.094860632198
55.57358496437318	5419.526291180135
56.129320814016914	5769.211302081033
56.690614022157085	4836.989747761218
57.257520162378654	4262.770513333358
57.83009536400244	4557.115850299365
58.40839631764247	5348.206166629083
58.99248028081889	4728.271862874128
59.58240508362709	4231.21005105241
60.17822913446335	4181.303294000181
60.780011425807984	4260.9362457525585
61.38781154006607	4401.942090708957
62.00168965546673	3832.482217179579
62.621706552021394	4079.766985672513
63.24792361754161	3738.7218771393996
63.88040285371702	3715.5315505735866
64.5192068822542	3497.893652019913
65.16439895107675	3325.1004329243056
65.81604294058751	3120.3211229434637
66.47420336999339	3098.048815272448
67.13894540369331	3031.000395796314
67.81033485773025	2956.178467180434
68.48843820630756	2777.4054326381606
69.17332258837064	2695.616418730661
69.86505581425433	2597.5137856292713
70.56370637239688	2443.0641523676563
71.26934343612085	2351.9272428254053
71.98203687048206	2231.7249270281445
72.70185723918688	2110.5031376618617
73.42887581157875	2106.6730001594874
74.16316456969453	1966.1456445437968
74.90479621539149	1963.8307517163735
75.6538441775454	1838.7204243950255
76.41038261932086	1821.0180297891488
77.17448644551406	1516.4457273197415
77.9462313099692	1484.3229003820331
78.7256936230689	1625.3006341307494
79.51295055929958	1517.8645570704828
80.30808006489258	1453.2935241244918
81.11116086554152	1363.8016126289365
81.92227247419693	1284.0592685582985
82.74149519893889	1318.9226850297318
83.56891015092829	1222.7778464489868
84.40459925243758	1193.8794355415441
85.24864524496195	1175.1812704554134
86.10113169741156	1128.5298493664275
86.96214301438569	993.8846226951384
87.83176444452954	985.2137583782377
88.71008208897484	962.287050715428
89.59718290986459	961.3442604352316
90.49315473896324	912.7464754251329
91.39808628635286	868.963855604709
92.3120671492164	830.5077780235724
93.23518782070856	813.5039182055618
94.16753969891565	782.5343579780435
95.1092150959048	657.426279166736
96.06030724686386	712.5611305032381
97.0209103193325	679.4193767176079
97.99111942252583	646.9452357702781
98.97103061675108	589.9156894535897
99.96074092291859	617.2558031460119
100.96034833214779	607.3520923218886
101.96995181546924	597.3364863067316
102.98965133362394	587.2207242314227
104.0195478469602	577.0038045353606
105.05974332542979	566.684715642338
106.11034075868409	556.2624358603853
107.17144416627093	545.7359332806129
108.24315860793364	535.1041656750429
109.32559019401299	524.366080393417
110.41884609595311	513.520614258975
111.52303455691263	502.56669346318876
112.63826490248177	491.5032334594444
113.76464755150658	480.3291388556627
114.90229402702165	469.0433033058431
116.05131696729188	457.6446094005252
117.21183013696479	446.1319285561544
118.38394843833444	434.50412090333975
119.5677879227178	422.7600351739968
120.76346580194497	410.89850858736065
121.97110045996442	398.9183667348582
123.19081146456406	386.8184234638305
124.42271957920971	374.5974807600926
125.6669467750018	362.2543286293174
126.92361624275183	349.7877449772343
128.19285240517934	337.1964954886306
129.47478092923114	324.4793335051406
130.76952873852346	311.6349999018158
132.0772240259087	298.6622229624578
133.39799626616778	285.5597182537062
134.73197622882944	272.32618849786724
136.07929599111776	258.9603234444695
137.4400889510289	245.46079974053828
138.8144898405392	231.82628079956737
140.20263473894462	218.05541666918668
141.60466108633406	204.14684389750244
143.0207076971974	190.09918539810138
144.45091477416938	175.91105031370614
145.8954239219111	161.58103387846683
147.35437816113017	147.1077172788756
148.82792194274148	132.4896675132881
150.3162011621689	120.33456365513202
151.8193631737906	117.82599684798515
153.3375568055285	115.29234437276686
154.8709323735838	112.73335537279634
156.41964169731963	110.14877648282614
157.98383811429284	107.53835180395622
159.56367649543577	104.90182287829761
161.1593132603901	102.23892866338248
162.77090639299402	99.5494055063181
164.39861545692395	96.83298711768313
166.04260161149318	94.0894045451618
167.70302762760812	91.31838614691524
169.38005790388422	88.5196575646862
171.07385848292307	85.69294169663488
172.7845970677523	82.83795866990309
174.5124430384298	79.95442581290396
176.25756746881413	77.0420576273348
178.02014314350225	74.10056575991001
179.80034457493727	71.12965897381095
181.59834802068664	68.12904311985089
183.41433150089352	65.09842110735121
185.24847481590245	62.03749287472656
187.1009595640615	58.94595535977563
188.9719691597021	55.82350246967525
190.8616888512991	52.66982505067385
192.77030573981213	49.484610857482366
194.69800879721024	46.26754452235906
196.64498888518233	43.01830752388449
198.61143877403418	39.73657815542512
200.5975531617745	37.152668570559804
202.60352869339226	36.25771235429656
204.62956398032617	35.353806575870706
206.67585962012947	34.44086173966056
208.74261821633075	33.51878745508834
210.83004439849404	32.587492427670405
212.93834484247898	31.646884449978273
215.0677282909038	30.69687039250921
217.21840557381284	29.73735619446547
219.39058962955096	28.7682468544413
221.58449552584648	27.789446421016876
223.80034048110494	26.80085798325822
226.038343885916	25.802383661121965
228.29872732477517	24.793924595764345
230.5817145980229	23.77538093975317
232.88753174400313	22.74665184718187
235.21640706144316	21.707635463684852
237.56857113205763	20.658228916352858
239.94425684337818	19.598328303547564
242.34369941181194	18.527828684614217
244.76713640593007	17.446624069491524
247.2148077699894	16.3546074082176
249.68695584768926	15.251670580330956
252.18382540616616	14.765725117760617
254.70566366022786	14.365845143466615
257.2527202968301	13.961966369429687
259.8252474997984	13.554048807652377
262.4234999747964	13.142052070257296
265.04773497454437	12.725935365488269
267.69821232428984	12.305657493671545
270.3751944475327	11.881176843136666
273.07894639200805	11.452451386096426
275.8097358559282	11.01943867448578
278.5678332144874	10.582095835759045
281.35351154663226	10.140379568645034
284.16704666209864	9.694246138859874
287.00871712871964	9.243651374776869
289.87880430000683	8.788550663053037
292.77759234300686	8.328898944211971
295.70536826643695	7.864650708182485
298.6624219491013	7.395759989792708
301.64904616859235	7.073545647660855
304.66553663027827	6.87211267001577
307.71219199658105	6.6686653625942345
310.78931391654686	6.463183582098484
313.8972070557124	6.255646983797772
317.0361791262695	6.046035019514059
320.20654091753215	5.834326935587507
323.40860632670746	5.62050177082169
326.64269238997457	5.404538354408212
329.90911931387427	5.186415303830604
333.20821050701306	4.966111022747213
336.5402926120832	4.743603698852992
339.90569553820404	4.518871301719828
343.304752493586	4.291891580615337
346.73780001852197	4.062642062299791
350.20517801870716	3.8381839481708897
353.7072297988942	3.7252370416734233
357.2443020968832	3.6111606661109805
360.816745117852	3.4959435267929146
364.42491256903054	3.3795742160816675
368.06916169472083	3.2620412122633087
371.74985331166806	3.143332878406765
375.46735184478473	3.0234374612116577
379.2220253632326	2.902343089844597
383.01424561686497	2.780037774763866
386.8443880730336	2.6565094065323294
390.7128319537639	2.531745754618478
394.6199602733015	2.405734466185488
398.5661598760346	2.2784630648681645
402.55182147479496	2.1888760056696404
406.5773396895429	2.1205015080922673
410.64311308643835	2.0514432655391204
414.7495442173027	1.9816944405604426
418.89703965947575	1.911248127331977
423.08601005607045	1.8400973509712282
427.3168701566312	1.7682350668468705
431.59003885819754	1.6956541598812687
435.9059392467795	1.6223474438460124
440.26499863924727	1.5483076606504032
444.66764862563974	1.4735274796228377
449.11432511189616	1.3979994967849962
453.6054683630151	1.3483044613297916
458.14152304664526	1.3047091248362712
462.7229382771117	1.2606778349778156
467.35016765988286	1.2162062322207752
472.0236693364817	1.1712899134361643
476.7439060298465	1.1259244314637076
481.51134509014497	1.0801052946715266
486.3264585410464	1.0338279665114236
491.1897231264569	0.9870878650697192
496.10162035772146	0.9398803626135981
501.0626365612987	0.8962474473845972
506.0732629269117	0.8671722099656405
511.1339955561808	0.8378062201724944
516.2453355117426	0.8081465704814169
521.4077888668601	0.7781903242934283
526.6218667555286	0.7479345156435606
531.888085423084	0.7173761489071928
537.2069662773148	0.6865121985034626
542.579035940088	0.6553396085956942
548.0048262994887	0.6238552927888495
553.4848745624838	0.5997176045762275
559.0197233081085	0.5797687777368079
564.6099205411896	0.5596204626289936
570.2560197466016	0.5392706643701006
575.9585799440677	0.5187173681286191
581.7181657435083	0.49795853892472314
587.5353474009435	0.47699212142878755
593.4107008749528	0.4558160397578934
599.3448078837024	0.4344281972702897
605.3382559625394	0.419141329290193
611.3916385221648	0.4044843981579373
617.5055549073865	0.38968089771435926
623.6806104564603	0.37472936226634546
629.9174165610249	0.35962831146385144
636.2165907266352	0.34437625015333223
642.5787566339015	0.32897166822970814
649.0045442002405	0.31341304048684787
655.4945896422429	0.3021629579943775
662.0495355386654	0.29161722986885175
668.670030894052	0.28096604446207085
675.3567312029925	0.27020834720122233
682.1102985150225	0.2593430729677651
688.9314015001727	0.24836914599197338
695.8207155151745	0.23728547974642364
702.7789226703262	0.22739710076751715
709.8067118970295	0.21939379032888612
716.9047790159998	0.21131044678586872
724.0738268061598	0.20314626980742118
731.3145650742214	0.19490045105918918
738.6277107249635	0.18657217412347488
746.0139878322132	0.17816061441840345
753.4741277105354	0.17084774741434813
761.0088689876408	0.16483240807407004
768.6189576775171	0.15875691534038927
776.3051472542923	0.1526206676793716
784.0681987268352	0.14642305754174367
791.9088807141036	0.14016347130273957
799.8279695212447	0.1338412892013454
807.8262492164572	0.1291584086758917
815.9045117086216	0.12446649711599815
824.0635568257079	0.11972766644050553
832.304192393965	0.11494144745825803
840.6272343179047	0.110107366286188
849.0335066610837	0.10522494430239734
857.5238417276945	0.10140079909842438
866.0990801449715	0.0976820499401428
874.7600709464213	0.0939261132902784
883.5076716558855	0.09013261727391537
892.3427483724444	0.08630118629738871
901.2661758561687	0.08087917356081982
910.2788376147305	0.06592166412211206
919.3816259908778	0.050814579589017424
928.5754422507866	0.03555642421059159
937.8611966732944	0.02014568727838177
