0.600000	1.00273e+09
0.601200	1.13464e+09
0.602402	1.26150e+09
0.603607	1.36910e+09
0.604814	1.45574e+09
0.606024	1.50552e+09
0.607236	1.51938e+09
0.608450	1.49560e+09
0.609667	1.45135e+09
0.610887	1.40360e+09
0.612108	1.36757e+09
0.613333	1.32897e+09
0.614559	1.32413e+09
0.615788	1.30047e+09
0.617020	1.31456e+09
0.618254	1.35129e+09
0.619491	1.36047e+09
0.620729	1.38722e+09
0.621971	1.37659e+09
0.623215	1.34309e+09
0.624461	1.31969e+09
0.625710	1.31054e+09
0.626962	1.27353e+09
0.628215	1.27689e+09
0.629472	1.31415e+09
0.630731	1.34835e+09
0.631992	1.35974e+09
0.633256	1.31640e+09
0.634523	1.23802e+09
0.635792	1.14076e+09
0.637063	1.06265e+09
0.638337	1.04647e+09
0.639614	1.09630e+09
0.640893	1.20604e+09
0.642175	1.32425e+09
0.643459	1.44563e+09
0.644746	1.57726e+09
0.646036	1.70344e+09
0.647328	1.83608e+09
0.648623	1.96366e+09
0.649920	2.09458e+09
0.651220	2.20123e+09
0.652522	2.28835e+09
0.653827	2.33217e+09
0.655135	2.34469e+09
0.656445	2.35166e+09
0.657758	2.36776e+09
0.659073	2.39969e+09
0.660391	2.43730e+09
0.661712	2.45628e+09
0.663036	2.44333e+09
0.664362	2.38280e+09
0.665690	2.27497e+09
0.667022	2.10524e+09
0.668356	1.90719e+09
0.669692	1.71121e+09
0.671032	1.58938e+09
0.672374	1.52282e+09
0.673719	1.49081e+09
0.675066	1.47707e+09
0.676416	1.50503e+09
0.677769	1.43813e+09
0.679124	1.33106e+09
0.680483	1.19179e+09
0.681844	1.07467e+09
0.683207	9.93422e+08
0.684574	9.26986e+08
0.685943	8.56416e+08
0.687315	8.53802e+08
0.688689	8.48278e+08
0.690067	9.33527e+08
0.691447	9.52141e+08
0.692830	1.13072e+09
0.694215	1.17434e+09
0.695604	1.32772e+09
0.696995	1.42870e+09
0.698389	1.43874e+09
0.699786	1.56088e+09
0.701185	1.59358e+09
0.702587	1.74006e+09
0.703993	1.87604e+09
0.705401	2.04296e+09
0.706811	2.09734e+09
0.708225	2.17561e+09
0.709641	2.16190e+09
0.711061	2.14420e+09
0.712483	2.15264e+09
0.713908	2.10269e+09
0.715336	2.18405e+09
0.716766	2.21003e+09
0.718200	2.31112e+09
0.719636	2.40591e+09
0.721075	2.48129e+09
0.722517	2.57897e+09
0.723962	2.65623e+09
0.725410	2.73503e+09
0.726861	2.79875e+09
0.728315	2.84940e+09
0.729771	2.87892e+09
0.731231	2.89085e+09
0.732693	2.89269e+09
0.734159	2.91285e+09
0.735627	2.92809e+09
0.737098	2.97031e+09
0.738573	2.97201e+09
0.740050	2.99664e+09
0.741530	2.97224e+09
0.743013	2.95343e+09
0.744499	2.91856e+09
0.745988	2.90127e+09
0.747480	2.89323e+09
0.748975	2.90842e+09
0.750473	2.94469e+09
0.751974	2.97560e+09
0.753477	3.01086e+09
0.754984	3.02355e+09
0.756494	3.01593e+09
0.758007	2.96013e+09
0.759523	2.84682e+09
0.761042	2.65524e+09
0.762564	2.38121e+09
0.764089	2.06122e+09
0.765618	1.76474e+09
0.767149	1.58235e+09
0.768683	1.57859e+09
0.770220	1.76457e+09
0.771761	2.07156e+09
0.773304	2.41502e+09
0.774851	2.70336e+09
0.776401	2.91086e+09
0.777953	3.03415e+09
0.779509	3.12722e+09
0.781068	3.16848e+09
0.782630	3.22548e+09
0.784196	3.26165e+09
0.785764	3.29413e+09
0.787336	3.31587e+09
0.788910	3.32544e+09
0.790488	3.33269e+09
0.792069	3.32980e+09
0.793653	3.33015e+09
0.795240	3.34910e+09
0.796831	3.36516e+09
0.798424	3.39307e+09
0.800021	3.41403e+09
0.801621	3.42343e+09
0.803224	3.42922e+09
0.804831	3.42356e+09
0.806440	3.42579e+09
0.808053	3.42285e+09
0.809669	3.41739e+09
0.811289	3.39218e+09
0.812911	3.33046e+09
0.814537	3.22482e+09
0.816166	3.09663e+09
0.817798	2.99069e+09
0.819434	2.95808e+09
0.821073	3.01919e+09
0.822715	3.13845e+09
0.824360	3.26897e+09
0.826009	3.37178e+09
0.827661	3.43154e+09
0.829316	3.45461e+09
0.830975	3.45189e+09
0.832637	3.43184e+09
0.834302	3.39976e+09
0.835971	3.35160e+09
0.837643	3.31169e+09
0.839318	3.27332e+09
0.840996	3.24431e+09
0.842678	3.24189e+09
0.844364	3.24698e+09
0.846052	3.28266e+09
0.847745	3.30908e+09
0.849440	3.34096e+09
0.851139	3.35970e+09
0.852841	3.38512e+09
0.854547	3.40953e+09
0.856256	3.44821e+09
0.857968	3.48316e+09
0.859684	3.50737e+09
0.861404	3.51264e+09
0.863126	3.48927e+09
0.864853	3.45882e+09
0.866582	3.41578e+09
0.868315	3.40133e+09
0.870052	3.39875e+09
0.871792	3.42319e+09
0.873536	3.44776e+09
0.875283	3.46982e+09
0.877033	3.48458e+09
0.878787	3.48818e+09
0.880545	3.49024e+09
0.882306	3.48895e+09
0.884070	3.49004e+09
0.885839	3.49451e+09
0.887610	3.49900e+09
0.889385	3.50336e+09
0.891164	3.51022e+09
0.892946	3.51253e+09
0.894732	3.51588e+09
0.896522	3.51095e+09
0.898315	3.50520e+09
0.900111	3.49669e+09
0.901912	3.49893e+09
0.903715	3.50204e+09
0.905523	3.52463e+09
0.907334	3.54287e+09
0.909148	3.56905e+09
0.910967	3.59035e+09
0.912789	3.59741e+09
0.914614	3.60124e+09
0.916443	3.59041e+09
0.918276	3.58204e+09
0.920113	3.56848e+09
0.921953	3.55544e+09
0.923797	3.55589e+09
0.925644	3.54285e+09
0.927496	3.53482e+09
0.929351	3.53001e+09
0.931209	3.52630e+09
0.933072	3.52526e+09
0.934938	3.52491e+09
0.936808	3.53198e+09
0.938681	3.53815e+09
0.940559	3.54668e+09
0.942440	3.55746e+09
0.944325	3.56356e+09
0.946213	3.56553e+09
0.948106	3.56602e+09
0.950002	3.55982e+09
0.951902	3.54848e+09
0.953806	3.53056e+09
0.955713	3.50920e+09
0.957625	3.47810e+09
0.959540	3.44141e+09
0.961459	3.38984e+09
0.963382	3.34219e+09
0.965308	3.30985e+09
0.967239	3.28329e+09
0.969174	3.27916e+09
0.971112	3.30204e+09
0.973054	3.31966e+09
0.975000	3.32051e+09
0.976950	3.34066e+09
0.978904	3.37914e+09
0.980862	3.40262e+09
0.982824	3.40696e+09
0.984789	3.39998e+09
0.986759	3.35529e+09
0.988732	3.28907e+09
0.990710	3.21932e+09
0.992691	3.18039e+09
0.994676	3.17212e+09
0.996666	3.19469e+09
0.998659	3.22604e+09
1.00066	3.24272e+09
1.00266	3.26405e+09
1.00466	3.24743e+09
1.00667	3.26815e+09
1.00869	3.24971e+09
1.01070	3.26473e+09
1.01272	3.26332e+09
1.01475	3.24673e+09
1.01678	3.24488e+09
1.01881	3.22667e+09
1.02085	3.19449e+09
1.02289	3.17517e+09
1.02494	3.14284e+09
1.02699	3.11672e+09
1.02904	3.10998e+09
1.03110	3.14369e+09
1.03316	3.15710e+09
1.03523	3.18266e+09
1.03730	3.19353e+09
1.03937	3.22070e+09
1.04145	3.23640e+09
1.04353	3.26448e+09
1.04562	3.27645e+09
1.04771	3.29562e+09
1.04981	3.30457e+09
1.05191	3.32346e+09
1.05401	3.32429e+09
1.05612	3.34172e+09
1.05823	3.33890e+09
1.06035	3.34285e+09
1.06247	3.34241e+09
1.06459	3.32111e+09
1.06672	3.29698e+09
1.06886	3.24034e+09
1.07099	3.22889e+09
1.07314	3.24791e+09
1.07528	3.27254e+09
1.07743	3.26969e+09
1.07959	3.28557e+09
1.08175	3.31939e+09
1.08391	3.30374e+09
1.08608	3.30406e+09
1.08825	3.29345e+09
1.09043	3.27954e+09
1.09261	3.26784e+09
1.09479	3.25065e+09
1.09698	3.24570e+09
1.09918	3.22934e+09
1.10137	3.22988e+09
1.10358	3.23157e+09
1.10578	3.22070e+09
1.10800	3.23602e+09
1.11021	3.23360e+09
1.11243	3.21999e+09
1.11466	3.23112e+09
1.11689	3.22478e+09
1.11912	3.23184e+09
1.12136	3.23018e+09
1.12360	3.23718e+09
1.12585	3.20862e+09
1.12810	3.20710e+09
1.13036	3.17473e+09
1.13262	3.13205e+09
1.13488	3.06619e+09
1.13715	3.01223e+09
1.13943	2.98048e+09
1.14170	2.99048e+09
1.14399	3.03489e+09
1.14628	3.08777e+09
1.14857	3.13541e+09
1.15087	3.16896e+09
1.15317	3.17395e+09
1.15547	3.18302e+09
1.15778	3.16243e+09
1.16010	3.15939e+09
1.16242	3.13408e+09
1.16475	3.11653e+09
1.16707	3.10292e+09
1.16941	3.08144e+09
1.17175	3.07261e+09
1.17409	3.04735e+09
1.17644	3.02865e+09
1.17879	3.02386e+09
1.18115	3.04340e+09
1.18351	3.04964e+09
1.18588	3.04916e+09
1.18825	3.07418e+09
1.19063	3.04917e+09
1.19301	3.05809e+09
1.19539	3.04377e+09
1.19778	3.02858e+09
1.20018	3.03527e+09
1.20258	3.03159e+09
1.20499	3.04198e+09
1.20740	3.03783e+09
1.20981	3.03841e+09
1.21223	3.03008e+09
1.21465	3.03140e+09
1.21708	3.02743e+09
1.21952	3.02065e+09
1.22196	3.02807e+09
1.22440	3.02177e+09
1.22685	3.01882e+09
1.22930	3.00881e+09
1.23176	3.00660e+09
1.23423	2.99229e+09
1.23669	2.98171e+09
1.23917	2.95646e+09
1.24165	2.95234e+09
1.24413	2.93482e+09
1.24662	2.93104e+09
1.24911	2.92324e+09
1.25161	2.92169e+09
1.25411	2.92011e+09
1.25662	2.91430e+09
1.25913	2.92209e+09
1.26165	2.90843e+09
1.26417	2.91095e+09
1.26670	2.91237e+09
1.26924	2.90020e+09
1.27177	2.90382e+09
1.27432	2.88605e+09
1.27687	2.88942e+09
1.27942	2.87380e+09
1.28198	2.86988e+09
1.28454	2.85405e+09
1.28711	2.84873e+09
1.28969	2.83624e+09
1.29227	2.83627e+09
1.29485	2.83048e+09
1.29744	2.82857e+09
1.30003	2.82398e+09
1.30263	2.81353e+09
1.30524	2.80558e+09
1.30785	2.78932e+09
1.31047	2.77804e+09
1.31309	2.76723e+09
1.31571	2.75966e+09
1.31834	2.74870e+09
1.32098	2.73846e+09
1.32362	2.71387e+09
1.32627	2.69278e+09
1.32892	2.63864e+09
1.33158	2.60540e+09
1.33424	2.53284e+09
1.33691	2.51051e+09
1.33959	2.43339e+09
1.34227	2.42351e+09
1.34495	2.38088e+09
1.34764	2.39065e+09
1.35033	2.36121e+09
1.35304	2.39219e+09
1.35574	2.37640e+09
1.35845	2.40076e+09
1.36117	2.39332e+09
1.36389	2.40342e+09
1.36662	2.39978e+09
1.36935	2.40391e+09
1.37209	2.41412e+09
1.37484	2.41029e+09
1.37759	2.41183e+09
1.38034	2.39897e+09
1.38310	2.38371e+09
1.38587	2.34974e+09
1.38864	2.34056e+09
1.39142	2.29485e+09
1.39420	2.28881e+09
1.39699	2.26530e+09
1.39978	2.25792e+09
1.40258	2.23848e+09
1.40539	2.22694e+09
1.40820	2.21173e+09
1.41101	2.19228e+09
1.41384	2.17397e+09
1.41666	2.15642e+09
1.41950	2.12883e+09
1.42234	2.13441e+09
1.42518	2.10396e+09
1.42803	2.11474e+09
1.43089	2.10390e+09
1.43375	2.11429e+09
1.43662	2.09484e+09
1.43949	2.09884e+09
1.44237	2.07370e+09
1.44525	2.07196e+09
1.44814	2.05618e+09
1.45104	2.05146e+09
1.45394	2.03986e+09
1.45685	2.03788e+09
1.45976	2.02719e+09
1.46268	2.02165e+09
1.46561	2.01542e+09
1.46854	2.00540e+09
1.47148	1.99483e+09
1.47442	1.97725e+09
1.47737	1.97747e+09
1.48032	1.96545e+09
1.48328	1.96675e+09
1.48625	1.94967e+09
1.48922	1.94761e+09
1.49220	1.93952e+09
1.49518	1.93157e+09
1.49817	1.91217e+09
1.50117	1.92135e+09
1.50417	1.89135e+09
1.50718	1.90650e+09
1.51020	1.88082e+09
1.51322	1.88750e+09
1.51624	1.87142e+09
1.51927	1.86948e+09
1.52231	1.85371e+09
1.52536	1.84014e+09
1.52841	1.82671e+09
1.53147	1.81438e+09
1.53453	1.79880e+09
1.53760	1.79633e+09
1.54067	1.77752e+09
1.54375	1.77346e+09
1.54684	1.75671e+09
1.54993	1.74959e+09
1.55303	1.73809e+09
1.55614	1.72821e+09
1.55925	1.72133e+09
1.56237	1.70731e+09
1.56550	1.70210e+09
1.56863	1.68940e+09
1.57176	1.68179e+09
1.57491	1.66730e+09
1.57806	1.66163e+09
1.58121	1.64876e+09
1.58438	1.64153e+09
1.58754	1.62547e+09
1.59072	1.62135e+09
1.59390	1.60314e+09
1.59709	1.59847e+09
1.60028	1.58145e+09
1.60348	1.57338e+09
1.60669	1.55951e+09
1.60990	1.54785e+09
1.61312	1.53744e+09
1.61635	1.52369e+09
1.61958	1.51421e+09
1.62282	1.50158e+09
1.62607	1.49073e+09
1.62932	1.48006e+09
1.63258	1.46755e+09
1.63584	1.45755e+09
1.63911	1.44519e+09
1.64239	1.43618e+09
1.64568	1.42438e+09
1.64897	1.41414e+09
1.65227	1.40388e+09
1.65557	1.39237e+09
1.65888	1.38238e+09
1.66220	1.37089e+09
1.66552	1.36085e+09
1.66886	1.34970e+09
1.67219	1.33988e+09
1.67554	1.32857e+09
1.67889	1.31926e+09
1.68225	1.30827e+09
1.68561	1.29846e+09
1.68898	1.28717e+09
1.69236	1.27765e+09
1.69574	1.26524e+09
1.69914	1.25535e+09
1.70253	1.24334e+09
1.70594	1.23352e+09
1.70935	1.22080e+09
1.71277	1.21250e+09
1.71620	1.19645e+09
1.71963	1.18966e+09
1.72307	1.17211e+09
1.72651	1.16389e+09
1.72997	1.14941e+09
1.73343	1.14111e+09
1.73689	1.12801e+09
1.74037	1.12018e+09
1.74385	1.11026e+09
1.74733	1.10507e+09
1.75083	1.09300e+09
1.75433	1.08605e+09
1.75784	1.07166e+09
1.76136	1.05933e+09
1.76488	1.04761e+09
1.76841	1.03105e+09
1.77194	1.02491e+09
1.77549	1.01034e+09
1.77904	1.00431e+09
1.78260	9.90087e+08
1.78616	9.84432e+08
1.78973	9.64055e+08
1.79331	9.59877e+08
1.79690	9.45755e+08
1.80049	9.33776e+08
1.80410	9.32136e+08
1.80770	9.13822e+08
1.81132	9.17747e+08
1.81494	9.02064e+08
1.81857	9.01634e+08
1.82221	8.92825e+08
1.82585	8.98947e+08
1.82950	8.89300e+08
1.83316	8.89205e+08
1.83683	8.78957e+08
1.84050	8.76940e+08
1.84418	8.57633e+08
1.84787	8.59302e+08
1.85157	8.30705e+08
1.85527	8.42594e+08
1.85898	8.14474e+08
1.86270	8.31451e+08
1.86642	8.09920e+08
1.87016	8.26025e+08
1.87390	8.06319e+08
1.87765	8.17659e+08
1.88140	8.04050e+08
1.88516	8.07887e+08
1.88893	8.02169e+08
1.89271	8.00476e+08
1.89650	7.96348e+08
1.90029	7.88239e+08
1.90409	7.90988e+08
1.90790	7.74300e+08
1.91171	7.84259e+08
1.91554	7.62003e+08
1.91937	7.70194e+08
1.92321	7.48338e+08
1.92705	7.52659e+08
1.93091	7.43063e+08
1.93477	7.26031e+08
1.93864	7.29198e+08
1.94252	7.05966e+08
1.94640	7.11234e+08
1.95029	6.95064e+08
1.95419	7.07985e+08
1.95810	6.91400e+08
1.96202	6.98890e+08
1.96594	6.90224e+08
1.96988	6.90031e+08
1.97382	6.80995e+08
1.97776	6.75858e+08
1.98172	6.72697e+08
1.98568	6.67981e+08
1.98965	6.64899e+08
1.99363	6.63520e+08
1.99762	6.59069e+08
2.00161	6.59030e+08
2.00562	6.54154e+08
2.00963	6.54254e+08
2.01365	6.48489e+08
2.01768	6.46746e+08
2.02171	6.40428e+08
2.02575	6.34349e+08
2.02981	6.32854e+08
2.03386	6.26788e+08
2.03793	6.23577e+08
2.04201	6.19868e+08
2.04609	6.17575e+08
2.05018	6.13977e+08
2.05428	6.10052e+08
2.05839	6.08627e+08
2.06251	6.02093e+08
2.06663	6.02098e+08
2.07077	5.95195e+08
2.07491	5.94838e+08
2.07906	5.89637e+08
2.08322	5.86992e+08
2.08738	5.82996e+08
2.09156	5.80419e+08
2.09574	5.76837e+08
2.09993	5.73837e+08
2.10413	5.70113e+08
2.10834	5.67274e+08
2.11256	5.63510e+08
2.11678	5.60413e+08
2.12102	5.56748e+08
2.12526	5.52996e+08
2.12951	5.50398e+08
2.13377	5.46160e+08
2.13804	5.43318e+08
2.14231	5.38940e+08
2.14660	5.36570e+08
2.15089	5.32156e+08
2.15519	5.29770e+08
2.15950	5.25526e+08
2.16382	5.22896e+08
2.16815	5.18946e+08
2.17248	5.16132e+08
2.17683	5.12468e+08
2.18118	5.09574e+08
2.18554	5.05907e+08
2.18992	5.03219e+08
2.19430	4.99437e+08
2.19868	4.96916e+08
2.20308	4.93191e+08
2.20749	4.90551e+08
2.21190	4.87096e+08
2.21633	4.84145e+08
2.22076	4.81116e+08
2.22520	4.78184e+08
2.22965	4.75394e+08
2.23411	4.72550e+08
2.23858	4.69928e+08
2.24306	4.67167e+08
2.24754	4.64492e+08
2.25204	4.61612e+08
2.25654	4.59006e+08
2.26105	4.56049e+08
2.26558	4.53651e+08
2.27011	4.50929e+08
2.27465	4.48375e+08
2.27920	4.45624e+08
2.28375	4.42392e+08
2.28832	4.39359e+08
2.29290	4.37221e+08
2.29748	4.31676e+08
2.30208	4.32187e+08
2.30668	4.25208e+08
2.31130	4.26838e+08
2.31592	4.21440e+08
2.32055	4.21042e+08
2.32519	4.18194e+08
2.32984	4.16866e+08
2.33450	4.14315e+08
2.33917	4.12800e+08
2.34385	4.10440e+08
2.34854	4.08884e+08
2.35323	4.05061e+08
2.35794	4.05050e+08
2.36266	4.00234e+08
2.36738	4.01224e+08
2.37212	3.98036e+08
2.37686	3.95699e+08
2.38161	3.93676e+08
2.38638	3.91699e+08
2.39115	3.90416e+08
2.39593	3.88463e+08
2.40072	3.86587e+08
2.40552	3.85258e+08
2.41034	3.83515e+08
2.41516	3.80996e+08
2.41999	3.80345e+08
2.42483	3.73911e+08
2.42968	3.75689e+08
2.43454	3.68722e+08
2.43940	3.69305e+08
2.44428	3.59621e+08
2.44917	3.62206e+08
2.45407	3.52421e+08
2.45898	3.54296e+08
2.46390	3.45976e+08
2.46882	3.48809e+08
2.47376	3.43129e+08
2.47871	3.39696e+08
2.48367	3.37647e+08
2.48863	3.36582e+08
2.49361	3.31828e+08
2.49860	3.36919e+08
2.50359	3.28901e+08
2.50860	3.29185e+08
2.51362	3.23711e+08
2.51865	3.26301e+08
2.52368	3.24404e+08
2.52873	3.27121e+08
2.53379	3.19412e+08
2.53886	3.28615e+08
2.54393	3.17835e+08
2.54902	3.27161e+08
2.55412	3.17731e+08
