0.600000	5.55893e+06
0.601200	7.45153e+06
0.602402	1.00074e+07
0.603607	1.29458e+07
0.604814	1.64895e+07
0.606024	2.07100e+07
0.607236	2.57019e+07
0.608450	3.04634e+07
0.609667	3.36241e+07
0.610887	3.80490e+07
0.612108	4.16741e+07
0.613333	5.07342e+07
0.614559	5.23332e+07
0.615788	3.68598e+07
0.617020	2.44879e+07
0.618254	2.33838e+07
0.619491	2.16692e+07
0.620729	2.39332e+07
0.621971	2.20183e+07
0.623215	2.08095e+07
0.624461	2.69356e+07
0.625710	4.19433e+07
0.626962	4.45737e+07
0.628215	4.49108e+07
0.629472	5.81519e+07
0.630731	7.42383e+07
0.631992	8.51482e+07
0.633256	1.02542e+08
0.634523	9.34204e+07
0.635792	5.12650e+07
0.637063	3.50829e+07
0.638337	5.57465e+07
0.639614	9.91871e+07
0.640893	1.41223e+08
0.642175	1.62809e+08
0.643459	1.68642e+08
0.644746	2.77784e+08
0.646036	3.51784e+08
0.647328	3.96306e+08
0.648623	4.03352e+08
0.649920	4.28621e+08
0.651220	5.76925e+08
0.652522	6.51919e+08
0.653827	6.92122e+08
0.655135	6.16333e+08
0.656445	4.09211e+08
0.657758	3.02108e+08
0.659073	5.20816e+08
0.660391	6.08452e+08
0.661712	5.97712e+08
0.663036	5.84580e+08
0.664362	4.65849e+08
0.665690	2.50014e+08
0.667022	1.72533e+08
0.668356	1.02024e+08
0.669692	3.60128e+07
0.671032	1.31739e+07
0.672374	2.25376e+07
0.673719	4.30595e+07
0.675066	6.70742e+07
0.676416	1.12349e+08
0.677769	1.12956e+08
0.679124	7.02776e+07
0.680483	6.55566e+07
0.681844	6.93604e+07
0.683207	7.97467e+07
0.684574	9.28030e+07
0.685943	6.42402e+07
0.687315	6.82899e+07
0.688689	5.57305e+07
0.690067	1.44591e+08
0.691447	2.11189e+08
0.692830	1.74239e+08
0.694215	1.82911e+08
0.695604	3.68236e+08
0.696995	3.56379e+08
0.698389	4.51362e+08
0.699786	4.55466e+08
0.701185	3.44699e+08
0.702587	3.79679e+08
0.703993	5.41805e+08
0.705401	4.72071e+08
0.706811	1.76434e+08
0.708225	1.31771e+08
0.709641	7.73454e+07
0.711061	7.53506e+07
0.712483	7.49765e+07
0.713908	4.48946e+07
0.715336	5.15429e+07
0.716766	8.55245e+07
0.718200	1.62875e+08
0.719636	2.08593e+08
0.721075	2.32870e+08
0.722517	3.43974e+08
0.723962	4.79291e+08
0.725410	6.32328e+08
0.726861	6.92145e+08
0.728315	7.91634e+08
0.729771	9.01277e+08
0.731231	9.39775e+08
0.732693	9.45956e+08
0.734159	8.92152e+08
0.735627	9.01643e+08
0.737098	9.30525e+08
0.738573	9.37907e+08
0.740050	9.03707e+08
0.741530	8.58863e+08
0.743013	8.74483e+08
0.744499	7.70819e+08
0.745988	6.19307e+08
0.747480	6.28182e+08
0.748975	6.34900e+08
0.750473	6.26661e+08
0.751974	5.95050e+08
0.753477	5.18241e+08
0.754984	4.50131e+08
0.756494	3.74571e+08
0.758007	2.82279e+08
0.759523	1.58923e+08
0.761042	7.78568e+07
0.762564	3.93316e+07
0.764089	1.65047e+07
0.765618	5.24245e+06
0.767149	2.51714e+06
0.768683	3.36597e+06
0.770220	4.03804e+06
0.771761	1.42411e+07
0.773304	4.11516e+07
0.774851	8.49909e+07
0.776401	1.38182e+08
0.777953	2.04486e+08
0.779509	2.28077e+08
0.781068	3.59309e+08
0.782630	5.64382e+08
0.784196	6.44539e+08
0.785764	7.21479e+08
0.787336	7.85803e+08
0.788910	8.77142e+08
0.790488	9.33999e+08
0.792069	9.37183e+08
0.793653	8.32090e+08
0.795240	7.42084e+08
0.796831	1.03542e+09
0.798424	1.16463e+09
0.800021	1.19358e+09
0.801621	1.23743e+09
0.803224	1.27262e+09
0.804831	1.25679e+09
0.806440	1.26609e+09
0.808053	1.28449e+09
0.809669	1.30143e+09
0.811289	1.34308e+09
0.812911	1.37288e+09
0.814537	1.31610e+09
0.816166	1.13763e+09
0.817798	7.61117e+08
0.819434	5.53802e+08
0.821073	8.65037e+08
0.822715	1.22521e+09
0.824360	1.36665e+09
0.826009	1.43838e+09
0.827661	1.46367e+09
0.829316	1.44785e+09
0.830975	1.44862e+09
0.832637	1.44572e+09
0.834302	1.47094e+09
0.835971	1.46084e+09
0.837643	1.36278e+09
0.839318	1.32806e+09
0.840996	1.35012e+09
0.842678	1.12638e+09
0.844364	9.52254e+08
0.846052	1.00617e+09
0.847745	1.06829e+09
0.849440	1.09231e+09
0.851139	1.15808e+09
0.852841	1.22469e+09
0.854547	1.31700e+09
0.856256	1.38675e+09
0.857968	1.44003e+09
0.859684	1.47752e+09
0.861404	1.51501e+09
0.863126	1.53748e+09
0.864853	1.51977e+09
0.866582	1.48704e+09
0.868315	1.44462e+09
0.870052	1.42728e+09
0.871792	1.46665e+09
0.873536	1.44781e+09
0.875283	1.47747e+09
0.877033	1.56850e+09
0.878787	1.46619e+09
0.880545	1.50183e+09
0.882306	1.56404e+09
0.884070	1.54923e+09
0.885839	1.48953e+09
0.887610	1.34514e+09
0.889385	1.40842e+09
0.891164	1.40567e+09
0.892946	1.39603e+09
0.894732	1.49535e+09
0.896522	1.51086e+09
0.898315	1.55053e+09
0.900111	1.46188e+09
0.901912	1.47491e+09
0.903715	1.49498e+09
0.905523	1.46180e+09
0.907334	1.53472e+09
0.909148	1.63233e+09
0.910967	1.65549e+09
0.912789	1.67640e+09
0.914614	1.66449e+09
0.916443	1.65516e+09
0.918276	1.59784e+09
0.920113	1.52441e+09
0.921953	1.55685e+09
0.923797	1.56737e+09
0.925644	1.50451e+09
0.927496	1.46576e+09
0.929351	1.47598e+09
0.931209	1.44609e+09
0.933072	1.45537e+09
0.934938	1.44103e+09
0.936808	1.47281e+09
0.938681	1.48985e+09
0.940559	1.53000e+09
0.942440	1.55913e+09
0.944325	1.50488e+09
0.946213	1.51388e+09
0.948106	1.56691e+09
0.950002	1.56721e+09
0.951902	1.53746e+09
0.953806	1.46925e+09
0.955713	1.44747e+09
0.957625	1.49921e+09
0.959540	1.49297e+09
0.961459	1.43109e+09
0.963382	1.26937e+09
0.965308	1.24900e+09
0.967239	1.27658e+09
0.969174	1.26925e+09
0.971112	1.28377e+09
0.973054	1.28121e+09
0.975000	1.31854e+09
0.976950	1.34001e+09
0.978904	1.29001e+09
0.980862	1.34715e+09
0.982824	1.36867e+09
0.984789	1.39136e+09
0.986759	1.35148e+09
0.988732	1.25464e+09
0.990710	1.00098e+09
0.992691	1.09450e+09
0.994676	1.29684e+09
0.996666	1.31843e+09
0.998659	1.17526e+09
1.00066	1.17759e+09
1.00266	1.22160e+09
1.00466	1.08636e+09
1.00667	1.01752e+09
1.00869	1.10866e+09
1.01070	1.11504e+09
1.01272	1.13362e+09
1.01475	1.08196e+09
1.01678	1.06727e+09
1.01881	1.15089e+09
1.02085	1.13993e+09
1.02289	1.15603e+09
1.02494	1.00213e+09
1.02699	8.92425e+08
1.02904	1.01474e+09
1.03110	9.94086e+08
1.03316	9.55434e+08
1.03523	9.92905e+08
1.03730	1.04307e+09
1.03937	1.05959e+09
1.04145	1.05268e+09
1.04353	1.05848e+09
1.04562	1.06529e+09
1.04771	1.06237e+09
1.04981	1.02905e+09
1.05191	1.01526e+09
1.05401	1.04589e+09
1.05612	1.05336e+09
1.05823	1.04220e+09
1.06035	1.06135e+09
1.06247	1.07513e+09
1.06459	1.04835e+09
1.06672	1.00246e+09
1.06886	9.51006e+08
1.07099	9.37187e+08
1.07314	9.72512e+08
1.07528	9.99963e+08
1.07743	9.96225e+08
1.07959	1.02428e+09
1.08175	1.03245e+09
1.08391	1.03276e+09
1.08608	1.00037e+09
1.08825	9.93017e+08
1.09043	9.90348e+08
1.09261	9.95761e+08
1.09479	9.97452e+08
1.09698	9.56276e+08
1.09918	9.45133e+08
1.10137	9.66584e+08
1.10358	9.65297e+08
1.10578	9.71677e+08
1.10800	9.80193e+08
1.11021	9.71941e+08
1.11243	9.62124e+08
1.11466	9.56444e+08
1.11689	9.62763e+08
1.11912	9.61746e+08
1.12136	9.71547e+08
1.12360	9.76283e+08
1.12585	9.67691e+08
1.12810	9.66656e+08
1.13036	9.78468e+08
1.13262	9.76453e+08
1.13488	9.34088e+08
1.13715	8.74895e+08
1.13943	8.10955e+08
1.14170	8.46859e+08
1.14399	9.21683e+08
1.14628	9.54906e+08
1.14857	9.71734e+08
1.15087	9.86310e+08
1.15317	9.89396e+08
1.15547	9.79865e+08
1.15778	9.73373e+08
1.16010	9.70296e+08
1.16242	9.62263e+08
1.16475	9.38735e+08
1.16707	9.14743e+08
1.16941	8.68327e+08
1.17175	9.04710e+08
1.17409	9.07776e+08
1.17644	8.22830e+08
1.17879	8.17603e+08
1.18115	9.09264e+08
1.18351	9.38828e+08
1.18588	9.26991e+08
1.18825	9.30944e+08
1.19063	9.42625e+08
1.19301	9.33242e+08
1.19539	9.08387e+08
1.19778	8.96914e+08
1.20018	9.01904e+08
1.20258	9.01437e+08
1.20499	9.08091e+08
1.20740	9.08704e+08
1.20981	8.99932e+08
1.21223	8.89043e+08
1.21465	8.86476e+08
1.21708	8.92224e+08
1.21952	8.90670e+08
1.22196	8.91804e+08
1.22440	8.97791e+08
1.22685	8.91205e+08
1.22930	8.90595e+08
1.23176	8.90366e+08
1.23423	8.90955e+08
1.23669	8.82122e+08
1.23917	8.62814e+08
1.24165	8.58669e+08
1.24413	8.56517e+08
1.24662	8.68590e+08
1.24911	8.63771e+08
1.25161	8.45364e+08
1.25411	8.51859e+08
1.25662	8.71581e+08
1.25913	8.71281e+08
1.26165	8.71639e+08
1.26417	8.67781e+08
1.26670	8.78688e+08
1.26924	8.80814e+08
1.27177	8.82023e+08
1.27432	8.72356e+08
1.27687	8.73943e+08
1.27942	8.79926e+08
1.28198	8.83556e+08
1.28454	8.77179e+08
1.28711	8.72577e+08
1.28969	8.71514e+08
1.29227	8.67750e+08
1.29485	8.65000e+08
1.29744	8.70603e+08
1.30003	8.70471e+08
1.30263	8.70353e+08
1.30524	8.69121e+08
1.30785	8.60653e+08
1.31047	8.60609e+08
1.31309	8.61697e+08
1.31571	8.52205e+08
1.31834	8.50849e+08
1.32098	8.48393e+08
1.32362	8.37807e+08
1.32627	8.24024e+08
1.32892	8.12710e+08
1.33158	7.79597e+08
1.33424	7.05557e+08
1.33691	6.50298e+08
1.33959	6.41065e+08
1.34227	6.29373e+08
1.34495	6.08731e+08
1.34764	6.06618e+08
1.35033	6.04033e+08
1.35304	5.96471e+08
1.35574	5.88712e+08
1.35845	6.17079e+08
1.36117	6.17800e+08
1.36389	6.29457e+08
1.36662	6.28719e+08
1.36935	6.31742e+08
1.37209	6.52975e+08
1.37484	6.58899e+08
1.37759	6.62881e+08
1.38034	6.44607e+08
1.38310	6.21568e+08
1.38587	6.09595e+08
1.38864	5.89318e+08
1.39142	5.76894e+08
1.39420	5.73804e+08
1.39699	5.70366e+08
1.39978	5.67129e+08
1.40258	5.53029e+08
1.40539	5.45317e+08
1.40820	5.43688e+08
1.41101	5.42663e+08
1.41384	5.39087e+08
1.41666	5.23803e+08
1.41950	5.01799e+08
1.42234	4.98425e+08
1.42518	4.85087e+08
1.42803	4.99783e+08
1.43089	5.17324e+08
1.43375	5.10866e+08
1.43662	5.08475e+08
1.43949	4.92896e+08
1.44237	5.01400e+08
1.44525	5.03724e+08
1.44814	5.03483e+08
1.45104	4.97562e+08
1.45394	4.91096e+08
1.45685	4.95634e+08
1.45976	5.10503e+08
1.46268	4.91568e+08
1.46561	4.90519e+08
1.46854	4.79964e+08
1.47148	4.86175e+08
1.47442	4.77828e+08
1.47737	4.78168e+08
1.48032	4.81829e+08
1.48328	4.77368e+08
1.48625	4.63220e+08
1.48922	4.61213e+08
1.49220	4.67596e+08
1.49518	4.60505e+08
1.49817	4.52543e+08
1.50117	4.46971e+08
1.50417	4.45823e+08
1.50718	4.42319e+08
1.51020	4.40570e+08
1.51322	4.38000e+08
1.51624	4.37391e+08
1.51927	4.34752e+08
1.52231	4.30955e+08
1.52536	4.21759e+08
1.52841	4.11735e+08
1.53147	4.08265e+08
1.53453	4.07764e+08
1.53760	4.05383e+08
1.54067	4.01764e+08
1.54375	3.96528e+08
1.54684	3.92921e+08
1.54993	3.89056e+08
1.55303	3.86279e+08
1.55614	3.82249e+08
1.55925	3.77929e+08
1.56237	3.74416e+08
1.56550	3.70424e+08
1.56863	3.66245e+08
1.57176	3.61043e+08
1.57491	3.57803e+08
1.57806	3.56204e+08
1.58121	3.52172e+08
1.58438	3.47479e+08
1.58754	3.43857e+08
1.59072	3.40279e+08
1.59390	3.36522e+08
1.59709	3.32860e+08
1.60028	3.29033e+08
1.60348	3.25184e+08
1.60669	3.21612e+08
1.60990	3.17759e+08
1.61312	3.14049e+08
1.61635	3.10547e+08
1.61958	3.06948e+08
1.62282	3.02006e+08
1.62607	2.95272e+08
1.62932	2.90691e+08
1.63258	2.86473e+08
1.63584	2.83742e+08
1.63911	2.85809e+08
1.64239	2.83653e+08
1.64568	2.80701e+08
1.64897	2.77498e+08
1.65227	2.74462e+08
1.65557	2.69800e+08
1.65888	2.67500e+08
1.66220	2.64341e+08
1.66552	2.54362e+08
1.66886	2.52274e+08
1.67219	2.56226e+08
1.67554	2.53914e+08
1.67889	2.50331e+08
1.68225	2.48307e+08
1.68561	2.46449e+08
1.68898	2.43416e+08
1.69236	2.40059e+08
1.69574	2.37508e+08
1.69914	2.34133e+08
1.70253	2.31265e+08
1.70594	2.29596e+08
1.70935	2.28608e+08
1.71277	2.26910e+08
1.71620	2.24312e+08
1.71963	2.21748e+08
1.72307	2.18927e+08
1.72651	2.14412e+08
1.72997	2.10942e+08
1.73343	2.09636e+08
1.73689	2.06782e+08
1.74037	2.05468e+08
1.74385	2.03906e+08
1.74733	2.04212e+08
1.75083	2.02030e+08
1.75433	1.98085e+08
1.75784	1.97360e+08
1.76136	1.95154e+08
1.76488	1.91854e+08
1.76841	1.87396e+08
1.77194	1.86086e+08
1.77549	1.83930e+08
1.77904	1.84179e+08
1.78260	1.83341e+08
1.78616	1.80439e+08
1.78973	1.72750e+08
1.79331	1.70456e+08
1.79690	1.70842e+08
1.80049	1.67340e+08
1.80410	1.66212e+08
1.80770	1.59480e+08
1.81132	1.60071e+08
1.81494	1.61967e+08
1.81857	1.59884e+08
1.82221	1.59928e+08
1.82585	1.60528e+08
1.82950	1.60710e+08
1.83316	1.62973e+08
1.83683	1.61989e+08
1.84050	1.57509e+08
1.84418	1.54951e+08
1.84787	1.53773e+08
1.85157	1.54490e+08
1.85527	1.49903e+08
1.85898	1.45607e+08
1.86270	1.47111e+08
1.86642	1.48156e+08
1.87016	1.45634e+08
1.87390	1.44426e+08
1.87765	1.48782e+08
1.88140	1.48806e+08
1.88516	1.46253e+08
1.88893	1.48668e+08
1.89271	1.48673e+08
1.89650	1.46864e+08
1.90029	1.43955e+08
1.90409	1.44193e+08
1.90790	1.44081e+08
1.91171	1.41605e+08
1.91554	1.42235e+08
1.91937	1.38314e+08
1.92321	1.36523e+08
1.92705	1.38884e+08
1.93091	1.39110e+08
1.93477	1.38539e+08
1.93864	1.36058e+08
1.94252	1.32537e+08
1.94640	1.30293e+08
1.95029	1.31802e+08
1.95419	1.30674e+08
1.95810	1.27561e+08
1.96202	1.30569e+08
1.96594	1.33776e+08
1.96988	1.32428e+08
1.97382	1.29812e+08
1.97776	1.29823e+08
1.98172	1.30742e+08
1.98568	1.29445e+08
1.98965	1.27540e+08
1.99363	1.28156e+08
1.99762	1.27090e+08
2.00161	1.25412e+08
2.00562	1.26091e+08
2.00963	1.26859e+08
2.01365	1.26251e+08
2.01768	1.25603e+08
2.02171	1.25271e+08
2.02575	1.23668e+08
2.02981	1.22193e+08
2.03386	1.22670e+08
2.03793	1.22380e+08
2.04201	1.21473e+08
2.04609	1.21469e+08
2.05018	1.21073e+08
2.05428	1.20653e+08
2.05839	1.20104e+08
2.06251	1.19468e+08
2.06663	1.18997e+08
2.07077	1.18633e+08
2.07491	1.18068e+08
2.07906	1.17267e+08
2.08322	1.16564e+08
2.08738	1.16253e+08
2.09156	1.15790e+08
2.09574	1.15225e+08
2.09993	1.14659e+08
2.10413	1.14131e+08
2.10834	1.13569e+08
2.11256	1.12991e+08
2.11678	1.12472e+08
2.12102	1.11946e+08
2.12526	1.11397e+08
2.12951	1.10877e+08
2.13377	1.10355e+08
2.13804	1.09831e+08
2.14231	1.09294e+08
2.14660	1.08721e+08
2.15089	1.08173e+08
2.15519	1.07650e+08
2.15950	1.07163e+08
2.16382	1.06674e+08
2.16815	1.06178e+08
2.17248	1.05660e+08
2.17683	1.05150e+08
2.18118	1.04676e+08
2.18554	1.04181e+08
2.18992	1.03688e+08
2.19430	1.03141e+08
2.19868	1.02346e+08
2.20308	1.01798e+08
2.20749	1.01653e+08
2.21190	1.01304e+08
2.21633	1.00601e+08
2.22076	9.94762e+07
2.22520	9.88484e+07
2.22965	9.85058e+07
2.23411	9.78711e+07
2.23858	9.77276e+07
2.24306	9.71587e+07
2.24754	9.64606e+07
2.25204	9.57431e+07
2.25654	9.53010e+07
2.26105	9.60338e+07
2.26558	9.56128e+07
2.27011	9.51723e+07
2.27465	9.48376e+07
2.27920	9.42706e+07
2.28375	9.33061e+07
2.28832	9.23740e+07
2.29290	9.19633e+07
2.29748	9.19940e+07
2.30208	9.23338e+07
2.30668	9.23860e+07
2.31130	9.22754e+07
2.31592	9.07495e+07
2.32055	9.01085e+07
2.32519	9.07459e+07
2.32984	9.07793e+07
2.33450	8.94723e+07
2.33917	8.86617e+07
2.34385	8.84254e+07
2.34854	8.73317e+07
2.35323	8.73666e+07
2.35794	8.86091e+07
2.36266	8.90867e+07
2.36738	8.78114e+07
2.37212	8.53482e+07
2.37686	8.66496e+07
2.38161	8.76416e+07
2.38638	8.79477e+07
2.39115	8.75217e+07
2.39593	8.59353e+07
2.40072	8.57837e+07
2.40552	8.65296e+07
2.41034	8.69806e+07
2.41516	8.66808e+07
2.41999	8.64512e+07
2.42483	8.66175e+07
2.42968	8.65658e+07
2.43454	8.57645e+07
2.43940	8.54140e+07
2.44428	8.55087e+07
2.44917	8.59698e+07
2.45407	8.55817e+07
2.45898	8.56771e+07
2.46390	8.49128e+07
2.46882	8.31667e+07
2.47376	8.28487e+07
2.47871	8.35619e+07
2.48367	8.44841e+07
2.48863	8.29786e+07
2.49361	8.30158e+07
2.49860	8.31574e+07
2.50359	7.99233e+07
2.50860	8.04930e+07
2.51362	8.05602e+07
2.51865	8.01001e+07
2.52368	7.97574e+07
2.52873	8.13447e+07
2.53379	7.80317e+07
2.53886	8.00303e+07
2.54393	7.94223e+07
2.54902	7.92148e+07
2.55412	8.11623e+07
