0.600000	3.94294e+07
0.601200	5.37935e+07
0.602402	7.14142e+07
0.603607	9.15389e+07
0.604814	1.13799e+08
0.606024	1.38617e+08
0.607236	1.66226e+08
0.608450	1.86117e+08
0.609667	1.90648e+08
0.610887	2.02976e+08
0.612108	2.01202e+08
0.613333	2.51396e+08
0.614559	2.65140e+08
0.615788	2.05212e+08
0.617020	1.84731e+08
0.618254	2.13695e+08
0.619491	2.20977e+08
0.620729	2.32543e+08
0.621971	2.31894e+08
0.623215	2.28064e+08
0.624461	2.32440e+08
0.625710	2.92841e+08
0.626962	2.72837e+08
0.628215	2.39963e+08
0.629472	2.92024e+08
0.630731	3.47470e+08
0.631992	3.74694e+08
0.633256	4.29152e+08
0.634523	3.78775e+08
0.635792	2.18070e+08
0.637063	1.51190e+08
0.638337	2.09080e+08
0.639614	3.20828e+08
0.640893	4.06592e+08
0.642175	4.72959e+08
0.643459	4.61687e+08
0.644746	6.45869e+08
0.646036	7.68883e+08
0.647328	8.49223e+08
0.648623	9.00995e+08
0.649920	9.10176e+08
0.651220	1.16245e+09
0.652522	1.26371e+09
0.653827	1.32227e+09
0.655135	1.25449e+09
0.656445	9.59149e+08
0.657758	7.78581e+08
0.659073	1.14896e+09
0.660391	1.29913e+09
0.661712	1.29210e+09
0.663036	1.29780e+09
0.664362	1.16286e+09
0.665690	9.01361e+08
0.667022	7.93840e+08
0.668356	5.79650e+08
0.669692	2.73949e+08
0.671032	1.01422e+08
0.672374	1.87087e+08
0.673719	3.20105e+08
0.675066	4.41255e+08
0.676416	6.03611e+08
0.677769	5.40733e+08
0.679124	3.65960e+08
0.680483	2.97221e+08
0.681844	2.73250e+08
0.683207	2.82801e+08
0.684574	2.95329e+08
0.685943	2.27036e+08
0.687315	2.29909e+08
0.688689	1.73023e+08
0.690067	3.18688e+08
0.691447	4.50736e+08
0.692830	3.94634e+08
0.694215	3.81996e+08
0.695604	6.79186e+08
0.696995	6.60659e+08
0.698389	7.63951e+08
0.699786	7.93686e+08
0.701185	6.01748e+08
0.702587	6.37162e+08
0.703993	9.48434e+08
0.705401	1.06330e+09
0.706811	8.00546e+08
0.708225	7.27661e+08
0.709641	5.67631e+08
0.711061	6.37400e+08
0.712483	5.98606e+08
0.713908	4.30178e+08
0.715336	5.24403e+08
0.716766	7.03265e+08
0.718200	9.00258e+08
0.719636	9.62764e+08
0.721075	9.97486e+08
0.722517	1.15785e+09
0.723962	1.24311e+09
0.725410	1.38421e+09
0.726861	1.48737e+09
0.728315	1.53764e+09
0.729771	1.60261e+09
0.731231	1.61821e+09
0.732693	1.60986e+09
0.734159	1.58786e+09
0.735627	1.58992e+09
0.737098	1.62485e+09
0.738573	1.65882e+09
0.740050	1.63450e+09
0.741530	1.59595e+09
0.743013	1.62539e+09
0.744499	1.49065e+09
0.745988	1.28846e+09
0.747480	1.33552e+09
0.748975	1.36595e+09
0.750473	1.39765e+09
0.751974	1.40063e+09
0.753477	1.31807e+09
0.754984	1.26681e+09
0.756494	1.20622e+09
0.758007	1.09945e+09
0.759523	8.31071e+08
0.761042	5.40955e+08
0.762564	3.02480e+08
0.764089	1.07418e+08
0.765618	2.38732e+07
0.767149	8.56938e+06
0.768683	1.13158e+07
0.770220	1.67716e+07
0.771761	8.96242e+07
0.773304	3.05596e+08
0.774851	5.94617e+08
0.776401	8.39355e+08
0.777953	1.00625e+09
0.779509	9.62590e+08
0.781068	1.15983e+09
0.782630	1.51012e+09
0.784196	1.61748e+09
0.785764	1.69415e+09
0.787336	1.74033e+09
0.788910	1.79916e+09
0.790488	1.84312e+09
0.792069	1.84547e+09
0.793653	1.71133e+09
0.795240	1.56945e+09
0.796831	1.89318e+09
0.798424	2.01602e+09
0.800021	2.03812e+09
0.801621	2.06470e+09
0.803224	2.07274e+09
0.804831	2.04098e+09
0.806440	2.04047e+09
0.808053	2.04199e+09
0.809669	2.05249e+09
0.811289	2.09066e+09
0.812911	2.11521e+09
0.814537	2.04662e+09
0.816166	1.82159e+09
0.817798	1.26173e+09
0.819434	9.29876e+08
0.821073	1.42879e+09
0.822715	1.92573e+09
0.824360	2.07840e+09
0.826009	2.14453e+09
0.827661	2.18092e+09
0.829316	2.19347e+09
0.830975	2.19387e+09
0.832637	2.15657e+09
0.834302	2.18441e+09
0.835971	2.17241e+09
0.837643	2.03097e+09
0.839318	1.99045e+09
0.840996	2.03695e+09
0.842678	1.80158e+09
0.844364	1.72154e+09
0.846052	1.88686e+09
0.847745	1.98086e+09
0.849440	2.04307e+09
0.851139	2.04855e+09
0.852841	2.05071e+09
0.854547	2.08265e+09
0.856256	2.17456e+09
0.857968	2.23963e+09
0.859684	2.27359e+09
0.861404	2.28666e+09
0.863126	2.29211e+09
0.864853	2.25173e+09
0.866582	2.16396e+09
0.868315	2.10843e+09
0.870052	2.10056e+09
0.871792	2.16040e+09
0.873536	2.14397e+09
0.875283	2.17592e+09
0.877033	2.26906e+09
0.878787	2.15949e+09
0.880545	2.18951e+09
0.882306	2.24162e+09
0.884070	2.24282e+09
0.885839	2.23901e+09
0.887610	2.16487e+09
0.889385	2.25702e+09
0.891164	2.23872e+09
0.892946	2.18364e+09
0.894732	2.23539e+09
0.896522	2.26025e+09
0.898315	2.29365e+09
0.900111	2.18543e+09
0.901912	2.19065e+09
0.903715	2.21523e+09
0.905523	2.17653e+09
0.907334	2.24735e+09
0.909148	2.33991e+09
0.910967	2.36654e+09
0.912789	2.38896e+09
0.914614	2.37516e+09
0.916443	2.36465e+09
0.918276	2.30317e+09
0.920113	2.23107e+09
0.921953	2.29114e+09
0.923797	2.32152e+09
0.925644	2.24768e+09
0.927496	2.22279e+09
0.929351	2.24989e+09
0.931209	2.22111e+09
0.933072	2.22087e+09
0.934938	2.18310e+09
0.936808	2.21895e+09
0.938681	2.24277e+09
0.940559	2.28744e+09
0.942440	2.31238e+09
0.944325	2.25162e+09
0.946213	2.26084e+09
0.948106	2.31717e+09
0.950002	2.31563e+09
0.951902	2.28250e+09
0.953806	2.20258e+09
0.955713	2.18248e+09
0.957625	2.24487e+09
0.959540	2.22896e+09
0.961459	2.16780e+09
0.963382	1.96876e+09
0.965308	1.94221e+09
0.967239	1.97751e+09
0.969174	1.96889e+09
0.971112	1.98704e+09
0.973054	1.99280e+09
0.975000	2.05472e+09
0.976950	2.08530e+09
0.978904	2.01117e+09
0.980862	2.10133e+09
0.982824	2.14184e+09
0.984789	2.17689e+09
0.986759	2.13546e+09
0.988732	1.99594e+09
0.990710	1.61990e+09
0.992691	1.76978e+09
0.994676	2.08397e+09
0.996666	2.09558e+09
0.998659	1.88751e+09
1.00066	1.91284e+09
1.00266	1.98203e+09
1.00466	1.79123e+09
1.00667	1.70597e+09
1.00869	1.84045e+09
1.01070	1.84744e+09
1.01272	1.88221e+09
1.01475	1.80624e+09
1.01678	1.79051e+09
1.01881	1.93261e+09
1.02085	1.92202e+09
1.02289	1.94406e+09
1.02494	1.71261e+09
1.02699	1.55306e+09
1.02904	1.75425e+09
1.03110	1.72689e+09
1.03316	1.67098e+09
1.03523	1.73150e+09
1.03730	1.81684e+09
1.03937	1.84911e+09
1.04145	1.84165e+09
1.04353	1.85516e+09
1.04562	1.86609e+09
1.04771	1.86598e+09
1.04981	1.82033e+09
1.05191	1.80328e+09
1.05401	1.85486e+09
1.05612	1.87110e+09
1.05823	1.85194e+09
1.06035	1.88251e+09
1.06247	1.90714e+09
1.06459	1.87124e+09
1.06672	1.81500e+09
1.06886	1.74136e+09
1.07099	1.70006e+09
1.07314	1.75383e+09
1.07528	1.79757e+09
1.07743	1.79244e+09
1.07959	1.83935e+09
1.08175	1.85417e+09
1.08391	1.85512e+09
1.08608	1.80474e+09
1.08825	1.79423e+09
1.09043	1.79265e+09
1.09261	1.80279e+09
1.09479	1.80480e+09
1.09698	1.73901e+09
1.09918	1.72474e+09
1.10137	1.76254e+09
1.10358	1.76163e+09
1.10578	1.77009e+09
1.10800	1.78052e+09
1.11021	1.76495e+09
1.11243	1.75119e+09
1.11466	1.75190e+09
1.11689	1.76443e+09
1.11912	1.75330e+09
1.12136	1.76904e+09
1.12360	1.77740e+09
1.12585	1.75988e+09
1.12810	1.75008e+09
1.13036	1.76862e+09
1.13262	1.77189e+09
1.13488	1.70748e+09
1.13715	1.56610e+09
1.13943	1.40847e+09
1.14170	1.49293e+09
1.14399	1.67198e+09
1.14628	1.73040e+09
1.14857	1.75228e+09
1.15087	1.77120e+09
1.15317	1.77988e+09
1.15547	1.76573e+09
1.15778	1.75356e+09
1.16010	1.74619e+09
1.16242	1.73828e+09
1.16475	1.70503e+09
1.16707	1.66442e+09
1.16941	1.58358e+09
1.17175	1.65739e+09
1.17409	1.66964e+09
1.17644	1.51810e+09
1.17879	1.50881e+09
1.18115	1.66221e+09
1.18351	1.70456e+09
1.18588	1.68739e+09
1.18825	1.68340e+09
1.19063	1.70149e+09
1.19301	1.69026e+09
1.19539	1.64916e+09
1.19778	1.62762e+09
1.20018	1.64210e+09
1.20258	1.64465e+09
1.20499	1.65415e+09
1.20740	1.65569e+09
1.20981	1.64293e+09
1.21223	1.62631e+09
1.21465	1.62085e+09
1.21708	1.63008e+09
1.21952	1.62698e+09
1.22196	1.62831e+09
1.22440	1.63652e+09
1.22685	1.62534e+09
1.22930	1.62344e+09
1.23176	1.62321e+09
1.23423	1.62206e+09
1.23669	1.60536e+09
1.23917	1.57240e+09
1.24165	1.56333e+09
1.24413	1.55738e+09
1.24662	1.57731e+09
1.24911	1.56670e+09
1.25161	1.53080e+09
1.25411	1.54256e+09
1.25662	1.57496e+09
1.25913	1.57115e+09
1.26165	1.56797e+09
1.26417	1.55852e+09
1.26670	1.57472e+09
1.26924	1.57572e+09
1.27177	1.57560e+09
1.27432	1.55749e+09
1.27687	1.55756e+09
1.27942	1.56446e+09
1.28198	1.56743e+09
1.28454	1.55495e+09
1.28711	1.54499e+09
1.28969	1.54112e+09
1.29227	1.53389e+09
1.29485	1.53060e+09
1.29744	1.53889e+09
1.30003	1.53621e+09
1.30263	1.53312e+09
1.30524	1.52960e+09
1.30785	1.51507e+09
1.31047	1.51363e+09
1.31309	1.51387e+09
1.31571	1.49910e+09
1.31834	1.49695e+09
1.32098	1.49404e+09
1.32362	1.48038e+09
1.32627	1.45960e+09
1.32892	1.44153e+09
1.33158	1.39850e+09
1.33424	1.29264e+09
1.33691	1.21514e+09
1.33959	1.21094e+09
1.34227	1.19993e+09
1.34495	1.17216e+09
1.34764	1.15228e+09
1.35033	1.14476e+09
1.35304	1.15145e+09
1.35574	1.14649e+09
1.35845	1.18698e+09
1.36117	1.18753e+09
1.36389	1.19523e+09
1.36662	1.18711e+09
1.36935	1.18360e+09
1.37209	1.20347e+09
1.37484	1.21249e+09
1.37759	1.22502e+09
1.38034	1.20372e+09
1.38310	1.17449e+09
1.38587	1.15663e+09
1.38864	1.12213e+09
1.39142	1.10551e+09
1.39420	1.10306e+09
1.39699	1.08899e+09
1.39978	1.08830e+09
1.40258	1.06948e+09
1.40539	1.05286e+09
1.40820	1.04342e+09
1.41101	1.04577e+09
1.41384	1.04478e+09
1.41666	1.01934e+09
1.41950	9.78935e+08
1.42234	9.70115e+08
1.42518	9.49493e+08
1.42803	9.69807e+08
1.43089	9.88862e+08
1.43375	9.82971e+08
1.43662	9.81518e+08
1.43949	9.53700e+08
1.44237	9.57783e+08
1.44525	9.58378e+08
1.44814	9.60743e+08
1.45104	9.52352e+08
1.45394	9.44409e+08
1.45685	9.44194e+08
1.45976	9.56116e+08
1.46268	9.26892e+08
1.46561	9.22843e+08
1.46854	9.05774e+08
1.47148	9.21280e+08
1.47442	9.07363e+08
1.47737	9.08494e+08
1.48032	9.14538e+08
1.48328	9.01948e+08
1.48625	8.83580e+08
1.48922	8.74215e+08
1.49220	8.80127e+08
1.49518	8.71688e+08
1.49817	8.57296e+08
1.50117	8.48708e+08
1.50417	8.46256e+08
1.50718	8.40272e+08
1.51020	8.37036e+08
1.51322	8.31016e+08
1.51624	8.29116e+08
1.51927	8.24257e+08
1.52231	8.17046e+08
1.52536	8.00650e+08
1.52841	7.83691e+08
1.53147	7.77145e+08
1.53453	7.74775e+08
1.53760	7.69287e+08
1.54067	7.62052e+08
1.54375	7.52246e+08
1.54684	7.45072e+08
1.54993	7.37940e+08
1.55303	7.32609e+08
1.55614	7.24752e+08
1.55925	7.16921e+08
1.56237	7.10288e+08
1.56550	7.02706e+08
1.56863	6.94938e+08
1.57176	6.85565e+08
1.57491	6.79201e+08
1.57806	6.75762e+08
1.58121	6.67818e+08
1.58438	6.58825e+08
1.58754	6.52247e+08
1.59072	6.45395e+08
1.59390	6.38160e+08
1.59709	6.30934e+08
1.60028	6.23392e+08
1.60348	6.16089e+08
1.60669	6.09233e+08
1.60990	6.01826e+08
1.61312	5.94630e+08
1.61635	5.87704e+08
1.61958	5.80938e+08
1.62282	5.73082e+08
1.62607	5.64259e+08
1.62932	5.57170e+08
1.63258	5.48836e+08
1.63584	5.41411e+08
1.63911	5.40595e+08
1.64239	5.35054e+08
1.64568	5.29346e+08
1.64897	5.23437e+08
1.65227	5.17417e+08
1.65557	5.10123e+08
1.65888	5.04646e+08
1.66220	4.98476e+08
1.66552	4.87320e+08
1.66886	4.82345e+08
1.67219	4.82256e+08
1.67554	4.76961e+08
1.67889	4.70745e+08
1.68225	4.66108e+08
1.68561	4.61681e+08
1.68898	4.56315e+08
1.69236	4.50387e+08
1.69574	4.44962e+08
1.69914	4.38990e+08
1.70253	4.33751e+08
1.70594	4.29496e+08
1.70935	4.25832e+08
1.71277	4.21564e+08
1.71620	4.16004e+08
1.71963	4.10638e+08
1.72307	4.05454e+08
1.72651	3.97663e+08
1.72997	3.91176e+08
1.73343	3.87770e+08
1.73689	3.81677e+08
1.74037	3.78426e+08
1.74385	3.75447e+08
1.74733	3.76051e+08
1.75083	3.71638e+08
1.75433	3.63635e+08
1.75784	3.61860e+08
1.76136	3.57199e+08
1.76488	3.50761e+08
1.76841	3.42389e+08
1.77194	3.39195e+08
1.77549	3.34456e+08
1.77904	3.34340e+08
1.78260	3.33164e+08
1.78616	3.29839e+08
1.78973	3.15164e+08
1.79331	3.10462e+08
1.79690	3.09968e+08
1.80049	3.02847e+08
1.80410	3.05229e+08
1.80770	2.93897e+08
1.81132	2.93125e+08
1.81494	2.92481e+08
1.81857	2.89243e+08
1.82221	2.90470e+08
1.82585	2.87903e+08
1.82950	2.87825e+08
1.83316	2.92157e+08
1.83683	2.90864e+08
1.84050	2.84126e+08
1.84418	2.77386e+08
1.84787	2.72929e+08
1.85157	2.72503e+08
1.85527	2.64003e+08
1.85898	2.57890e+08
1.86270	2.62380e+08
1.86642	2.64782e+08
1.87016	2.60716e+08
1.87390	2.56218e+08
1.87765	2.59923e+08
1.88140	2.58940e+08
1.88516	2.54294e+08
1.88893	2.58042e+08
1.89271	2.57715e+08
1.89650	2.54043e+08
1.90029	2.49174e+08
1.90409	2.49267e+08
1.90790	2.48634e+08
1.91171	2.45957e+08
1.91554	2.46708e+08
1.91937	2.39963e+08
1.92321	2.36114e+08
1.92705	2.39562e+08
1.93091	2.38721e+08
1.93477	2.36468e+08
1.93864	2.32125e+08
1.94252	2.25668e+08
1.94640	2.21266e+08
1.95029	2.23456e+08
1.95419	2.21094e+08
1.95810	2.15499e+08
1.96202	2.19924e+08
1.96594	2.24936e+08
1.96988	2.22244e+08
1.97382	2.17312e+08
1.97776	2.16355e+08
1.98172	2.17603e+08
1.98568	2.15227e+08
1.98965	2.11847e+08
1.99363	2.12495e+08
1.99762	2.10302e+08
2.00161	2.07067e+08
2.00562	2.07838e+08
2.00963	2.08889e+08
2.01365	2.07461e+08
2.01768	2.06074e+08
2.02171	2.05162e+08
2.02575	2.01993e+08
2.02981	1.99240e+08
2.03386	1.99941e+08
2.03793	1.99157e+08
2.04201	1.97299e+08
2.04609	1.96997e+08
2.05018	1.96118e+08
2.05428	1.95147e+08
2.05839	1.94068e+08
2.06251	1.92739e+08
2.06663	1.91679e+08
2.07077	1.90940e+08
2.07491	1.89707e+08
2.07906	1.88058e+08
2.08322	1.86664e+08
2.08738	1.86061e+08
2.09156	1.85104e+08
2.09574	1.83907e+08
2.09993	1.82762e+08
2.10413	1.81689e+08
2.10834	1.80585e+08
2.11256	1.79421e+08
2.11678	1.78390e+08
2.12102	1.77318e+08
2.12526	1.76186e+08
2.12951	1.75089e+08
2.13377	1.74019e+08
2.13804	1.72955e+08
2.14231	1.71906e+08
2.14660	1.70797e+08
2.15089	1.69748e+08
2.15519	1.68745e+08
2.15950	1.67753e+08
2.16382	1.66780e+08
2.16815	1.65783e+08
2.17248	1.64737e+08
2.17683	1.63727e+08
2.18118	1.62816e+08
2.18554	1.61835e+08
2.18992	1.60912e+08
2.19430	1.59935e+08
2.19868	1.58835e+08
2.20308	1.57867e+08
2.20749	1.57139e+08
2.21190	1.56305e+08
2.21633	1.55242e+08
2.22076	1.53928e+08
2.22520	1.53082e+08
2.22965	1.52322e+08
2.23411	1.51359e+08
2.23858	1.50724e+08
2.24306	1.49872e+08
2.24754	1.48953e+08
2.25204	1.47956e+08
2.25654	1.47095e+08
2.26105	1.47025e+08
2.26558	1.46263e+08
2.27011	1.45610e+08
2.27465	1.44969e+08
2.27920	1.44124e+08
2.28375	1.43146e+08
2.28832	1.42126e+08
2.29290	1.41226e+08
2.29748	1.40664e+08
2.30208	1.40238e+08
2.30668	1.39776e+08
2.31130	1.39745e+08
2.31592	1.38348e+08
2.32055	1.37346e+08
2.32519	1.37014e+08
2.32984	1.37096e+08
2.33450	1.36085e+08
2.33917	1.35321e+08
2.34385	1.34990e+08
2.34854	1.33990e+08
2.35323	1.33606e+08
2.35794	1.34145e+08
2.36266	1.34133e+08
2.36738	1.33037e+08
2.37212	1.31495e+08
2.37686	1.31673e+08
2.38161	1.31769e+08
2.38638	1.32089e+08
2.39115	1.31318e+08
2.39593	1.29941e+08
2.40072	1.29877e+08
2.40552	1.30418e+08
2.41034	1.30600e+08
2.41516	1.30447e+08
2.41999	1.30089e+08
2.42483	1.29985e+08
2.42968	1.29453e+08
2.43454	1.28113e+08
2.43940	1.27547e+08
2.44428	1.27210e+08
2.44917	1.28000e+08
2.45407	1.27064e+08
2.45898	1.26968e+08
2.46390	1.25627e+08
2.46882	1.23019e+08
2.47376	1.22310e+08
2.47871	1.23571e+08
2.48367	1.24559e+08
2.48863	1.22726e+08
2.49361	1.22770e+08
2.49860	1.23718e+08
2.50359	1.19233e+08
2.50860	1.19429e+08
2.51362	1.19420e+08
2.51865	1.18850e+08
2.52368	1.18339e+08
2.52873	1.20153e+08
2.53379	1.16736e+08
2.53886	1.19374e+08
2.54393	1.19224e+08
2.54902	1.19693e+08
2.55412	1.20697e+08
