0.600000	4.57719e+08
0.601200	5.85540e+08
0.602402	7.14146e+08
0.603607	8.37325e+08
0.604814	9.53208e+08
0.606024	1.05912e+09
0.607236	1.13860e+09
0.608450	1.16537e+09
0.609667	1.14645e+09
0.610887	1.11281e+09
0.612108	1.10942e+09
0.613333	1.16814e+09
0.614559	1.18179e+09
0.615788	1.12428e+09
0.617020	1.14497e+09
0.618254	1.26247e+09
0.619491	1.36199e+09
0.620729	1.41777e+09
0.621971	1.44571e+09
0.623215	1.41002e+09
0.624461	1.37634e+09
0.625710	1.37046e+09
0.626962	1.28087e+09
0.628215	1.21709e+09
0.629472	1.31579e+09
0.630731	1.42464e+09
0.631992	1.49747e+09
0.633256	1.48770e+09
0.634523	1.31691e+09
0.635792	1.02938e+09
0.637063	8.60143e+08
0.638337	9.21797e+08
0.639614	1.10730e+09
0.640893	1.29301e+09
0.642175	1.42178e+09
0.643459	1.55358e+09
0.644746	1.74726e+09
0.646036	1.92943e+09
0.647328	2.04974e+09
0.648623	2.13101e+09
0.649920	2.21457e+09
0.651220	2.33240e+09
0.652522	2.42691e+09
0.653827	2.44809e+09
0.655135	2.36594e+09
0.656445	2.19416e+09
0.657758	2.14571e+09
0.659073	2.30820e+09
0.660391	2.47016e+09
0.661712	2.52298e+09
0.663036	2.50976e+09
0.664362	2.43992e+09
0.665690	2.33631e+09
0.667022	2.18118e+09
0.668356	1.84346e+09
0.669692	1.31537e+09
0.671032	9.81501e+08
0.672374	1.12339e+09
0.673719	1.45563e+09
0.675066	1.71461e+09
0.676416	1.84606e+09
0.677769	1.70836e+09
0.679124	1.44665e+09
0.680483	1.22912e+09
0.681844	1.10572e+09
0.683207	1.03567e+09
0.684574	9.79085e+08
0.685943	8.84544e+08
0.687315	7.98455e+08
0.688689	7.52625e+08
0.690067	8.54211e+08
0.691447	1.01038e+09
0.692830	1.08170e+09
0.694215	1.17249e+09
0.695604	1.37341e+09
0.696995	1.51149e+09
0.698389	1.53591e+09
0.699786	1.48519e+09
0.701185	1.39413e+09
0.702587	1.51715e+09
0.703993	1.90151e+09
0.705401	2.25451e+09
0.706811	2.37041e+09
0.708225	2.32424e+09
0.709641	2.28751e+09
0.711061	2.30949e+09
0.712483	2.30621e+09
0.713908	2.28328e+09
0.715336	2.33284e+09
0.716766	2.44990e+09
0.718200	2.56745e+09
0.719636	2.63198e+09
0.721075	2.65571e+09
0.722517	2.67651e+09
0.723962	2.70816e+09
0.725410	2.75791e+09
0.726861	2.80698e+09
0.728315	2.83106e+09
0.729771	2.84152e+09
0.731231	2.83694e+09
0.732693	2.82637e+09
0.734159	2.81064e+09
0.735627	2.80295e+09
0.737098	2.82238e+09
0.738573	2.83816e+09
0.740050	2.84179e+09
0.741530	2.82794e+09
0.743013	2.79576e+09
0.744499	2.71501e+09
0.745988	2.64100e+09
0.747480	2.63189e+09
0.748975	2.68481e+09
0.750473	2.73230e+09
0.751974	2.75355e+09
0.753477	2.74526e+09
0.754984	2.74381e+09
0.756494	2.74000e+09
0.758007	2.69765e+09
0.759523	2.56655e+09
0.761042	2.33555e+09
0.762564	1.93748e+09
0.764089	1.31295e+09
0.765618	6.52766e+08
0.767149	2.88831e+08
0.768683	2.65666e+08
0.770220	5.46296e+08
0.771761	1.18722e+09
0.773304	1.92703e+09
0.774851	2.41984e+09
0.776401	2.64288e+09
0.777953	2.70709e+09
0.779509	2.71306e+09
0.781068	2.78149e+09
0.782630	2.89886e+09
0.784196	2.96990e+09
0.785764	2.99664e+09
0.787336	3.01288e+09
0.788910	3.02782e+09
0.790488	3.04042e+09
0.792069	3.02705e+09
0.793653	2.97770e+09
0.795240	2.96375e+09
0.796831	3.02659e+09
0.798424	3.08969e+09
0.800021	3.11467e+09
0.801621	3.12067e+09
0.803224	3.11602e+09
0.804831	3.10632e+09
0.806440	3.09965e+09
0.808053	3.09711e+09
0.809669	3.10176e+09
0.811289	3.11264e+09
0.812911	3.11228e+09
0.814537	3.06328e+09
0.816166	2.90964e+09
0.817798	2.66125e+09
0.819434	2.54656e+09
0.821073	2.71862e+09
0.822715	2.95996e+09
0.824360	3.08281e+09
0.826009	3.12371e+09
0.827661	3.14340e+09
0.829316	3.15476e+09
0.830975	3.15489e+09
0.832637	3.14757e+09
0.834302	3.14317e+09
0.835971	3.12789e+09
0.837643	3.09585e+09
0.839318	3.07152e+09
0.840996	3.04157e+09
0.842678	2.98800e+09
0.844364	2.97804e+09
0.846052	3.03182e+09
0.847745	3.07799e+09
0.849440	3.08821e+09
0.851139	3.07217e+09
0.852841	3.03025e+09
0.854547	3.01200e+09
0.856256	3.07222e+09
0.857968	3.14483e+09
0.859684	3.17872e+09
0.861404	3.18128e+09
0.863126	3.15688e+09
0.864853	3.10087e+09
0.866582	3.04996e+09
0.868315	3.04630e+09
0.870052	3.06348e+09
0.871792	3.07941e+09
0.873536	3.08762e+09
0.875283	3.10124e+09
0.877033	3.11084e+09
0.878787	3.09703e+09
0.880545	3.09500e+09
0.882306	3.10740e+09
0.884070	3.11136e+09
0.885839	3.10576e+09
0.887610	3.10190e+09
0.889385	3.11000e+09
0.891164	3.10610e+09
0.892946	3.09784e+09
0.894732	3.10322e+09
0.896522	3.10359e+09
0.898315	3.08430e+09
0.900111	3.05223e+09
0.901912	3.03494e+09
0.903715	3.03080e+09
0.905523	3.02880e+09
0.907334	3.04270e+09
0.909148	3.06386e+09
0.910967	3.07320e+09
0.912789	3.07074e+09
0.914614	3.05867e+09
0.916443	3.03706e+09
0.918276	3.00515e+09
0.920113	2.98043e+09
0.921953	2.97842e+09
0.923797	2.97279e+09
0.925644	2.94902e+09
0.927496	2.93147e+09
0.929351	2.92443e+09
0.931209	2.91053e+09
0.933072	2.88579e+09
0.934938	2.85993e+09
0.936808	2.85043e+09
0.938681	2.85231e+09
0.940559	2.85256e+09
0.942440	2.84098e+09
0.944325	2.81870e+09
0.946213	2.80324e+09
0.948106	2.79459e+09
0.950002	2.77727e+09
0.951902	2.74751e+09
0.953806	2.71305e+09
0.955713	2.68859e+09
0.957625	2.67510e+09
0.959540	2.65188e+09
0.961459	2.60543e+09
0.963382	2.54883e+09
0.965308	2.51367e+09
0.967239	2.49800e+09
0.969174	2.48362e+09
0.971112	2.46948e+09
0.973054	2.45646e+09
0.975000	2.44604e+09
0.976950	2.42813e+09
0.978904	2.40541e+09
0.980862	2.39101e+09
0.982824	2.38037e+09
0.984789	2.36054e+09
0.986759	2.30918e+09
0.988732	2.19392e+09
0.990710	2.06051e+09
0.992691	2.03500e+09
0.994676	2.11095e+09
0.996666	2.13651e+09
0.998659	2.09205e+09
1.00066	2.06553e+09
1.00266	2.04191e+09
1.00466	1.98819e+09
1.00667	1.95460e+09
1.00869	1.95466e+09
1.01070	1.94988e+09
1.01272	1.93704e+09
1.01475	1.91105e+09
1.01678	1.89622e+09
1.01881	1.91345e+09
1.02085	1.90989e+09
1.02289	1.86794e+09
1.02494	1.79679e+09
1.02699	1.76032e+09
1.02904	1.77177e+09
1.03110	1.77132e+09
1.03316	1.76356e+09
1.03523	1.76921e+09
1.03730	1.77596e+09
1.03937	1.78103e+09
1.04145	1.77090e+09
1.04353	1.76166e+09
1.04562	1.74937e+09
1.04771	1.73692e+09
1.04981	1.72162e+09
1.05191	1.70942e+09
1.05401	1.70339e+09
1.05612	1.70035e+09
1.05823	1.69459e+09
1.06035	1.68814e+09
1.06247	1.68022e+09
1.06459	1.66699e+09
1.06672	1.64743e+09
1.06886	1.62857e+09
1.07099	1.61736e+09
1.07314	1.61628e+09
1.07528	1.61671e+09
1.07743	1.61515e+09
1.07959	1.61440e+09
1.08175	1.61244e+09
1.08391	1.60683e+09
1.08608	1.59791e+09
1.08825	1.59121e+09
1.09043	1.58776e+09
1.09261	1.58482e+09
1.09479	1.57798e+09
1.09698	1.56860e+09
1.09918	1.56384e+09
1.10137	1.56418e+09
1.10358	1.56498e+09
1.10578	1.56484e+09
1.10800	1.56257e+09
1.11021	1.55754e+09
1.11243	1.55355e+09
1.11466	1.55235e+09
1.11689	1.55164e+09
1.11912	1.55062e+09
1.12136	1.54918e+09
1.12360	1.54840e+09
1.12585	1.54613e+09
1.12810	1.54388e+09
1.13036	1.54328e+09
1.13262	1.54016e+09
1.13488	1.53039e+09
1.13715	1.51534e+09
1.13943	1.50510e+09
1.14170	1.50818e+09
1.14399	1.51807e+09
1.14628	1.52500e+09
1.14857	1.52630e+09
1.15087	1.52648e+09
1.15317	1.52444e+09
1.15547	1.52044e+09
1.15778	1.51558e+09
1.16010	1.51186e+09
1.16242	1.50650e+09
1.16475	1.49964e+09
1.16707	1.49366e+09
1.16941	1.48812e+09
1.17175	1.48326e+09
1.17409	1.47596e+09
1.17644	1.46739e+09
1.17879	1.46135e+09
1.18115	1.45869e+09
1.18351	1.45537e+09
1.18588	1.44945e+09
1.18825	1.44318e+09
1.19063	1.43683e+09
1.19301	1.42843e+09
1.19539	1.41846e+09
1.19778	1.40957e+09
1.20018	1.40303e+09
1.20258	1.39720e+09
1.20499	1.39140e+09
1.20740	1.38529e+09
1.20981	1.37832e+09
1.21223	1.37121e+09
1.21465	1.36501e+09
1.21708	1.35986e+09
1.21952	1.35514e+09
1.22196	1.35046e+09
1.22440	1.34610e+09
1.22685	1.34149e+09
1.22930	1.33714e+09
1.23176	1.33316e+09
1.23423	1.32930e+09
1.23669	1.32435e+09
1.23917	1.31932e+09
1.24165	1.31620e+09
1.24413	1.31418e+09
1.24662	1.31216e+09
1.24911	1.30983e+09
1.25161	1.30767e+09
1.25411	1.30620e+09
1.25662	1.30496e+09
1.25913	1.30393e+09
1.26165	1.30199e+09
1.26417	1.30105e+09
1.26670	1.30056e+09
1.26924	1.29921e+09
1.27177	1.29754e+09
1.27432	1.29526e+09
1.27687	1.29362e+09
1.27942	1.29267e+09
1.28198	1.29130e+09
1.28454	1.28857e+09
1.28711	1.28548e+09
1.28969	1.28260e+09
1.29227	1.27977e+09
1.29485	1.27705e+09
1.29744	1.27441e+09
1.30003	1.27152e+09
1.30263	1.26829e+09
1.30524	1.26457e+09
1.30785	1.26039e+09
1.31047	1.25644e+09
1.31309	1.25236e+09
1.31571	1.24752e+09
1.31834	1.24268e+09
1.32098	1.23782e+09
1.32362	1.23190e+09
1.32627	1.22514e+09
1.32892	1.21688e+09
1.33158	1.20244e+09
1.33424	1.18312e+09
1.33691	1.17292e+09
1.33959	1.16364e+09
1.34227	1.15358e+09
1.34495	1.13875e+09
1.34764	1.12768e+09
1.35033	1.11613e+09
1.35304	1.11580e+09
1.35574	1.11489e+09
1.35845	1.11441e+09
1.36117	1.10703e+09
1.36389	1.09940e+09
1.36662	1.09331e+09
1.36935	1.08937e+09
1.37209	1.08650e+09
1.37484	1.08378e+09
1.37759	1.07778e+09
1.38034	1.06918e+09
1.38310	1.05621e+09
1.38587	1.04457e+09
1.38864	1.03477e+09
1.39142	1.02582e+09
1.39420	1.01645e+09
1.39699	1.00853e+09
1.39978	9.99692e+08
1.40258	9.87678e+08
1.40539	9.76898e+08
1.40820	9.69769e+08
1.41101	9.62042e+08
1.41384	9.51472e+08
1.41666	9.37495e+08
1.41950	9.25496e+08
1.42234	9.16680e+08
1.42518	9.07031e+08
1.42803	9.00192e+08
1.43089	8.96839e+08
1.43375	8.92174e+08
1.43662	8.83823e+08
1.43949	8.72008e+08
1.44237	8.64512e+08
1.44525	8.59268e+08
1.44814	8.51406e+08
1.45104	8.41990e+08
1.45394	8.32624e+08
1.45685	8.24487e+08
1.45976	8.17949e+08
1.46268	8.08617e+08
1.46561	7.99238e+08
1.46854	7.90927e+08
1.47148	7.82762e+08
1.47442	7.74513e+08
1.47737	7.65729e+08
1.48032	7.57209e+08
1.48328	7.47940e+08
1.48625	7.38291e+08
1.48922	7.29804e+08
1.49220	7.22330e+08
1.49518	7.13942e+08
1.49817	7.05119e+08
1.50117	6.96792e+08
1.50417	6.88838e+08
1.50718	6.80929e+08
1.51020	6.72962e+08
1.51322	6.65181e+08
1.51624	6.57472e+08
1.51927	6.49568e+08
1.52231	6.41286e+08
1.52536	6.32526e+08
1.52841	6.23825e+08
1.53147	6.15908e+08
1.53453	6.08570e+08
1.53760	6.01202e+08
1.54067	5.93699e+08
1.54375	5.86005e+08
1.54684	5.78501e+08
1.54993	5.71123e+08
1.55303	5.63917e+08
1.55614	5.56695e+08
1.55925	5.49522e+08
1.56237	5.42358e+08
1.56550	5.35373e+08
1.56863	5.28404e+08
1.57176	5.21410e+08
1.57491	5.14702e+08
1.57806	5.08220e+08
1.58121	5.01637e+08
1.58438	4.94991e+08
1.58754	4.88499e+08
1.59072	4.82138e+08
1.59390	4.75859e+08
1.59709	4.69634e+08
1.60028	4.63484e+08
1.60348	4.57424e+08
1.60669	4.51437e+08
1.60990	4.45511e+08
1.61312	4.39667e+08
1.61635	4.33914e+08
1.61958	4.28174e+08
1.62282	4.22322e+08
1.62607	4.16493e+08
1.62932	4.10768e+08
1.63258	4.05143e+08
1.63584	3.99808e+08
1.63911	3.95357e+08
1.64239	3.90726e+08
1.64568	3.85834e+08
1.64897	3.80886e+08
1.65227	3.75893e+08
1.65557	3.70979e+08
1.65888	3.66162e+08
1.66220	3.61211e+08
1.66552	3.56045e+08
1.66886	3.51545e+08
1.67219	3.47657e+08
1.67554	3.43565e+08
1.67889	3.39296e+08
1.68225	3.35125e+08
1.68561	3.31029e+08
1.68898	3.26896e+08
1.69236	3.22746e+08
1.69574	3.18619e+08
1.69914	3.14537e+08
1.70253	3.10603e+08
1.70594	3.06879e+08
1.70935	3.03277e+08
1.71277	2.99644e+08
1.71620	2.95928e+08
1.71963	2.92233e+08
1.72307	2.88516e+08
1.72651	2.84776e+08
1.72997	2.81208e+08
1.73343	2.77799e+08
1.73689	2.74441e+08
1.74037	2.71233e+08
1.74385	2.68190e+08
1.74733	2.65220e+08
1.75083	2.62097e+08
1.75433	2.58953e+08
1.75784	2.56048e+08
1.76136	2.53059e+08
1.76488	2.49827e+08
1.76841	2.46564e+08
1.77194	2.43429e+08
1.77549	2.40608e+08
1.77904	2.38363e+08
1.78260	2.36099e+08
1.78616	2.33169e+08
1.78973	2.29756e+08
1.79331	2.26985e+08
1.79690	2.24636e+08
1.80049	2.22258e+08
1.80410	2.19974e+08
1.80770	2.17388e+08
1.81132	2.14564e+08
1.81494	2.11994e+08
1.81857	2.10430e+08
1.82221	2.09136e+08
1.82585	2.07678e+08
1.82950	2.06277e+08
1.83316	2.04971e+08
1.83683	2.03260e+08
1.84050	2.00932e+08
1.84418	1.98515e+08
1.84787	1.96285e+08
1.85157	1.93993e+08
1.85527	1.91390e+08
1.85898	1.89328e+08
1.86270	1.88189e+08
1.86642	1.86934e+08
1.87016	1.85404e+08
1.87390	1.83785e+08
1.87765	1.82471e+08
1.88140	1.80993e+08
1.88516	1.79469e+08
1.88893	1.78158e+08
1.89271	1.76855e+08
1.89650	1.75252e+08
1.90029	1.73607e+08
1.90409	1.72140e+08
1.90790	1.70741e+08
1.91171	1.69367e+08
1.91554	1.67890e+08
1.91937	1.66249e+08
1.92321	1.64715e+08
1.92705	1.63811e+08
1.93091	1.62806e+08
1.93477	1.61389e+08
1.93864	1.59912e+08
1.94252	1.58254e+08
1.94640	1.56928e+08
1.95029	1.55724e+08
1.95419	1.54609e+08
1.95810	1.53272e+08
1.96202	1.52607e+08
1.96594	1.52105e+08
1.96988	1.50998e+08
1.97382	1.49643e+08
1.97776	1.48748e+08
1.98172	1.47836e+08
1.98568	1.46752e+08
1.98965	1.45577e+08
1.99363	1.44542e+08
1.99762	1.43495e+08
2.00161	1.42448e+08
2.00562	1.41573e+08
2.00963	1.40742e+08
2.01365	1.39812e+08
2.01768	1.38840e+08
2.02171	1.37816e+08
2.02575	1.36672e+08
2.02981	1.35678e+08
2.03386	1.34734e+08
2.03793	1.33837e+08
2.04201	1.32917e+08
2.04609	1.32037e+08
2.05018	1.31125e+08
2.05428	1.30234e+08
2.05839	1.29322e+08
2.06251	1.28428e+08
2.06663	1.27574e+08
2.07077	1.26710e+08
2.07491	1.25845e+08
2.07906	1.24982e+08
2.08322	1.24137e+08
2.08738	1.23324e+08
2.09156	1.22516e+08
2.09574	1.21701e+08
2.09993	1.20898e+08
2.10413	1.20113e+08
2.10834	1.19345e+08
2.11256	1.18591e+08
2.11678	1.17843e+08
2.12102	1.17100e+08
2.12526	1.16367e+08
2.12951	1.15642e+08
2.13377	1.14922e+08
2.13804	1.14206e+08
2.14231	1.13496e+08
2.14660	1.12799e+08
2.15089	1.12115e+08
2.15519	1.11443e+08
2.15950	1.10773e+08
2.16382	1.10111e+08
2.16815	1.09458e+08
2.17248	1.08816e+08
2.17683	1.08178e+08
2.18118	1.07549e+08
2.18554	1.06926e+08
2.18992	1.06312e+08
2.19430	1.05697e+08
2.19868	1.05079e+08
2.20308	1.04481e+08
2.20749	1.03908e+08
2.21190	1.03341e+08
2.21633	1.02767e+08
2.22076	1.02191e+08
2.22520	1.01644e+08
2.22965	1.01095e+08
2.23411	1.00568e+08
2.23858	1.00037e+08
2.24306	9.95256e+07
2.24754	9.89971e+07
2.25204	9.84825e+07
2.25654	9.80249e+07
2.26105	9.76296e+07
2.26558	9.72238e+07
2.27011	9.67835e+07
2.27465	9.63444e+07
2.27920	9.58921e+07
2.28375	9.54387e+07
2.28832	9.50085e+07
2.29290	9.46062e+07
2.29748	9.42543e+07
2.30208	9.39474e+07
2.30668	9.36473e+07
2.31130	9.33156e+07
2.31592	9.29424e+07
2.32055	9.26003e+07
2.32519	9.23048e+07
2.32984	9.19984e+07
2.33450	9.16606e+07
2.33917	9.13346e+07
2.34385	9.11260e+07
2.34854	9.08520e+07
2.35323	9.07646e+07
2.35794	9.05934e+07
2.36266	9.04637e+07
2.36738	9.01771e+07
2.37212	8.99154e+07
2.37686	8.98112e+07
2.38161	8.97569e+07
2.38638	8.96988e+07
2.39115	8.96371e+07
2.39593	8.95833e+07
2.40072	8.95553e+07
2.40552	8.95351e+07
2.41034	8.95003e+07
2.41516	8.94419e+07
2.41999	8.93984e+07
2.42483	8.93885e+07
2.42968	8.94107e+07
2.43454	8.94613e+07
2.43940	8.94076e+07
2.44428	8.94476e+07
2.44917	8.94863e+07
2.45407	8.94798e+07
2.45898	8.94025e+07
2.46390	8.91453e+07
2.46882	8.92358e+07
2.47376	8.91890e+07
2.47871	8.93743e+07
2.48367	8.96668e+07
2.48863	8.97473e+07
2.49361	8.98443e+07
2.49860	9.03459e+07
2.50359	9.02520e+07
2.50860	9.01931e+07
2.51362	9.08630e+07
2.51865	9.12183e+07
2.52368	9.15069e+07
2.52873	9.16809e+07
2.53379	9.20128e+07
2.53886	9.19388e+07
2.54393	9.25216e+07
2.54902	9.27281e+07
2.55412	9.26078e+07
