#wavelength	surface_flux
0.001	4.0522851680188553e-100
0.00101	4.052285168018856e-100
0.0010201000000000001	4.0522851680188553e-100
0.0010303010000000002	4.052285168018857e-100
0.00104060401	4.052285168018856e-100
0.0010510100501000001	4.0522851680188553e-100
0.0010615201506010002	4.052285168018856e-100
0.00107213535210701	4.052285168018856e-100
0.0010828567056280802	4.0522851680188553e-100
0.0010936852726843608	4.052285168018856e-100
0.0011046221254112046	4.052285168018855e-100
0.0011156683466653167	4.0522851680188553e-100
0.0011268250301319698	4.052285168018856e-100
0.0011380932804332896	4.0522851680188553e-100
0.0011494742132376226	4.052285168018856e-100
0.0011609689553699987	4.052285168018856e-100
0.0011725786449236987	4.0522851680188553e-100
0.0011843044313729356	4.052285168018856e-100
0.001196147475686665	4.052285168018855e-100
0.0012081089504435317	4.052285168018857e-100
0.0012201900399479671	4.0522851680188573e-100
0.0012323919403474468	4.052285168018857e-100
0.0012447158597509213	4.052285168018856e-100
0.0012571630183484304	4.0522851680188553e-100
0.0012697346485319148	4.0522851680188563e-100
0.0012824319950172339	4.052285168018856e-100
0.0012952563149674064	4.0522851680188553e-100
0.0013082088781170805	4.052285168018855e-100
0.001321290966898251	4.0522851680188553e-100
0.0013345038765672336	4.0522851680188563e-100
0.001347848915332906	4.0522851680188563e-100
0.0013613274044862352	4.052285168018856e-100
0.0013749406785310975	4.052285168018856e-100
0.0013886900853164084	4.052285168018857e-100
0.0014025769861695724	4.0522851680188553e-100
0.0014166027560312683	4.0522851680188543e-100
0.001430768783591581	4.052285168018856e-100
0.0014450764714274969	4.052285168018855e-100
0.0014595272361417717	4.0522851680188553e-100
0.0014741225085031894	4.052285168018855e-100
0.0014888637335882214	4.0522851680188563e-100
0.0015037523709241036	4.052285168018856e-100
0.0015187898946333446	4.0522851680188553e-100
0.001533977793579678	4.052285168018856e-100
0.001549317571515475	4.052285168018857e-100
0.0015648107472306296	4.052285168018855e-100
0.001580458854702936	4.0522851680188573e-100
0.0015962634432499655	4.052285168018857e-100
0.001612226077682465	4.052285168018855e-100
0.0016283483384592896	4.0522851680188553e-100
0.0016446318218438828	4.052285168018856e-100
0.0016610781400623216	4.052285168018857e-100
0.0016776889214629447	4.0522851680188543e-100
0.0016944658106775741	4.0522851680188553e-100
0.00171141046878435	4.0522851680188553e-100
0.0017285245734721935	4.0522851680188553e-100
0.0017458098192069155	4.0522851680188563e-100
0.0017632679173989845	4.052285168018856e-100
0.0017809005965729746	4.0522851680188573e-100
0.0017987096025387042	4.0522851680188553e-100
0.0018166966985640914	4.052285168018856e-100
0.0018348636655497322	4.0522851680188553e-100
0.0018532123022052297	4.052285168018856e-100
0.001871744425227282	4.052285168018856e-100
0.0018904618694795547	4.0522851680188553e-100
0.0019093664881743501	4.052285168018858e-100
0.0019284601530560937	4.0522851680188553e-100
0.0019477447545866546	4.0522851680188553e-100
0.001967222202132521	4.052285168018857e-100
0.0019868944241538465	4.052285168018856e-100
0.0020067633683953853	4.0522851680188573e-100
0.002026831002079339	4.052285168018856e-100
0.0020470993121001323	4.052285168018856e-100
0.0020675703052211334	4.0522851680188543e-100
0.002088246008273345	4.052285168018856e-100
0.0021091284683560784	4.052285168018856e-100
0.0021302197530396394	4.052285168018856e-100
0.002151521950570036	4.0522851680188553e-100
0.002173037170075736	4.052285168018856e-100
0.0021947675417764933	4.052285168018856e-100
0.0022167152171942584	4.052285168018857e-100
0.002238882369366201	4.0522851680188563e-100
0.0022612711930598633	4.0522851680188573e-100
0.0022838839049904615	4.052285168018857e-100
0.0023067227440403664	4.0522851680188573e-100
0.00232978997148077	4.0522851680188563e-100
0.0023530878711955777	4.052285168018856e-100
0.0023766187499075337	4.052285168018855e-100
0.0024003849374066087	4.0522851680188553e-100
0.002424388786780675	4.052285168018855e-100
0.0024486326746484817	4.0522851680188553e-100
0.0024731190013949664	4.0522851680188553e-100
0.0024978501914089163	4.052285168018856e-100
0.0025228286933230053	4.052285168018856e-100
0.0025480569802562355	4.052285168018857e-100
0.0025735375500587983	4.052285168018856e-100
0.0025992729255593858	4.052285168018856e-100
0.00262526565481498	4.052285168018856e-100
0.0026515183113631296	4.0522851680188553e-100
0.002678033494476761	4.0522851680188573e-100
0.0027048138294215283	4.052285168018857e-100
0.002731861967715744	4.052285168018856e-100
0.002759180587392901	4.052285168018855e-100
0.0027867723932668304	4.0522851680188573e-100
0.002814640117199499	4.0522851680188563e-100
0.0028427865183714937	4.0522851680188543e-100
0.002871214383555209	4.0522851680188563e-100
0.0028999265273907606	4.052285168018857e-100
0.002928925792664668	4.052285168018857e-100
0.002958215050591315	4.052285168018856e-100
0.002987797201097228	4.052285168018855e-100
0.0030176751731082006	4.052285168018856e-100
0.0030478519248392827	4.0522851680188563e-100
0.0030783304440876753	4.0522851680188553e-100
0.0031091137485285522	4.0522851680188553e-100
0.0031402048860138376	4.0522851680188563e-100
0.0031716069348739764	4.0522851680188563e-100
0.003203323004222716	4.0522851680188563e-100
0.003235356234264943	4.0522851680188563e-100
0.003267709796607593	4.0522851680188553e-100
0.0033003868945736684	4.0522851680188553e-100
0.003333390763519405	4.0522851680188553e-100
0.0033667246711545995	4.0522851680188553e-100
0.0034003919178661455	4.0522851680188553e-100
0.0034343958370448065	4.052285168018855e-100
0.0034687397954152547	4.0522851680188553e-100
0.0035034271933694077	4.0522851680188553e-100
0.0035384614653031017	4.052285168018856e-100
0.0035738460799561327	4.052285168018856e-100
0.003609584540755694	4.0522851680188553e-100
0.003645680386163251	4.0522851680188563e-100
0.0036821371900248832	4.0522851680188583e-100
0.0037189585619251324	4.052285168018857e-100
0.0037561481475443838	4.052285168018855e-100
0.0037937096290198277	4.052285168018857e-100
0.003831646725310026	4.0522851680188563e-100
0.003869963192563126	4.0522851680188563e-100
0.003908662824488757	4.0522851680188563e-100
0.003947749452733645	4.0522851680188553e-100
0.003987226947260982	4.0522851680188563e-100
0.004027099216733592	4.052285168018856e-100
0.004067370208900928	4.052285168018855e-100
0.004108043910989938	4.052285168018857e-100
0.004149124350099836	4.052285168018856e-100
0.004190615593600834	4.052285168018856e-100
0.004232521749536843	4.052285168018855e-100
0.004274846967032212	4.052285168018855e-100
0.004317595436702534	4.052285168018856e-100
0.004360771391069559	4.0522851680188553e-100
0.0044043791049802545	4.0522851680188553e-100
0.004448422896030057	4.052285168018856e-100
0.0044929071249903575	4.052285168018857e-100
0.004537836196240262	4.0522851680188563e-100
0.004583214558202664	4.0522851680188563e-100
0.004629046703784691	4.052285168018855e-100
0.0046753371708225374	4.0522851680188563e-100
0.004722090542530763	4.0522851680188553e-100
0.004769311447956071	4.0522851680188553e-100
0.004817004562435632	4.0522851680188553e-100
0.004865174608059988	4.0522851680188563e-100
0.004913826354140587	4.0522851680188553e-100
0.004962964617681994	4.0522851680188553e-100
0.005012594263858814	4.052285168018856e-100
0.005062720206497402	4.052285168018856e-100
0.0051133474085623765	4.052285168018857e-100
0.005164480882648	4.0522851680188553e-100
0.0052161256914744795	4.052285168018856e-100
0.005268286948389224	4.052285168018856e-100
0.0053209698178731165	4.052285168018856e-100
0.005374179516051849	4.0522851680188563e-100
0.005427921311212366	4.0522851680188553e-100
0.0054822005243244905	4.0522851680188563e-100
0.005537022529567735	4.0522851680188553e-100
0.005592392754863413	4.0522851680188553e-100
0.0056483166824120475	4.0522851680188553e-100
0.0057047998492361675	4.0522851680188563e-100
0.005761847847728529	4.0522851680188553e-100
0.005819466326205815	4.052285168018856e-100
0.005877660989467873	4.052285168018857e-100
0.005936437599362551	4.052285168018858e-100
0.005995801975356177	4.0522851680188553e-100
0.0060557599951097385	4.052285168018857e-100
0.006116317595060837	4.052285168018856e-100
0.006177480771011445	4.0522851680188553e-100
0.006239255578721559	4.052285168018855e-100
0.006301648134508775	4.0522851680188563e-100
0.006364664615853863	4.052285168018855e-100
0.006428311262012401	4.052285168018855e-100
0.0064925943746325255	4.0522851680188563e-100
0.006557520318378851	4.052285168018856e-100
0.006623095521562639	4.052285168018856e-100
0.006689326476778266	4.0522851680188543e-100
0.0067562197415460485	4.052285168018857e-100
0.006823781938961509	4.0522851680188563e-100
0.006892019758351124	4.0522851680188553e-100
0.0069609399559346355	4.052285168018856e-100
0.007030549355493982	4.052285168018856e-100
0.007100854849048922	4.052285168018856e-100
0.007171863397539412	4.0522851680188543e-100
0.007243582031514805	4.052285168018857e-100
0.007316017851829954	4.052285168018856e-100
0.007389178030348253	4.0522851680188553e-100
0.007463069810651736	4.052285168018855e-100
0.007537700508758254	4.0522851680188553e-100
0.007613077513845836	4.0522851680188553e-100
0.007689208288984294	4.0522851680188553e-100
0.007766100371874137	4.0522851680188553e-100
0.00784376137559288	4.0522851680188553e-100
0.007922198989348808	4.052285168018856e-100
0.008001420979242295	4.0522851680188563e-100
0.008081435189034718	4.0522851680188563e-100
0.008162249540925065	4.052285168018857e-100
0.008243872036334317	4.0522851680188563e-100
0.008326310756697661	4.0522851680188563e-100
0.008409573864264637	4.0522851680188563e-100
0.008493669602907282	4.052285168018857e-100
0.008578606298936356	4.0522851680188563e-100
0.008664392361925718	4.0522851680188553e-100
0.008751036285544977	4.0522851680188563e-100
0.008838546648400426	4.052285168018857e-100
0.008926932114884432	4.052285168018856e-100
0.009016201436033275	4.0522851680188563e-100
0.009106363450393609	4.052285168018856e-100
0.009197427084897545	4.052285168018854e-100
0.00928940135574652	4.0522851680188573e-100
0.009382295369303986	4.052285168018856e-100
0.009476118322997024	4.052285168018855e-100
0.009570879506226997	4.0522851680188563e-100
0.009666588301289265	4.0522851680188563e-100
0.009763254184302158	4.0522851680188563e-100
0.00986088672614518	4.052285168018855e-100
0.009959495593406632	4.052285168018857e-100
0.0100590905493407	4.052285168018855e-100
0.010159681454834106	4.052285168018855e-100
0.010261278269382446	4.052285168018856e-100
0.01036389105207627	4.0522851680188553e-100
0.010467529962597035	4.052285168018856e-100
0.010572205262223005	4.0522851680188563e-100
0.010677927314845235	4.0522851680188563e-100
0.010784706587993687	4.052285168018856e-100
0.010892553653873623	4.0522851680188563e-100
0.01100147919041236	4.0522851680188563e-100
0.011111493982316483	4.0522851680188563e-100
0.01122260892213965	4.052285168018856e-100
0.011334835011361045	4.052285168018856e-100
0.011448183361474655	4.0522851680188563e-100
0.011562665195089401	4.052285168018856e-100
0.011678291847040296	4.0522851680188563e-100
0.0117950747655107	4.0522851680188563e-100
0.011913025513165806	4.0522851680188553e-100
0.012032155768297465	4.052285168018855e-100
0.01215247732598044	4.052285168018856e-100
0.012274002099240244	4.052285168018856e-100
0.012396742120232647	4.0522851680188563e-100
0.012520709541434973	4.0522851680188563e-100
0.012645916636849323	4.052285168018856e-100
0.012772375803217816	4.0522851680188563e-100
0.012900099561249994	4.0522851680188553e-100
0.013029100556862495	4.052285168018856e-100
0.01315939156243112	4.0522851680188553e-100
0.01329098547805543	4.052285168018856e-100
0.013423895332835984	4.052285168018856e-100
0.013558134286164345	4.0522851680188563e-100
0.01369371562902599	4.052285168018855e-100
0.013830652785316248	4.052285168018855e-100
0.013968959313169412	4.052285168018856e-100
0.014108648906301107	4.052285168018856e-100
0.014249735395364118	4.0522851680188553e-100
0.014392232749317758	4.052285168018856e-100
0.014536155076810936	4.052285168018856e-100
0.014681516627579045	4.052285168018857e-100
0.014828331793854836	4.0522851680188543e-100
0.014976615111793384	4.0522851680188563e-100
0.015126381262911319	4.0522851680188563e-100
0.015277645075540433	4.0522851680188573e-100
0.015430421526295836	4.0522851680188553e-100
0.015584725741558796	4.052285168018856e-100
0.015740572998974384	4.0522851680188563e-100
0.015897978728964125	4.052285168018855e-100
0.01605695851625377	4.0522851680188563e-100
0.016217528101416308	4.0522851680188563e-100
0.01637970338243047	4.052285168018856e-100
0.016543500416254773	4.052285168018856e-100
0.016708935420417324	4.0522851680188573e-100
0.016876024774621495	4.052285168018856e-100
0.01704478502236771	4.052285168018856e-100
0.017215232872591385	4.052285168018856e-100
0.0173873852013173	4.0522851680188543e-100
0.017561259053330475	4.052285168018856e-100
0.01773687164386378	4.0522851680188563e-100
0.017914240360302418	4.0522851680188553e-100
0.018093382763905444	4.052285168018855e-100
0.0182743165915445	4.0522851680188553e-100
0.01845705975745994	4.052285168018855e-100
0.01864163035503454	4.0522851680188553e-100
0.01882804665858489	4.052285168018856e-100
0.019016327125170738	4.0522851680188553e-100
0.019206490396422443	4.052285168018857e-100
0.01939855530038667	4.0522851680188553e-100
0.019592540853390534	4.052285168018856e-100
0.01978846626192444	4.052285168018857e-100
0.019986350924543685	4.0522851680188553e-100
0.020186214433789124	4.052285168018856e-100
0.020388076578127013	4.0522851680188553e-100
0.020591957343908285	4.052285168018857e-100
0.020797876917347368	4.052285168018856e-100
0.021005855686520844	4.052285168018856e-100
0.02121591424338605	4.052285168018856e-100
0.02142807338581991	4.0522851680188563e-100
0.02164235411967811	4.052285168018855e-100
0.02185877766087489	4.052285168018856e-100
0.02207736543748364	4.052285168018857e-100
0.022298139091858477	4.052285168018856e-100
0.02252112048277706	4.0522851680188553e-100
0.022746331687604832	4.052285168018857e-100
0.022973795004480883	4.0522851680188563e-100
0.02320353295452569	4.052285168018857e-100
0.023435568284070948	4.052285168018857e-100
0.023669923966911657	4.052285168018856e-100
0.02390662320658077	4.052285168018857e-100
0.024145689438646582	4.0522851680188563e-100
0.024387146333033047	4.0522851680188553e-100
0.024631017796363376	4.0522851680188553e-100
0.024877327974327013	4.052285168018856e-100
0.025126101254070284	4.0522851680188573e-100
0.025377362266610984	4.052285168018856e-100
0.025631135889277096	4.052285168018855e-100
0.025887447248169868	4.0522851680188563e-100
0.026146321720651563	4.052285168018855e-100
0.026407784937858083	4.052285168018857e-100
0.026671862787236662	4.0522851680188563e-100
0.02693858141510903	4.052285168018857e-100
0.02720796722926012	4.0522851680188543e-100
0.027480046901552722	4.052285168018856e-100
0.02775484737056825	4.052285168018857e-100
0.028032395844273934	4.052285168018856e-100
0.02831271980271667	4.0522851680188553e-100
0.02859584700074384	4.052285168018854e-100
0.028881805470751278	4.0522851680188553e-100
0.02917062352545879	4.052285168018856e-100
0.029462329760713377	4.052285168018855e-100
0.029756953058320514	4.052285168018857e-100
0.030054522588903718	4.0522851680188553e-100
0.030355067814792754	4.0522851680188553e-100
0.030658618492940683	4.052285168018856e-100
0.030965204677870093	4.052285168018855e-100
0.03127485672464879	4.0522851680188553e-100
0.031587605291895283	4.0522851680188553e-100
0.03190348134481423	4.0522851680188563e-100
0.032222516158262375	4.0522851680188553e-100
0.03254474131984499	4.052285168018857e-100
0.03287018873304345	4.0522851680188563e-100
0.03319889062037388	4.0522851680188563e-100
0.03353087952657762	4.052285168018856e-100
0.0338661883218434	4.0522851680188553e-100
0.03420485020506183	4.052285168018856e-100
0.03454689870711246	4.0522851680188553e-100
0.03489236769418358	4.0522851680188553e-100
0.035241291371125416	4.052285168018856e-100
0.03559370428483667	4.052285168018857e-100
0.035949641327685036	4.052410906929773e-100
0.03630913774096189	4.054403538928212e-100
0.03667222911837151	4.0800532640420405e-100
0.03703895140955522	4.4044809598441276e-100
0.03740934092365077	8.451166693021598e-100
0.037783434332887285	5.824022038775753e-99
0.03816126867621615	6.625628164331297e-98
0.038542881362978315	7.89922749344898e-97
0.038928310176608104	9.336621834718172e-96
0.03931759327837418	1.0885232251777836e-94
0.039710769211157924	1.2503226714427543e-93
0.0401078769032695	1.4144325266634703e-92
0.0405089556723022	1.5761439415398482e-91
0.04091404522902522	1.7270211897304128e-90
0.041323185681315475	1.8591708525991588e-89
0.04173641753812863	1.9650391130820357e-88
0.04215378171350991	2.0385058645261095e-87
0.042575319530645014	2.0741523286108944e-86
0.04300107272595147	2.0692294400224167e-85
0.043431083453210985	2.023524351733744e-84
0.04386539428774309	1.9389655941224196e-83
0.04430404823062052	1.8203167533731083e-82
0.04474708871292673	1.6740001545911918e-81
0.045194559600056	1.5080045128621455e-80
0.04564650519605655	1.3288884453897526e-79
0.04610297024801712	1.1493503689558477e-78
0.046563999950497294	9.730535006840247e-78
0.04702963995000226	8.066876666334435e-77
0.04749993634950229	6.550741550170616e-76
0.04797493571299731	5.211199330678139e-75
0.04845468507012728	4.0616884669048815e-74
0.04893923192082856	3.3386500363166884e-73
0.04942862424003685	2.489996300289544e-72
0.04992291048243721	1.8083125807213722e-71
0.050422139587261584	1.886459985842278e-70
0.0509263609831342	1.4005658467524143e-69
0.051435624592965544	9.055632565849532e-69
0.0519499808388952	5.787074851851701e-68
0.05246948064728415	3.651257706005609e-67
0.052994175453756995	2.274986684056428e-66
0.053524117208294565	1.3947004220100792e-65
0.05405935838037751	8.557101542931215e-65
0.05459995196418129	5.130833751211849e-64
0.0551459514838231	3.0326387163493734e-63
0.05569741099866134	1.7662214415455677e-62
0.05625438510864795	1.0133556769400865e-61
0.056816928959734427	5.7257892333401316e-61
0.05738509824933177	3.186189544628167e-60
0.05795894923182509	1.7453816061495602e-59
0.05853853872414334	9.395905049565049e-59
0.05912392411138478	4.9938455048484874e-58
0.05971516335249862	2.608480620945468e-57
0.06031231498602361	1.34107683810501e-56
0.06091543813588385	6.786341497840769e-56
0.06152459251724268	3.3801231240804995e-55
0.062139838442415114	1.657325347855171e-54
0.06276123682683926	7.997610781435433e-54
0.06338884919510765	3.801089795143253e-53
0.06402273768705874	1.7784414737373036e-52
0.06466296506392932	8.193169721150288e-52
0.06530959471456863	3.7171041304319236e-51
0.06596269066171431	1.660912730941963e-50
0.06662231756833144	7.310215189790794e-50
0.06728854074401477	3.1695982040485145e-49
0.06796142615145492	1.3540158551315842e-48
0.06864104041296946	5.699590352143715e-48
0.06932745081709915	2.364383075484004e-47
0.07002072532527015	9.667251829394889e-47
0.07072093257852285	3.8963339384780684e-46
0.07142814190430807	1.5482212756854948e-45
0.07214242332335115	6.065843453954731e-45
0.07286384755658468	2.3436251467973414e-44
0.07359248603215052	8.930555030458109e-44
0.07432841089247202	3.3567662215782744e-43
0.07507169500139675	1.2447288442984733e-42
0.07582241195141072	4.55400350230015e-42
0.07658063607092483	1.6441023620698942e-41
0.07734644243163408	5.857981933378454e-41
0.07811990685595041	2.0601435765157563e-40
0.07890110592450993	7.152127692553395e-40
0.07969011698375501	2.451404792984783e-39
0.08048701815359258	8.296427988713097e-39
0.08129188833512849	2.772810923786487e-38
0.08210480721847978	9.152764906577711e-38
0.08292585529066457	2.9843035856930045e-37
0.08375511384357122	9.612643354068071e-37
0.08459266498200693	3.059174009370294e-36
0.08543859163182702	9.620087942833992e-36
0.08629297754814527	2.9896506756543633e-35
0.08715590732362674	9.182833142562358e-35
0.08802746639686301	2.7880385816850324e-34
0.08890774106083163	8.368289278465563e-34
0.08979681847143996	2.483352395088396e-33
0.09069478665615435	7.287064396654932e-33
0.09160173452271589	4.669480982988606e-23
0.09251775186794305	6.163225982648511e-22
0.09344292938662248	1.006518652429172e-21
0.09437735868048872	2.1225684059166925e-21
0.09532113226729359	4.2886184639067915e-21
0.09627434358996653	1.1238221936394542e-20
0.0972370870258662	2.021004482740851e-20
0.09820945789612487	6.562702272646362e-20
0.09919155247508611	1.127848185055608e-19
0.10018346799983698	3.00208439547273e-19
0.10118530267983535	4.886357118783274e-19
0.1021971557066337	8.148936577703622e-19
0.10321912726370003	2.5577936577423698e-17
0.10425131853633704	1.0336143347269479e-16
0.10529383172170041	1.4683978857184656e-16
0.10634677003891742	3.5592843168929833e-16
0.1074102377393066	4.513594132483297e-16
0.10848434011669966	1.0799527190467165e-15
0.10956918351786665	1.5248160384336119e-15
0.11066487535304532	6.2240441256993584e-15
0.11177152410657577	1.342972842936527e-14
0.11288923934764154	2.5813665385094144e-14
0.11401813174111795	9.463505763299306e-15
0.11515831305852914	6.342496558769774e-15
0.11630989618911443	2.8121387440310443e-15
0.11747299515100557	2.9082831723228615e-15
0.11864772510251563	2.3875193201199778e-15
0.1198342023535408	3.919832955823093e-12
0.1210325443770762	1.0834291485666197e-12
0.12224286982084695	2.707280247904452e-12
0.12346529851905542	1.836941481729955e-11
0.12469995150424598	3.077541003577842e-11
0.12594695101928843	2.248403193184378e-11
0.12720642052948133	2.2257965009275442e-11
0.12847848473477616	4.2350870618243966e-11
0.12976326958212392	1.3740432400480489e-10
0.13106090227794515	1.5937913509369133e-10
0.13237151130072458	8.545915519124137e-11
0.13369522641373183	1.777486466481341e-10
0.13503217867786915	3.75365860546242e-10
0.13638250046464784	4.698545555095809e-10
0.13774632546929433	5.843716946605746e-10
0.13912378872398729	2.7414899904507208e-09
0.14051502661122714	1.2486297949877691e-08
0.14192017687733943	2.9390491349828053e-08
0.14333937864611285	5.201359674954095e-08
0.14477277243257397	7.517967525073348e-08
0.14622050015689972	1.2463752148606974e-07
0.14768270515846868	1.9232959521445735e-07
0.14915953221005337	3.2336264848631404e-07
0.1506511275321539	5.268676820365063e-07
0.15215763880747546	4.1975003016377905e-07
0.1536792151955502	2.661679670568959e-07
0.15521600734750574	1.9824124975636057e-07
0.15676816742098076	6.857032334335948e-07
0.15833584909519058	1.0040736538782418e-06
0.15991920758614248	1.0057161136890192e-06
0.1615183996620039	8.005481344121392e-07
0.16313358365862396	1.347755305472715e-06
0.1647649194952102	2.531063277563474e-06
0.1664125686901623	5.017705397938288e-06
0.1680766943770639	5.6846483036680745e-06
0.16975746132083458	8.776176713061504e-06
0.1714550359340429	1.9809880390301283e-05
0.17316958629338333	3.40824854037837e-05
0.17490128215631717	3.665154160126426e-05
0.17665029497788035	7.346122011923375e-05
0.17841679792765916	0.00013103208314171305
0.18020096590693577	0.00020273814536834168
0.18200297556600512	0.0002831961533513882
0.18382300532166518	0.0003257989598290132
0.18566123537488183	0.00034827860213328647
0.18751784772863064	0.0004766234824561136
0.18939302620591697	0.0012553774947097298
0.19128695646797614	0.0027580699519037305
0.19319982603265587	0.004135116400652824
0.19513182429298243	0.005729704390511788
0.19708314253591228	0.00868839004249574
0.1990539739612714	0.013874957662759448
0.2010445137008841	0.017515874454397635
0.20305495883789296	0.021145870019718526
0.20508550842627188	0.029777200258827755
0.2071363635105346	0.10690106583297708
0.20920772714563995	0.35309825791069277
0.21129980441709634	0.3559565566863861
0.21341280246126731	0.41721209654021296
0.21554693048588	0.43103291244485664
0.2177023997907388	0.40960355280162025
0.2198794237886462	1.0545860925648538
0.22207821802653266	0.8747105836678255
0.224299000206798	2.8724809683996386
0.22654199020886595	3.488332677536192
0.22880741011095462	6.040081909344089
0.23109548421206416	11.961591185129421
0.23340643905418482	16.939409785913274
0.23574050344472666	5.659572980614637
0.23809790847917392	16.391369428207476
0.24047888756396565	54.36473358761368
0.24288367643960532	80.26086311501496
0.2453125132040014	173.3573987325524
0.2477656383360414	162.8396542932133
0.2502432947194018	107.1677533692153
0.2527457276665958	396.0705212124007
0.2552731849432618	951.411996051816
0.2578259167926944	501.89453527296814
0.2604041759606214	855.887698241324
0.26300821772022753	2524.431098421166
0.2656382998974299	2774.2992299918137
0.2682946828964041	3159.857123956489
0.2709776297253682	4830.835469279767
0.27368740602262187	5892.192675030233
0.2764242800828481	9810.057851931366
0.27918852288367657	12725.271990877853
0.2819804081125134	19511.209823693924
0.28480021219363855	11127.334219014514
0.28764821431557486	34298.28247283954
0.2905246964587307	55016.122895740606
0.2934299434233179	68539.42436103844
0.29636424285755114	74728.05716510891
0.29932788528612664	91022.95495805582
0.3023211641389879	107712.23837141787
0.3053443757803778	157306.2582296577
0.3083978195381816	273926.74438290996
0.3114817977335634	477369.09012825775
0.31459661571089903	646023.9788242233
0.317742581868008	831332.2672323651
0.3209200076866881	920299.0683521287
0.32412920776355497	1111384.99562472
0.3273704998411905	1842282.9793257003
0.33064420483960244	2367051.2703185487
0.33395064688799847	2707198.3049673843
0.3372901533568785	2458353.185190783
0.34066305489044724	3151627.650112718
0.34406968543935174	2583772.87055241
0.34751038229374526	2932392.491610158
0.3509854861166827	3610346.0368361217
0.35449534097784957	7795171.363506485
0.358040294387628	3132623.385242271
0.3616206973315043	5890458.457546231
0.36523690430481937	9684658.367194278
0.3688892733478676	10571814.0531431
0.37257816608134625	4134145.838137228
0.37630394774215975	10292439.90709576
0.38006698721958126	15509960.885502791
0.3838676570917771	8673206.24674812
0.38770633366269486	8896328.73154541
0.3915833969993219	9405235.675426101
0.3954992309693151	7805981.4690017
0.3994542232790082	29692657.920097977
0.4034487655117983	37892373.25810772
0.4074832531669163	48265751.32531045
0.41155808569858543	50955279.799894705
0.4156736665555713	52393429.46703808
0.419830403221127	41513537.568885624
0.42402870725333835	23703479.175098225
0.4282689943258717	31726341.932876915
0.43255168426913043	35910266.354816034
0.4368772011118217	38473599.63382306
0.44124597312293995	30866139.55534922
0.44565843285416934	28163609.928098664
0.450115017182711	32856144.41483777
0.4546161673545382	31626516.231496654
0.45916232902808357	30343881.65453415
0.4637539523183644	26999201.616203804
0.46839149184154805	29621989.53932812
0.4730754067599635	39647307.24232784
0.47780616082756316	27759600.48298218
0.4825842224358388	28188988.85778197
0.4874100646601972	42345951.83163687
0.49228416530679914	73459609.13282621
0.4972070069598672	38118323.100582376
0.5021790770294658	32209013.017773114
0.5072008677997605	61906074.36544739
0.5122728764777581	107305248.56380992
0.5173956052425357	69735426.211259
0.5225695612949611	54531324.524043836
0.5277952569079107	74921105.23908325
0.5330732094769898	90475447.28448305
0.5384039415717596	92484752.55096292
0.5437879809874773	94269252.25728382
0.5492258607973521	72898699.06775633
0.5547181194053257	88972559.79570949
0.5602653005993788	80944090.53062327
0.5658679536053727	80180286.95377186
0.5715266331414264	103135434.68349928
0.5772418994728407	118578872.59951949
0.5830143184675691	126198167.5402712
0.5888444616522447	86738185.84837826
0.5947329062687673	90396924.92167376
0.600680235331455	116303677.18288198
0.6066870376847694	143491976.8538522
0.6127539080616171	160589269.48353472
0.6188814471422334	99500923.95788927
0.6250702616136556	96027397.17463788
0.6313209642297922	138397503.8483441
0.6376341738720902	139311389.65495402
0.644010515610811	164363309.35419548
0.6504506207669192	145349740.16648367
0.6569551269745884	180870546.94997278
0.6635246782443343	187048020.4405778
0.6701599250267777	148803238.38616794
0.6768615242770454	156409143.8144527
0.6836301395198159	185350206.25022194
0.690466440915014	237207378.26419005
0.6973711053241641	280531078.48213464
0.7043448163774058	306722735.97981894
0.7113882645411799	173047992.03517833
0.7185021471865917	196969030.13094985
0.7256871686584576	295913867.07225823
0.7329440403450421	499555709.90908766
0.7402734807484926	803886496.1895347
0.7476762155559775	849560893.3105388
0.7551529777115373	1042260774.3650423
0.7627045074886527	546242177.7511847
0.7703315525635391	395608200.07150877
0.7780348680891747	432659409.87328476
0.7858152167700664	522856383.39306897
0.7936733689377671	630679526.2291507
0.8016101026271447	804093519.0410669
0.8096262036534162	1160815659.8542745
0.8177224656899503	1526682104.049629
0.8258996903468498	1192325521.0142455
0.8341586872503184	1024084698.329733
0.8425002741228216	798681208.1894853
0.8509252768640498	542067855.3047434
0.8594345296326903	710911524.9975414
0.8680288749290173	943008213.932178
0.8767091636783074	1369898941.648785
0.8854762553150906	1382427073.566453
0.8943310178682414	1188547901.6896157
0.9032743280469238	1502255354.6526668
0.9123070713273931	1975409067.9668531
0.921430142040667	1737730713.831709
0.9306444434610737	1202098649.537516
0.9399508878956845	1269555254.1444077
0.9493503967746413	1530752952.9584565
0.9588439007423877	1953446324.0153766
0.9684323397498116	2194454929.988761
0.9781166631473096	1988609091.7125077
0.9878978297787828	2132251775.4215553
0.9977768080765707	2248236914.024428
1.0077545761573363	2223766478.846411
1.0178321219189097	2314992567.8741703
1.0280104431380988	2367334174.581407
1.0382905475694797	2402566604.971409
1.0486734530451747	2528993590.1779337
1.0591601875756265	2651150005.360864
1.0697517894513826	2677269161.9820433
1.0804493073458965	2748343685.169388
1.0912538004193555	2748917995.6545353
1.102166338423549	2470891846.0331726
1.1131880018077847	2449945126.949217
1.1243198818258624	2524988861.330641
1.135563080644121	2615216285.166375
1.1469187114505621	2796018961.3401527
1.158387898565068	2788521001.197059
1.1699717775507186	2828300342.963336
1.1816714953262257	2838135233.274314
1.193488210279488	2767306306.6874623
1.2054230923822828	2834862115.133168
1.2174773233061058	2877669940.592216
1.2296520965391669	2825777439.579137
1.2419486175045586	2732533236.920522
1.254368103679604	2654501485.1723013
1.2669117847164002	2618460345.0920353
1.2795809025635643	2611632301.389892
1.2923767115892	2653805007.6193943
1.305300478705092	2709813068.434231
1.3183534834921427	2696262733.450033
1.3315370183270643	2687813659.9014063
1.3448523885103347	2756159018.48215
1.3583009123954382	2735061230.789234
1.3718839215193925	2757799417.8937144
1.3856027607345867	2682265816.051449
1.3994587883419325	2539031074.3526692
1.4134533762253518	2581224415.926917
1.4275879099876054	2506207593.638283
1.4418637890874815	2497219105.2389927
1.4562824269783563	2359579782.36643
1.4708452512481398	2328832053.48598
1.4855537037606212	2448509307.1948056
1.5004092407982272	2515165893.2435446
1.5154133332062096	2477254303.721796
1.5305674665382718	2559199952.0244417
1.5458731412036546	2595123662.6026726
1.561331872615691	2272831788.658322
1.576945191341848	2234461146.351946
1.5927146432552666	2367078164.6125507
1.6086417896878193	2341708372.2510753
1.6247282075846974	2139455429.9162755
1.6409754896605444	2137640995.3922133
1.65738524455715	2289004297.616077
1.6739590970027214	2325668280.2353244
1.6906986879727486	2213424731.433739
1.7076056748524762	2198668722.105586
1.7246817316010008	2228115441.174586
1.7419285489170109	2151701724.698106
1.759347834406181	2131153503.9149582
1.776941312750243	2099876994.7977786
1.7947107258777453	2159267658.872287
1.8126578331365226	2053851791.7810571
1.8307844114678882	2033279288.2715201
1.8490922555825668	1949129531.6997967
1.8675831781383925	1874430917.9477708
1.8862590099197765	1866866082.7287498
1.9051216000189743	1870891654.5481343
1.924172816019164	1835107347.7945778
1.9434145441793558	1709723814.8071573
1.9628486896211494	1724332085.0421894
1.9824771765173608	1576425957.9966025
2.0023019482825344	1581491078.6374547
2.0223249677653596	1483987903.136563
2.0425482174430134	1503959738.0698016
2.0629736996174435	1383364653.4990017
2.083603436613618	1372301952.5767126
2.1044394709797545	1345330671.468465
2.1254838656895516	1301845565.9321496
2.1467387043464474	1264877202.2181323
2.1682060913899117	1228496049.5865147
2.1898881523038107	1186244800.1007626
2.211787033826849	1156654420.9376748
2.2339049041651173	1114030153.894435
2.2562439532067686	1072493505.8973602
2.2788063927388365	1063097330.1452199
2.3015944566662245	814242502.0210326
2.324610401232887	772801943.2775218
2.347856505245216	600835354.9068004
2.3713350702976683	622129217.535664
2.3950484210006446	589954667.4403428
2.418998905210651	550076526.9249538
2.4431888942627578	500593220.6232485
2.4676207832053856	535388171.8684012
2.4922969910374397	378387737.3819414
2.517219960947814	370619382.34547955
2.542392160557292	390713928.4460816
2.567816082162865	405477358.95886934
2.5934942429844936	476730714.9123278
2.6194291854143383	443504121.8905767
2.645623477268482	394355063.34566206
2.6720797120411666	417537982.3199223
2.698800509161578	421795117.0051846
2.7257885142531944	460027012.26611346
2.753046399395726	462938552.1390885
2.7805768633896837	414885445.7875889
2.8083826320235805	398548274.56403565
2.8364664583438164	413982061.7472856
2.8648311229272547	425039144.05162084
2.8934794341565273	423116270.11003596
2.9224142284980923	399308914.2277484
2.951638370783073	381476986.1115575
2.981154754490904	379587063.76648223
3.010966302035813	373100063.5448768
3.041075965056171	369165548.41066116
3.071486724706733	364901519.3245212
3.1022015919538	345351698.7280809
3.133223607873338	332677535.1157925
3.164555843952072	326352391.40811974
3.196201402391593	315356217.84252894
3.2281634164155086	303249285.64153725
3.2604450505796634	305966667.8492778
3.29304950108546	287670678.1869045
3.3259799960963146	277433957.02118444
3.359239796057278	274319805.16703814
3.392832194017851	260236785.31934243
3.4267605159580294	258479574.76240572
3.46102812111761	242123151.70033798
3.4956384023287854	238266769.7609527
3.530594786352074	227023959.33463773
3.5659007342155946	222504049.4124986
3.6015597415577503	214155646.47069895
3.637575338973328	206655883.6895049
3.6739510923630614	199910811.0794186
3.7106906032866918	191415901.45674062
3.747797509319559	184507121.37361285
3.7852754844127543	180320608.0967669
3.823128239256882	172659461.86535004
3.861359521649451	167617798.33838302
3.8999731168659455	159254038.9800447
3.938972848034605	155638590.37933552
3.978362576514951	146611478.09953102
4.018146202280101	144496815.3473677
4.058327664302902	137190440.6770261
4.098910940945931	134774945.26812828
4.13990005035539	130358034.83636105
4.181299050858944	123555029.3619838
4.223112041367534	119709657.14302342
4.2653431617812085	114732971.35910021
4.307996593399021	93924714.66285601
4.351076559333012	89850944.6031532
4.394587324926341	77919200.0533966
4.438533198175604	72777513.77534781
4.48291853015736	66428567.05596832
4.5277477154589345	62457548.44743231
4.573025192613525	60298975.22109404
4.6187554445396595	60537862.142207734
4.664942998985056	57864006.52506671
4.711592428974907	55177842.775455326
4.758708353264656	54279831.65033095
4.806295436797303	53255545.50211147
4.854358391165275	51581995.677697666
4.902901975076928	50614370.52470885
4.951930994827697	50037453.79520124
5.001450304775974	46539312.73230615
5.051464807823734	47704080.660948634
5.101979455901971	44274743.11001142
5.152999250460991	42841417.7008902
5.204529242965601	40716419.58287016
5.2565745353952575	40891173.83919568
5.30914028074921	40283630.75842138
5.362231683556701	37955906.84287148
5.415854000392269	38339087.061801486
5.470012540396192	36184893.156212084
5.524712665800154	35986701.57159981
5.579959792458156	34588912.985596225
5.635759390382738	34323749.17003953
5.692116984286565	33145105.391647607
5.74903815412943	32828018.931906488
5.806528535670725	32436733.9545943
5.864593821027432	31745823.60281721
5.923239759237706	30138863.984477695
5.982472156830083	30067068.011396226
6.042296878398385	28419681.790176045
6.102719847182367	27777300.38623027
6.163747045654191	27300820.533260383
6.225384516110734	26463604.1515598
6.287638361271841	25718596.144254252
6.350514744884559	25275389.03210016
6.414019892333406	24115628.42072796
6.478160091256739	22962329.60595432
6.542941692169307	22190966.361574277
6.608371109091	21493673.409194782
6.67445482018191	20716871.43937041
6.741199368383729	19939791.10770253
6.808611362067567	19156145.385047194
6.876697475688242	18763607.78140989
6.945464450445124	18017344.842434328
7.014919094949576	17583551.528363835
7.085068285899072	16763611.807624351
7.155918968758063	16346811.06765774
7.227478158445644	15682076.355100436
7.2997529400301	15182350.420992015
7.372750469430401	14621653.455154715
7.446477974124705	13989885.88497425
7.520942753865953	13573190.537745893
7.596152181404612	13068962.297316961
7.672113703218658	12556560.720644142
7.7488348402508445	12121370.171896862
7.826323188653353	11694571.62035986
7.904586420539887	11251207.33600258
7.983632284745286	10792923.124365214
8.063468607592739	10400449.074198034
8.144103293668666	9962149.361144798
8.225544326605354	9647957.498350548
8.307799769871407	9248112.462956129
8.390877767570121	8940673.679538107
8.474786545245822	8545468.498865994
8.55953441069828	8279254.095616551
8.645129754805263	8010040.239427417
8.731581052353315	7717268.206204691
8.81889686287685	7398869.337913515
8.907085831505619	7175200.329008078
8.996156689820673	6854794.450158742
9.086118256718882	6626584.928640658
9.17697943928607	6387570.461425467
9.26874923367893	6137521.482372549
9.36143672601572	5908532.225400661
9.455051093275877	5671380.621962386
9.549601604208636	5449534.968176773
9.645097620250723	5227781.292848442
9.74154859645323	5015291.404616651
9.838964082417762	4828086.682147401
9.937353723241939	4640884.440665629
10.03672726047436	4482019.485489072
10.137094533079102	4324875.949461134
10.238465478409893	4155837.244061469
10.340850133193994	4001270.3211847097
10.444258634525934	3813190.366459868
10.548701220871191	3683172.9922683295
10.654188233079903	3527306.043093947
10.760730115410702	3414354.3859372046
10.868337416564811	3267607.728412298
10.97702079073046	3168847.0215457235
11.086790998637763	3029198.725834399
11.19765890862414	2914232.1003691135
11.309635497710381	2784571.6730470303
11.422731852687486	2699367.9853260787
11.536959171214361	2585198.270956799
11.652328762926505	2495359.0061002066
11.76885205055577	2382712.7200372373
11.886540571061328	2297269.472927694
12.005405976771941	2221229.7530314284
12.125460036539662	2124889.5297315945
12.246714636905057	2057140.5163102427
12.36918178327411	1965957.21494754
12.49287360110685	1896903.7381259233
12.617802337117919	1816651.066046541
12.743980360489097	1757227.67988919
12.871420164093989	1694919.6833811584
13.000134365734928	1626736.2957365168
13.130135709392277	1554460.2091248997
13.261437066486202	1498683.7480089727
13.394051437151063	1446974.8003743752
13.527991951522575	1387076.2148180972
13.6632718710378	1327836.1697589734
13.799904589748177	1284431.545867565
13.937903635645661	1243360.7324819355
14.077282672002116	1184650.6492362977
14.218055498722139	1143613.6401034042
14.36023605370936	1102358.1077919558
14.503838414246454	1062136.4809176805
14.648876798388917	1003938.3048637654
14.795365566372807	981501.9583892667
14.943319222036536	944760.251537352
15.0927524142569	910560.7489902502
15.24367993839947	861904.0381890241
15.396116737783466	838848.3639473933
15.550077905161299	809734.700887281
15.705578684212913	780681.6724448294
15.862634471055042	746394.2842700935
16.021260815765594	710102.920872476
16.181473423923247	691957.2487071701
16.34328815816248	668892.6471477348
16.506721039744104	639215.4544914569
16.67178825014155	609554.0517794769
16.838506132642966	588272.6608247039
17.006891193969395	571298.5287959024
17.176960105909085	547314.0458343682
17.34872970696818	523678.7973256543
17.52221700403786	505282.76870351966
17.697439174078237	485824.51828444086
17.874413565819022	469908.59737801267
18.05315770147721	452769.6814121705
18.233689278491983	429850.20795948314
18.416026171276904	418039.08168775425
18.600186432989673	398308.23784325883
18.78618829731957	385214.59088060335
18.974050180292764	370690.100624205
19.163790682095694	356186.5320463769
19.35542858891665	342021.8601228618
19.548982874805816	329404.9718919817
19.744472703553875	317688.33062875393
19.941917430589417	305270.7867319156
20.14133660489531	290832.3378260899
20.34274997094426	282642.49521866074
20.546177470653703	272012.107749588
20.75163924536024	261955.13911993892
20.959155637813843	249758.34884186496
21.168747194191983	241386.9476957371
21.380434666133905	232083.20948703808
21.594239012795242	223412.81929885855
21.810181402923195	215062.95673708073
22.028283216952428	206720.53195067777
22.248566049121955	197745.55700926983
22.47105170961317	191781.65264025348
22.695762226709302	183637.34332122043
22.9227198489764	177085.56345118379
23.151947047466162	168542.49066461957
23.38346651794082	163987.5848035146
23.617301183120233	157268.47675779648
23.85347419495143	151143.42530316752
24.09200893690095	145026.45043793062
24.33292902626996	139816.66009680356
24.57625831653266	134523.55597478314
24.822020899697986	129382.20728340594
25.070241108694965	123560.91924796598
25.320943519781917	118928.7139838103
25.574152954979734	114714.83944515084
25.82989448452953	111077.08887879744
26.08819342937483	105962.81790802044
26.34907536366858	102223.15674461053
26.612566117305263	97920.1876513884
26.878691778478316	94879.53470161973
27.147478696263097	90899.62859156315
27.418953483225728	86419.10755035008
27.693143018057985	83745.76671393063
27.970074448238567	80612.86817651834
28.24977519272095	77930.39955034874
28.532272944648163	73935.10269320499
28.817595674094644	71592.59218436504
29.10577163083559	68969.09404885209
29.396829347143946	66367.89327097958
29.690797640615386	63435.52958071094
29.98770561702154	61568.57692762183
30.287582673191757	59198.937374740264
30.590458499923674	56222.302485094726
30.896363084922914	54458.82242730997
31.205326715772138	52617.58461171333
31.517379982929864	50672.223705201504
31.832553782759163	48485.316666718885
32.15087932058675	46588.10513300127
32.472388113792626	44545.54302589993
32.79711199493055	43116.74758083071
33.12508311487986	41308.47846515327
33.45633394602865	39865.0367928711
33.79089728548894	38415.09740267022
34.12880625834383	36555.440985883775
34.47009432092727	35219.931881039105
34.81479526413654	34082.17839431396
35.16294321677791	32452.562160276186
35.51457264894569	31383.39643101875
35.86971837543514	30193.76852429454
36.2284155591895	29010.161207226225
36.59069971478139	27639.64215833119
36.956606711929204	26818.150530258754
37.3261727790485	25735.621608152283
37.69943450683898	24764.84193563375
38.07642885190737	23773.46181900312
38.45719314042645	22657.526193780464
38.841765071830714	21931.933736985262
39.23018272254902	21077.6679436562
39.622484549774505	20437.182260091253
40.01870939527225	19482.418708175832
40.41889648922498	18740.00833246736
40.823085454117226	18099.409416045175
41.2313163086584	17368.68438843281
41.64362947174499	16668.7790483195
42.06006576646243	16059.936921052144
42.48066642412706	15421.969262576866
42.90547308836833	14789.769535031073
43.33452781925202	14259.303160299183
43.767873097444536	13646.161046819441
44.20555182841898	13164.544951976271
44.64760734670317	12583.253878295538
45.0940834201702	12135.188055315284
45.54502425437191	11645.161492815803
46.00047449691562	11210.47989189401
46.460479241884784	10725.87312413693
46.92508403430362	10389.719071004982
47.39433487464667	9989.998875941235
47.868278223393126	9575.874927090563
48.346961005627065	9167.3277109575
48.83043061568333	8837.683055170291
49.31873492184017	8512.436932061215
49.81192227105857	8176.986325762512
50.310041493769155	7868.600210811217
50.813141908706854	7561.536427802328
51.32127332779392	7264.615633276369
51.83448606107186	6963.968187490325
52.352830921682575	6710.424095981035
52.8763592308994	6450.77580971014
53.405122823208394	6183.475453807732
53.93917405144048	5955.877550293851
54.478565791954885	5723.240785157998
55.02335144987443	5501.747437994449
55.57358496437318	5292.659034684607
56.129320814016914	5041.226544371175
56.690614022157085	4874.276057564092
57.257520162378654	4687.537673565529
57.83009536400244	4505.830368139674
58.40839631764247	4322.00750496008
58.99248028081889	4169.1563459698555
59.58240508362709	4010.6521754515907
60.17822913446335	3840.6789154874637
60.780011425807984	3690.6059261140176
61.38781154006607	3556.5646956986043
62.00168965546673	3417.1785257962056
62.621706552021394	3283.6968744064184
63.24792361754161	3159.4753428802483
63.88040285371702	3027.8151629354447
64.5192068822542	2917.2796809408965
65.16439895107675	2786.3603585950127
65.81604294058751	2689.8439991343857
66.47420336999339	2586.9829881050155
67.13894540369331	2489.8142503703666
67.81033485773025	2388.8330650860926
68.48843820630756	2298.303485276331
69.17332258837064	2205.8655572090784
69.86505581425433	2122.6011615030043
70.56370637239688	2037.56229650165
71.26934343612085	1956.1489287801394
71.98203687048206	1883.0937804249793
72.70185723918688	1809.7447946191733
73.42887581157875	1737.475235461725
74.16316456969453	1670.1283200020303
74.90479621539149	1603.2911007639368
75.6538441775454	1543.6577877708878
76.41038261932086	1483.374458929249
77.17448644551406	1423.8735540414675
77.9462313099692	1370.121134935466
78.7256936230689	1314.8657231348127
79.51295055929958	1261.9412900520153
80.30808006489258	1215.3255653896238
81.11116086554152	1169.2174746082048
81.92227247419693	1124.7367194350993
82.74149519893889	1081.0936489996982
83.56891015092829	1033.8979181113996
84.40459925243758	994.013177312292
85.24864524496195	957.9453197449415
86.10113169741156	920.5119037385728
86.96214301438569	884.4898528008868
87.83176444452954	850.3677922501851
88.71008208897484	815.6183582772151
89.59718290986459	785.2953736518846
90.49315473896324	754.5706381305409
91.39808628635286	719.8553616645894
92.3120671492164	697.1853706597436
93.23518782070856	670.6019406104573
94.16753969891565	643.6107427600585
95.1092150959048	617.0977817480831
96.06030724686386	593.958793287273
97.0209103193325	570.5707819495666
97.99111942252583	548.342815703366
98.97103061675108	523.2534531138164
99.96074092291859	505.88236899280986
100.96034833214779	486.5312795902282
101.96995181546924	467.5464488021409
102.98965133362394	447.54806857970146
104.0195478469602	431.59644483904594
105.05974332542979	415.0929783464444
106.11034075868409	398.72248121215284
107.17144416627093	383.1327854785971
108.24315860793364	367.9666199623352
109.32559019401299	353.9282754343301
110.41884609595311	339.77108703922016
111.52303455691263	326.8516683190348
112.63826490248177	313.7352112389598
113.76464755150658	301.0633656802243
114.90229402702165	289.6565251917136
116.05131696729188	278.43787772563513
117.21183013696479	267.78154927399703
118.38394843833444	257.01557983430195
119.5677879227178	247.1693278346435
120.76346580194497	237.31521678841943
121.97110045996442	227.55758452245936
123.19081146456406	219.23437221873502
124.42271957920971	210.52583535031394
125.6669467750018	202.31943003448208
126.92361624275183	194.35297093540356
128.19285240517934	186.88891834662977
129.47478092923114	179.53788571307555
130.76952873852346	172.70215398662407
132.0772240259087	165.8244243559024
133.39799626616778	159.3957130144062
134.73197622882944	153.06097180834223
136.07929599111776	147.17965901461278
137.4400889510289	140.79111198116846
138.8144898405392	135.78694196534667
140.20263473894462	130.46428164078011
141.60466108633406	125.51802220466604
143.0207076971974	120.48982077234072
144.45091477416938	115.79481364352651
145.8954239219111	111.39094307596328
147.35437816113017	106.94939120504509
148.82792194274148	102.66604281990669
150.3162011621689	98.66731290202901
151.8193631737906	94.8097429116043
153.3375568055285	91.12783792225802
154.8709323735838	87.60587748631336
156.41964169731963	84.09615684128413
157.98383811429284	80.82344177346026
159.56367649543577	77.66687347941814
161.1593132603901	74.61911856335723
162.77090639299402	71.46446425280904
164.39861545692395	68.91938154670272
166.04260161149318	66.22369884810672
167.70302762760812	63.62401002721644
169.38005790388422	61.10008976326527
171.07385848292307	58.545107975111875
172.7845970677523	56.44169988090224
174.5124430384298	54.216660072919844
176.25756746881413	52.110664250195924
178.02014314350225	50.0475224075148
179.80034457493727	48.1324452841023
181.59834802068664	46.236546975844554
183.41433150089352	44.39100570211954
185.24847481590245	42.42154575052192
187.1009595640615	40.99541840482548
188.9719691597021	39.40423999507154
190.8616888512991	37.85480962818109
192.77030573981213	36.36413122176948
194.69800879721024	34.939047241916285
196.64498888518233	33.57126134333936
198.61143877403418	32.26175756655391
200.5975531617745	31.024573296604835
202.60352869339226	29.785408928497223
204.62956398032617	28.61565227724817
206.67585962012947	27.490907881871692
208.74261821633075	26.414153474706183
210.83004439849404	25.379456017071096
212.93834484247898	24.390237605427433
215.0677282909038	23.432939261087103
217.21840557381284	22.549740994748767
219.39058962955096	21.63374487117876
221.58449552584648	20.79478727312137
223.80034048110494	19.978995315189763
226.038343885916	19.20315313376534
228.29872732477517	18.441617900647124
230.5817145980229	17.71775272445944
232.88753174400313	17.025875605145348
235.21640706144316	16.358143531386222
237.56857113205763	15.71979805133401
239.94425684337818	15.104143304595697
242.34369941181194	14.535377908012693
244.76713640593007	13.942282373774667
247.2148077699894	13.396735404314608
249.68695584768926	12.873530190810676
252.18382540616616	12.380411692618571
254.70566366022786	11.885071472430546
257.2527202968301	11.421486039094628
259.8252474997984	10.972205055734893
262.4234999747964	10.541577176497716
265.04773497454437	10.130672014082615
267.69821232428984	9.73366729018587
270.3751944475327	9.350619978579829
273.07894639200805	8.9844758307666
275.8097358559282	8.632701592832255
278.5678332144874	8.295359730965806
281.35351154663226	7.969936420488405
284.16704666209864	7.657779329779482
287.00871712871964	7.360029787904129
289.87880430000683	7.072495189436395
292.77759234300686	6.7934810133497585
295.70536826643695	6.526999490316674
298.6624219491013	6.271302163143242
301.64904616859235	6.02584335653889
304.66553663027827	5.78978132009335
307.71219199658105	5.566212399068756
310.78931391654686	5.345244282035288
313.8972070557124	5.146564846576382
317.0361791262695	4.934752516165568
320.20654091753215	4.742314688302344
323.40860632670746	4.558162921527496
326.64269238997457	4.377382580622081
329.90911931387427	4.205965526761519
333.20821050701306	4.041499925630833
336.5402926120832	3.8829778870281966
339.90569553820404	3.7309162492424464
343.304752493586	3.5859886201075515
346.73780001852197	3.444435786376422
350.20517801870716	3.3096318180021247
353.7072297988942	3.179899838128992
357.2443020968832	3.0554997361947978
360.816745117852	2.9358324577465527
364.42491256903054	2.8207364371615236
368.06916169472083	2.710262050664517
371.74985331166806	2.604127607956434
375.46735184478473	2.5047305825221025
379.2220253632326	2.4041356939480223
383.01424561686497	2.311015582100534
386.8443880730336	2.2195558878404142
390.7128319537639	2.1326343929022777
394.6199602733015	2.0491185984926235
398.5661598760346	1.9688409596225303
402.55182147479496	1.8917419913896651
406.5773396895429	1.8179357620034848
410.64311308643835	1.7464317853797868
414.7495442173027	1.678044008037576
418.89703965947575	1.6123227470269728
423.08601005607045	1.549173072683059
427.3168701566312	1.488549157828519
431.59003885819754	1.4303870975630437
435.9059392467795	1.3741837424393837
440.26499863924727	1.320361372689702
444.66764862563974	1.2687552814151064
449.11432511189616	1.219143982770012
453.6054683630151	1.1724068809018933
458.14152304664526	1.125357744021009
462.7229382771117	1.082661071195121
467.35016765988286	1.0394631397703855
472.0236693364817	0.998254434773121
476.7439060298465	0.959192244012692
481.51134509014497	0.9218593721521935
486.3264585410464	0.8854805231793799
491.1897231264569	0.8508160940504664
496.10162035772146	0.8174806053437708
501.0626365612987	0.785798149472534
506.0732629269117	0.7547310702488648
511.1339955561808	0.7251391015748214
516.2453355117426	0.6967695962243948
521.4077888668601	0.6694530080772344
526.6218667555286	0.6437577596126574
531.888085423084	0.6180460345313279
537.2069662773148	0.593841027829664
542.579035940088	0.5705780546478992
548.0048262994887	0.5482319456440621
553.4848745624838	0.5267592626761718
559.0197233081085	0.50613104857673
564.6099205411896	0.4863156882646095
570.2560197466016	0.4672577006584458
575.9585799440677	0.448957821550471
581.7181657435083	0.43137366678611566
587.5353474009435	0.41448065957698754
593.4107008749528	0.39824954102160337
599.3448078837024	0.3826487797693465
605.3382559625394	0.36766207367823583
611.3916385221648	0.35326255090542197
617.5055549073865	0.3394309751435488
623.6806104564603	0.3261340096602384
629.9174165610249	0.3133666545616584
636.2165907266352	0.3010886725864153
642.5787566339015	0.28929787586134637
649.0045442002405	0.27796590733959853
655.4945896422429	0.2670795023013759
662.0495355386654	0.2566221328306192
668.670030894052	0.2465757895096102
675.3567312029925	0.236914423249761
682.1102985150225	0.2276354095058964
688.9314015001727	0.21872114054910516
695.8207155151745	0.21015467737669888
702.7789226703262	0.2019231616079187
709.8067118970295	0.1940151830106289
716.9047790159998	0.18642875415298615
724.0738268061598	0.17916257076991463
731.3145650742214	0.17210846669231641
738.6277107249635	0.16536158722390715
746.0139878322132	0.15888551410079643
753.4741277105354	0.15266319363881914
761.0088689876408	0.1466845900258973
768.6189576775171	0.14094006249508742
776.3051472542923	0.13542054049799634
784.0681987268352	0.13011720878157712
791.9088807141036	0.1250297147084728
799.8279695212447	0.1201298658343938
807.8262492164572	0.11542128000885596
815.9045117086216	0.11090129880328262
824.0635568257079	0.10655859544709888
832.304192393965	0.1023852689370002
840.6272343179047	0.09837579512619066
849.0335066610837	0.09452332508989274
857.5238417276945	0.09082227173942398
866.0990801449715	0.08726554609693597
874.7600709464213	0.08384786856383553
883.5076716558855	0.08056461517235809
892.3427483724444	0.07740951233840787
901.2661758561687	0.07437831208393163
910.2788376147305	0.0714659115802797
919.3816259908778	0.06866857837009405
928.5754422507866	0.06597825989076497
937.8611966732944	0.06339469612506024
947.2398086400275	0.060912268473938457
956.7122067264277	0.0585269661222705
966.279328793692	0.05623520951631816
975.9421220816289	0.0540334748062723
985.7015433024452	0.051922395422825986
