#wavelength	surface_flux
0.001	4.711183279975496e-95
0.00101	4.711183279975493e-95
0.0010201000000000001	4.711183279975493e-95
0.0010303010000000002	4.7111832799754945e-95
0.00104060401	4.711183279975494e-95
0.0010510100501000001	4.7111832799754945e-95
0.0010615201506010002	4.711183279975494e-95
0.00107213535210701	4.711183279975493e-95
0.0010828567056280802	4.711183279975495e-95
0.0010936852726843608	4.711183279975492e-95
0.0011046221254112046	4.711183279975494e-95
0.0011156683466653167	4.711183279975495e-95
0.0011268250301319698	4.711183279975494e-95
0.0011380932804332896	4.711183279975496e-95
0.0011494742132376226	4.711183279975495e-95
0.0011609689553699987	4.711183279975493e-95
0.0011725786449236987	4.711183279975493e-95
0.0011843044313729356	4.7111832799754945e-95
0.001196147475686665	4.711183279975493e-95
0.0012081089504435317	4.711183279975496e-95
0.0012201900399479671	4.7111832799754945e-95
0.0012323919403474468	4.711183279975494e-95
0.0012447158597509213	4.711183279975492e-95
0.0012571630183484304	4.7111832799754945e-95
0.0012697346485319148	4.711183279975494e-95
0.0012824319950172339	4.7111832799754925e-95
0.0012952563149674064	4.711183279975493e-95
0.0013082088781170805	4.711183279975493e-95
0.001321290966898251	4.711183279975494e-95
0.0013345038765672336	4.711183279975492e-95
0.001347848915332906	4.711183279975494e-95
0.0013613274044862352	4.711183279975495e-95
0.0013749406785310975	4.711183279975494e-95
0.0013886900853164084	4.711183279975494e-95
0.0014025769861695724	4.7111832799754945e-95
0.0014166027560312683	4.711183279975494e-95
0.001430768783591581	4.711183279975494e-95
0.0014450764714274969	4.711183279975494e-95
0.0014595272361417717	4.7111832799754925e-95
0.0014741225085031894	4.711183279975494e-95
0.0014888637335882214	4.7111832799754945e-95
0.0015037523709241036	4.711183279975493e-95
0.0015187898946333446	4.711183279975495e-95
0.001533977793579678	4.7111832799754945e-95
0.001549317571515475	4.711183279975493e-95
0.0015648107472306296	4.711183279975495e-95
0.001580458854702936	4.711183279975493e-95
0.0015962634432499655	4.711183279975493e-95
0.001612226077682465	4.711183279975493e-95
0.0016283483384592896	4.711183279975494e-95
0.0016446318218438828	4.711183279975493e-95
0.0016610781400623216	4.7111832799754925e-95
0.0016776889214629447	4.711183279975494e-95
0.0016944658106775741	4.711183279975496e-95
0.00171141046878435	4.711183279975494e-95
0.0017285245734721935	4.711183279975494e-95
0.0017458098192069155	4.7111832799754925e-95
0.0017632679173989845	4.711183279975493e-95
0.0017809005965729746	4.711183279975494e-95
0.0017987096025387042	4.711183279975494e-95
0.0018166966985640914	4.711183279975495e-95
0.0018348636655497322	4.711183279975494e-95
0.0018532123022052297	4.711183279975494e-95
0.001871744425227282	4.711183279975495e-95
0.0018904618694795547	4.7111832799754925e-95
0.0019093664881743501	4.7111832799754925e-95
0.0019284601530560937	4.711183279975494e-95
0.0019477447545866546	4.711183279975493e-95
0.001967222202132521	4.711183279975493e-95
0.0019868944241538465	4.7111832799754945e-95
0.0020067633683953853	4.7111832799754945e-95
0.002026831002079339	4.711183279975494e-95
0.0020470993121001323	4.711183279975495e-95
0.0020675703052211334	4.711183279975496e-95
0.002088246008273345	4.711183279975495e-95
0.0021091284683560784	4.711183279975494e-95
0.0021302197530396394	4.711183279975495e-95
0.002151521950570036	4.711183279975494e-95
0.002173037170075736	4.7111832799754945e-95
0.0021947675417764933	4.711183279975494e-95
0.0022167152171942584	4.7111832799754945e-95
0.002238882369366201	4.711183279975495e-95
0.0022612711930598633	4.7111832799754945e-95
0.0022838839049904615	4.711183279975494e-95
0.0023067227440403664	4.711183279975493e-95
0.00232978997148077	4.7111832799754925e-95
0.0023530878711955777	4.711183279975494e-95
0.0023766187499075337	4.711183279975494e-95
0.0024003849374066087	4.711183279975493e-95
0.002424388786780675	4.7111832799754925e-95
0.0024486326746484817	4.711183279975496e-95
0.0024731190013949664	4.7111832799754945e-95
0.0024978501914089163	4.711183279975494e-95
0.0025228286933230053	4.711183279975494e-95
0.0025480569802562355	4.7111832799754945e-95
0.0025735375500587983	4.7111832799754945e-95
0.0025992729255593858	4.711183279975493e-95
0.00262526565481498	4.711183279975493e-95
0.0026515183113631296	4.711183279975494e-95
0.002678033494476761	4.7111832799754945e-95
0.0027048138294215283	4.7111832799754945e-95
0.002731861967715744	4.711183279975495e-95
0.002759180587392901	4.711183279975494e-95
0.0027867723932668304	4.711183279975496e-95
0.002814640117199499	4.711183279975494e-95
0.0028427865183714937	4.711183279975494e-95
0.002871214383555209	4.7111832799754925e-95
0.0028999265273907606	4.7111832799754945e-95
0.002928925792664668	4.711183279975493e-95
0.002958215050591315	4.711183279975495e-95
0.002987797201097228	4.711183279975493e-95
0.0030176751731082006	4.7111832799754925e-95
0.0030478519248392827	4.711183279975495e-95
0.0030783304440876753	4.711183279975494e-95
0.0031091137485285522	4.711183279975494e-95
0.0031402048860138376	4.711183279975493e-95
0.0031716069348739764	4.711183279975495e-95
0.003203323004222716	4.7111832799754925e-95
0.003235356234264943	4.711183279975493e-95
0.003267709796607593	4.711183279975492e-95
0.0033003868945736684	4.711183279975493e-95
0.003333390763519405	4.711183279975494e-95
0.0033667246711545995	4.711183279975493e-95
0.0034003919178661455	4.711183279975493e-95
0.0034343958370448065	4.7111832799754925e-95
0.0034687397954152547	4.711183279975494e-95
0.0035034271933694077	4.7111832799754945e-95
0.0035384614653031017	4.711183279975493e-95
0.0035738460799561327	4.711183279975493e-95
0.003609584540755694	4.711183279975493e-95
0.003645680386163251	4.711183279975495e-95
0.0036821371900248832	4.711183279975493e-95
0.0037189585619251324	4.711183279975494e-95
0.0037561481475443838	4.711183279975495e-95
0.0037937096290198277	4.7111832799754945e-95
0.003831646725310026	4.711183279975493e-95
0.003869963192563126	4.711183279975494e-95
0.003908662824488757	4.7111832799754945e-95
0.003947749452733645	4.711183279975494e-95
0.003987226947260982	4.7111832799754945e-95
0.004027099216733592	4.711183279975493e-95
0.004067370208900928	4.7111832799754945e-95
0.004108043910989938	4.7111832799754945e-95
0.004149124350099836	4.7111832799754925e-95
0.004190615593600834	4.711183279975492e-95
0.004232521749536843	4.7111832799754945e-95
0.004274846967032212	4.711183279975494e-95
0.004317595436702534	4.711183279975494e-95
0.004360771391069559	4.711183279975493e-95
0.0044043791049802545	4.7111832799754925e-95
0.004448422896030057	4.711183279975494e-95
0.0044929071249903575	4.711183279975494e-95
0.004537836196240262	4.711183279975494e-95
0.004583214558202664	4.711183279975494e-95
0.004629046703784691	4.711183279975493e-95
0.0046753371708225374	4.711183279975493e-95
0.004722090542530763	4.711183279975494e-95
0.004769311447956071	4.711183279975495e-95
0.004817004562435632	4.7111832799754945e-95
0.004865174608059988	4.711183279975493e-95
0.004913826354140587	4.711183279975494e-95
0.004962964617681994	4.7111832799754925e-95
0.005012594263858814	4.7111832799754925e-95
0.005062720206497402	4.711183279975495e-95
0.0051133474085623765	4.711183279975493e-95
0.005164480882648	4.711183279975495e-95
0.0052161256914744795	4.711183279975494e-95
0.005268286948389224	4.711183279975494e-95
0.0053209698178731165	4.711183279975493e-95
0.005374179516051849	4.711183279975494e-95
0.005427921311212366	4.7111832799754925e-95
0.0054822005243244905	4.711183279975494e-95
0.005537022529567735	4.711183279975496e-95
0.005592392754863413	4.711183279975494e-95
0.0056483166824120475	4.7111832799754945e-95
0.0057047998492361675	4.711183279975494e-95
0.005761847847728529	4.7111832799754925e-95
0.005819466326205815	4.711183279975494e-95
0.005877660989467873	4.7111832799754925e-95
0.005936437599362551	4.7111832799754945e-95
0.005995801975356177	4.711183279975493e-95
0.0060557599951097385	4.7111832799754945e-95
0.006116317595060837	4.7111832799754945e-95
0.006177480771011445	4.711183279975495e-95
0.006239255578721559	4.711183279975493e-95
0.006301648134508775	4.711183279975494e-95
0.006364664615853863	4.7111832799754925e-95
0.006428311262012401	4.711183279975496e-95
0.0064925943746325255	4.7111832799754945e-95
0.006557520318378851	4.711183279975495e-95
0.006623095521562639	4.711183279975495e-95
0.006689326476778266	4.711183279975495e-95
0.0067562197415460485	4.711183279975494e-95
0.006823781938961509	4.711183279975494e-95
0.006892019758351124	4.7111832799754945e-95
0.0069609399559346355	4.711183279975493e-95
0.007030549355493982	4.7111832799754925e-95
0.007100854849048922	4.711183279975493e-95
0.007171863397539412	4.711183279975492e-95
0.007243582031514805	4.7111832799754925e-95
0.007316017851829954	4.711183279975495e-95
0.007389178030348253	4.7111832799754925e-95
0.007463069810651736	4.711183279975494e-95
0.007537700508758254	4.711183279975493e-95
0.007613077513845836	4.711183279975494e-95
0.007689208288984294	4.711183279975494e-95
0.007766100371874137	4.7111832799754945e-95
0.00784376137559288	4.7111832799754925e-95
0.007922198989348808	4.711183279975494e-95
0.008001420979242295	4.711183279975495e-95
0.008081435189034718	4.711183279975493e-95
0.008162249540925065	4.7111832799754945e-95
0.008243872036334317	4.711183279975492e-95
0.008326310756697661	4.711183279975493e-95
0.008409573864264637	4.711183279975494e-95
0.008493669602907282	4.711183279975493e-95
0.008578606298936356	4.711183279975495e-95
0.008664392361925718	4.711183279975491e-95
0.008751036285544977	4.711183279975493e-95
0.008838546648400426	4.711183279975493e-95
0.008926932114884432	4.711183279975495e-95
0.009016201436033275	4.711183279975493e-95
0.009106363450393609	4.7111832799754945e-95
0.009197427084897545	4.7111832799754945e-95
0.00928940135574652	4.711183279975493e-95
0.009382295369303986	4.7111832799754925e-95
0.009476118322997024	4.711183279975493e-95
0.009570879506226997	4.7111832799754945e-95
0.009666588301289265	4.7111832799754905e-95
0.009763254184302158	4.7111832799754925e-95
0.00986088672614518	4.711183279975494e-95
0.009959495593406632	4.7111832799754945e-95
0.0100590905493407	4.7111832799754925e-95
0.010159681454834106	4.711183279975495e-95
0.010261278269382446	4.711183279975493e-95
0.01036389105207627	4.711183279975495e-95
0.010467529962597035	4.711183279975493e-95
0.010572205262223005	4.7111832799754945e-95
0.010677927314845235	4.711183279975494e-95
0.010784706587993687	4.711183279975494e-95
0.010892553653873623	4.711183279975494e-95
0.01100147919041236	4.7111832799754925e-95
0.011111493982316483	4.711183279975494e-95
0.01122260892213965	4.711183279975494e-95
0.011334835011361045	4.711183279975494e-95
0.011448183361474655	4.711183279975495e-95
0.011562665195089401	4.711183279975494e-95
0.011678291847040296	4.7111832799754945e-95
0.0117950747655107	4.711183279975495e-95
0.011913025513165806	4.711183279975494e-95
0.012032155768297465	4.711183279975494e-95
0.01215247732598044	4.711183279975493e-95
0.012274002099240244	4.7111832799754925e-95
0.012396742120232647	4.7111832799754945e-95
0.012520709541434973	4.711183279975494e-95
0.012645916636849323	4.711183279975495e-95
0.012772375803217816	4.7111832799754945e-95
0.012900099561249994	4.7111832799754925e-95
0.013029100556862495	4.711183279975495e-95
0.01315939156243112	4.7111832799754945e-95
0.01329098547805543	4.7111832799754945e-95
0.013423895332835984	4.7111832799754945e-95
0.013558134286164345	4.711183279975494e-95
0.01369371562902599	4.711183279975494e-95
0.013830652785316248	4.7111832799754925e-95
0.013968959313169412	4.7111832799754925e-95
0.014108648906301107	4.711183279975494e-95
0.014249735395364118	4.711183279975494e-95
0.014392232749317758	4.7111832799754945e-95
0.014536155076810936	4.7111832799754945e-95
0.014681516627579045	4.711183279975494e-95
0.014828331793854836	4.711183279975493e-95
0.014976615111793384	4.7111832799754945e-95
0.015126381262911319	4.711183279975493e-95
0.015277645075540433	4.711183279975495e-95
0.015430421526295836	4.711183279975494e-95
0.015584725741558796	4.711183279975494e-95
0.015740572998974384	4.711183279975494e-95
0.015897978728964125	4.711183279975494e-95
0.01605695851625377	4.711183279975494e-95
0.016217528101416308	4.711183279975493e-95
0.01637970338243047	4.711183279975495e-95
0.016543500416254773	4.711183279975494e-95
0.016708935420417324	4.711183279975494e-95
0.016876024774621495	4.7111832799754945e-95
0.01704478502236771	4.711183279975494e-95
0.017215232872591385	4.711183279975496e-95
0.0173873852013173	4.711183279975493e-95
0.017561259053330475	4.711183279975493e-95
0.01773687164386378	4.711183279975494e-95
0.017914240360302418	4.711183279975493e-95
0.018093382763905444	4.711183279975493e-95
0.0182743165915445	4.7111832799754925e-95
0.01845705975745994	4.7111832799754945e-95
0.01864163035503454	4.711183279975494e-95
0.01882804665858489	4.711183279975493e-95
0.019016327125170738	4.711183279975493e-95
0.019206490396422443	4.7111832799754945e-95
0.01939855530038667	4.711183279975495e-95
0.019592540853390534	4.711183279975494e-95
0.01978846626192444	4.711183279975494e-95
0.019986350924543685	4.711183279975494e-95
0.020186214433789124	4.711183279975495e-95
0.020388076578127013	4.711183279975494e-95
0.020591957343908285	4.711183279975495e-95
0.020797876917347368	4.711183279975493e-95
0.021005855686520844	4.711183279975493e-95
0.02121591424338605	4.711183279975494e-95
0.02142807338581991	4.711183279975494e-95
0.02164235411967811	4.7111832799754925e-95
0.02185877766087489	4.711183279975493e-95
0.02207736543748364	4.7111832799754945e-95
0.022298139091858477	4.711183279975494e-95
0.02252112048277706	4.7111832799754925e-95
0.022746331687604832	4.711183279975495e-95
0.022973795004480883	4.711183279975493e-95
0.02320353295452569	4.711183279975493e-95
0.023435568284070948	4.7111832799754945e-95
0.023669923966911657	4.711183279975493e-95
0.02390662320658077	4.711183279975494e-95
0.024145689438646582	4.711183279975493e-95
0.024387146333033047	4.7111832799754925e-95
0.024631017796363376	4.711183279975495e-95
0.024877327974327013	4.711183279975493e-95
0.025126101254070284	4.7111832799754945e-95
0.025377362266610984	4.7111832799754945e-95
0.025631135889277096	4.7111832799754945e-95
0.025887447248169868	4.711183279975492e-95
0.026146321720651563	4.711183279975493e-95
0.026407784937858083	4.711183279975494e-95
0.026671862787236662	4.711183279975494e-95
0.02693858141510903	4.711183279975493e-95
0.02720796722926012	4.7111832799754945e-95
0.027480046901552722	4.711183279975493e-95
0.02775484737056825	4.7111832799754925e-95
0.028032395844273934	4.7111832799754925e-95
0.02831271980271667	4.711183279975493e-95
0.02859584700074384	4.7111832799754945e-95
0.028881805470751278	4.711183279975493e-95
0.02917062352545879	4.7111832799754945e-95
0.029462329760713377	4.711183279975494e-95
0.029756953058320514	4.7111832799754945e-95
0.030054522588903718	4.7111832799754925e-95
0.030355067814792754	4.711183279975494e-95
0.030658618492940683	4.711183279975493e-95
0.030965204677870093	4.711183279975493e-95
0.03127485672464879	4.711183279975495e-95
0.031587605291895283	4.711183279975493e-95
0.03190348134481423	4.7111832799754945e-95
0.032222516158262375	4.711183279975495e-95
0.03254474131984499	4.711183279975496e-95
0.03287018873304345	4.711183279975495e-95
0.03319889062037388	4.711183279975493e-95
0.03353087952657762	4.711183279975495e-95
0.0338661883218434	4.711183279975494e-95
0.03420485020506183	4.7111832799754945e-95
0.03454689870711246	4.711183279975495e-95
0.03489236769418358	4.711183279975494e-95
0.035241291371125416	4.711183279975494e-95
0.03559370428483667	4.7111832799754945e-95
0.035949641327685036	4.711183279975494e-95
0.03630913774096189	4.7111832799754945e-95
0.03667222911837151	4.711183279975494e-95
0.03703895140955522	4.711183279975493e-95
0.03740934092365077	4.711183279975495e-95
0.037783434332887285	4.711183279975493e-95
0.03816126867621615	4.7111832799754925e-95
0.038542881362978315	4.711183279975493e-95
0.038928310176608104	4.711183279975493e-95
0.03931759327837418	4.711183279975493e-95
0.039710769211157924	4.711183279975496e-95
0.0401078769032695	4.711183279975494e-95
0.0405089556723022	4.7111832799754945e-95
0.04091404522902522	4.7113425810718234e-95
0.041323185681315475	4.7139536562856066e-95
0.04173641753812863	4.748609090355726e-95
0.04215378171350991	5.199205251083065e-95
0.042575319530645014	1.0904859797252494e-94
0.04300107272595147	8.132083358275481e-94
0.043431083453210985	9.287480378982807e-93
0.04386539428774309	1.0872844764437506e-91
0.04430404823062052	1.2469537158241125e-90
0.04474708871292673	1.3958267949531186e-89
0.045194559600056	1.525124188800794e-88
0.04564650519605655	1.6265180996544066e-87
0.04610297024801712	1.6937341260695986e-86
0.046563999950497294	1.72240809025799e-85
0.04702963995000226	1.7113045374707848e-84
0.04749993634950229	1.6610901158216352e-83
0.04797493571299731	1.575893420853822e-82
0.04845468507012728	1.461382564241009e-81
0.04893923192082856	1.3488609833066877e-80
0.04942862424003685	1.197413178119273e-79
0.04992291048243721	1.03794928375675e-78
0.050422139587261584	2.2210144052106856e-65
0.0509263609831342	1.613557149417342e-64
0.051435624592965544	7.855491494816356e-64
0.0519499808388952	2.8313570438444536e-63
0.05246948064728415	1.600116683158256e-62
0.052994175453756995	7.6979067227885885e-62
0.053524117208294565	1.6993258663319202e-61
0.05405935838037751	1.6482150823459768e-60
0.05459995196418129	7.944627803878702e-60
0.0551459514838231	3.544291088828169e-59
0.05569741099866134	1.5433491916064671e-58
0.05625438510864795	6.646967511418655e-58
0.056816928959734427	2.8100374034045286e-57
0.05738509824933177	1.6540802076094798e-56
0.05795894923182509	7.255487347443066e-56
0.05853853872414334	1.5899826983478054e-55
0.05912392411138478	1.4183667673495213e-54
0.05971516335249862	5.805493509636007e-54
0.06031231498602361	2.2665348348671984e-53
0.06091543813588385	8.687227407300948e-53
0.06152459251724268	3.252966817319677e-52
0.062139838442415114	1.2159870978183724e-51
0.06276123682683926	4.2947638343666187e-51
0.06338884919510765	1.5973408863175443e-50
0.06402273768705874	5.892449596010079e-50
0.06466296506392932	2.0985503970504485e-49
0.06530959471456863	7.377823324346484e-49
0.06596269066171431	2.5290254149654687e-48
0.06662231756833144	8.795151612018881e-48
0.06728854074401477	2.985504256281566e-47
0.06796142615145492	1.0022762423585983e-46
0.06864104041296946	3.3276943701991503e-46
0.06932745081709915	1.0895539454716713e-45
0.07002072532527015	3.548796429215339e-45
0.07072093257852285	1.138139046088051e-44
0.07142814190430807	3.627378513252089e-44
0.07214242332335115	1.1411530713694942e-43
0.07286384755658468	3.5429374568287432e-43
0.07359248603215052	1.0752204244568249e-42
0.07432841089247202	3.243563563796377e-42
0.07507169500139675	9.64789749663452e-42
0.07582241195141072	2.9899756153814005e-41
0.07658063607092483	8.056974235230211e-41
0.07734644243163408	2.554251228559184e-40
0.07811990685595041	7.556487000372104e-40
0.07890110592450993	2.6199542014032846e-39
0.07969011698375501	7.681177382155922e-39
0.08048701815359258	2.1630316624367258e-38
0.08129188833512849	6.093873775078512e-38
0.08210480721847978	1.6777068871784318e-37
0.08292585529066457	4.653894094731929e-37
0.08375511384357122	1.2273285565773756e-36
0.08459266498200693	2.265988064506323e-36
0.08543859163182702	3.71656698769922e-36
0.08629297754814527	9.691207315453132e-36
0.08715590732362674	2.5582354247200774e-35
0.08802746639686301	3.49077527495875e-35
0.08890774106083163	8.189636195189016e-35
0.08979681847143996	3.3237309046121857e-34
0.09069478665615435	5.786148613757794e-34
0.09160173452271589	2.0131073344866384e-25
0.09251775186794305	1.1072688923936643e-24
0.09344292938662248	7.785238104679064e-25
0.09437735868048872	5.916342509272297e-24
0.09532113226729359	9.669631487254934e-24
0.09627434358996653	3.8756842376212387e-23
0.0972370870258662	5.626292942710549e-23
0.09820945789612487	1.8793887348965565e-22
0.09919155247508611	3.6191356089741568e-22
0.10018346799983698	7.202807178286248e-22
0.10118530267983535	1.484451487149319e-21
0.1021971557066337	4.222748674394811e-21
0.10321912726370003	3.9493438721776236e-20
0.10425131853633704	8.905061948850328e-20
0.10529383172170041	8.945697159268559e-20
0.10634677003891742	3.240411823646656e-19
0.1074102377393066	8.248975945717453e-19
0.10848434011669966	1.6282643295262503e-18
0.10956918351786665	2.579494276242595e-18
0.11066487535304532	1.084042753623446e-17
0.11177152410657577	1.830867155624933e-17
0.11288923934764154	4.8996725507029653e-17
0.11401813174111795	6.991131074601104e-17
0.11515831305852914	8.191299998858723e-17
0.11630989618911443	5.74312757886511e-17
0.11747299515100557	9.825733546825068e-17
0.11864772510251563	1.4196425819361847e-16
0.1198342023535408	5.310812036325349e-15
0.1210325443770762	6.953535126713451e-15
0.12224286982084695	1.3944230544132054e-14
0.12346529851905542	3.667871515084736e-14
0.12469995150424598	5.3997923031671836e-14
0.12594695101928843	4.490533021335817e-14
0.12720642052948133	4.75052877337904e-14
0.12847848473477616	9.051717883955782e-14
0.12976326958212392	3.3259742712258387e-13
0.13106090227794515	4.133165264724932e-13
0.13237151130072458	2.3022609708272325e-13
0.13369522641373183	5.741038950862791e-13
0.13503217867786915	1.0455607409786633e-12
0.13638250046464784	1.4328013095898032e-12
0.13774632546929433	2.158756175128206e-12
0.13912378872398729	1.0963661464831824e-11
0.14051502661122714	4.646443564402941e-11
0.14192017687733943	1.0775622866712843e-10
0.14333937864611285	1.954680301349642e-10
0.14477277243257397	3.240846554692194e-10
0.14622050015689972	5.484755848182999e-10
0.14768270515846868	9.217318019456216e-10
0.14915953221005337	1.5875602280376265e-09
0.1506511275321539	2.426187009956991e-09
0.15215763880747546	2.106938361712525e-09
0.1536792151955502	1.441666887144538e-09
0.15521600734750574	1.5457337585615197e-09
0.15676816742098076	6.194950093747225e-09
0.15833584909519058	1.04192954848249e-08
0.15991920758614248	1.247844493541726e-08
0.1615183996620039	3.111793459542108e-08
0.16313358365862396	9.502934863969223e-08
0.1647649194952102	2.7504924867107074e-07
0.1664125686901623	3.793111595774589e-07
0.1680766943770639	6.254690543477606e-07
0.16975746132083458	1.0187243582011432e-06
0.1714550359340429	2.035688864297928e-06
0.17316958629338333	3.1122746287937598e-06
0.17490128215631717	2.1628466455302837e-06
0.17665029497788035	6.242319226254797e-06
0.17841679792765916	1.3280076982317702e-05
0.18020096590693577	1.6085483684367036e-05
0.18200297556600512	1.8715159606503876e-05
0.18382300532166518	1.923060551603923e-05
0.18566123537488183	1.3092110206583142e-05
0.18751784772863064	1.8198918984400304e-05
0.18939302620591697	7.082484251046612e-05
0.19128695646797614	0.00017425590754982517
0.19319982603265587	0.0002608744505276729
0.19513182429298243	0.0003275954888040939
0.19708314253591228	0.000513689580240673
0.1990539739612714	0.0007342058003119702
0.2010445137008841	0.0009403745499119328
0.20305495883789296	0.0012346866096988034
0.20508550842627188	0.0016736758078609467
0.2071363635105346	0.014522832676717626
0.20920772714563995	0.06944827230964867
0.21129980441709634	0.06418221175512083
0.21341280246126731	0.16553160117790355
0.21554693048588	0.20235662546241226
0.2177023997907388	0.18644575340621386
0.2198794237886462	0.6652605825153509
0.22207821802653266	0.4646462831636982
0.224299000206798	2.033732829824542
0.22654199020886595	1.0394160179694103
0.22880741011095462	2.4336802749514455
0.23109548421206416	2.7734446254929277
0.23340643905418482	9.273783686291045
0.23574050344472666	3.3535950867188884
0.23809790847917392	12.837240869901875
0.24047888756396565	31.02611605092023
0.24288367643960532	60.064968380395726
0.2453125132040014	87.51365743187853
0.2477656383360414	41.61826260412604
0.2502432947194018	54.89067545931082
0.2527457276665958	109.03838412566566
0.2552731849432618	279.32770989204954
0.2578259167926944	302.22749229724315
0.2604041759606214	757.4437123837737
0.26300821772022753	2312.7367410554884
0.2656382998974299	1655.729245609886
0.2682946828964041	2554.1246092721153
0.2709776297253682	1839.2889650610919
0.27368740602262187	1474.6283764380134
0.2764242800828481	3125.449900148864
0.27918852288367657	3227.4636759808736
0.2819804081125134	3254.710978994068
0.28480021219363855	839.4903162647638
0.28764821431557486	8232.764925564868
0.2905246964587307	34433.3223595769
0.2934299434233179	38822.968762141
0.29636424285755114	32736.2307758613
0.29932788528612664	31974.219835549575
0.3023211641389879	37988.96310046033
0.3053443757803778	70922.77894593283
0.3083978195381816	167688.38695029283
0.3114817977335634	1128020.5118531128
0.31459661571089903	2260802.0205200315
0.317742581868008	3215080.9293279992
0.3209200076866881	2241055.3539261455
0.32412920776355497	2599284.066278129
0.3273704998411905	5840380.33964079
0.33064420483960244	5754908.966443157
0.33395064688799847	6577922.1154719945
0.3372901533568785	2118030.6978526786
0.34066305489044724	2819661.6245545885
0.34406968543935174	1231703.7306432044
0.34751038229374526	1235933.0037829278
0.3509854861166827	1634453.991303844
0.35449534097784957	7518310.5169910425
0.358040294387628	1025592.6324645444
0.3616206973315043	2696194.0664159916
0.36523690430481937	7170904.19256581
0.3688892733478676	5612948.709518037
0.37257816608134625	1095478.021263028
0.37630394774215975	5916756.982957983
0.38006698721958126	10549466.823739016
0.3838676570917771	4434661.028413645
0.38770633366269486	3808053.8026776477
0.3915833969993219	5798787.517791844
0.3954992309693151	4630552.822910262
0.3994542232790082	21711526.523993142
0.4034487655117983	22608524.86156517
0.4074832531669163	35492937.41137672
0.41155808569858543	27769583.947952233
0.4156736665555713	21225113.30145655
0.419830403221127	7500352.251965295
0.42402870725333835	2828144.451982679
0.4282689943258717	10847419.852854107
0.43255168426913043	25889013.58151384
0.4368772011118217	31832957.477526173
0.44124597312293995	34679703.40418638
0.44565843285416934	28940078.55822282
0.450115017182711	42831242.6421927
0.4546161673545382	41311035.90406143
0.45916232902808357	37817635.00771944
0.4637539523183644	34082067.58923432
0.46839149184154805	39705562.348222286
0.4730754067599635	62219703.60752149
0.47780616082756316	31364214.822102718
0.4825842224358388	23146247.00842537
0.4874100646601972	45670879.496898316
0.49228416530679914	116115132.89509082
0.4972070069598672	63327664.04721837
0.5021790770294658	32494965.662973102
0.5072008677997605	47981985.15046719
0.5122728764777581	64066554.77010338
0.5173956052425357	44471441.358853646
0.5225695612949611	68987394.54560493
0.5277952569079107	96226586.46124934
0.5330732094769898	101022496.79975095
0.5384039415717596	88118777.61330289
0.5437879809874773	89731625.36205621
0.5492258607973521	73062269.48165068
0.5547181194053257	82286298.80688103
0.5602653005993788	60733048.10184749
0.5658679536053727	49677273.63821571
0.5715266331414264	76589245.31922205
0.5772418994728407	95622548.8332238
0.5830143184675691	95990305.65979175
0.5888444616522447	31242372.030867066
0.5947329062687673	42089196.07847162
0.600680235331455	72796010.18439794
0.6066870376847694	124063158.29726921
0.6127539080616171	155842048.6272944
0.6188814471422334	52785442.213935554
0.6250702616136556	43480625.45424853
0.6313209642297922	91323278.64423701
0.6376341738720902	103378623.86716211
0.644010515610811	149186014.5804947
0.6504506207669192	141392078.0736166
0.6569551269745884	170100489.41766784
0.6635246782443343	140858325.7251303
0.6701599250267777	99967497.29568464
0.6768615242770454	95603915.54272886
0.6836301395198159	115554076.33047892
0.690466440915014	159464047.434476
0.6973711053241641	265385214.7612735
0.7043448163774058	364670344.9549778
0.7113882645411799	146689659.94912395
0.7185021471865917	153522369.27695596
0.7256871686584576	345462359.3366441
0.7329440403450421	653459428.9894958
0.7402734807484926	837055739.826509
0.7476762155559775	723171850.2146884
0.7551529777115373	941576468.8809081
0.7627045074886527	693019113.8613433
0.7703315525635391	437880907.6408057
0.7780348680891747	527075948.4043124
0.7858152167700664	688927149.4395688
0.7936733689377671	788292250.1747622
0.8016101026271447	994450224.0717789
0.8096262036534162	1353999825.6496732
0.8177224656899503	1551209895.4113507
0.8258996903468498	1495374609.0083776
0.8341586872503184	1245099493.3276706
0.8425002741228216	1012236025.5206677
0.8509252768640498	561431834.9139018
0.8594345296326903	782724269.418048
0.8680288749290173	1035495955.3691846
0.8767091636783074	1445625318.2849128
0.8854762553150906	1538474096.5644355
0.8943310178682414	1613333703.7890494
0.9032743280469238	1735155047.2498994
0.9123070713273931	2058212740.8584104
0.921430142040667	1844562652.3463416
0.9306444434610737	1371521230.8792667
0.9399508878956845	1525241159.1848745
0.9493503967746413	1727670489.8563006
0.9588439007423877	1972249040.427403
0.9684323397498116	2028410730.9031327
0.9781166631473096	2017529924.0601516
0.9878978297787828	2077857488.1593118
0.9977768080765707	2048564565.7228553
1.0077545761573363	2073812172.6463156
1.0178321219189097	2160246389.662464
1.0280104431380988	2113628319.3724718
1.0382905475694797	2158507181.4859834
1.0486734530451747	2244797895.291113
1.0591601875756265	2364935497.3972816
1.0697517894513826	2372233080.2250385
1.0804493073458965	2470007477.742717
1.0912538004193555	2443895449.159469
1.102166338423549	2276562757.896612
1.1131880018077847	2181936521.2516074
1.1243198818258624	2257030408.7547064
1.135563080644121	2105487459.3876214
1.1469187114505621	2182082675.3711286
1.158387898565068	2221971981.756508
1.1699717775507186	2211409459.9775343
1.1816714953262257	2152191830.90244
1.193488210279488	2165652646.1991863
1.2054230923822828	2203156423.5956197
1.2174773233061058	2287496250.347092
1.2296520965391669	2276633148.7184343
1.2419486175045586	2244160993.679835
1.254368103679604	2213680433.9358387
1.2669117847164002	2219555458.3499994
1.2795809025635643	2224451361.103242
1.2923767115892	2230996766.884952
1.305300478705092	2240580391.1102476
1.3183534834921427	2109979378.955991
1.3315370183270643	1753407384.9045439
1.3448523885103347	1483439175.1493506
1.3583009123954382	1346660340.1291208
1.3718839215193925	1395204307.4185264
1.3856027607345867	1349433112.905661
1.3994587883419325	1269365380.805759
1.4134533762253518	1202630697.5378659
1.4275879099876054	1121265677.027069
1.4418637890874815	1112840907.0406456
1.4562824269783563	1191680714.2348685
1.4708452512481398	1104571713.8875296
1.4855537037606212	1136724620.5358114
1.5004092407982272	1144893917.1672356
1.5154133332062096	1179310117.9497752
1.5305674665382718	1204492423.077044
1.5458731412036546	1237184278.2454019
1.561331872615691	1244891117.3250644
1.576945191341848	1296112677.502289
1.5927146432552666	1344155901.3259208
1.6086417896878193	1358951548.5475464
1.6247282075846974	1392837683.0615442
1.6409754896605444	1418673759.062914
1.65738524455715	1436285650.4633453
1.6739590970027214	1438005140.1797147
1.6906986879727486	1437617218.61442
1.7076056748524762	1324681374.1427197
1.7246817316010008	1229167148.1341143
1.7419285489170109	1107448660.3501003
1.759347834406181	1015804819.3411891
1.776941312750243	988669749.8629118
1.7947107258777453	856411761.9657626
1.8126578331365226	820207290.9349862
1.8307844114678882	801891702.1607666
1.8490922555825668	719143901.372995
1.8675831781383925	695796520.0297549
1.8862590099197765	709165831.3370187
1.9051216000189743	702529972.7358077
1.924172816019164	692842954.000104
1.9434145441793558	686287745.1072036
1.9628486896211494	710602874.4410098
1.9824771765173608	634917988.2544929
2.0023019482825344	634989339.9610057
2.0223249677653596	614144286.83191
2.0425482174430134	615175818.5817877
2.0629736996174435	635692547.9409543
2.083603436613618	627478705.3211
2.1044394709797545	636516968.5398571
2.1254838656895516	644312774.866605
2.1467387043464474	657181678.3984797
2.1682060913899117	670595882.8190494
2.1898881523038107	670950533.4121135
2.211787033826849	676245461.0891998
2.2339049041651173	672518406.4234637
2.2562439532067686	663606667.2046689
2.2788063927388365	664383364.4729826
2.3015944566662245	614366167.1236794
2.324610401232887	572912538.7890129
2.347856505245216	545181230.8723742
2.3713350702976683	531441212.7678327
2.3950484210006446	484929761.73159313
2.418998905210651	428890904.73791933
2.4431888942627578	400901554.8471012
2.4676207832053856	359102552.7485725
2.4922969910374397	347460790.17151165
2.517219960947814	324716805.5767167
2.542392160557292	298349382.32697564
2.567816082162865	284880582.3171061
2.5934942429844936	280389685.44732624
2.6194291854143383	291465184.4131564
2.645623477268482	282973311.9549517
2.6720797120411666	276126885.1057548
2.698800509161578	262784586.6658051
2.7257885142531944	251555225.2036451
2.753046399395726	249783002.92385876
2.7805768633896837	227104141.2272521
2.8083826320235805	219787466.24546045
2.8364664583438164	215128502.27049708
2.8648311229272547	215730862.1627382
2.8934794341565273	210496175.32002485
2.9224142284980923	196557694.62802145
2.951638370783073	193138551.0116449
2.981154754490904	191360346.07864735
3.010966302035813	190960376.41216576
3.041075965056171	186840381.71598795
3.071486724706733	186490942.57435083
3.1022015919538	178336512.05304447
3.133223607873338	180805750.50107422
3.164555843952072	177790638.16706106
3.196201402391593	173779882.9935929
3.2281634164155086	175441959.02856156
3.2604450505796634	171345630.64576653
3.29304950108546	170380518.48754463
3.3259799960963146	170660707.56047255
3.359239796057278	169993257.5532701
3.392832194017851	165610519.07386643
3.4267605159580294	169247709.4453335
3.46102812111761	163307504.75514036
3.4956384023287854	159529132.18291277
3.530594786352074	156859426.48085642
3.5659007342155946	155602994.20314336
3.6015597415577503	153623229.5586968
3.637575338973328	152064197.01531714
3.6739510923630614	149353790.2525568
3.7106906032866918	148361597.69607592
3.747797509319559	143950675.80608514
3.7852754844127543	144134548.45586804
3.823128239256882	141166580.4467024
3.861359521649451	138992474.36263177
3.8999731168659455	134408445.1468328
3.938972848034605	130634178.23813285
3.978362576514951	126116221.04787332
4.018146202280101	119193545.56600301
4.058327664302902	112890939.08678831
4.098910940945931	105622357.59473598
4.13990005035539	102969812.47669467
4.181299050858944	99331560.65058102
4.223112041367534	95663196.47827129
4.2653431617812085	89992935.49440975
4.307996593399021	87637157.21085897
4.351076559333012	81091386.54421286
4.394587324926341	76445037.96988858
4.438533198175604	73359202.32193471
4.48291853015736	68983769.55625112
4.5277477154589345	67019248.24923181
4.573025192613525	63208902.51126301
4.6187554445396595	62235182.94710374
4.664942998985056	60401793.61836165
4.711592428974907	57607956.55691899
4.758708353264656	56707097.50563736
4.806295436797303	54196444.7920672
4.854358391165275	52069812.02865582
4.902901975076928	50670066.85507041
4.951930994827697	48304957.68271192
5.001450304775974	45393714.49679018
5.051464807823734	45013166.49708303
5.101979455901971	42625477.84763084
5.152999250460991	41680097.917658456
5.204529242965601	40525099.52630086
5.2565745353952575	38510266.129487135
5.30914028074921	38312408.051483005
5.362231683556701	37291044.333219916
5.415854000392269	34670292.89485919
5.470012540396192	33691588.43700503
5.524712665800154	32648241.210451983
5.579959792458156	30937833.39163891
5.635759390382738	30668105.763032965
5.692116984286565	29993210.607086033
5.74903815412943	28354859.58443145
5.806528535670725	28623898.553387962
5.864593821027432	27001693.741040096
5.923239759237706	25959555.009715218
5.982472156830083	26492855.52340264
6.042296878398385	24593012.79374688
6.102719847182367	24423313.87818599
6.163747045654191	23757068.906846505
6.225384516110734	23387244.014954705
6.287638361271841	22805100.165945075
6.350514744884559	21800915.01885668
6.414019892333406	20619943.1878893
6.478160091256739	18691981.777864296
6.542941692169307	17854537.300177433
6.608371109091	16826927.149684105
6.67445482018191	15969091.937108114
6.741199368383729	15181948.743674334
6.808611362067567	14445117.645363858
6.876697475688242	14466910.408033496
6.945464450445124	13696341.048466744
7.014919094949576	13934362.478510814
7.085068285899072	13107844.904007448
7.155918968758063	12972739.998689076
7.227478158445644	12289438.058794199
7.2997529400301	12059836.716813114
7.372750469430401	11412481.674230702
7.446477974124705	11209269.709499303
7.520942753865953	10934257.720480394
7.596152181404612	10300825.347387219
7.672113703218658	10211192.026842993
7.7488348402508445	9815350.511949109
7.826323188653353	9688154.106553376
7.904586420539887	9172967.116471734
7.983632284745286	8792526.465057114
8.063468607592739	8446129.23936022
8.144103293668666	8121054.321373161
8.225544326605354	7965693.253724212
8.307799769871407	7589696.279034932
8.390877767570121	7441473.029023595
8.474786545245822	7091124.899772852
8.55953441069828	6858674.456557684
8.645129754805263	6654429.759817642
8.731581052353315	6601289.125334501
8.81889686287685	6299639.538614257
8.907085831505619	6236657.515671079
8.996156689820673	5859525.007540976
9.086118256718882	5803460.003013445
9.17697943928607	5656567.2074073125
9.26874923367893	5309605.0207666755
9.36143672601572	5289376.397974896
9.455051093275877	5055304.812478104
9.549601604208636	4940634.759380264
9.645097620250723	4676898.85052061
9.74154859645323	4536395.791247122
9.838964082417762	4422522.012469733
9.937353723241939	4228587.512955867
10.03672726047436	4186914.3382486
10.137094533079102	3949960.017127713
10.238465478409893	3812034.8527309163
10.340850133193994	3707296.4733802346
10.444258634525934	3470532.7735410864
10.548701220871191	3406082.6480147555
10.654188233079903	3275133.870637333
10.760730115410702	3119527.244777918
10.868337416564811	3021546.1306604384
10.97702079073046	2920951.120609162
11.086790998637763	2839374.3463104996
11.19765890862414	2659938.245010423
11.309635497710381	2589406.297011627
11.422731852687486	2486397.188288812
11.536959171214361	2386750.7161998954
11.652328762926505	2317118.6983717596
11.76885205055577	2140313.489458838
11.886540571061328	2119274.240523098
12.005405976771941	2034754.426067462
12.125460036539662	1972738.3184562908
12.246714636905057	1901614.8949084303
12.36918178327411	1811800.148961176
12.49287360110685	1732514.7002066923
12.617802337117919	1685863.1612288333
12.743980360489097	1613156.696504409
12.871420164093989	1567101.3192936021
13.000134365734928	1489774.5213106116
13.130135709392277	1456377.5832054422
13.261437066486202	1374371.8964707782
13.394051437151063	1327050.3799609542
13.527991951522575	1268533.0896487492
13.6632718710378	1228522.652497126
13.799904589748177	1178014.1893216136
13.937903635645661	1158279.2558695013
14.077282672002116	1100221.1527631867
14.218055498722139	1048799.2403219142
14.36023605370936	1020753.2637642197
14.503838414246454	970918.4766585411
14.648876798388917	926840.6993063905
14.795365566372807	909921.5725825859
14.943319222036536	868237.981872177
15.0927524142569	850106.976013717
15.24367993839947	805284.1034265215
15.396116737783466	766396.6562003879
15.550077905161299	745184.5067003235
15.705578684212913	727244.32336819
15.862634471055042	697252.8895718724
16.021260815765594	661503.474164656
16.181473423923247	638199.0697930722
16.34328815816248	625626.531381467
16.506721039744104	590481.5791590676
16.67178825014155	568722.1382785169
16.838506132642966	559169.5319710567
17.006891193969395	536432.7794278496
17.176960105909085	503212.78872208076
17.34872970696818	489779.89728086576
17.52221700403786	475348.63504835195
17.697439174078237	454303.23201247107
17.874413565819022	439916.6007807728
18.05315770147721	431399.3210635384
18.233689278491983	404937.1490220899
18.416026171276904	395180.3144568333
18.600186432989673	369012.93294816953
18.78618829731957	364281.08497495716
18.974050180292764	349917.4597642376
19.163790682095694	337029.973310068
19.35542858891665	321713.56096150115
19.548982874805816	310845.5228367134
19.744472703553875	299766.99379070656
19.941917430589417	291963.6902162625
20.14133660489531	277684.56231317157
20.34274997094426	266694.3696368461
20.546177470653703	255734.58795301657
20.75163924536024	248606.88614370115
20.959155637813843	238828.68099569945
21.168747194191983	226191.08012759243
21.380434666133905	222624.89977374408
21.594239012795242	212282.06326603497
21.810181402923195	202782.98902169208
22.028283216952428	197026.78796001693
22.248566049121955	188767.64864805614
22.47105170961317	183275.99418118643
22.695762226709302	176276.90115127532
22.9227198489764	169139.06306009614
23.151947047466162	163131.46292146103
23.38346651794082	158530.65761004336
23.617301183120233	150119.37621558586
23.85347419495143	145282.0205074012
24.09200893690095	140832.54747249198
24.33292902626996	135515.40284711713
24.57625831653266	128384.79768261858
24.822020899697986	125923.50194712066
25.070241108694965	117879.38051173188
25.320943519781917	115327.78832480178
25.574152954979734	108674.52516684566
25.82989448452953	109104.03238479652
26.08819342937483	101722.87062864876
26.34907536366858	100973.18501149473
26.612566117305263	93248.90933861247
26.878691778478316	93318.0097351174
27.147478696263097	85643.54156313682
27.418953483225728	85108.08646009836
27.693143018057985	80522.99265141164
27.970074448238567	77810.8917639609
28.24977519272095	73803.79224786883
28.532272944648163	70307.94631997387
28.817595674094644	70825.40401113623
29.10577163083559	67039.426623106
29.396829347143946	63477.726647414405
29.690797640615386	61474.911768511876
29.98770561702154	59591.475249475116
30.287582673191757	57747.25648105574
30.590458499923674	52652.048484498155
30.896363084922914	53678.56257161113
31.205326715772138	50660.952791798605
31.517379982929864	50080.27996856118
31.832553782759163	46456.49717130608
32.15087932058675	45685.09568438508
32.472388113792626	43184.36725797948
32.79711199493055	42000.142707150335
33.12508311487986	39176.268461278756
33.45633394602865	39688.76531644075
33.79089728548894	38743.21271577461
34.12880625834383	36039.905849088995
34.47009432092727	33787.681722641246
34.81479526413654	32651.082173913066
35.16294321677791	30973.7744378012
35.51457264894569	30133.5842702166
35.86971837543514	29731.893358907913
36.2284155591895	28790.807707508608
36.59069971478139	27134.920865823446
36.956606711929204	25679.563926583065
37.3261727790485	25162.183098577367
37.69943450683898	24269.120000966057
38.07642885190737	22611.201625050424
38.45719314042645	22736.956780536835
38.841765071830714	21744.01767774119
39.23018272254902	20422.580108267466
39.622484549774505	20865.517955165724
40.01870939527225	19141.561965375615
40.41889648922498	18370.30775342868
40.823085454117226	17611.123415502632
41.2313163086584	17332.062984729317
41.64362947174499	16408.115511308675
42.06006576646243	16488.361826471377
42.48066642412706	15483.409304258597
42.90547308836833	15000.214928232912
43.33452781925202	14060.959986118862
43.767873097444536	13349.071243102373
44.20555182841898	13255.999307745687
44.64760734670317	12659.51909253735
45.0940834201702	12341.170953869685
45.54502425437191	11352.655221976007
46.00047449691562	11230.13691413535
46.460479241884784	10680.72369590497
46.92508403430362	10715.950977832761
47.39433487464667	9877.427738133363
47.868278223393126	9789.28758301454
48.346961005627065	9195.93938553183
48.83043061568333	8991.89318382207
49.31873492184017	8877.646487932358
49.81192227105857	8100.080044868168
50.310041493769155	8275.789115494259
50.813141908706854	7894.731895527782
51.32127332779392	7342.825799918236
51.83448606107186	6993.435585308962
52.352830921682575	6929.158097707115
52.8763592308994	6529.414990306145
53.405122823208394	6417.87667920862
53.93917405144048	6140.777328447082
54.478565791954885	5942.758503049279
55.02335144987443	5745.016243981199
55.57358496437318	5454.300527314639
56.129320814016914	5233.266577240985
56.690614022157085	5018.305886671777
57.257520162378654	4864.548570644101
57.83009536400244	4606.191118341665
58.40839631764247	4520.066113717737
58.99248028081889	4384.677432082932
59.58240508362709	4245.176710477276
60.17822913446335	3998.4798503738903
60.780011425807984	3864.6256146937153
61.38781154006607	3821.208782708317
62.00168965546673	3701.8174496815527
62.621706552021394	3549.1794560864782
63.24792361754161	3337.5774898623526
63.88040285371702	3114.078144187101
64.5192068822542	3062.356799558954
65.16439895107675	2918.926373851241
65.81604294058751	2839.8699593004867
66.47420336999339	2690.756312596173
67.13894540369331	2674.6314843656137
67.81033485773025	2660.294592460527
68.48843820630756	2448.8017618573895
69.17332258837064	2398.8108693096306
69.86505581425433	2310.426081462041
70.56370637239688	2202.755371583222
71.26934343612085	2149.6877301367836
71.98203687048206	2009.745345875074
72.70185723918688	1955.0912227548656
73.42887581157875	1841.2266007343246
74.16316456969453	1811.1759480509072
74.90479621539149	1729.5514010630131
75.6538441775454	1646.9725145461427
76.41038261932086	1659.3900282334193
77.17448644551406	1599.9517857115923
77.9462313099692	1563.0513549240202
78.7256936230689	1430.933333220985
79.51295055929958	1396.2385513783681
80.30808006489258	1354.2400730040947
81.11116086554152	1275.1865455438585
81.92227247419693	1236.834809257804
82.74149519893889	1186.165698079484
83.56891015092829	1169.212037395143
84.40459925243758	1095.2412164609586
85.24864524496195	1077.8265436161494
86.10113169741156	1059.845846367177
86.96214301438569	970.0296891517571
87.83176444452954	937.007301454646
88.71008208897484	926.3295525255907
89.59718290986459	900.528210635032
90.49315473896324	864.1044907126218
91.39808628635286	848.3297533057876
92.3120671492164	784.5791237011791
93.23518782070856	753.5498952727714
94.16753969891565	763.2942003335625
95.1092150959048	661.9179855365866
96.06030724686386	683.172430101488
97.0209103193325	648.6085205050579
97.99111942252583	623.8156908545408
98.97103061675108	580.9864025124875
99.96074092291859	553.7359379594038
100.96034833214779	540.2693798515902
101.96995181546924	530.0322989887969
102.98965133362394	489.9401608565805
104.0195478469602	498.18437209999485
105.05974332542979	483.3437754489464
106.11034075868409	467.2190027739479
107.17144416627093	450.37186795283793
108.24315860793364	429.8498561329407
109.32559019401299	408.36702640633933
110.41884609595311	397.0457200569736
111.52303455691263	386.06736291754044
112.63826490248177	371.34053885711177
113.76464755150658	350.13837826942733
114.90229402702165	331.72963574573413
116.05131696729188	313.76959056251906
117.21183013696479	317.0134120276996
118.38394843833444	310.8942129667923
119.5677879227178	299.58366496702405
120.76346580194497	285.2558811329716
121.97110045996442	269.3700352418954
123.19081146456406	256.5691036760985
124.42271957920971	252.44374029271296
125.6669467750018	235.43648192601188
126.92361624275183	225.6432133772635
128.19285240517934	216.84842019909743
129.47478092923114	210.02759209754794
130.76952873852346	205.7215267107776
132.0772240259087	196.18493213555166
133.39799626616778	186.8020674371573
134.73197622882944	177.4809486893507
136.07929599111776	172.99387030798704
137.4400889510289	167.4763162945034
138.8144898405392	163.7864218527546
140.20263473894462	156.967297094529
141.60466108633406	148.09335553884975
143.0207076971974	146.66846964955658
144.45091477416938	137.61530700684781
145.8954239219111	136.55053318140392
147.35437816113017	130.46352019216562
148.82792194274148	122.1179308174221
150.3162011621689	121.70756281164513
151.8193631737906	116.75670858283164
153.3375568055285	108.84609438629012
154.8709323735838	105.5736988864753
156.41964169731963	102.51337807634151
157.98383811429284	96.87166547207273
159.56367649543577	93.5648679050246
161.1593132603901	89.32503533717706
162.77090639299402	85.99091578694538
164.39861545692395	83.42893863337181
166.04260161149318	79.32607794073965
167.70302762760812	76.34281598779984
169.38005790388422	72.92824253895733
171.07385848292307	70.4790288870892
172.7845970677523	66.17513690381244
174.5124430384298	64.0163419255223
176.25756746881413	63.72209132733541
178.02014314350225	61.131735039683804
179.80034457493727	57.13566144970934
181.59834802068664	55.473796681376
183.41433150089352	54.17956847544814
185.24847481590245	51.41418869301225
187.1009595640615	49.03738098177085
188.9719691597021	47.380310317673136
190.8616888512991	45.41182946493758
192.77030573981213	44.513044285668805
194.69800879721024	41.77243277937133
196.64498888518233	40.649146604030804
198.61143877403418	39.52402327818889
200.5975531617745	37.85317451956069
202.60352869339226	36.18597941828489
204.62956398032617	34.82154126604001
206.67585962012947	33.860246291870766
208.74261821633075	32.519715748972885
210.83004439849404	31.158225529175038
212.93834484247898	27.997218456100637
215.0677282909038	28.692528241696785
217.21840557381284	27.109211064308354
219.39058962955096	25.7286950057639
221.58449552584648	25.217794570045353
223.80034048110494	23.512897732718482
226.038343885916	23.534189976999215
228.29872732477517	22.376289051868692
230.5817145980229	21.705157237843483
232.88753174400313	20.76268871590595
235.21640706144316	19.54305826695334
237.56857113205763	19.23042832463154
239.94425684337818	18.492779278370417
242.34369941181194	17.753320975565764
244.76713640593007	16.485977835701895
247.2148077699894	16.24862784262958
249.68695584768926	15.683413649731094
252.18382540616616	15.013580023437795
254.70566366022786	14.511843967509268
257.2527202968301	13.678164330937893
259.8252474997984	12.997000239241798
262.4234999747964	12.785316013804659
265.04773497454437	12.34182367806472
267.69821232428984	11.840274609573424
270.3751944475327	11.39157692530245
273.07894639200805	10.832382150507831
275.8097358559282	10.48650257601991
278.5678332144874	9.849900901551313
281.35351154663226	9.579126006411197
284.16704666209864	9.283977382735083
287.00871712871964	8.884132882767197
289.87880430000683	8.593586534103903
292.77759234300686	8.244048986542277
295.70536826643695	7.927696859909087
298.6624219491013	7.562135327278639
301.64904616859235	7.301266725319361
304.66553663027827	6.973188864305852
307.71219199658105	6.6743419247076226
310.78931391654686	6.469495274917564
313.8972070557124	6.182031876012913
317.0361791262695	5.962648922962985
320.20654091753215	5.746116710365288
323.40860632670746	5.512046236583359
326.64269238997457	5.29424593690602
329.90911931387427	5.07896171634431
333.20821050701306	4.8788773243220644
336.5402926120832	4.695358736817339
339.90569553820404	4.5112004348030625
343.304752493586	4.329673393825284
346.73780001852197	4.140223127821541
350.20517801870716	3.9876745973269094
353.7072297988942	3.8386833812000614
357.2443020968832	3.6835488531239102
360.816745117852	3.536957007382256
364.42491256903054	3.394125740825141
368.06916169472083	3.2659323977037977
371.74985331166806	3.135714965748276
375.46735184478473	3.0096971785620052
379.2220253632326	2.891906629491727
383.01424561686497	2.7646684024019645
386.8443880730336	2.651011411686269
390.7128319537639	2.5618656227669003
394.6199602733015	2.462409142091062
398.5661598760346	2.353283337074687
402.55182147479496	2.2657683945645517
406.5773396895429	2.1788816540246594
410.64311308643835	2.09380103013393
414.7495442173027	2.0104332799878453
418.89703965947575	1.9323248209474226
423.08601005607045	1.8566251139098053
427.3168701566312	1.7806465053827683
431.59003885819754	1.7112412932698209
435.9059392467795	1.643021293309476
440.26499863924727	1.5795784802379114
444.66764862563974	1.5162075651496267
449.11432511189616	1.456492143254028
453.6054683630151	1.389660964123613
458.14152304664526	1.3434542453176226
462.7229382771117	1.2856864173223375
467.35016765988286	1.2395223029174447
472.0236693364817	1.1903184514378935
476.7439060298465	1.1430193574789536
481.51134509014497	1.0979241532898867
486.3264585410464	1.055123434894497
491.1897231264569	1.012156892508871
496.10162035772146	0.9733813140119116
501.0626365612987	0.934637701670697
506.0732629269117	0.8891819530917608
511.1339955561808	0.8622945515793071
516.2453355117426	0.8274746643053694
521.4077888668601	0.7944798600805112
526.6218667555286	0.7630833629148943
531.888085423084	0.733695548160866
537.2069662773148	0.7008805654353975
542.579035940088	0.6766336694325892
548.0048262994887	0.6499941377014978
553.4848745624838	0.6237462087131841
559.0197233081085	0.5996134876946679
564.6099205411896	0.5755540906907866
570.2560197466016	0.5509690793626087
575.9585799440677	0.5312061705015392
581.7181657435083	0.5100858276956188
587.5353474009435	0.49010930592199736
593.4107008749528	0.4702507261554004
599.3448078837024	0.4520911587424091
605.3382559625394	0.4340326576081899
611.3916385221648	0.41676425111770626
617.5055549073865	0.40056280230739016
623.6806104564603	0.3847233236740794
629.9174165610249	0.36934171797418164
636.2165907266352	0.35478516600220955
642.5787566339015	0.34086381195400683
649.0045442002405	0.32734354547113576
655.4945896422429	0.31443863304716746
662.0495355386654	0.30194091244961446
668.670030894052	0.2899035351060326
675.3567312029925	0.2779037509206734
682.1102985150225	0.2670915620925758
688.9314015001727	0.25698281269448386
695.8207155151745	0.24682255038850823
702.7789226703262	0.23703272760819777
709.8067118970295	0.22766068511106125
716.9047790159998	0.21866270643419833
724.0738268061598	0.20999554974091042
731.3145650742214	0.20171876982987752
738.6277107249635	0.19372569843517856
746.0139878322132	0.18606657323363282
753.4741277105354	0.17871432897086328
761.0088689876408	0.17164473202307096
768.6189576775171	0.16482288597611602
776.3051472542923	0.15833420164750456
784.0681987268352	0.15206356399561557
791.9088807141036	0.1443353580486304
799.8279695212447	0.14029010946795273
807.8262492164572	0.13474027733397287
815.9045117086216	0.12937060526969826
824.0635568257079	0.12429372995838135
832.304192393965	0.11938042960505416
840.6272343179047	0.11465624485306902
849.0335066610837	0.11012210131513928
857.5238417276945	0.10576686006128339
866.0990801449715	0.10155052557846077
874.7600709464213	0.09756566227889425
883.5076716558855	0.09362992230664094
892.3427483724444	0.08994605966665438
901.2661758561687	0.08642111737509199
910.2788376147305	0.08302180484791707
919.3816259908778	0.07973385414801987
928.5754422507866	0.07657747220235706
937.8611966732944	0.07354321312636701
947.2398086400275	0.07064580621259965
956.7122067264277	0.0678563453755987
966.279328793692	0.06517451199998418
975.9421220816289	0.06259720693003198
985.7015433024452	0.06011496770170766
