#wavelength (Angstrom)	surface_flux (erg / (Angstrom cm2 s))
6300.0	319.36808951079195
6301.3125	474.458030116709
6302.6252734375	555.8024201632436
6303.938320369467	561.6287170044906
6305.251640852877	563.8567926805509
6306.565234944722	566.547002020145
6307.8791027020025	569.3591154923448
6309.193244181732	572.1762905310137
6310.5076594409375	575.0358611226715
6311.822348536654	578.3719180500904
6313.137311525933	583.0721321050263
6314.452548465834	589.2010161363863
6315.768059413431	595.8714583116889
6317.083844425809	602.585269958512
6318.399903560065	609.2846898793094
6319.716236873307	615.6479442581647
6321.032844422655	620.652919686
6322.349726265244	623.7741572867014
6323.666882458216	625.912353294343
6324.984313058728	627.9134595946405
6326.302018123949	629.9213408463584
6327.619997711058	632.2877131468455
6328.938251877249	636.7537079280812
6330.256780679723	645.1040345510813
6331.575584175699	656.1828049702243
6332.894662422402	667.8698616646161
6334.214015477073	679.5732110279637
6335.533643396964	691.0481218529394
6336.853546239339	700.4188967109721
6338.173724061472	704.5452385207103
6339.494176920652	703.8284814215483
6340.814904874177	701.5500439815764
6342.135907979359	699.1833347865073
6343.457186293522	696.922718599842
6344.778739874001	696.3111603552294
6346.100568778142	701.3484892707646
6347.422673063304	713.2751794090884
6348.745052786858	728.3295443643752
6350.067708006189	743.7307459902216
6351.39063877869	759.1014598158305
6352.713845161769	773.2941654109128
6354.037327212845	781.5940489607358
6355.3610849893485	780.2762804333418
6356.685118548721	773.0214985598355
6358.009427948419	764.6848045590596
6359.334013245908	756.3388399294656
6360.658874498668	748.6783313022665
6361.984011764189	746.0903610946311
6363.309425099973	754.5688038746437
6364.635114563535	772.1465190373281
6365.961080212403	792.256861253495
6367.2873221041145	812.4763709760568
6368.61384029622	832.5784860268514
6369.940634846282	851.1548602290769
6371.267705811875	865.1398812030021
6372.595053250586	874.1478163894005
6373.922677220014	881.2055470082126
6375.250577777768	888.1055587667105
6376.578754981471	895.0005616712615
6377.907208888761	901.7517565361157
6379.235939557279	907.8994948943048
6380.564947044686	913.1848417955439
6381.894231408654	918.0048747756745
6383.223792706865	922.7566059760436
6384.553630997012	927.5093315095878
6385.883746336804	932.2924874849557
6387.2141387839565	937.2602515805443
6388.544808396204	942.5818601668992
6389.875755231287	948.1601933904113
6391.20697934696	953.7986143217331
6392.53848080099	959.4398299355382
6393.870259651158	965.1428692646484
6395.202315955253	971.4262854940685
6396.534649771077	979.2045507895552
6397.867261156446	988.4128947731931
6399.2001501691875	998.1073942863788
6400.533316867139	1007.8345680720081
6401.866761308153	1017.5290970820423
6403.200483550093	1026.626820592689
6404.534483650832	1033.5650085120062
6405.868761668259	1037.76526199275
6407.2033176602745	1040.6742797063696
6408.5381516847865	1043.433591456598
6409.873263799722	1046.1746109579299
6411.2086540630135	1048.2297456115853
6412.544322532611	1046.7401793631755
6413.880269266471	1039.2819429869078
6415.216494322568	1028.0025948389334
6416.552997758886	1015.9796875588328
6417.8897796334195	1003.9452650478382
6419.226840004177	992.4018493226149
6420.5641789291785	984.7473160891958
6421.9017964664545	985.9343018751881
6423.239692674053	994.6477699171172
6424.577867610025	1005.5443806113117
6425.9163213324455	1016.5403187996868
6427.25505389939	1027.6204891950285
6428.594065368952	1039.7798569314618
6429.933355799238	1055.2924512811624
6431.272925248362	1074.5736357118285
6432.612773774456	1095.411281351145
6433.9529014356585	1116.3963223845342
6435.293308290125	1137.3469475997829
6436.63399439602	1157.3198010298058
6437.974959811519	1172.9780072389724
6439.316204594813	1182.214136137465
6440.657728804104	1187.835633579918
6441.999532497605	1192.8868147477033
6443.341615733541	1197.9334268465452
6444.683978570154	1202.8886103692619
6446.026621065689	1207.2436907344459
6447.369543278411	1210.4054142505222
6448.7127452665945	1212.6710574671167
6450.056227088525	1214.7180627987798
6451.399988802502	1216.758989421165
6452.744030466836	1218.882177007805
6454.088352139851	1221.8406582492787
6455.43295387988	1227.0437935521607
6456.777835745272	1234.473969656474
6458.122997794385	1242.6949303980573
6459.468440085592	1250.9718024218312
6460.814162677278	1259.2154009382398
6462.160165627836	1266.7963038506673
6463.506448995675	1271.8656998512438
6464.853012839217	1273.6283154534883
6466.199857216891	1273.7627391074984
6467.546982187145	1273.6920722770967
6468.894387808435	1273.6102645254416
6470.242074139227	1273.099818667889
6471.590041238007	1270.2769376121578
6472.938289163264	1263.4251205453543
6474.286817973508	1253.9028609578675
6475.6356277272525	1243.8330499759272
6476.984718483029	1233.7514752185486
6478.334090299379	1223.8477614483024
6479.683743234858	1215.4619213302483
6481.033677348033	1210.6710862872371
6482.38389269748	1209.0463946791742
6483.734389341793	1208.3789198628572
6485.085167339573	1207.7577701863986
6486.436226749436	1207.2167614273321
6487.787567630007	1207.8001372982815
6489.139190039932	1212.0290220923248
6490.491094037857	1220.5071796708453
6491.843279682447	1230.8174340905525
6493.195747032382	1241.3132138182295
6494.548496146348	1251.7927010919504
6495.901527083045	1261.7293830096944
6497.254839901187	1269.1404761543977
6498.6084346595	1272.662588568642
6499.962311416722	1273.929763120954
6501.316470231601	1274.827662515794
6502.670911162898	1275.7267177127096
6504.025634269391	1276.936356459286
6505.3806396098635	1280.246953965437
6506.735927243117	1287.8704493882544
6508.091497227958	1298.8450946990513
6509.447349623215	1310.6837014068842
6510.80348448772	1322.5547196800599
6512.159901880322	1334.3228182483788
6513.51660185988	1344.897685955449
6514.873584485267	1352.0820425454142
6516.23084981537	1355.7617050406413
6517.58839790908	1358.1435814987099
6518.946228825313	1360.4310941946235
6520.304342622985	1362.7323626747138
6521.662739361031	1365.3009282503308
6523.021419098398	1368.917938837013
6524.380381894044	1373.963675221032
6525.739627806938	1379.7436396979479
6527.099156896065	1385.6249130604924
6528.458969220418	1391.4923733315954
6529.819064839006	1396.602319620467
6531.179443810848	1397.3581093863666
6532.540106194976	1390.2081373700016
6533.9010520504335	1377.6239290753088
6535.262281436278	1363.8737933934156
6536.6237944115765	1350.0986953093648
6537.985591035413	1336.8421362222055
6539.347671366879	1328.1475027682045
6540.71003546508	1330.575001601229
6542.072683389135	1343.1108753450706
6543.435615198176	1358.8550902393838
6544.798830951341	1374.7791363351312
6546.162330707791	1390.6630193176193
6547.526114526688	1405.8879807374594
6548.890182467215	1418.8754999564144
6550.254534588562	1429.167452722499
6551.619170949934	1438.2582370856558
6552.984091610549	1447.2238375898153
6554.349296629635	1456.1720266453958
6555.7147860664345	1464.515789971209
6557.080559980198	1469.9308434772038
6558.446618430195	1470.6602765324255
6559.8129614757	1468.5450984531149
6561.1795891760075	1465.9213620475548
6562.54650159042	1463.290464837009
6563.913698778251	1460.6365196564204
6565.281180798831	1457.8189227676403
6566.648947711497	1454.6500516215633
6568.016999575604	1451.196545183208
6569.385336450516	1447.6652282722464
6570.753958395609	1444.1301976753593
6572.122865470276	1440.8458113692998
6573.492057733915	1440.5346521040813
6574.861535245943	1448.9055330582255
6576.231298065786	1466.5018820618745
6577.601346252884	1487.650435410516
6578.971679866686	1509.088146037816
6580.342298966659	1530.5016277928476
6581.7132036122775	1551.287521746972
6583.08439386303	1569.4756148654699
6584.455869778419	1583.9874916800886
6585.827631417956	1596.5375026221452
6587.199678841168	1608.8046800966924
6588.572012107595	1621.068083466869
6589.944631276783	1633.0521056078326
6591.3175364083	1643.3290367546515
6592.690727561718	1650.3826513702213
6594.064204796627	1655.1363417252287
6595.437968172626	1659.3695988539803
6596.812017749329	1663.5902510074357
6598.18635358636	1667.6173218715114
6599.5609757433585	1669.8355819014391
6600.935884279972	1667.4586232537854
6602.311079255864	1660.7433073070124
6603.686560730708	1652.5806453266955
6605.062328764195	1644.328256436589
6606.43838341602	1636.1267350907722
6607.814724745898	1628.820806217357
6609.191352813554	1624.7107492995217
6610.568267678725	1624.6022100350976
6611.9454694011565	1626.3531203151438
6613.322958040616	1628.3145961470443
6614.700733656875	1630.2745331408878
6616.07879630972	1632.1619457976547
6617.457146058951	1633.683139700833
6618.835782964381	1634.599016134974
6620.214707085831	1635.134508064057
6621.593918483141	1635.5982255395631
6622.973417216159	1636.0603465546392
6624.353203344746	1636.4189717320219
6625.733276928776	1635.969621304385
6627.113638028136	1633.7105235330089
6628.494286702727	1629.9387643134628
6629.8752230124555	1625.7413681404307
6631.25644701725	1621.5258792877687
6632.637958777046	1617.5509328350224
6634.019758351792	1616.6117195934216
6635.401845801448	1624.9198099048353
6636.784221185991	1643.452354643392
6638.166884565405	1666.1292385371466
6639.54983599969	1689.1814156827143
6640.933075548856	1712.1795640334283
6642.316603272929	1733.7003760822101
6643.700419231944	1748.7896482501362
6645.084523485952	1754.4483895504575
6646.468916095012	1754.9029901572628
6647.853597119198	1754.568107223321
6649.238566618597	1754.2223554143939
6650.623824653309	1753.4766909557968
6652.009371283446	1750.2104445312602
6653.39520656913	1742.0289302092442
6654.781330570499	1730.211549301269
6656.167743347702	1717.5193406097028
6657.554444960899	1704.799086535282
6658.941435470266	1692.296005244621
6660.328714935989	1681.9979267743126
6661.716283418268	1677.54702213173
6663.104140977314	1678.8063346376555
6664.492287673351	1682.0435345041924
6665.880723566617	1685.4092057699925
6667.269448717359	1688.7228950387425
6668.658463185843	1691.094340655891
6670.04776703234	1689.9900372800082
6671.437360317139	1684.388257829998
6672.827243100539	1676.6055990927598
6674.21741544285	1668.5518549474666
6675.607877404403	1660.4539282004714
6676.998629045529	1650.7179139895154
6678.389670426579	1632.3084431759585
6679.781001607919	1599.0289418485609
6681.17262264992	1556.070407862216
6682.564533612973	1511.1870489228177
6683.956734557476	1466.2589913318945
6685.349225543842	1420.7601639678471
6686.742006632498	1370.7046081815427
6688.135077883879	1310.1263195295544
6689.528439358438	1240.4379446417995
6690.9220911166385	1168.0312352436906
6692.316033218955	1095.4797984862337
6693.710265725876	1022.5502602318165
6695.104788697902	944.673488827215
6696.4996021955485	851.1080163086266
6697.894706279339	739.5896523637714
6699.290101009814	620.497912908494
6700.685786447524	500.6603464477396
6702.081762653035	381.1215644442016
6703.478029686921	270.4215139411375
6704.874587609773	199.7470791904559
6706.27143648219	189.74019180904003
6707.668576364793	214.50892804888446
6709.066007318201	244.94170518915163
6710.46372940306	275.46013631408806
6711.861742680019	308.1321736834089
6713.260047209744	355.0520090747351
6714.658643052912	430.78397101959195
6716.0575302702155	528.5795398051627
6717.4567089223565	631.9466780898753
6718.856179070049	735.5176308772437
6720.255940774021	838.9890741080211
6721.6559940950165	941.174325391193
6723.056339093787	1039.774705594978
6724.456975831098	1134.7563859340435
6725.85790436773	1228.446109627219
6727.259124764472	1322.0632525805584
6728.660637082132	1415.5005130993466
6730.062441381524	1505.1276194958557
6731.464537723479	1580.0764036892724
6732.866926168839	1635.3789656896636
6734.269606778457	1680.7982550192507
6735.672579613203	1724.9212861033318
6737.075844733956	1769.0242022512123
6738.4794022016085	1811.9352078062439
6739.883252077068	1848.0503516570388
6741.2873944212515	1871.9885254019327
6742.691829295089	1887.6869646629743
6744.096556759525	1901.6660988290114
6745.5015768755175	1915.6168811225089
6746.906889704033	1930.0341705937828
6748.312495306054	1948.3877822183445
6749.718393742578	1976.1507801538419
6751.124585074607	2012.3312786597455
6752.531069363165	2051.1365930404586
6753.937846669282	2090.0891909934385
6755.344917054005	2129.0515798142455
6756.752280578391	2168.047386660872
6758.159937303512	2207.1355286047683
6759.567887290451	2246.3313580766926
6760.976130600304	2285.57861535618
6762.384667294178	2324.8383579784845
6763.793497433198	2364.021739347916
6765.202621078498	2400.7088492128632
6766.612038291223	2425.5833879762913
6768.021749132533	2431.865147948954
6769.431753663604	2427.0286823751167
6770.842051945616	2420.2446414329975
6772.252644039771	2413.434125298569
6773.66353000728	2406.455470040582
6775.074709909365	2398.2856567784956
6776.486183807264	2387.5988654954112
6777.897951762223	2374.9127227732197
6779.310013835508	2361.6989536443684
6780.722370088391	2348.4639615774327
6782.135020582158	2335.5147720427326
6783.547965378113	2325.8349955280983
6784.961204537568	2325.5100712759568
6786.374738121846	2334.9771712831803
6787.788566192289	2348.1580831221063
6789.2026888102455	2361.63509561398
6790.617106037082	2375.112415107717
6792.031817934173	2388.5386435705104
6793.446824562909	2401.7497562890767
6794.862125984693	2414.660974161493
6796.27772226094	2427.4168879964514
6797.693613453079	2440.1534887569655
6799.109799622548	2452.8742851697652
6800.5262808308025	2464.63387185143
6801.9430571393095	2470.730516853712
6803.360128609546	2466.342173991454
6804.777495303007	2454.5845454387013
6806.195157281196	2441.1815624701053
6807.6131146056305	2427.7359569213268
6809.031367337839	2414.4730179215944
6810.449915539369	2402.9107035369807
6811.868759271772	2395.620331093456
6813.287898596622	2392.309535552719
6814.707333575495	2390.2984105681685
6816.12706426999	2388.3620691615515
6817.547090741715	2386.6780659183732
6818.967413052284	2389.05088114926
6820.388031263337	2405.4854234179825
6821.808945436517	2439.194670359777
6823.230155633484	2480.7997834228936
6824.651661915907	2523.2902879125636
6826.073464345473	2565.704571228654
6827.49556298388	2605.2834269627806
6828.917957892834	2630.8248252698154
6830.340649134063	2633.518127567053
6831.763636769299	2622.091105764244
6833.186920860294	2608.069632801653
6834.610501468806	2594.010030655274
6836.034378656611	2579.95192407214
6837.458552485498	2565.9238948323655
6838.883023017267	2551.96494083703
6840.307790313729	2538.0620307233876
6841.732854436711	2524.1724474317853
6843.158215448053	2510.280761489591
6844.583873409604	2496.9816394358336
6846.009828383232	2490.912580258784
6847.436080430813	2506.4071831703113
6848.862629614236	2545.3042905473285
6850.289475995406	2593.4725900841463
6851.716619636238	2642.443060023793
6853.144060598662	2691.1921959174915
6854.57179894462	2734.3755916048062
6855.999834736067	2753.9314056438834
6857.428168034971	2739.489273405808
6858.856798903312	2706.6312386201957
6860.285727403084	2671.045207788127
6861.7149535962935	2635.4651460928026
6863.144477544959	2601.5982516241947
6864.5742993111135	2578.3042536837042
6866.004418956804	2575.2805712711906
6867.434836544087	2587.004342258814
6868.865552135034	2602.1893060895563
6870.296565791729	2617.4741221462823
6871.72787757627	2633.38369409035
6873.159487550764	2655.4643323850228
6874.591395777338	2693.6682279361894
6876.023602318125	2747.3684612276893
6877.456107235274	2806.316060974005
6878.888910590949	2865.59614075791
6880.322012447323	2924.3563528588247
6881.755412866582	2974.132867372709
6883.18911191093	2991.6743810980447
6884.623109642579	2968.4030706028852
6886.057406123754	2925.800538523205
6887.492001416697	2880.889880711285
6888.926895583659	2835.942052342576
6890.362088686906	2790.0884990689106
6891.797580788715	2739.5127884888793
6893.233371951381	2680.948390433773
6894.669462237203	2617.270749252715
6896.105851708503	2552.603578199469
6897.542540427609	2487.912025376493
6898.979528456865	2423.6911714904336
6900.416815858628	2363.2611247189657
6901.854402695265	2311.4608431378565
6903.29228902916	2267.0250964992347
6904.730474922708	2224.737325582651
6906.168960438317	2182.5416858634703
6907.607745638409	2140.9572156639183
6909.0468305854165	2107.745920447858
6910.48621534179	2100.8583194519283
6911.925899969986	2123.6771158810093
6913.365884532479	2158.748169077244
6914.806169091757	2194.9361686725274
6916.246753710318	2231.1502676295695
6917.687638450675	2267.8465171745906
6919.128823375352	2306.641670765003
6920.570308546889	2348.56251722529
6922.012094027836	2392.2535800077967
6923.454179880759	2436.2355312417026
6924.896566168235	2480.200018636689
6926.339252952854	2522.033769481959
6927.782240297219	2549.890490676167
6929.225528263946	2549.862640134955
6930.669116915669	2528.8325427803534
6932.113006315028	2502.655458145348
6933.557196524675	2476.3184764117477
6935.001687607285	2450.298140344507
6936.446479625538	2427.592116219771
6937.8915726421255	2413.8290292431593
6939.33696671976	2408.9473732749816
6940.782661921161	2407.217547936662
6942.228658309061	2405.7059224081722
6943.67495594621	2404.3780518891076
6945.121554895365	2406.4789619691496
6946.568455219301	2421.502996015917
6948.015656980806	2453.531228365878
6949.463160242676	2493.9470751132394
6950.910965067728	2535.4326963952767
6952.359071518784	2576.898161316272
6953.807479658683	2617.0094451312966
6955.256189550279	2649.682309965991
6956.705201256435	2669.320787107698
6958.154514840031	2680.296785887665
6959.604130363956	2689.499101822384
6961.054047891116	2698.6671251660046
6962.504267484427	2707.4814926634226
6963.954789206819	2713.339619713055
6965.405613121237	2712.220362790619
6966.856739290638	2704.9430275878885
6968.30816777799	2695.785616375535
6969.759898646277	2686.531385740741
6971.211931958496	2677.315725871325
6972.6642677776545	2668.680266816952
6974.116906166776	2661.936194482558
6975.569847188894	2657.392462355073
6977.023090907059	2653.7902621561293
6978.47663738433	2650.2797841477854
6979.930486683786	2646.761917131389
6981.3846388685115	2643.0547089787615
6982.83909400161	2638.4763987841375
6984.293852146194	2632.5515360588324
6985.748913365391	2625.8358762621824
6987.204277722341	2618.9849089910317
6988.659945280201	2612.141926217969
6990.115916102135	2606.337335387212
6991.572190251322	2607.7334807865673
6993.028767790958	2624.029516299795
6994.485648784248	2651.919115401041
6995.942833294413	2682.777272762401
6997.400321384683	2713.7404112095187
6998.858113118305	2744.507861922261
7000.316208558537	2773.0673803818822
7001.774607768653	2795.417740203006
7003.23331081194	2811.367710963868
7004.692317751692	2824.937416347121
7006.151628651223	2838.3284896396713
7007.6112435738605	2851.6256126470435
7009.071162582939	2862.8700450590104
7010.5313857418105	2865.944596154599
7011.9919131138395	2857.871560837078
7013.452744762405	2844.1109425457375
7014.913880750897	2829.59347246023
7016.375321142722	2815.0599446368865
7017.837066001293	2800.0130584521826
7019.299115390043	2782.0649832111376
7020.761469372417	2758.872135111767
7022.224128011869	2732.0705822809246
7023.687091371872	2704.484028023084
7025.150359515908	2676.875139783262
7026.613932507475	2649.7236199836025
7028.07781041008	2626.752696540347
7029.541993287248	2614.114108863688
7031.0064812025175	2610.9212155163045
7032.471274219435	2610.7227037612474
7033.936372401564	2610.6838214001828
7035.401775812481	2610.832939285606
7036.867484515776	2613.8513219263127
7038.33349857505	2626.6014820884166
7039.79981805392	2651.123689937685
7041.266443016016	2680.9433348694115
7042.733373524977	2711.343447546322
7044.200609644461	2741.6810627306895
7045.668151438137	2769.804744222629
7047.135998969687	2787.1730282069166
7048.604152302806	2787.3464686693264
7050.072611501203	2777.1203565262717
7051.541376628598	2765.0586640939737
7053.010447748729	2752.9833611640374
7054.479824925345	2741.887282822397
7055.949508222204	2737.8514562324362
7057.419497703085	2748.9108397909035
7058.889793431773	2772.1398469736755
7060.360395472071	2798.664749673098
7061.831303887795	2825.324174379261
7063.302518742772	2851.856442882309
7064.774040100844	2876.805585542249
7066.245868025865	2897.0829350573404
7067.718002581704	2912.3586208721167
7069.190443832242	2925.6951306194833
7070.663191841373	2938.876790990026
7072.136246673007	2951.961473065905
7073.609608391064	2962.8337948983244
7075.083277059479	2964.6038240461357
7076.5572527422	2953.5384178320924
7078.031535503189	2935.643853247732
7079.5061254064185	2916.7587825425076
7080.981022515879	2897.875399765468
7082.45622689557	2879.6177579397377
7083.931738609506	2865.1500029002596
7085.407557721717	2857.8322897149155
7086.883684296243	2855.6254423848422
7088.360118397138	2854.582530278197
7089.836860088471	2853.5694274409634
7091.313909434323	2852.9030917748264
7092.791266498788	2855.5226500686204
7094.268931345976	2866.54012420856
7095.7469040400065	2885.507275665482
7097.225184645015	2907.1294631650744
7098.703773225149	2928.9175963155844
7100.182669844573	2950.4154815993825
7101.661874567456	2967.088541516989
7103.141387457992	2966.7200107442054
7104.62120858038	2945.060845083071
7106.1013379988335	2913.479517929042
7107.581775777584	2880.7511866963446
7109.06252198087	2848.070315193978
7110.543576672951	2817.404192159797
7112.024939918091	2797.0121872757886
7113.5066117805745	2793.642495044829
7114.988592324696	2800.9502869187854
7116.470881614763	2810.255432020557
7117.9534797151	2819.595436910879
7119.436386690041	2829.509578980629
7120.9196026039335	2843.7841312402593
7122.403127521144	2867.7683399169496
7123.886961506044	2899.8901956767636
7125.3711046230255	2934.337129622368
7126.855556936488	2968.892747432404
7128.340318510851	3003.014057827345
7129.82538941054	3031.383431996205
7131.310769700001	3042.0514713542743
7132.796459443689	3033.107303738214
7134.282458706072	3016.248470406793
7135.768767551637	2998.6970326613346
7137.255386044877	2981.1848308428084
7138.742314250304	2964.704168782693
7140.229552232439	2952.670780951815
7141.717100055821	2947.1521594776727
7143.204957785	2945.2472022976162
7144.693125484539	2943.9026557171537
7146.1816032190145	2942.5731573605754
7147.67039105302	2942.0647128091146
7149.159489051155	2946.8508028601527
7150.648897278042	2962.0316635508966
7152.138615798308	2984.8919395847906
7153.628644676599	3009.572729465299
7155.118983977574	3034.3060870749514
7156.609633765903	3058.4852081674094
7158.10059410627	3077.07476718848
7159.591865063376	3080.808128391709
7161.083446701932	3069.946498479132
7162.575339086661	3053.9642527829155
7164.067542282305	3037.6319904368584
7165.5600563536145	3021.4541580991813
7167.052881365354	3008.1635370452186
7168.546017382306	3005.589454186436
7170.039464469261	3016.875661120022
7171.533222691025	3034.8393589497705
7173.027292112419	3053.609494161625
7174.521672798276	3072.3917907141813
7176.016364813443	3091.459391455056
7177.511368222779	3112.019769067255
7179.006683091159	3135.138340816234
7180.50230948347	3159.9278685678364
7181.998247464612	3185.0556333235904
7183.494497099501	3210.1927124830236
7184.991058453064	3234.9438344436103
7186.487931590242	3256.477796006293
7187.98511657599	3270.4970790134416
7189.482613475277	3277.9751647923454
7190.980422353085	3283.5052797447934
7192.478543274408	3288.9451167368834
7193.976976304258	3294.225989767497
7195.475721507654	3297.325010771651
7196.974778949636	3293.479193244979
7198.47414869525	3281.6732446979886
7199.973830809562	3266.5042973674836
7201.473825357647	3251.007802859104
7202.974132404597	3235.5069376602055
7204.474752015515	3219.9767499209142
7205.975684255519	3204.324803182398
7207.476929189738	3188.4890609706035
7208.978486883319	3172.5460158924016
7210.480357401421	3156.5826370224095
7211.982540809214	3140.636644241
7213.485037171883	3126.3211713111273
7214.987846554627	3122.8899069915665
7216.49096902266	3141.494535468929
7217.994404641206	3176.960275064946
7219.498153475506	3216.667574689583
7221.002215590814	3256.521079410004
7222.506591052395	3295.9249802244917
7224.011279925532	3330.4096564146826
7225.5162822755165	3351.243470879479
7227.0215981676565	3358.1818690285586
7228.527227667276	3360.0420084507464
7230.033170839706	3361.534289373923
7231.539427750298	3362.872582009827
7233.045998464414	3361.1668332527342
7234.552883047427	3347.690577201994
7236.060081564729	3318.4244640953534
7237.567594081722	3281.2072413173673
7239.075420663822	3242.93961148251
7240.583561376461	3204.726605842369
7242.092016285081	3169.4639177476924
7243.600785455141	3150.7565225339204
7245.109868952111	3161.682588184668
7246.619266841477	3192.7583956544204
7248.128979188736	3228.1119684139544
7249.639006059399	3263.5586214237233
7251.149347518995	3298.043063675848
7252.660003633062	3324.137313279989
7254.1709744671525	3330.012071782827
7255.682260086834	3317.772158128945
7257.193860557685	3299.9185498589054
7258.705775945302	3281.772209436
7260.21800631529	3263.639707683018
7261.730551733273	3245.761731822158
7263.243412264885	3228.7388985972384
7264.756587975773	3212.734527608538
7266.270078931601	3197.1776488878577
7267.783885198046	3181.6646086203114
7269.298006840796	3166.1160573290827
7270.812443925554	3149.5533360237037
7272.327196518039	3128.1576303332017
7273.84226468398	3099.141007830565
7275.357648489123	3065.581915008741
7276.873347999225	3031.236553286755
7278.389363280059	2996.8777511658946
7279.905694397409	2962.6606537184493
7281.4223414170765	2929.485785982938
7282.93930440487	2898.521171176907
7284.456583426622	2869.3197233871083
7285.97417854817	2840.5847001610573
7287.492089835368	2811.8616217288586
7289.010317354084	2783.745061616088
7290.528861170199	2762.8233077862483
7292.047721349611	2762.712993189905
7293.566897958225	2784.4375189135585
7295.0863910619655	2814.392568077827
7296.606200726771	2844.973327531751
7298.12632701859	2875.473763915039
7299.646770003385	2904.173261883739
7301.167529747136	2925.6408409018973
7302.6886063158345	2937.09261871369
7304.209999775482	2943.3122249844487
7305.7317101921035	2948.7972127623166
7307.253737631726	2954.284076668913
7308.7760821604	2960.01952629296
7310.298743844184	2967.2300315661187
7311.8217227491505	2977.18354769217
7313.345018941392	2989.0647892416087
7314.868632487004	3001.3730625921203
7316.3925634521065	3013.694010002766
7317.916811902825	3026.2285206141405
7319.441377905305	3040.676662390258
7320.966261525702	3059.8930125502543
7322.491462830187	3083.536577334678
7324.0169818849445	3108.628186946355
7325.54281875617	3133.809441853118
7327.068973510078	3158.7204792483853
7328.595446212893	3179.227122452292
7330.122236930853	3184.4415330522475
7331.649345730215	3170.87775754108
7333.176772677241	3148.7614211457812
7334.704517838217	3125.706262458314
7336.232581279432	3102.573293131766
7337.7609630672	3077.0441796843097
7339.28966326784	3039.7129418016257
7340.818681947687	2983.1974330282305
7342.348019173093	2914.8291286373474
7343.877675010422	2844.272642957587
7345.407649526048	2773.6713655736244
7346.937942786367	2703.056084915267
7348.468554857782	2632.4313737291336
7349.99948580671	2561.8035449270883
7351.530735699586	2491.170567500524
7353.062304602858	2420.525534158282
7354.594192582983	2349.865890941465
7356.126399706438	2279.8271172436516
7357.658926039711	2217.5669417905874
7359.191771649303	2178.573477129836
7360.724936601729	2164.8271485410683
7362.258420963522	2161.0567355176045
7363.792224801223	2158.1322695288595
7365.32634818139	2155.1564693475416
7366.860791170595	2151.013126406009
7368.395553835423	2141.9663443610566
7369.930636242472	2125.8756079805325
7371.466038458356	2105.9603495109322
7373.001760549701	2085.4715173501445
7374.53780258315	2064.9830259380356
7376.074164625355	2044.9968055490406
7377.610846742986	2028.1647594734675
7379.147849002723	2017.4201431835502
7380.685171471266	2011.1187384542116
7382.222814215322	2005.8592245495838
7383.760777301617	2000.6272447645838
7385.2990607968895	1995.3999203429978
7386.837664767888	1990.2271285702784
7388.376589281383	1985.1980055666177
7389.915834404149	1980.3073877253926
7391.455400202984	1975.4634985158318
7392.995286744693	1970.6216528157934
7394.535494096099	1965.8435693220613
7396.076022324035	1962.2097227249735
7397.616871495354	1962.7446228572078
7399.158041676915	1968.5989850079857
7400.699532935598	1976.9832069948977
7402.241345338293	1985.6683063230892
7403.783478951905	1994.3080407049763
7405.325933843354	2001.195193304594
7406.868710079571	1998.971698958775
7408.411807727505	1981.3189740451487
7409.955226854115	1953.7264720476066
7411.498967526377	1924.1820499599478
7413.043029811279	1894.6008037889956
7414.587413775822	1865.3795922483541
7416.132119487026	1839.0907347619914
7417.677147011919	1819.5142056704294
7419.2224964175475	1805.6631304244447
7420.768167770967	1793.4680145634534
7422.314161139254	1781.343241166153
7423.860476589492	1769.185402881492
7425.40711418878	1756.62362562457
7426.954074004237	1742.8045084467344
7428.501356102988	1727.5643083771758
7430.048960552177	1711.731309891634
7431.596887418958	1695.8396697178277
7433.145136770504	1679.954088641154
7434.693708673999	1664.3167862912096
7436.24260319664	1649.7971343127679
7437.791820405639	1636.9476549679528
7439.341360368223	1625.0353296228086
7440.891223151633	1613.2668887056072
7442.441408823123	1601.4955121913026
7443.991917449962	1589.6245757848455
7445.542749099431	1577.1232359582316
7447.093903838827	1563.3715527809106
7448.6453817354595	1548.677269540037
7450.197182856656	1533.7483720001476
7451.749307269751	1518.8091030052155
7453.301755042098	1503.8866670041405
7454.854526241066	1489.1725760308416
7456.407620934034	1475.0325144015078
7457.961039188395	1461.466540334989
7459.514781071559	1448.1030864123422
7461.06884665095	1434.7507491670085
7462.623235994001	1421.379271456071
7464.177949168167	1407.7021349161632
7465.7329862409115	1392.8838408289255
7467.288347279712	1376.5658564081828
7468.844032352062	1359.505762175587
7470.4000415254695	1342.3478191498173
7471.9563748674545	1325.186581680918
7473.513032445551	1308.046727079655
7475.070014327312	1291.039843749301
7476.627320580296	1274.2687824034072
7478.184951272084	1257.6532504037411
7479.7429064702665	1241.0666817549243
7481.301186242447	1224.4773829787548
7482.859790656249	1207.9136673124985
7484.418719779303	1191.590149340995
7485.977973679256	1175.8407588341322
7487.537552423773	1160.5999789709865
7489.097456080529	1145.513251229579
7490.657684717211	1130.431493490448
7492.218238401528	1115.3430814848382
7493.779117201195	1100.2015193427605
7495.340321183946	1084.8938697720557
7496.9018504175265	1069.392826220848
7498.463704969697	1053.8066812706234
7500.025884908232	1038.2091741600088
7501.588390300923	1022.607245675938
7503.1512212155685	1006.9683450262074
7504.714377719988	991.1698550492919
7506.277859882014	975.1260708066488
7507.8416677694895	958.9369458394322
7509.405801450274	942.7204026269978
7510.970260992244	926.5004703732918
7512.535046463285	910.2978289664197
7514.100157931297	894.2339260498081
7515.665595464199	878.4612600731203
7517.231359129922	862.9159155781207
7518.797448996407	847.4271416197063
7520.363865131615	831.9372300715249
7521.930607603518	816.4465088968805
7523.497676480103	800.979604287362
7525.06507182937	785.5858301020133
7526.632793719335	770.2676353827126
7528.200842218026	754.9755000947029
7529.769217393488	739.6823721423941
7531.337919313779	724.3865625544332
7532.90694804697	709.0977798938441
7534.476303661147	693.8460905975456
7536.04598622441	678.6462770646074
7537.615995804873	663.4716413255215
7539.186332470666	648.2977246650574
7540.756996289931	633.1217150505051
7542.327987330824	617.997170468473
7543.899305661519	603.18631928416
7545.470951350198	588.9505838823505
7547.042924465063	575.111069044887
7548.615225074326	561.3548228253769
7550.187853246218	547.597630731931
7551.7608090489775	533.8512710822748
7553.334092550863	520.2229087498281
7554.907703820144	506.88822382471
7556.481642925109	493.8221228951561
7558.055909934051	480.8402597830094
7559.630504915287	467.86059170094273
7561.205427937145	454.8829097952763
7562.780679067965	441.97738739498834
7564.356258376105	429.32597208595354
7565.932165929934	416.98326016067966
7567.508401797836	404.77739394626434
7569.084966048211	392.58370976696875
7570.6618587494695	380.3902810964305
7572.239079970043	368.28043946347174
7573.816629778371	356.58243525379777
7575.394508242908	345.54373958305035
7576.972715432126	334.90451359551867
7578.5512514145075	324.33509214604686
7580.130116258552	313.76459045727836
7581.709310032773	303.21719685219574
7583.288832805697	292.85584845534726
7584.868684645865	282.9004977201845
7586.448865621833	273.2741596381847
7588.029375802172	263.7351946114688
7589.610215255464	254.19756138346816
7591.191384050308	244.6686371720041
7592.772882255319	235.26398326390301
7594.3547099391235	226.22750975193125
7595.936867170361	217.58513066871208
7597.519354017688	209.09517464615223
7599.102170549775	200.6162907061104
7600.685316835307	192.13836425149253
7602.268792942981	183.72160157602946
7603.852598941512	175.56529670091533
7605.436734899625	167.77950685433407
7607.021200886063	160.19068831158438
7608.60599696958	152.62882859145518
7610.191123218949	145.0659500980536
7611.776579702953	137.52547506869485
7613.362366490393	130.1281096419315
7614.948483650077	123.00238682674365
7616.534931250838	116.0710008777467
7618.121709361515	109.18314243131192
7619.708818050966	102.29509049665741
7621.29625738806	95.42758482095121
7622.8840274416825	88.76735687809156
7624.472128280734	82.63987869309842
7626.060559974126	77.01697143321762
7627.649322590788	71.56148899282664
7629.238416199661	66.11498872265153
7630.827840869703	60.6738056004738
7632.417596669884	55.3390979112692
7634.00768366919	50.38472574768842
7635.598101936622	45.9070467616425
7637.188851541192	41.65168405139796
7638.77993255193	37.4213289879293
7640.371345037878	33.192005169681686
7641.963089068095	29.02812193896026
7643.555164711652	25.20152257750464
7645.147572037633	21.937119755109396
7646.740311115142	19.02771309367152
7648.33338201329	16.18510308397783
7649.92678480121	13.343173820344152
7651.520519548045	10.540756117627222
7653.114586322949	8.046680273137895
7654.708985195101	6.242116778423393
7656.303716233683	5.01557215007049
7657.898779507898	3.953444136283585
7659.494175086963	2.8982955455710284
7661.089903040106	1.8530929627957053
7662.685963436574	0.9375229198230286
7664.282356345623	0.4199060390102888
7665.87908183653	0.3442479098795827
7667.476139978578	0.4482519282615427
7669.073530841074	0.568365455274926
7670.6712544933325	0.6914041661938496
7672.269311004686	0.8877344145102001
7673.867700444479	1.40275425102515
7675.466422882072	2.3864207537789204
7677.0654783868395	3.6304384306590376
7678.66486702817	4.914933373743086
7680.264588875467	6.198685657647707
7681.86464399815	7.3977194770774
7683.4650324656495	8.057699221543196
7685.0657543474135	7.660984905442829
7686.666809712904	6.479135776760638
7688.268198631593	5.107509611681314
7689.869921172976	3.7299638006443843
7691.471977406553	2.370660096691287
7693.074367401848	1.2002643156651411
7694.67709122839	0.5336669947559888
7696.28014895573	0.36027307899838906
7697.883540653428	0.35791161467845206
7699.487266391065	0.36666004746208
7701.091326238229	0.389342291908367
7702.69572026453	0.6593763533905471
7704.300448539584	1.8400340700817577
7705.905511133032	4.198855685510244
7707.510908114517	7.129496111681723
7709.116639553708	10.131575095048532
7710.722705520282	13.136951988738161
7712.329106083933	16.250981892763015
7713.935841314366	19.952081138681685
7715.542911281307	24.67068204999996
7717.150316054491	30.05630039428194
7718.75805570367	35.57548449409925
7720.3661302986075	41.09820495696046
7721.974539909087	46.65147682792276
7723.583284604902	52.44375158906956
7725.192364455861	58.78837588807275
7726.80177953179	65.61332498330042
7728.411529902525	72.58324391152141
7730.021615637922	79.56167832297787
7731.632036807847	86.54940800837674
7733.242793482183	93.64998402061079
7734.853885730825	101.11048242325809
7736.465313623687	108.98450242518895
7738.077077230691	117.0334544654546
7739.6891766217805	125.10032078464685
7741.30161186691	133.17243534790146
7742.91438303605	141.34183298400305
7744.5274901991825	149.94386999347665
7746.140933426308	159.20189289898514
7747.7547127874395	168.83867862133167
7749.368828352603	178.5396760311527
7750.983280191843	188.2437252857969
7752.598068375216	197.98582307091212
7754.213192972796	207.97502298340567
7755.828654054664	218.46770856732718
7757.444451690926	229.34872476522034
7759.060585951695	240.3293340624544
7760.677056907102	251.31534764188018
7762.293864627291	262.31516885539867
7763.911009182423	273.4414508308621
7765.52849064267	284.91459827797684
7767.146309078221	296.74145031759133
7768.764464559279	308.6997732928843
7770.382957156062	320.6701805157496
7772.001786938802	332.6363075453989
7773.620953977749	344.4698207121367
7775.240458343161	355.7800874820107
7776.860300105316	366.38433304861735
7778.480479334505	376.6328624134517
7780.100996101032	386.8364124168033
7781.721850475221	397.02627777186643
7783.343042527404	406.4988179017789
7784.964572327931	411.9424968847781
7786.586439947166	410.1884444883534
7788.208645455488	403.5518932752569
7789.831188923292	395.8812560697507
7791.454070420984	388.1874126201343
7793.0772900189895	380.5843021156304
7794.700847787743	373.7775248992416
7796.324743797699	368.8966525231219
7797.948978119323	365.7504282224852
7799.573550823099	363.14666638549323
7801.198461979521	360.5711717125075
7802.8237116591	358.34958300246615
7804.449299932363	361.41938996526113
7806.075226869849	382.10426764765793
7807.701492542113	423.7070642868785
7809.328097019727	474.5016985523558
7810.955040373274	526.2555839028644
7812.582322673351	577.980148158417
7814.209943990575	628.4838433259733
7815.837904395574	673.1528063258786
7817.466203958989	708.6031489016175
7819.094842751481	738.5319473545469
7820.72382084372	767.4994228737646
7822.353138306396	796.460780733049
7823.982795210211	825.3299576084876
7825.61279162588	853.5021520784862
7827.243127624136	880.1887677566599
7828.873803275725	905.6905802168252
7830.504818651407	930.8812869653999
7832.13617382196	956.0654873451178
7833.767868858174	981.2672345345449
7835.399903830852	1006.615227656027
7837.032278810817	1032.3749090299393
7838.6649938689025	1058.5683638889063
7840.298049075958	1084.9310657995006
7841.931444502849	1111.312361880722
7843.565180220456	1137.6891216389956
7845.1992562996675	1163.849554800592
7846.833672811397	1189.1137985225364
7848.4684298265665	1213.1294360749478
7850.103527416114	1236.495874698617
7851.738965650993	1259.7765459622444
7853.37474460217	1283.059062096224
7855.01086434063	1306.2125173950067
7856.647324937367	1328.5863355186884
7858.284126463396	1349.5132176656512
7859.921268989743	1369.423694758809
7861.55875258745	1389.1102860004717
7863.1965773275715	1408.7954476313973
7864.8347432811815	1428.5464441574825
7866.473250519367	1448.8836175568747
7868.112099113225	1470.6993648523905
7869.751289133874	1493.8976861811027
7871.390820652444	1517.550470510638
7873.030693740079	1541.2337232931613
7874.670908467942	1564.9489110349873
7876.311464907207	1589.0961524855359
7877.952363129062	1614.7263652161896
7879.593603204714	1642.1795525679577
7881.235185205383	1670.4715668136319
7882.877109202301	1698.8630295363337
7884.519375266717	1727.254920158463
7886.1619834698995	1755.4537477567767
7887.804933883122	1782.6590620956135
7889.448226577681	1808.233571175157
7891.0918616248855	1832.8010760864795
7892.735839096057	1857.189418992104
7894.380159062536	1881.579562834414
7896.0248215956735	1905.8577871872724
7897.66982676684	1929.2723658869565
7899.315174647417	1950.7926713317524
7900.960865308802	1970.7534259150045
7902.606898822409	1990.2823754978456
7904.2532752596635	2009.7970536272476
7905.899994692009	2029.2813449511495
7907.547057190904	2048.338506670552
7909.194462827819	2066.100341353473
7910.84221167424	2082.449207124345
7912.490303801673	2098.2401810321508
7914.138739281632	2113.987211834895
7915.78751818565	2129.6844886444846
7917.436640585272	2144.1470995917034
7919.086106552061	2153.3897419581635
7920.735916157593	2155.109858181867
7922.386069473459	2152.7311959786753
7924.036566571266	2149.73447892234
7925.687407522636	2146.5993037720004
7927.338592399204	2135.004267573977
7928.99012127262	2070.4461024664924
7930.641994214552	1903.4120273175663
7932.294211296681	1661.3830803929434
7933.946772590702	1401.6901445579244
7935.599678168324	1141.470912820156
7937.252928101277	883.9338579893238
7938.906522461297	653.0459025611307
7940.560461320143	491.7160174936105
7942.214744749585	397.4572051721966
7943.869372821409	326.1211528697934
7945.524345607414	256.24453555614633
7947.179663179415	188.41218940212315
7948.835325609245	155.93920113033536
7950.491332968747	251.38485925305253
7952.147685329782	509.71366857824614
7953.804382764226	845.5390224592894
7955.4614253439695	1190.649769037942
7957.118813140916	1535.5388536020728
7958.776546226987	1868.55740241608
7960.434624674119	2139.096095441395
7962.0930485542585	2303.5657119474004
7963.751817939375	2399.7541968307114
7965.410932901445	2482.6280159580906
7967.0703935124675	2565.290512424226
7968.730199844449	2647.028186047504
7970.390351969417	2721.324927517964
7972.050849959412	2778.6029442778918
7973.711693886486	2821.29690535477
7975.3728838227125	2859.7166815324554
7977.034419840175	2897.945613063983
7978.696302010977	2936.042326506071
7980.3585304072285	2972.254320158975
7982.021105101064	3002.5272755196625
7983.684026164627	3026.0881862466135
7985.347293670078	3046.8746463638613
7987.010907689593	3067.4099031692667
7988.674868295361	3087.9629974980126
7990.339175559589	3108.87095982496
7992.003829554498	3131.3369509510458
7993.668830352322	3156.136311328257
7995.334178025312	3182.2639034151503
7996.999872645735	3208.6100771064253
7998.665914285871	3234.96589194572
8000.332303018013	3261.5140304387287
8001.999038914475	3289.3097089582775
8003.6661220475835	3319.609424038126
8005.3335524896775	3351.808383027588
8007.001330313112	3384.480511900987
8008.66945559026	3417.1736389111256
8010.337928393509	3449.8633375772356
8012.006748795257	3482.453704621972
8013.675916867924	3514.7626374930337
8015.345432683939	3546.789671931032
8017.015296315749	3578.7197060958542
8018.685507835814	3610.649036784286
8020.356067316614	3642.5621058351676
8022.026974830638	3674.02838615462
8023.698230450394	3703.759920167288
8025.369834248405	3731.1863752329514
8027.041786297207	3757.474424505329
8028.7140866693535	3783.6239114342225
8030.38673543741	3809.7762419981236
8032.059732673959	3835.8357354068194
8033.7330784516	3861.3627873051523
8035.4067728429445	3885.9483654328455
8037.08081592062	3909.9051172191444
8038.75520775727	3933.7350679066803
8040.429948425553	3957.5671348193086
8042.105037998142	3981.357522847714
8043.780476547726	4004.755512425294
8045.456264147007	4027.212419984208
8047.132400868704	4048.8367193157537
8048.808886785552	4070.210863628551
8050.485721970299	4091.577025147573
8052.16290649571	4113.005040630201
8053.840440434564	4135.252163411009
8055.518323859655	4160.1581536986205
8057.196556843792	4188.173971934199
8058.875139459801	4217.538794408286
8060.554071780522	4247.045512628224
8062.23335387881	4276.560836930329
8063.912985827535	4306.1505334031
8065.592967699583	4336.064109595523
8067.273299567854	4366.476611810263
8068.953981505264	4397.184320332223
8070.635013584744	4427.946929761489
8072.316395879241	4458.714243537163
8073.998128461717	4489.2999036911015
8075.680211405147	4518.594572802845
8077.362644782524	4545.200547740498
8079.045428666853	4569.6972672098345
8080.728563131159	4593.647721124725
8082.412048248478	4617.583365008238
8084.095884091864	4641.5530367820475
8085.780070734383	4665.853731705532
8087.46460824912	4691.084745629713
8089.149496709171	4717.281037265244
8090.834736187653	4743.841616836233
8092.520326757693	4770.434808836773
8094.206268492433	4797.055415077812
8095.892561465036	4824.131271565195
8097.579205748676	4852.991732427056
8099.26620141654	4884.291064757781
8100.953548541835	4916.848801613047
8102.641247197782	4949.584381426232
8104.329297457615	4982.3245908928275
8106.017699394585	5014.928996556603
8107.70645308196	5046.719090906172
8109.395558593019	5077.017272187389
8111.08501600106	5106.283908973328
8112.774825379393	5135.330792884578
8114.464986801348	5164.37837967932
8116.1555003402655	5193.323851937201
8117.846366069502	5221.306584801636
8119.537584062434	5246.906113604034
8121.229154392447	5270.3214925013535
8122.921077132945	5293.041412184196
8124.613352357349	5315.727092138363
8126.30598013909	5338.509031751825
8127.998960551618	5362.699776263652
8129.692293668401	5391.679566468338
8131.385979562916	5426.4713403887645
8133.080018308658	5463.888172962078
8134.774409979139	5501.5966679631665
8136.469154647884	5539.348488068771
8138.1642523884375	5578.271565915668
8139.859703274352	5622.906666101094
8141.555507379201	5676.744043974047
8143.2516647765715	5736.201793404229
8144.948175540067	5796.676795537829
8146.645039743305	5857.171842305283
8148.342257459919	5917.182000556025
8150.039828763556	5973.599363232668
8151.737753727882	6022.2646436485165
8153.436032426575	6064.633777706842
8155.134664933332	6105.287751525397
8156.833651321859	6145.881543471214
8158.532991665886	6186.2714455178575
8160.2326860391495	6224.06741740983
8161.932734515408	6254.150375099086
8163.633137168432	6275.945443093014
8165.333894072009	6294.521616411353
8167.035005299941	6312.84114439719
8168.736470926045	6330.350006726594
8170.438291024155	6329.864619763278
8172.140465668119	6255.088824465056
8173.8429949318	6074.9289789139675
8175.545878889077	5838.235465350832
8177.2491176138465	5593.201633151055
8178.952711180017	5348.172879688627
8180.656659661512	5109.909568536014
8182.360963132275	4913.75889282345
8184.065621666261	4797.948400098045
8185.7706353374415	4739.839834656015
8187.476004219805	4694.833145696615
8189.181728387351	4650.148122710782
8190.887807914098	4611.998061361763
8192.59424287408	4635.77868522353
8194.301033341346	4818.5376192122185
8196.008179389959	5152.827637916017
8197.715681093998	5538.322614091478
8199.42353852756	5927.103334193212
8201.131751764753	6314.475168830932
8202.840320879706	6676.4044850159935
8204.549245946555	6947.0045527474695
8206.258527039461	7102.747458090655
8207.968164232596	7204.8957724035145
8209.678157600143	7300.970629194894
8211.38850721631	7396.978849739319
8213.099213155314	7490.066816877598
8214.810275491389	7568.191542262309
8216.521694298783	7621.341829784453
8218.233469651763	7658.651046961752
8219.945601624608	7692.931247942196
8221.658090291612	7727.171765896721
8223.370935727091	7761.628467351562
8225.084138005366	7797.717128834886
8226.797697200785	7837.465467353692
8228.511613387702	7880.296253007008
8230.22588664049	7924.012577953107
8231.940517033541	7967.77539171627
8233.655504641258	8011.989708007066
8235.370849538058	8061.895795495501
8237.086551798377	8129.293385776386
8238.80261149667	8216.176980085562
8240.519028707398	8311.029577593466
8242.235803505046	8406.622811131754
8243.95293596411	8502.084138397267
8245.670426159104	8593.778406628313
8247.388274164552	8668.988244391618
8249.106480055005	8719.85994487481
8250.825043905015	8757.166103248084
8252.543965789164	8792.373179047752
8254.263245782035	8827.57000369555
8255.98288395824	8862.556248637533
8257.702880392399	8896.157225545692
8259.423235159147	8927.028636103514
8261.14394833314	8955.871024954844
8262.865019989044	8984.227996818845
8264.58645020154	9012.576170676242
8266.308239045333	9040.861529355108
8268.030386595134	9068.458105688434
8269.752892925675	9094.205575476182
8271.475758111701	9118.130676695608
8273.198982227976	9141.418778210895
8274.922565349272	9164.668670556171
8276.646507550387	9187.969963942289
8278.370808906127	9212.129309066355
8280.095469491316	9239.466150893848
8281.820489380794	9270.93091324767
8283.545868649415	9304.404713538439
8285.271607372051	9338.132396787667
8286.997705623588	9371.865251762607
8288.724163478924	9405.508653073926
8290.450981012984	9438.643266046434
8292.178158300696	9470.892668164488
8293.905695417008	9502.562243816506
8295.633592436887	9534.120034850883
8297.361849435312	9565.682311019595
8299.090466487278	9597.263386734807
8300.819443667797	9628.952042961697
8302.548781051893	9660.883208419838
8304.278478714614	9693.02655464048
8306.008536731011	9725.237975565778
8307.738955176166	9757.459028651429
8309.46973412516	9789.925859510467
8311.200873653102	9825.680453775569
8312.932373835114	9871.955261972966
8314.664234746331	9930.369939606067
8316.396456461902	9993.9611401784
8318.129039057	10058.071203551392
8319.861982606802	10122.171260853675
8321.595287186512	10185.611575250516
8323.328952871345	10245.969763827616
8325.062979736525	10301.60011682694
8326.797367857303	10354.503300104234
8328.532117308941	10406.969417787588
8330.267228166715	10459.427206375529
8332.002700505916	10510.70351367931
8333.738534401855	10554.003320776192
8335.474729929856	10581.030242337429
8337.211287165259	10595.497169474107
8338.948206183419	10606.763662479498
8340.685487059707	10617.92364890393
8342.42312986951	10629.350095954394
8344.161134688235	10643.723724047322
8345.899501591295	10666.351655870862
8347.638230654125	10697.408160519642
8349.377321952179	10731.540339716561
8351.116775560919	10765.895860961577
8352.856591555828	10800.186093804123
8354.596770012402	10833.072538253762
8356.337311006155	10860.510837707132
8358.078214612617	10880.612503640978
8359.819480907327	10896.998070578466
8361.561109965849	10912.890192809322
8363.30310186376	10928.810293637092
8365.045456676648	10946.031642187232
8366.788174480122	10970.648782771255
8368.531255349806	11008.58390144677
8370.274699361338	11055.590670914986
8372.018506590372	11104.517094153776
8373.762677112578	11153.489732593547
8375.507211003644	11202.168314456469
8377.25210833927	11248.227519066098
8378.997369195175	11287.935593823278
8380.742993647089	11321.906343188606
8382.488981770766	11354.074219898223
8384.23533364197	11386.150264403688
8385.982049336479	11418.126751146223
8387.72912893009	11448.525649735935
8389.476572498617	11473.643653128518
8391.224380117888	11492.477130027193
8392.972551863746	11508.550876484302
8394.721087812051	11524.344514412713
8396.46998803868	11540.111385233164
8398.219252619521	11554.978692013996
8399.968881630484	11565.573126668423
8401.71887514749	11569.434470594664
8403.46923324648	11569.270342610242
8405.219956003406	11568.403344544306
8406.97104349424	11567.531465848984
8408.72249579497	11567.00699376347
8410.474312981592	11568.956408492013
8412.22649513013	11576.15394988469
8413.979042316616	11587.546424628397
8415.7319546171	11600.058290963769
8417.485232107645	11612.613959910213
8419.238874864333	11626.331614662622
8420.992882963264	11653.524432197573
8422.747256480548	11719.720683870197
8424.501995492315	11827.112318248417
8426.25710007471	11950.27986760729
8428.012570303894	12074.731391460144
8429.76840625604	12198.375954559842
8431.524608007343	12304.301508554288
8433.281175634012	12338.47069940311
8435.03810921227	12272.592510541428
8436.795408818356	12154.11810194979
8438.553074528527	12028.182854139957
8440.311106419053	11902.261300714488
8442.069504566223	11780.466903556517
8443.828269046344	11683.349889094141
8445.587399935728	11632.205462605076
8447.346897310716	11613.475808164529
8449.106761247655	11601.975237988703
8450.866991822913	11590.650717990064
8452.627589112879	11580.816394428712
8454.388553193943	11584.626128452514
8456.149884142525	11622.683415088373
8457.911582035056	11692.722641437726
8459.67364694798	11773.282520260029
8461.43607895776	11854.479833178015
8463.198878140878	11935.541432494301
8464.962044573824	12014.101223887574
8466.72557833311	12083.857407397567
8468.489479495263	12142.735191859552
8470.253748136825	12196.635609059591
8472.018384334355	12249.99546589636
8473.783388164424	12303.343999914217
8475.548759703624	12355.979375128381
8477.314499028564	12405.031266709802
8479.080606215863	12448.214383386745
8480.847081342157	12487.749905272147
8482.613924484103	12526.613858184071
8484.381135718371	12565.468687111095
8486.148715121646	12603.188614650931
8487.91666277063	12632.166191962673
8489.68497874204	12641.78154579698
8491.453663112612	12635.368506310293
8493.222715959095	12624.498199525131
8494.992137358253	12613.446830699097
8496.76192738687	12600.08704123255
8498.532086121742	12558.330218687592
8500.302613639684	12431.17265509333
8502.073510017526	12210.597003468421
8503.844775332114	11952.625317481654
8505.616409660308	11691.333566860607
8507.388413078987	11429.901759006132
8509.160785665046	11166.312687996275
8510.933527495394	10893.679322120952
8512.706638646954	10607.991183081102
8514.480119196673	10315.180666127579
8516.253969221507	10021.265918590645
8518.028188798427	9727.564613928182
8519.802778004427	9450.713707246588
8521.577736916512	9278.440190525038
8523.353065611704	9307.456526881742
8525.12876416704	9483.488310112789
8526.904832659575	9694.236666229526
8528.681271166379	9906.01315275471
8530.458079764538	10118.046488242268
8532.235258531156	10332.247265694854
8534.01280754335	10552.081356906438
8535.790726878256	10777.376593522604
8537.569016613023	11004.572671836404
8539.347676824817	11231.932651521105
8541.126707590824	11457.454765230685
8542.906108988238	11650.187105168434
8544.685881094278	11723.595345244696
8546.466023986171	11644.29187751052
8548.24653774117	11491.816173341493
8550.027422436533	11330.43529394949
8551.80867814954	11169.138239398557
8553.590304957488	11013.236247124165
8555.372302937689	10885.798349744302
8557.154672167468	10806.764052821403
8558.937412724168	10758.913787263013
8560.720524685154	10717.13201194871
8562.504008127797	10675.432657880188
8564.28786312949	10632.810230252986
8566.072089767644	10582.90891356494
8567.856688119677	10516.38510249343
8569.641658263035	10435.613473232283
8571.427000275175	10350.645485837798
8573.212714233567	10265.463632086297
8574.998800215697	10182.437576024826
8576.785258299076	10128.28325105773
8578.572088561223	10164.636218107107
8580.359291079674	10303.286096666923
8582.146865931982	10484.377409872692
8583.934813195718	10669.437243249447
8585.723132948468	10853.913705454486
8587.511825267831	11022.038848008917
8589.300890231429	11117.35045160814
8591.090327916894	11103.611155952942
8592.880138401877	11028.08367563298
8594.670321764044	10942.652739311732
8596.46087808108	10857.076996760867
8598.25180743068	10768.509068749301
8600.043109890563	10660.507193767065
8601.834785538456	10513.680794139964
8603.626834452109	10337.469998355571
8605.419256709289	10153.958062533075
8607.21205238777	9970.17750929822
8609.00522156535	9777.437479384746
8610.798764319843	9490.315098861738
8612.592680729078	8945.763330627895
8614.386970870895	8143.440133581157
8616.18163482316	7248.826065645724
8617.976672663748	6347.606746507586
8619.772084470555	5450.003309047011
8621.567870321485	4623.2045048118725
8623.36403029447	4064.537394923447
8625.160564467447	3860.1900829338056
8626.957472918379	3831.6685764495633
8628.754755725236	3825.783750610403
8630.552412966013	3820.295697803786
8632.350444718715	3829.7362589111476
8634.148851061365	3921.9938748311265
8635.947632072004	4160.3793964729775
8637.746787828686	4496.3263678363
8639.546318409482	4852.338007748708
8641.346223892486	5208.759582705753
8643.146504355796	5557.943809437298
8644.947159877538	5846.0997025170645
8646.748190535845	5989.6421644123475
8648.549596408875	6004.991003689301
8650.351377574792	5980.922548295943
8652.153534111789	5954.806164744918
8653.956066098062	5930.914750961712
8655.758973611832	5940.261891930167
8657.562256731335	6059.27862157613
8659.365915534821	6306.945033764929
8661.169950100557	6610.052326400454
8662.974360506829	6918.649283400761
8664.779146831936	7226.4710184167325
8666.584309154192	7510.530711506968
8668.389847551933	7684.3537276291945
8670.195762103505	7687.2307662311805
8672.002052887277	7589.432049714946
8673.80871998163	7474.405797996762
8675.615763464959	7359.205735506556
8677.423183415682	7248.365604278938
8679.230979912227	7168.401889952431
8681.039153033043	7153.060220965036
8682.84770285659	7188.461851736827
8684.656629461353	7236.978974919676
8686.465932925825	7285.946202902932
8688.275613328518	7333.2538791338275
8690.085670747962	7361.985842518421
8691.896105262702	7338.116517381445
8693.706916951298	7259.647363013172
8695.518105892328	7160.668696198553
8697.329672164391	7060.078587557687
8699.141615846092	6959.72263947765
8700.95393701606	6864.777007848245
8702.76663575294	6791.568445742267
8704.579712135388	6748.292677313156
8706.393166242082	6720.470243902625
8708.206998151716	6694.746309292283
8710.021207942998	6669.03120595282
8711.835795694655	6643.6504165380975
8713.650761485424	6620.2260536116755
8715.466105394067	6600.383743462001
8717.281827499357	6583.028934825722
8719.097927880086	6566.217199421725
8720.914406615062	6549.424402910154
8722.731263783107	6535.565905339151
8724.548499463062	6548.02522977913
8726.366113733784	6625.466092042503
8728.184106674145	6762.538578916268
8730.002478363036	6918.725185307714
8731.821228879362	7076.001211578298
8733.640358302046	7232.056163043458
8735.459866710025	7368.553104177756
8737.279754182257	7438.0529104202915
8739.100020797712	7426.0421134970775
8740.920666635378	7377.174283293956
8742.741691774261	7324.267375185088
8744.563096293381	7271.343433177514
8746.384880271777	7218.417396282492
8748.2070437885	7165.523845236433
8750.029586922623	7112.6892980775765
8751.852509753231	7059.886498781968
8753.67581235943	7007.080392942141
8755.499494820338	6954.349662327529
8757.323557215093	6911.686844775994
8759.147999622846	6942.899744705201
8760.972822122769	7133.624958134532
8762.798024794045	7453.893755206921
8764.623607715877	7809.520189500779
8766.449570967485	8166.616268830978
8768.275914628104	8520.396327704351
8770.102638776985	8833.71346367831
8771.929743493396	9027.424371853756
8773.757228856624	9092.485140608458
8775.58509494597	9107.196722886783
8777.41334184075	9117.710512361868
8779.2419696203	9127.121126295946
8781.070978363972	9110.93359979062
8782.900368151131	8987.993185524443
8784.730139061163	8713.25830521446
8786.560291173468	8357.217372089506
8788.390824567463	7989.291407090183
8790.22173932258	7621.468848556922
8792.053035518275	7267.484997305024
8793.884713234007	6997.87941299814
8795.716772549265	6888.512936099866
8797.549213543545	6894.607418644504
8799.382036296367	6927.394837833611
8801.215240887263	6960.9021030455615
8803.048827395782	6994.602530364063
8804.882795901489	7030.1155689536035
8806.71714648397	7070.2982514120595
8808.55187922282	7114.928491969505
8810.386994197659	7161.054431728223
8812.222491488117	7207.279901297736
8814.058371173844	7253.781567000194
8815.894633334505	7304.739104142751
8817.731278049783	7371.547928631288
8819.568305399378	7458.3237950888515
8821.405715463003	7554.511624688765
8823.24350832039	7651.824704025435
8825.08168405129	7749.278582482349
8826.920242735468	7851.3520289058915
8828.759184452705	7977.342829779604
8830.5985092828	8143.431960928616
8832.438217305567	8334.924532452498
8834.27830860084	8531.237501513038
8836.118783248467	8727.58733522222
8837.959641328309	8914.491075807711
8839.800882920254	9028.107583922043
8841.642508104196	8976.895806200959
8843.48451696005	8786.310880524608
8845.32690956775	8555.435727768338
8847.169686007244	8322.685277787838
8849.012846358497	8097.97432964283
8850.856390701487	7980.7388772612885
8852.700319116217	8197.260457231303
8854.5446316827	8786.196606761097
8856.389328480967	9526.53354130354
8858.234409591068	10280.295626217197
8860.079875093066	11031.134227281436
8861.925725067045	11705.833711378602
8863.771959593101	12048.88800908771
8865.61857875135	11902.145432669075
8867.465582621922	11481.301381194267
8869.31297128497	11017.205188633308
8871.160744820654	10552.830524662959
8873.008903309159	10101.191300163087
8874.857446830682	9732.495152358357
8876.706375465437	9527.888793966325
8878.55568929366	9445.688984131677
8880.405388395597	9392.989941638285
8882.255472851513	9341.122393222859
8884.105942741691	9286.76731729116
8885.95679814643	9207.22126831302
8887.808039146043	9060.233427108999
8889.659665820865	8846.58029265852
8891.511678251245	8609.349415063043
8893.364076517548	8370.449897129516
8895.216860700155	8132.516302468443
8897.070030879468	7913.177450566156
8898.923587135901	7763.416558170764
8900.777529549889	7704.449278333529
8902.63185820188	7689.775026678185
8904.486573172338	7680.59006335786
8906.341674541749	7671.521869184744
8908.197162390612	7666.862225439205
8910.053036799443	7685.945165808732
8911.909297848777	7746.208561159605
8913.765945619163	7833.607683919206
8915.622980191167	7926.517546013896
8917.480401645375	8019.553476525702
8919.338210062384	8113.225777159392
8921.196405522813	8211.969651853235
8923.054988107298	8322.522979771604
8924.913957896486	8443.392237016746
8926.77331497105	8567.379925949961
8928.633059411668	8691.544043299024
8930.493191299047	8815.740105118724
8932.353710713902	8940.04714052195
8934.214617736967	9064.653559828554
8936.075912448994	9189.601260362473
8937.937594930756	9314.708788615035
8939.799665263034	9439.855344914762
8941.662123526628	9565.707828265793
8943.524969802365	9709.86734982755
8945.388204171075	9936.845200439022
8947.25182671361	10290.010134996908
8949.115837510843	10716.128441992645
8950.980236643658	11154.385382465645
8952.845024192959	11592.745259695022
8954.710200239666	12022.208553718572
8956.575764864716	12390.710641444284
8958.441718149063	12634.487610438448
8960.308060173678	12782.202757905006
8962.174791019546	12905.675324390071
8964.041910767677	13028.377503968739
8965.909419499087	13148.125717047089
8967.777317294816	13235.782856039166
8969.645604235919	13234.18295962482
8971.51428040347	13141.36237504483
8973.383345878552	13014.94555202351
8975.252800742279	12886.007989113185
8977.122645075768	12757.424580720062
8978.992878960158	12636.63468403151
8980.863502476608	12546.47521100642
8982.73451570629	12497.721933376517
8984.605918730398	12469.905725922841
8986.477711630132	12444.832959247977
8988.349894486722	12419.73082251779
8990.222467381407	12393.153472923965
8992.095430395444	12358.286093382483
8993.968783610113	12308.506615797738
8995.842527106697	12248.520195326077
8997.716660966511	12186.33382803891
8999.59118527088	12124.103114832893
9001.466100101145	12068.986539152555
9003.341405538666	12077.456398103952
9005.21710166482	12241.45818161546
9007.093188561	12546.287142383551
9008.969666308618	12895.200750346301
9010.8465349891	13246.457985553723
9012.723794683889	13597.75648663506
9014.601445474449	13948.657932048227
9016.479487442257	14298.066817534005
9018.357920668806	14645.683284422817
9020.236745235612	14992.54780252373
9022.115961224205	15339.397911270635
9023.995568716125	15685.949062029445
9025.875567792942	16020.692896227883
9027.755958536232	16298.122568098901
9029.636741027594	16484.3539823143
9031.517915348642	16615.830029821762
9033.399481581007	16737.815868222708
9035.281439806336	16859.602565045
9037.163790106297	16969.376208149046
9039.046532562568	16993.974875922115
9040.929667256853	16838.328637303133
9042.813194270864	16538.675813231257
9044.697113686338	16200.47732750106
9046.581425585024	15860.741434675772
9048.466130048688	15523.450234090655
9050.351227159113	15215.730386112202
9052.236716998106	14994.270640713949
9054.122599647482	14864.20809806305
9056.008875189074	14769.113392951385
9057.89554370474	14676.750283010684
9059.782605276345	14585.847787905017
9061.670059985778	14526.949130108358
9063.557907914943	14598.314708878754
9065.446149145759	14852.09001743368
9067.334783760163	15202.287594009962
9069.223811840115	15566.35450312297
9071.11323346758	15930.434118292049
9073.003048724553	16287.097127308421
9074.893257693038	16599.313394842342
9076.783860455056	16828.553560877
9078.674857092652	16999.156960726108
9080.56624768788	17156.66729985361
9082.458032322817	17313.88321824631
9084.350211079549	17465.26643230299
9086.242784040192	17562.415442447844
9088.135751286867	17522.763912546383
9090.029112901719	17355.05230561238
9091.922868966907	17145.15851948458
9093.817019564609	16932.718813548305
9095.711564777019	16722.767199263188
9097.606504686348	16553.64857563796
9099.501839374825	16527.51694535427
9101.397568924694	16678.622624810774
9103.293693418222	16911.516612064235
9105.190212937683	17153.669778477808
9107.087127565377	17396.069271226315
9108.98443738362	17645.009192071
9110.882142474744	17926.600540371648
9112.780242921093	18261.84236498085
9114.678738805034	18630.56247324692
9116.577630208953	19005.563339465607
9118.476917215246	19380.667747611984
9120.376599906333	19748.427973082016
9122.276678364648	20060.33522844045
9124.17715267264	20248.687471456098
9126.078022912781	20334.283002698983
9127.979289167555	20390.918694610486
9129.880951519464	20446.336349129084
9131.783010051033	20500.452850242997
9133.685464844793	20537.929739113122
9135.588315983301	20524.907377735148
9137.491563549132	20456.502555730534
9139.395207624872	20365.980481545903
9141.299248293128	20273.54467029654
9143.203685636523	20181.12103761252
9145.108519737696	20089.426152433425
9147.013750679309	20000.892170416457
9148.919378544035	19916.955117983794
9150.825403414565	19835.53577764558
9152.73182537361	19754.486164618178
9154.638644503897	19673.37023702089
9156.545860888169	19588.658274877653
9158.453474609187	19481.274912514316
9160.36148574973	19329.89262314474
9162.269894392595	19146.294742194255
9164.178700620594	18955.1234729204
9166.087904516557	18763.7185334773
9167.997506163332	18574.50578172138
9169.907505643783	18407.06748205791
9171.817903040792	18296.729259423988
9173.728698437259	18241.80345200654
9175.6398919161	18206.007391172636
9177.55148356025	18171.458636449606
9179.463473452659	18138.23723445224
9181.375861676295	18129.534502440034
9183.288648314145	18211.458890361177
9185.201833449211	18409.98166907643
9187.115417164512	18664.24926339568
9189.02939954309	18925.142103302172
9190.943780667994	19185.853689337764
9192.8585606223	19437.541778954284
9194.773739489096	19641.73271470903
9196.68931735149	19764.951244691627
9198.605294292605	19835.682637819675
9200.521670395583	19896.03105284677
9202.438445743583	19956.18771898708
9204.35562041978	20012.40261313756
9206.273194507366	20036.81425163837
9208.191168089557	19988.189191352878
9210.109541249576	19876.95357653201
9212.02831407067	19747.43886614553
9213.947486636102	19617.083473999584
9215.867059029151	19487.524333978075
9217.787031333117	19368.914093156713
9219.70740363131	19284.808037666953
9221.628176007067	19239.902666661903
9223.549348543735	19211.382304643757
9225.470921324682	19184.41088111
9227.392894433293	19157.541482819564
9229.315267952965	19133.528414149238
9231.238041967123	19122.357471405157
9233.1612165592	19130.55156070999
9235.084791812651	19149.77316388427
9237.008767810945	19170.764162180516
9238.933144637573	19191.710722471827
9240.857922376039	19208.074029366326
9242.783101109868	19194.2846108912
9244.7086809226	19119.956167661374
9246.634661897791	18999.622318661302
9248.56104411902	18867.80811332095
9250.487827669878	18735.5875330302
9252.415012633977	18596.266054827665
9254.342599094942	18382.444331883547
9256.270587136421	17965.02181187423
9258.198976842075	17342.979568331884
9260.127768295584	16647.287061621577
9262.056961580647	15946.308344304396
9263.986556780976	15245.67340430207
9265.916553980305	14554.283298392236
9267.846953262384	13898.598691325382
9269.777754710982	13290.431403515513
9271.70895840988	12705.909788562796
9273.640564442881	12124.346487941282
9275.572572893807	11542.90621550051
9277.504983846495	10971.381810306739
9279.437797384797	10455.033241880428
9281.371013592585	10036.300167438605
9283.30463255375	9683.070722662476
9285.2386543522	9343.399083275208
9287.173079071856	9003.950925453828
9289.107906796664	8671.294688193022
9291.043137610579	8397.082271683765
9292.978771597582	8262.596104688748
9294.914808841666	8252.574189761144
9296.85124942684	8280.90809155707
9298.788093437139	8311.21805558929
9300.725340956604	8352.411809763727
9302.662992069303	8548.665876314915
9304.60104685932	9252.377621645503
9306.539505410748	10551.968085466506
9308.47836780771	12110.495087346582
9310.417634134337	13695.560039753695
9312.35730447478	15275.898051580414
9314.297378913214	16705.090940872058
9316.23785753382	17423.651689437636
9318.178740420808	17034.92250833566
9320.120027658395	15994.09749586329
9322.061719330824	14842.807276077929
9324.003815522352	13690.63967211317
9325.946316317253	12576.251715257562
9327.88922179982	11724.8012446788
9329.832532054363	11422.181858617389
9331.776247165208	11552.42966715584
9333.7203672167	11796.357613750602
9335.664892293204	12044.457508774225
9337.609822479097	12290.098345994991
9339.555157858782	12506.855863013843
9341.50089851667	12640.872777133258
9343.447044537194	12688.76187798542
9345.393596004806	12704.468506841877
9347.340553003973	12717.776719294332
9349.287915619183	12731.480243943832
9351.235683934938	12753.231105257559
9353.183858035758	12806.946625481596
9355.132438006181	12904.649685630926
9357.081423930767	13025.19641739706
9359.030815894086	13148.941090793533
9360.980613980732	13272.675938480219
9362.93081827531	13393.706261314068
9364.881428862453	13498.735466287928
9366.832445826798	13574.341542908289
9368.783869253013	13629.550515684805
9370.735699225774	13680.363761930352
9372.687935829781	13731.106460109017
9374.640579149745	13784.59502995249
9376.593629270401	13862.467812954188
9378.547086276498	14000.534636042295
9380.500950252806	14194.01996620194
9382.45522128411	14405.429477722311
9384.409899455211	14617.907322816414
9386.36498485093	14829.195739775574
9388.320477556108	15020.887488143224
9390.2763776556	15144.954938964473
9392.23268523428	15186.59245431906
9394.189400377036	15191.074533415476
9396.146523168782	15191.587077401951
9398.104053694442	15192.105757091362
9400.061992038964	15192.831989608963
9402.020338287304	15194.569178630743
9403.979092524447	15197.935801996888
9405.93825483539	15202.300907479337
9407.897825305148	15206.848029388839
9409.857804018753	15211.360085665843
9411.818191061257	15211.444058658983
9413.77898651773	15178.853628759405
9415.740190473254	15075.329189994683
9417.701803012937	14913.946516035983
9419.663824221898	14736.721379306311
9421.626254185278	14558.845443102615
9423.589092988233	14378.08622345988
9425.552340715938	14162.9176657642
9427.515997453589	13845.733283505608
9429.480063286392	13418.38012876971
9431.444538299576	12947.624815632169
9433.40942257839	12473.110857409636
9435.374716208093	11999.440800825545
9437.34041927397	11547.215547916554
9439.306531861319	11184.948443000794
9441.273054055457	10951.262219688091
9443.23998594172	10786.8556080226
9445.207327605458	10632.601921450236
9447.175079132043	10478.66049894502
9449.143240606863	10341.75589144399
9451.111812115321	10308.904250951477
9453.080793742847	10473.657238604137
9455.050185574877	10780.584270040103
9457.01998769687	11120.271875102932
9458.990200194308	11460.878509945196
9460.960823152684	11798.271438103828
9462.931856657508	12104.319256645997
9464.90330079431	12329.38270929026
9466.875155648644	12477.00704309979
9468.84742130607	12598.454151002377
9470.820097852176	12718.29435319101
9472.793185372562	12836.275925206051
9474.766683952848	12921.931247394863
9476.740593678673	12891.48531600215
9478.71491463569	12714.434554012498
9480.689646909572	12468.384948645762
9482.664790586012	12214.24644600636
9484.640345750717	11960.352722528096
9486.616312489416	11717.43278977462
9488.59269088785	11530.754680407517
9490.569481031787	11438.083703297536
9492.546683007002	11405.132926342196
9494.524296899295	11383.631374107286
9496.502322794484	11362.35528169743
9498.480760778399	11349.704841148192
9500.459610936894	11405.101462139122
9502.43887335584	11614.514648599152
9504.418548121123	11954.312835570325
9506.398635318648	12331.630297005106
9508.37913503434	12710.666008821554
9510.36004735414	13084.138131177115
9512.341372364004	13385.656611706223
9514.323110149913	13465.938209499185
9516.305260797863	13299.770570577777
9518.287824393863	13032.87223621493
9520.270801023946	12756.766574945785
9522.254190774158	12481.380472491912
9524.23799373057	12226.391609862629
9526.222209979265	12061.537307344468
9528.206839606342	12030.19946298283
9530.191882697929	12073.283040736917
9532.177339340156	12127.844975932047
9534.163209619188	12182.647417027372
9536.149493621191	12247.834880995455
9538.136191432362	12379.35479051211
9540.123303138911	12641.624903089163
9542.110828827066	13001.661693299324
9544.098768583071	13385.600389788424
9546.087122493194	13770.34743873648
9548.075890643713	14147.497698137831
9550.065073120932	14444.319435066458
9552.054670011164	14523.975489965223
9554.04468140075	14388.716832372495
9556.035107376043	14178.062108079353
9558.025948023413	13962.426252419356
9560.017203429252	13748.317250371185
9562.008873679966	13562.64619924658
9564.000958861983	13482.817723575845
9565.993459061747	13541.003702309064
9567.986374365719	13666.725692445389
9569.979704860378	13800.9717066617
9571.973450632224	13934.638471071483
9573.967611767772	14041.445511856102
9575.962188353558	14002.503709963472
9577.957180476133	13710.251686579762
9579.952588222064	13251.343145894147
9581.948411677946	12758.94363253038
9583.944650930378	12265.930325387333
9585.941306065988	11783.812767575826
9587.93837717142	11391.895899131507
9589.93586433333	11210.948320989934
9591.9337676384	11214.711038563197
9593.932087173325	11274.33156740173
9595.93082302482	11336.761561159075
9597.929975279618	11397.387433996975
9599.929544024468	11432.58597289975
9601.92952934614	11385.886032309612
9603.92993133142	11244.60919441661
9605.930750067115	11063.151621817056
9607.931985640045	10877.78465573518
9609.933638137054	10692.935941081829
9611.935707645	10523.454001944054
9613.938194250759	10424.12157178555
9615.941098041229	10432.015314179813
9617.94441910332	10502.032862630324
9619.948157523968	10582.387079025006
9621.952313390118	10662.77945661128
9623.956886788743	10736.421506817613
9625.961877806823	10764.156036838374
9627.967286531366	10697.688246257008
9629.973113049395	10558.235576841582
9631.979357447948	10400.124705897351
9633.986019814081	10241.356218012295
9635.993100234877	10087.693327244915
9638.000598797425	9990.20738219274
9640.008515588843	10049.490119234863
9642.016850696258	10269.037711263847
9644.02560420682	10547.512126790763
9646.034776207696	10830.396183492318
9648.044366786073	11112.0683295039
9650.054376029153	11368.670570557806
9652.064804024161	11527.542589169301
9654.07565085833	11554.297991733214
9656.086916618928	11513.885943388705
9658.098601393223	11464.474335502433
9660.110705268515	11414.995364433531
9662.123228332113	11364.356552868114
9664.136170671349	11307.150519075087
9666.149532373573	11238.100100818569
9668.163313526149	11160.945690862518
9670.177514216468	11082.050143591154
9672.192134531932	11003.109037424965
9674.207174559959	10925.965576083157
9676.222634387992	10864.57012183186
9678.23851410349	10841.442636281086
9680.254813793928	10853.009274159454
9682.271533546802	10875.55547829236
9684.288673449624	10898.707841566431
9686.306233589929	10922.410825946075
9688.324214055257	10954.55472250547
9690.342614933186	11015.175290332958
9692.3614363113	11109.898930555
9694.380678277197	11219.71064226379
9696.400340918506	11331.105801607047
9698.420424322863	11443.136190396399
9700.440928577931	11573.76802252535
9702.461853771385	11793.230667025122
9704.483199990922	12153.847907399673
9706.504967324252	12599.755888696916
9708.527155859112	13060.898757030476
9710.54976568325	13522.261783669928
9712.572796884435	13975.55501354776
9714.596249550454	14369.372529959232
9716.62012376911	14635.785738487399
9718.644419628228	14800.045549409453
9720.669137215651	14937.161612152811
9722.694276619237	15073.324675674525
9724.719837926867	15210.08191315703
9726.745821226436	15353.430343253402
9728.772226605857	15515.857465777797
9730.799054153069	15698.526304530964
9732.826303956017	15889.0250722641
9734.853976102675	16080.200024769018
9736.88207068103	16270.331872976654
9738.910587779088	16436.090236662996
9740.939527484876	16501.643273289566
9742.968889886435	16426.734603633944
9744.998675071829	16277.960684777054
9747.028883129136	16118.822155085103
9749.059514146455	15959.693682096124
9751.090568211903	15805.023682089522
9753.122045413615	15677.038681233373
9755.153945839742	15598.981464717841
9757.186269578458	15556.388728375981
9759.219016717954	15521.832098111026
9761.252187346437	15487.478252647817
9763.285781552135	15454.63382522706
9765.319799423292	15436.104871189813
9767.354241048173	15454.014378263138
9769.389106515058	15506.20327530171
9771.424395912249	15569.703977993237
9773.460109328063	15633.87731672172
9775.49624685084	15698.797561238454
9777.532808568936	15775.605706473469
9779.56979457072	15893.896040615367
9781.60720494459	16063.536525328318
9783.645039778954	16256.893040787761
9785.683299162241	16452.978293284024
9787.7219831829	16648.729028037757
9789.761091929397	16831.15450019752
9791.800625490216	16946.078992582363
9793.84058395386	16949.50197195497
9795.88096740885	16883.13340097394
9797.921775943727	16803.74375918863
9799.96300964705	16724.127570483066
9802.004668607393	16640.537350070797
9804.046752913353	16526.877430384724
9806.089262653544	16346.61646916347
9808.132197916597	16110.875216963263
9810.175558791165	15859.415805671093
9812.219345365911	15607.228127210816
9814.263557729531	15361.616112171643
9816.308195970725	15198.783703623867
9818.353260178219	15286.47163803766
9820.398750440756	15649.031791055242
9822.444666847097	16121.714843140571
9824.491009486024	16604.05058379326
9826.537778446334	17085.229755732562
9828.584973816845	17535.865890777462
9830.63259568639	17855.246636244494
9832.680644143826	17983.523100780523
9834.729119278023	18006.71919234637
9836.778021177874	18013.89323609778
9838.827349932284	18021.118798163458
9840.877105630187	18038.745225102168
9842.927288360528	18121.648088724283
9844.97789821227	18331.405564586094
9847.028935274397	18634.609977158103
9849.080399635914	18960.124004951485
9851.132291385838	19286.33777802009
9853.18461061321	19606.98344993774
9855.237357407088	19871.390590731266
9857.290531856548	19987.52986410366
9859.344134050685	19959.7522463758
9861.398164078613	19882.49989800418
9863.452622029463	19802.051647986365
9865.507507992386	19722.290348303744
9867.562822056552	19654.823625449644
9869.618564311148	19632.327234695753
9871.67473484538	19667.649326832157
9873.731333748472	19730.813726269556
9875.78836110967	19797.391582041524
9877.845817018235	19863.297300938855
9879.903701563448	19900.66370413712
9881.962014834608	19786.002624075336
9884.02075692103	19411.151238297145
9886.079927912057	18867.82295831571
9888.139527897038	18291.423959184656
9890.19955696535	17714.391534381324
9892.260015206386	17140.35848200646
9894.320902709553	16591.110856616462
9896.382219564284	16098.972897365995
9898.443965860028	15656.080835979783
9900.506141686248	15227.728975693735
9902.568747132433	14799.98996579335
9904.631782288086	14374.208710628765
9906.695247242731	13976.896683143666
9908.759142085906	13670.289659497947
9910.823466907173	13466.805978161296
9912.888221796115	13306.080780376666
9914.953406842322	13149.217368901089
9917.019022135415	12993.20736522676
9919.085067765027	12860.079156334003
9921.151543820812	12828.676344534695
9923.21845039244	12950.004353427466
9925.285787569606	13158.31958912477
9927.353555442016	13380.767592462214
9929.421754099401	13603.46848934139
9931.490383631504	13832.49746962976
9933.559444128095	14103.526423723923
9935.628935678955	14459.250827154701
9937.69885837389	14879.32024289233
9939.769212302717	15315.337373547123
9941.83999755528	15751.922183519338
9943.911214221438	16187.084179310546
9945.982862391069	16606.434625391925
9948.054942154067	16982.39901126344
9950.12745360035	17314.67204231139
9952.20039681985	17631.187341580146
9954.27377190252	17946.626699834993
9956.347578938334	18261.108399609868
9958.42181801728	18555.809737052467
9960.496489229366	18774.538457492654
9962.571592664623	18892.20434836616
9964.647128413097	18959.581874300784
9966.723096564849	19020.535531314203
9968.799497209968	19080.542053235822
9970.876330438552	19099.40870465448
9972.953596340727	18891.494918548873
9975.031295006633	18283.047406949147
9977.109426526426	17405.714249983346
9979.187990990285	16472.184105879438
9981.266988488409	15537.385321682461
9983.34641911101	14618.974397718552
9985.426282948327	13841.578137412165
9987.506580090607	13401.54814075906
9989.587310628127	13262.269634296741
9991.668474651175	13215.718324703195
9993.75007225006	13173.900960026418
9995.832103515113	13132.11819314622
9997.914568536678	13090.958969781315
9999.997467405125	13051.875274351027
10002.080800210833	13015.24098467926
10004.16456704421	12979.670901672296
10006.24876799568	12944.203099927228
10008.333403155679	12908.854685768545
10010.41847261467	12877.126704312863
10012.503976463131	12862.277247407255
10014.589914791562	12873.679689481292
10016.676287690478	12900.565608228408
10018.763095250413	12930.096548732616
10020.850337561924	12959.68407055882
10022.938014715583	12991.355620152317
10025.026126801982	13037.294115448432
10027.114673911732	13112.590957873672
10029.203656135465	13210.64254474198
10031.293073563826	13314.503400627735
10033.382926287486	13418.578598221062
10035.47321439713	13523.11886817332
10037.563937983463	13632.749977237369
10039.655097137209	13756.977866202684
10041.746691949114	13896.54812930704
10043.838722509936	14041.974756678626
10045.93118891046	14187.89090026887
10048.024091241483	14332.565946336254
10050.117429593825	14450.958976823225
10052.211204058323	14466.059603532476
10054.305414725837	14341.571216775175
10056.400061687238	14146.587559613452
10058.495145033425	13942.37775308185
10060.590664855306	13738.612816327615
10062.686621243818	13558.635267787415
10064.78301428991	13514.093567124193
10066.879844084555	13714.822043705208
10068.977110718739	14084.440612068865
10071.074814283473	14490.698826807018
10073.172954869782	14897.852662194475
10075.271532568713	15297.093513030377
10077.370547471332	15624.030756434217
10079.469999668721	15772.454923737148
10081.569889251987	15757.998451075235
10083.670216312248	15692.094177508961
10085.770980940646	15623.466335985719
10087.872183228345	15557.172585820796
10089.973823266515	15525.83299938478
10092.075901146365	15583.70021108698
10094.178416959103	14689.872163606015
10096.281370795969	11698.961282866327
