#wavelength (Angstrom)	surface_flux (erg / (Angstrom cm2 s))
6300.0	1244.9870220881555
6301.3125	1844.970605898015
6302.6252734375	2151.11297317853
6303.938320369467	2161.2225418218486
6305.251640852877	2158.1680489980745
6306.565234944722	2157.667286078525
6307.8791027020025	2157.83779997239
6309.193244181732	2158.033077305813
6310.5076594409375	2158.4193585388707
6311.822348536654	2160.9793760976227
6313.137311525933	2169.7676134753883
6314.452548465834	2185.078736026589
6315.768059413431	2202.8608122346986
6317.083844425809	2220.8383380164855
6318.399903560065	2238.7432229445435
6319.716236873307	2255.018886913788
6321.032844422655	2264.7208599661108
6322.349726265244	2265.3072363647348
6323.666882458216	2261.13512972864
6324.984313058728	2256.2968281214607
6326.302018123949	2251.4795467371605
6327.619997711058	2247.949018158786
6328.938251877249	2251.9669672264154
6330.256780679723	2269.9518404476094
6331.575584175699	2297.7466544567337
6332.894662422402	2327.7265712978974
6334.214015477073	2357.762626789451
6335.533643396964	2386.99816299008
6336.853546239339	2408.8787331206227
6338.173724061472	2412.430867161515
6339.494176920652	2399.0569886295193
6340.814904874177	2380.2237022177965
6342.135907979359	2361.079693653278
6343.457186293522	2342.242496719828
6344.778739874001	2328.2113239314726
6346.100568778142	2330.649488293414
6347.422673063304	2353.1741531922717
6348.745052786858	2384.8164177793146
6350.067708006189	2417.4674885139752
6351.39063877869	2450.0320959755777
6352.713845161769	2479.332132497436
6354.037327212845	2492.3099492972215
6355.3610849893485	2478.6496516922025
6356.685118548721	2448.5447459572692
6358.009427948419	2415.441405126037
6359.334013245908	2382.3106008796585
6360.658874498668	2351.1087366437546
6361.984011764189	2334.1943167895392
6363.309425099973	2348.4522134659474
6364.635114563535	2388.340949192223
6365.961080212403	2435.3621435264845
6367.2873221041145	2482.6888587915287
6368.61384029622	2529.7096289025008
6369.940634846282	2572.7670790610614
6371.267705811875	2603.9000323413147
6372.595053250586	2622.10676857339
6373.922677220014	2635.2478821733116
6375.250577777768	2647.9783304525413
6376.578754981471	2660.6807752156333
6377.907208888761	2672.6948872499215
6379.235939557279	2681.8339565542983
6380.564947044686	2686.8661377918925
6381.894231408654	2689.6804673330744
6383.223792706865	2692.1656704415873
6384.553630997012	2694.651325327018
6385.883746336804	2697.2719261563066
6387.2141387839565	2700.7314669181
6388.544808396204	2705.802701498816
6389.875755231287	2712.042167502063
6391.20697934696	2718.5519949479444
6392.53848080099	2725.070169037362
6393.870259651158	2731.6937306139375
6395.202315955253	2739.312147212798
6396.534649771077	2749.4940011506833
6397.867261156446	2762.1281924859327
6399.2001501691875	2775.5956217142857
6400.533316867139	2789.1184380762083
6401.866761308153	2802.6056331105115
6403.200483550093	2815.4317456362114
6404.534483650832	2825.8642425526555
6405.868761668259	2833.2618774690204
6407.2033176602745	2839.228544560987
6408.5381516847865	2845.0298100974983
6409.873263799722	2850.7773927781727
6411.2086540630135	2854.5192342478595
6412.544322532611	2847.89723243408
6413.880269266471	2823.824613697973
6415.216494322568	2788.5800301506174
6416.552997758886	2751.161087102061
6417.8897796334195	2713.706088571764
6419.226840004177	2677.3957791065773
6420.5641789291785	2650.1651420183834
6421.9017964664545	2643.5799590560155
6423.239692674053	2654.569253648092
6424.577867610025	2670.654843012152
6425.9163213324455	2686.970439455224
6427.25505389939	2703.4177166145
6428.594065368952	2721.5543214255536
6429.933355799238	2744.9403130860533
6431.272925248362	2774.2259551959864
6432.612773774456	2805.9480953633806
6433.9529014356585	2837.900799866269
6435.293308290125	2869.786972004256
6436.63399439602	2899.8270399651633
6437.974959811519	2921.7261692548054
6439.316204594813	2931.5088072081167
6440.657728804104	2934.4710475241473
6441.999532497605	2936.355825012926
6443.341615733541	2938.2332243999713
6444.683978570154	2940.142334069503
6446.026621065689	2942.255421341699
6447.369543278411	2944.7733970035715
6448.7127452665945	2947.5955858672646
6450.056227088525	2950.492566198947
6451.399988802502	2953.392693051036
6452.744030466836	2956.446456755582
6454.088352139851	2961.0620262620737
6455.43295387988	2969.8749014818436
6456.777835745272	2982.852145628967
6458.122997794385	2997.3079637224305
6459.468440085592	3011.868144638894
6460.814162677278	3026.3651383365736
6462.160165627836	3039.6079945898123
6463.506448995675	3048.0985168816946
6464.853012839217	3050.3319421361202
6466.199857216891	3049.4843825262815
6467.546982187145	3048.248534925231
6468.894387808435	3046.9896356840595
6470.242074139227	3044.849025434389
6471.590041238007	3037.952721457379
6472.938289163264	3022.770781743083
6474.286817973508	3002.0969148991207
6475.6356277272525	2980.296794586115
6476.984718483029	2958.4715844201946
6478.334090299379	2936.839930034755
6479.683743234858	2916.8769264621537
6481.033677348033	2900.869094321059
6482.38389269748	2888.3443391944475
6483.734389341793	2876.8710584134533
6485.085167339573	2865.446535485188
6486.436226749436	2854.247141464058
6487.787567630007	2846.2325607675525
6489.139190039932	2848.5483790628705
6490.491094037857	2862.9058351030276
6491.843279682447	2882.4539616845777
6493.195747032382	2902.525904527761
6494.548496146348	2922.5734319779353
6495.901527083045	2941.779059522036
6497.254839901187	2957.0645826473956
6498.6084346595	2966.3133812845754
6499.962311416722	2972.0622522826034
6501.316470231601	2977.2386238368554
6502.670911162898	2982.415440557614
6504.025634269391	2987.9044558847168
6505.3806396098635	2995.5002204401326
6506.735927243117	3007.4198318969306
6508.091497227958	3022.6992995773103
6509.447349623215	3038.8456349532153
6510.80348448772	3055.0253280349307
6512.159901880322	3071.046914487898
6513.51660185988	3085.239876385031
6514.873584485267	3094.2376555287046
6516.23084981537	3097.865306633711
6517.58839790908	3099.5041389384837
6518.946228825313	3100.9979731468757
6520.304342622985	3102.545086738972
6521.662739361031	3105.1568053390592
6523.021419098398	3111.94897256943
6524.380381894044	3124.4384526579247
6525.739627806938	3139.8550318089833
6527.099156896065	3155.674120625984
6528.458969220418	3171.4659591635573
6529.819064839006	3185.677606421158
6531.179443810848	3190.8028769527778
6532.540106194976	3179.4295780263865
6533.9010520504335	3156.7157784500687
6535.262281436278	3131.5694302718275
6536.6237944115765	3106.3701428436734
6537.985591035413	3081.8395038360422
6539.347671366879	3063.2034147932764
6540.71003546508	3058.940657977788
6542.072683389135	3067.7409956269107
6543.435615198176	3080.6864330387666
6544.798830951341	3093.862752129708
6546.162330707791	3107.012041212389
6547.526114526688	3119.710581085665
6548.890182467215	3130.877417462395
6550.254534588562	3140.198831755553
6551.619170949934	3148.698172183338
6552.984091610549	3157.1122617806477
6554.349296629635	3165.508362933518
6555.7147860664345	3173.285063852107
6557.080559980198	3178.0611148171674
6558.446618430195	3178.036545255522
6559.8129614757	3175.0974855231166
6561.1795891760075	3171.637242428501
6562.54650159042	3168.168475543645
6563.913698778251	3164.5696479548747
6565.281180798831	3160.0325148161514
6566.648947711497	3153.478548742095
6568.016999575604	3145.2908171067024
6569.385336450516	3136.6582304796843
6570.753958395609	3128.0067267161407
6572.122865470276	3119.7056291996723
6573.492057733915	3115.569538359526
6574.861535245943	3123.597050999374
6576.231298065786	3144.5495616752355
6577.601346252884	3170.4782814987134
6578.971679866686	3196.8113671708757
6580.342298966659	3223.117041357837
6581.7132036122775	3248.703491872835
6583.08439386303	3271.3116828048123
6584.455869778419	3289.7051086799365
6585.827631417956	3305.849434835317
6587.199678841168	3321.6698311434125
6588.572012107595	3337.484748434555
6589.944631276783	3352.890417737476
6591.3175364083	3365.797743874657
6592.690727561718	3373.9881110413353
6594.064204796627	3378.812672090464
6595.437968172626	3382.8752656540964
6596.812017749329	3386.919155199069
6598.18635358636	3390.7390232543385
6599.5609757433585	3392.4671035749543
6600.935884279972	3388.8813411353217
6602.311079255864	3380.278756842396
6603.686560730708	3370.0023635264806
6605.062328764195	3359.6220402632553
6606.43838341602	3349.298125161238
6607.814724745898	3339.9714657212016
6609.191352813554	3334.204093920384
6610.568267678725	3332.8933311399946
6611.9454694011565	3333.6533598033693
6613.322958040616	3334.6476666735925
6614.700733656875	3335.6331705471257
6616.07879630972	3336.3045914431523
6617.457146058951	3335.3963133367106
6618.835782964381	3331.877989151023
6620.214707085831	3326.718920922911
6621.593918483141	3321.248999890497
6622.973417216159	3315.772809278473
6624.353203344746	3310.219889644124
6625.733276928776	3304.076202355824
6627.113638028136	3296.610783484417
6628.494286702727	3288.0404077089315
6629.8752230124555	3279.1582449066245
6631.25644701725	3270.261668018282
6632.637958777046	3261.718820572844
6634.019758351792	3257.646674802086
6635.401845801448	3267.1941098840693
6636.784221185991	3291.800348781939
6638.166884565405	3322.510129237914
6639.54983599969	3353.7721099882087
6640.933075548856	3384.956362130329
6642.316603272929	3414.0248199634934
6643.700419231944	3433.8834505303635
6645.084523485952	3440.2379327137014
6646.468916095012	3439.1401273247507
6647.853597119198	3436.911478794954
6649.238566618597	3434.666099181324
6650.623824653309	3431.7963193380037
6652.009371283446	3424.992934658033
6653.39520656913	3410.5191505195035
6654.781330570499	3390.371412303962
6656.167743347702	3368.858190876145
6657.554444960899	3347.301000607433
6658.941435470266	3326.1783483830814
6660.328714935989	3309.460319082805
6661.716283418268	3304.4210395207933
6663.104140977314	3310.7869806345
6664.492287673351	3321.103951255887
6665.880723566617	3331.6783067731917
6667.269448717359	3342.2455690555375
6668.658463185843	3352.648647173672
6670.04776703234	3362.440491188518
6671.437360317139	3371.440812403622
6672.827243100539	3380.0583869681395
6674.21741544285	3388.6302085136695
6675.607877404403	3397.16089739052
6676.998629045529	3404.0168656560154
6678.389670426579	3401.990354134707
6679.781001607919	3384.7329522509176
6681.17262264992	3357.562855909652
6682.564533612973	3328.4242783338386
6683.956734557476	3299.2458980606075
6685.349225543842	3269.9402842897725
6686.742006632498	3239.6472489677217
6688.135077883879	3207.079301547622
6689.528439358438	3172.541296468917
6690.9220911166385	3137.41260069938
6692.316033218955	3102.2486016291164
6693.710265725876	3064.937844452262
6695.104788697902	2998.550020574126
6696.4996021955485	2839.7752553623236
6697.894706279339	2575.268495717089
6699.290101009814	2266.2063157080775
6700.685786447524	1952.830099599317
6702.081762653035	1640.4022995735986
6703.478029686921	1355.662537436374
6704.874587609773	1196.2607664215336
6706.27143648219	1226.8294028070238
6707.668576364793	1366.2976679364044
6709.066007318201	1523.5136369794445
6710.46372940306	1680.923830834312
6711.861742680019	1838.5832583212614
6713.260047209744	1997.71100500735
6714.658643052912	2159.775143046791
6716.0575302702155	2324.095437113867
6717.4567089223565	2489.009517887817
6718.856179070049	2653.976296423405
6720.255940774021	2817.7116480642926
6721.6559940950165	2967.810414267495
6723.056339093787	3080.243052544565
6724.456975831098	3154.655890121404
6725.85790436773	3215.3717607896174
6727.259124764472	3275.1375087552033
6728.660637082132	3334.7416964058925
6730.062441381524	3391.016050956054
6731.464537723479	3434.47552080627
6732.866926168839	3460.784435679095
6734.269606778457	3478.463280315973
6735.672579613203	3495.0062575801453
6737.075844733956	3511.5297366840196
6738.4794022016085	3527.1374989504525
6739.883252077068	3537.541033967957
6741.2873944212515	3538.6223651245955
6742.691829295089	3533.3945217095647
6744.096556759525	3526.8473617207815
6745.5015768755175	3520.276441811768
6746.906889704033	3514.3823476136154
6748.312495306054	3514.2410185860713
6749.718393742578	3527.858917564104
6751.124585074607	3553.7850285051445
6752.531069363165	3583.5453181053344
6753.937846669282	3613.5154400911
6755.344917054005	3643.4926759336763
6756.752280578391	3673.48929377186
6758.159937303512	3703.535885004914
6759.567887290451	3733.6404213595174
6760.976130600304	3763.7736920339216
6762.384667294178	3793.915477708732
6763.793497433198	3824.010706383069
6765.202621078498	3852.546968425798
6766.612038291223	3873.7017078557647
6768.021749132533	3883.237390466851
6769.431753663604	3885.8255071586414
6770.842051945616	3887.197585561107
6772.252644039771	3888.5524034583254
6773.66353000728	3889.602969472435
6775.074709909365	3888.4806201267543
6776.486183807264	3882.7635901239646
6777.897951762223	3873.39738577803
6779.310013835508	3863.0702862200533
6780.722370088391	3852.7072461704543
6782.135020582158	3842.5023499695867
6783.547965378113	3834.113074115126
6784.961204537568	3830.9200451897736
6786.374738121846	3833.166123975898
6787.788566192289	3837.474698321399
6789.2026888102455	3841.947136747765
6790.617106037082	3846.433941985953
6792.031817934173	3851.2112531875755
6793.446824562909	3857.160296090761
6794.862125984693	3864.7365495666327
6796.27772226094	3873.1632031695513
6797.693613453079	3881.709649093988
6799.109799622548	3890.2480820655537
6800.5262808308025	3898.2491238946427
6801.9430571393095	3903.0826903943966
6803.360128609546	3902.0513952471506
6804.777495303007	3896.8981195000324
6806.195157281196	3890.824751721227
6807.6131146056305	3884.7280254315688
6809.031367337839	3878.799551987839
6810.449915539369	3874.426790378754
6811.868759271772	3873.9600012173687
6813.287898596622	3877.131954450559
6814.707333575495	3881.4931364163726
6816.12706426999	3885.9239643354545
6817.547090741715	3890.5552564366208
6818.967413052284	3898.390674645816
6820.388031263337	3917.3291588602942
6821.808945436517	3949.9073758427244
6823.230155633484	3988.7206725112815
6824.651661915907	4028.234234277398
6826.073464345473	4067.6753684316927
6827.49556298388	4104.435509177982
6828.917957892834	4127.923299525777
6830.340649134063	4129.808408284793
6831.763636769299	4118.342817348876
6833.186920860294	4104.4240726068965
6834.610501468806	4090.4700889938044
6836.034378656611	4076.6403709893107
6837.458552485498	4063.7564297317977
6838.883023017267	4052.939155183578
6840.307790313729	4043.8140183922574
6841.732854436711	4035.153267606098
6843.158215448053	4026.5095426116204
6844.583873409604	4018.281561991642
6846.009828383232	4015.123651642611
6847.436080430813	4027.0867722885223
6848.862629614236	4055.460351157677
6850.289475995406	4090.3352745998845
6851.716619636238	4125.7729222655435
6853.144060598662	4161.122426064304
6854.57179894462	4194.178803213763
6855.999834736067	4217.490139211111
6857.428168034971	4226.777852288392
6858.856798903312	4228.470748737609
6860.285727403084	4229.041311479895
6861.7149535962935	4229.609628559163
6863.144477544959	4230.424047984052
6864.5742993111135	4232.751207707092
6866.004418956804	4237.9775066038965
6867.434836544087	4245.313364879336
6868.865552135034	4253.145234248536
6870.296565791729	4260.99275076127
6871.72787757627	4269.268742648736
6873.159487550764	4281.781926254522
6874.591395777338	4305.366587707265
6876.023602318125	4339.592213905853
6877.456107235274	4377.420715923232
6878.888910590949	4415.4769834853905
6880.322012447323	4453.2931650998025
6881.755412866582	4486.925102349237
6883.18911191093	4505.537649564665
6884.623109642579	4505.13352715551
6886.057406123754	4495.723198277629
6887.492001416697	4485.239454479386
6888.926895583659	4474.692137189363
6890.362088686906	4461.7915273543795
6891.797580788715	4436.527379173196
6893.233371951381	4390.331804141412
6894.669462237203	4330.74690778074
6896.105851708503	4268.588922616424
6897.542540427609	4206.388692437781
6898.979528456865	4145.344853345516
6900.416815858628	4093.4759067723535
6901.854402695265	4062.468576126741
6903.29228902916	4049.2671682780783
6904.730474922708	4041.273011596134
6906.168960438317	4033.520811658876
6907.607745638409	4025.985016731708
6909.0468305854165	4021.395274316222
6910.48621534179	4026.0642038869587
6911.925899969986	4041.181393462557
6913.365884532479	4060.608784534378
6914.806169091757	4080.430447584879
6916.246753710318	4100.288796056607
6917.687638450675	4120.9837744820325
6919.128823375352	4145.351282011652
6920.570308546889	4175.192377698069
6922.012094027836	4208.1294569578695
6923.454179880759	4241.567671138785
6924.896566168235	4275.006467431732
6926.339252952854	4307.660852586267
6927.782240297219	4335.149824115472
6929.225528263946	4352.33008719771
6930.669116915669	4361.746868115532
6932.113006315028	4369.263769219119
6933.557196524675	4376.725113263092
6935.001687607285	4384.298893981951
6936.446479625538	4393.016947967736
6937.8915726421255	4404.816722234509
6939.33696671976	4419.677046283418
6940.782661921161	4435.625717562522
6942.228658309061	4451.652942751264
6943.67495594621	4467.733871450292
6945.121554895365	4484.756395876122
6946.568455219301	4505.318322680537
6948.015656980806	4530.536300536542
6949.463160242676	4558.052693408647
6950.910965067728	4585.865222641926
6952.359071518784	4613.665734221314
6953.807479658683	4640.670437545033
6955.256189550279	4663.300631120119
6956.705201256435	4678.264809596576
6958.154514840031	4688.134496363566
6959.604130363956	4696.961627790225
6961.054047891116	4705.769381872938
6962.504267484427	4714.385435661607
6963.954789206819	4721.393197033037
6965.405613121237	4724.603949249952
6966.856739290638	4724.463642294696
6968.30816777799	4723.300801993761
6969.759898646277	4722.086058834852
6971.211931958496	4720.8743149890915
6972.6642677776545	4719.709067830873
6974.116906166776	4718.695616466091
6975.569847188894	4717.858772407161
6977.023090907059	4717.097442866008
6978.47663738433	4716.343381036852
6979.930486683786	4715.589072025245
6981.3846388685115	4714.831927670503
6982.83909400161	4714.062267087904
6984.293852146194	4713.273338955247
6985.748913365391	4712.473034846534
6987.204277722341	4711.67066253842
6988.659945280201	4710.87137100054
6990.115916102135	4710.385824746066
6991.572190251322	4712.074381521922
6993.028767790958	4718.2613484131025
6994.485648784248	4727.948574495467
6995.942833294413	4738.53224636349
6997.400321384683	4749.148124847429
6998.858113118305	4759.987267975692
7000.316208558537	4773.25021315098
7001.774607768653	4793.31259385421
7003.23331081194	4820.383536363792
7004.692317751692	4850.06674549719
7006.151628651223	4879.954577346322
7007.6112435738605	4909.748146271176
7009.071162582939	4937.412795570615
7010.5313857418105	4956.5942444221655
7011.9919131138395	4964.1993781796755
7013.452744762405	4965.899820428655
7014.913880750897	4966.817408898938
7016.375321142722	4967.728136869322
7017.837066001293	4968.412009236061
7019.299115390043	4967.806683806342
7020.761469372417	4964.869503768545
7022.224128011869	4960.328353847634
7023.687091371872	4955.439495985966
7025.150359515908	4950.54166675086
7026.613932507475	4945.603269527854
7028.07781041008	4940.306363345923
7029.541993287248	4934.125627365737
7031.0064812025175	4927.136774971053
7032.471274219435	4919.890708081689
7033.936372401564	4912.62949669978
7035.401775812481	4905.634162825163
7036.867484515776	4902.7180688316985
7038.33349857505	4913.641254875651
7039.79981805392	4941.305444846969
7041.266443016016	4976.502282298862
7042.733373524977	5012.523172968396
7044.200609644461	5048.290076339893
7045.668151438137	5075.689056276896
7047.135998969687	5062.499489344809
7048.604152302806	4984.43010921935
7050.072611501203	4867.11451478749
7051.541376628598	4742.858230556388
7053.010447748729	4618.536359092128
7054.479824925345	4498.114984780129
7055.949508222204	4405.914722188488
7057.419497703085	4374.070789173057
7058.889793431773	4390.882515752063
7060.360395472071	4420.860080111245
7061.831303887795	4451.360022412851
7063.302518742772	4481.72321272689
7064.774040100844	4510.379627725275
7066.245868025865	4533.998648618034
7067.718002581704	4552.224564428736
7069.190443832242	4568.35976363932
7070.663191841373	4584.328348716986
7072.136246673007	4600.262805845184
7073.609608391064	4615.368635681102
7075.083277059479	4627.058102670603
7076.5572527422	4633.929105326975
7078.031535503189	4638.23749489726
7079.5061254064185	4642.176165757124
7080.981022515879	4646.10284607778
7082.45622689557	4649.439266500481
7083.931738609506	4649.215232460863
7085.407557721717	4642.27655489025
7086.883684296243	4630.537414314724
7088.360118397138	4617.7028066957955
7089.836860088471	4604.83859706006
7091.313909434323	4592.301624488487
7092.791266498788	4582.886497141634
7094.268931345976	4581.453876035707
7095.7469040400065	4587.577562210998
7097.225184645015	4596.223253714546
7098.703773225149	4605.024249306018
7100.182669844573	4613.760916604571
7101.661874567456	4621.41551788794
7103.141387457992	4625.2461297408745
7104.62120858038	4624.2990993659905
7106.1013379988335	4621.125960379082
7107.581775777584	4617.696204090755
7109.06252198087	4614.293337264262
7110.543576672951	4611.901175158737
7112.024939918091	4614.651998248405
7113.5066117805745	4625.922024607819
7114.988592324696	4642.536847001435
7116.470881614763	4660.1536732852555
7117.9534797151	4677.786866392273
7119.436386690041	4695.2401314872495
7120.9196026039335	4711.298551104501
7122.403127521144	4724.245689572308
7123.886961506044	4734.585965453866
7125.3711046230255	4744.184484629874
7126.855556936488	4753.75243235748
7128.340318510851	4763.169053877476
7129.82538941054	4770.587725434356
7131.310769700001	4771.8588451325995
7132.796459443689	4766.318834821802
7134.282458706072	4758.029835080806
7135.768767551637	4749.499811228897
7137.255386044877	4741.025585736468
7138.742314250304	4733.9351216039495
7140.229552232439	4732.800140868477
7141.717100055821	4740.387837607272
7143.204957785	4752.815290521643
7144.693125484539	4765.995934009856
7146.1816032190145	4779.1885197525635
7147.67039105302	4792.641631087689
7149.159489051155	4807.75928401039
7150.648897278042	4826.142203533195
7152.138615798308	4846.938167817659
7153.628644676599	4868.308343593016
7155.118983977574	4889.697716243495
7156.609633765903	4910.841194594461
7158.10059410627	4929.485257509987
7159.591865063376	4941.482693219218
7161.083446701932	4946.950403239842
7162.575339086661	4950.1285725083035
7164.067542282305	4953.152246763328
7165.5600563536145	4956.247481525918
7167.052881365354	4960.642399913726
7168.546017382306	4969.855532725419
7170.039464469261	4985.29969476048
7171.533222691025	5003.746908357169
7173.027292112419	5022.558699392974
7174.521672798276	5041.381114093999
7176.016364813443	5060.450243113376
7177.511368222779	5080.807931096738
7179.006683091159	5103.373452910601
7180.50230948347	5127.381272344749
7181.998247464612	5151.681478611561
7183.494497099501	5175.99134884533
7184.991058453064	5200.184926351917
7186.487931590242	5223.383908372758
7187.98511657599	5244.2551079761815
7189.482613475277	5263.100521875857
7190.980422353085	5281.34507384457
7192.478543274408	5299.565063079941
7193.976976304258	5317.642283124664
7195.475721507654	5333.724831327421
7196.974778949636	5343.452313735559
7198.47414869525	5345.895256149732
7199.973830809562	5345.262218257597
7201.473825357647	5344.332080348412
7202.974132404597	5343.399636239551
7204.474752015515	5342.414005776968
7205.975684255519	5341.187463096525
7207.476929189738	5339.594021000585
7208.978486883319	5337.789027982739
7210.480357401421	5335.949108966742
7211.982540809214	5334.122717893997
7213.485037171883	5333.40877018191
7214.987846554627	5340.110033591249
7216.49096902266	5361.8220169683045
7217.994404641206	5395.020132192122
7219.498153475506	5431.109094369698
7221.002215590814	5467.299522882657
7222.506591052395	5503.186070114901
7224.011279925532	5535.72896113649
7225.5162822755165	5558.989836764925
7227.0215981676565	5572.802376568899
7228.527227667276	5583.163102741042
7230.033170839706	5593.275544405241
7231.539427750298	5603.339630642291
7233.045998464414	5612.410195488117
7234.552883047427	5617.633325643587
7236.060081564729	5617.694528632182
7237.567594081722	5615.157398076431
7239.075420663822	5612.2787483254215
7240.583561376461	5609.435386987203
7242.092016285081	5608.247703824821
7243.600785455141	5616.3328050683485
7245.109868952111	5641.012849912956
7246.619266841477	5676.978128120497
7248.128979188736	5715.3422944716385
7249.639006059399	5753.762398600875
7251.149347518995	5791.6347319602855
7252.660003633062	5824.701554429813
7254.1709744671525	5846.182278385918
7255.682260086834	5857.283392978959
7257.193860557685	5865.170495820469
7258.705775945302	5872.893578912989
7260.21800631529	5880.573850597427
7261.730551733273	5887.604502754082
7263.243412264885	5892.471294120152
7264.756587975773	5894.762471270029
7266.270078931601	5895.9175284605935
7267.783885198046	5896.954132298324
7269.298006840796	5897.98008019651
7270.812443925554	5898.668110659317
7272.327196518039	5897.740925575484
7273.84226468398	5894.2660311920745
7275.357648489123	5889.273091528755
7276.873347999225	5884.0184627630115
7278.389363280059	5878.761989593021
7279.905694397409	5873.678126503166
7281.4223414170765	5869.817680893652
7282.93930440487	5868.543598813328
7284.456583426622	5869.334185557801
7285.97417854817	5870.676298024394
7287.492089835368	5872.039586469327
7289.010317354084	5873.834540779378
7290.528861170199	5880.701255253981
7292.047721349611	5902.229847185445
7293.566897958225	5939.141093015102
7295.0863910619655	5981.853551464119
7296.606200726771	6025.011197260515
7298.12632701859	6068.105972897969
7299.646770003385	6109.711648647947
7301.167529747136	6145.3264462382085
7302.6886063158345	6172.642786304627
7304.209999775482	6195.625854847484
7305.7317101921035	6218.003706890168
7307.253737631726	6240.38714302274
7308.7760821604	6262.997846551943
7310.298743844184	6286.939174366599
7311.8217227491505	6313.351804311939
7313.345018941392	6341.502290564221
7314.868632487004	6370.040580799143
7316.3925634521065	6398.59391946234
7317.916811902825	6427.345435436342
7319.441377905305	6457.84398031035
7320.966261525702	6492.690223991297
7322.491462830187	6531.573504081129
7324.0169818849445	6571.77964182236
7325.54281875617	6612.071064937401
7327.068973510078	6652.189382522424
7328.595446212893	6689.410637545769
7330.122236930853	6716.560968496187
7331.649345730215	6731.343524600357
7333.176772677241	6740.495845321339
7334.704517838217	6749.034530212462
7336.232581279432	6757.473678950937
7337.7609630672	6762.587492247311
7339.28966326784	6751.289260468772
7340.818681947687	6713.308070820506
7342.348019173093	6658.844339887829
7343.877675010422	6601.3446230421705
7345.407649526048	6543.7822911019875
7346.937942786367	6485.159407973559
7348.468554857782	6418.673422695342
7349.99948580671	6334.934797320242
7351.530735699586	6236.958319837541
7353.062304602858	6135.008047125659
7354.594192582983	6032.876215207606
7356.126399706438	5931.837888456622
7357.658926039711	5844.447242960321
7359.191771649303	5797.869388176531
7360.724936601729	5795.577857894231
7362.258420963522	5810.787958613301
7363.792224801223	5827.48634006833
7365.32634818139	5844.004006334516
7366.860791170595	5856.292197850623
7368.395553835423	5850.799260865052
7369.930636242472	5819.760654627366
7371.466038458356	5774.8546044786735
7373.001760549701	5727.873657985199
7374.53780258315	5680.906747489676
7376.074164625355	5636.217457877851
7377.610846742986	5605.781123911977
7379.147849002723	5602.843596524513
7380.685171471266	5619.979998928571
7382.222814215322	5641.830818348327
7383.760777301617	5663.813333205188
7385.2990607968895	5684.974025246748
7386.837664767888	5698.138600474402
7388.376589281383	5690.485842155366
7389.915834404149	5662.758442866093
7391.455400202984	5628.157347932071
7392.995286744693	5593.109956105948
7394.535494096099	5558.6733706669875
7396.076022324035	5535.158545340775
7397.616871495354	5551.428331115843
7399.158041676915	5618.4639866653315
7400.699532935598	5709.644382038218
7402.241345338293	5803.69837228189
7403.783478951905	5897.567008644292
7405.325933843354	5983.739388667619
7406.868710079571	6029.854570276285
7408.411807727505	6008.123275777829
7409.955226854115	5942.688253769669
7411.498967526377	5868.680290538849
7413.043029811279	5794.522761196286
7414.587413775822	5722.1022861946
7416.132119487026	5663.729168253846
7417.677147011919	5637.493161085509
7419.2224964175475	5638.6714009926445
7420.768167770967	5647.7885892258655
7422.314161139254	5657.256472196873
7423.860476589492	5666.292425034252
7425.40711418878	5669.627003415875
7426.954074004237	5655.134926108879
7428.501356102988	5620.489708555896
7430.048960552177	5577.459787967643
7431.596887418958	5533.634576476532
7433.145136770504	5489.849303208522
7434.693708673999	5447.37338863328
7436.24260319664	5410.762889022129
7437.791820405639	5382.9133704722
7439.341360368223	5359.983355734124
7440.891223151633	5337.815614717302
7442.441408823123	5315.6511834855
7443.991917449962	5293.694268917422
7445.542749099431	5273.104512320041
7447.093903838827	5255.236188726081
7448.6453817354595	5239.417021752735
7450.197182856656	5224.100393474168
7451.749307269751	5208.796770889464
7453.301755042098	5193.893090266115
7454.854526241066	5183.260157005752
7456.407620934034	5184.289102778717
7457.961039188395	5196.981116666399
7459.514781071559	5213.826184171653
7461.06884665095	5230.955719121428
7462.623235994001	5247.9723632275845
7464.177949168167	5262.836367226349
7465.7329862409115	5269.599733411565
7467.288347279712	5265.710034343411
7468.844032352062	5256.560569681657
7470.4000415254695	5246.737905733554
7471.9563748674545	5236.918295508807
7473.513032445551	5227.407499102994
7475.070014327312	5219.595386288481
7476.627320580296	5214.762996793583
7478.184951272084	5211.9102749529575
7479.7429064702665	5209.460819122956
7481.301186242447	5207.0180114972245
7482.859790656249	5204.544160420251
7484.418719779303	5201.813599277194
7485.977973679256	5198.475202365844
7487.537552423773	5194.597859306342
7489.097456080529	5190.5543850662
7490.657684717211	5186.501537598043
7492.218238401528	5182.336133721849
7493.779117201195	5176.579320915543
7495.340321183946	5165.638974429573
7496.9018504175265	5148.646587751095
7498.463704969697	5129.046594779321
7500.025884908232	5109.184406843436
7501.588390300923	5089.315229304284
7503.1512212155685	5069.359929908
7504.714377719988	5049.02040954116
7506.277859882014	5028.088307994464
7507.8416677694895	5006.806627441358
7509.405801450274	4985.46205512046
7510.970260992244	4964.115523996699
7512.535046463285	4943.02913463189
7514.100157931297	4923.757500999217
7515.665595464199	4908.252706855818
7517.231359129922	4895.696602392281
7518.797448996407	4883.903476661405
7520.363865131615	4872.1346375217545
7521.930607603518	4860.340864003505
7523.497676480103	4848.2931221640865
7525.06507182937	4835.53277913403
7526.632793719335	4822.037051699401
7528.200842218026	4808.2664766467415
7529.769217393488	4794.472635660848
7531.337919313779	4780.6136789708435
7532.90694804697	4765.491583745707
7534.476303661147	4745.396367527593
7536.04598622441	4718.503946435701
7537.615995804873	4688.108502762442
7539.186332470666	4657.227916421501
7540.756996289931	4626.33349495597
7542.327987330824	4595.153046611212
7543.899305661519	4562.344428690152
7545.470951350198	4526.569623665898
7547.042924465063	4488.7442488712995
7548.615225074326	4450.470051141838
7550.187853246218	4412.177584850714
7551.7608090489775	4373.688301727911
7553.334092550863	4333.524884511491
7554.907703820144	4289.265508363612
7556.481642925109	4241.256085308446
7558.055909934051	4192.037885639422
7559.630504915287	4142.741889591016
7561.205427937145	4093.36924073136
7562.780679067965	4042.926745398028
7564.356258376105	3988.839236304384
7565.932165929934	3930.333986143016
7567.508401797836	3869.8433364631333
7569.084966048211	3809.1316784305513
7570.6618587494695	3748.400904827885
7572.239079970043	3687.4610026311448
7573.816629778371	3625.563153022265
7575.394508242908	3562.142813383757
7576.972715432126	3497.792732329282
7578.5512514145075	3433.264948369266
7580.130116258552	3368.7179559420065
7581.709310032773	3303.666041759606
7583.288832805697	3234.9452834822196
7584.868684645865	3158.28463584642
7586.448865621833	3075.178980894633
7588.029375802172	2990.3204610501266
7589.610215255464	2905.379828702161
7591.191384050308	2820.4904901330433
7592.772882255319	2736.3978188585647
7594.3547099391235	2654.675042886682
7595.936867170361	2575.489307659481
7597.519354017688	2497.2818229881905
7599.102170549775	2419.140868871658
7600.685316835307	2340.9524614597763
7602.268792942981	2262.0275616604276
7603.852598941512	2180.0853396450907
7605.436734899625	2093.866236855949
7607.021200886063	2005.3563684247188
7608.60599696958	1916.50143612488
7610.191123218949	1827.6249554663875
7611.776579702953	1738.6432257022243
7613.362366490393	1649.1196431613528
7614.948483650077	1558.5892940878425
7616.534931250838	1467.3317912128307
7618.121709361515	1375.8926125999878
7619.708818050966	1284.4305817093161
7621.29625738806	1193.1870281291656
7622.8840274416825	1104.1797909590282
7624.472128280734	1020.9259542055844
7626.060559974126	943.121013715234
7627.649322590788	867.1217326695881
7629.238416199661	791.2159624871715
7630.827840869703	715.4121450863274
7632.417596669884	641.5567413709197
7634.00768366919	574.648568571965
7635.598101936622	516.4464607980495
7637.188851541192	462.30723295223254
7638.77993255193	408.6293771122262
7640.371345037878	354.9740389858103
7641.963089068095	302.4749317032443
7643.555164711652	255.91710118798952
7645.147572037633	219.25951044714927
7646.740311115142	188.85497392108533
7648.33338201329	159.63054158994478
7649.92678480121	130.42056313011867
7651.520519548045	101.6386930166272
7653.114586322949	76.19550172206152
7654.708985195101	58.21784392487295
7656.303716233683	46.4986026511206
7657.898779507898	36.5597913518759
7659.494175086963	26.696868045936334
7661.089903040106	16.926686411868975
7662.685963436574	8.36532427174647
7664.282356345623	3.514873475858695
7665.87908183653	2.78568648132777
7667.476139978578	3.7318454513850927
7669.073530841074	4.828220779192625
7670.6712544933325	5.951833930653423
7672.269311004686	7.758012084960055
7673.867700444479	12.532165876599906
7675.466422882072	21.67085693128913
7677.0654783868395	33.234213552116586
7678.66486702817	45.17453337869479
7680.264588875467	57.107956379087106
7681.86464399815	68.25396073819252
7683.4650324656495	74.38970699613039
7685.0657543474135	70.7039707919819
7686.666809712904	59.72076979387155
7688.268198631593	46.97367929734756
7689.869921172976	34.171568716655564
7691.471977406553	21.538923898212843
7693.074367401848	10.66120787693633
7694.67709122839	4.463712424493852
7696.28014895573	2.8480108702828044
7697.883540653428	2.821177328010472
7699.487266391065	2.8975522520675883
7701.091326238229	3.106000901466037
7702.69572026453	5.659033733260157
7704.300448539584	16.843637373022418
7705.905511133032	39.195758375312984
7707.510908114517	66.96800443479532
7709.116639553708	95.41739721132066
7710.722705520282	123.91052152842474
7712.329106083933	153.97783914818902
7713.935841314366	192.5646560157781
7715.542911281307	245.9196805189378
7717.150316054491	308.95483224035684
7718.75805570367	373.9258400794857
7720.3661302986075	438.94581184337454
7721.974539909087	504.5373985419234
7723.583284604902	574.6572992484791
7725.192364455861	655.2532700513035
7726.80177953179	744.9581788466227
7728.411529902525	837.4065174660283
7730.021615637922	930.0081866551421
7731.632036807847	1022.7019247814843
7733.242793482183	1116.4487980216607
7734.853885730825	1213.541938775179
7736.465313623687	1314.4788064661152
7738.077077230691	1417.045034971746
7739.6891766217805	1519.783332081412
7741.30161186691	1622.554198607362
7742.91438303605	1725.645677764189
7744.5274901991825	1830.107331872961
7746.140933426308	1936.6381681490968
7747.7547127874395	2044.370569562472
7749.368828352603	2152.320094110184
7750.983280191843	2260.2927983331742
7752.598068375216	2368.1793613579302
7754.213192972796	2475.3494081261524
7755.828654054664	2581.0298446915103
7757.444451690926	2685.5679160055884
7759.060585951695	2789.834288226269
7760.677056907102	2894.112931834561
7762.293864627291	2998.2856708904233
7763.911009182423	3101.1043179042877
7765.52849064267	3200.126797168853
7767.146309078221	3295.2773410597138
7768.764464559279	3389.018309594189
7770.382957156062	3482.6725177743097
7772.001786938802	3576.237977777397
7773.620953977749	3667.6637143586695
7775.240458343161	3750.7068097619035
7776.860300105316	3822.4462349709625
7778.480479334505	3888.480402771178
7780.100996101032	3953.775365385894
7781.721850475221	4018.975168838289
7783.343042527404	4079.299485032395
7784.964572327931	4112.244491149694
7786.586439947166	4096.275861139066
7788.208645455488	4047.1269536646864
7789.831188923292	3990.949983625006
7791.454070420984	3934.6145375350643
7793.0772900189895	3878.9110306345146
7794.700847787743	3828.7582232461564
7796.324743797699	3792.0303912783124
7797.948978119323	3767.3942781636515
7799.573550823099	3746.539123334631
7801.198461979521	3725.880456338477
7802.8237116591	3707.2107155056756
7804.449299932363	3718.29618762904
7806.075226869849	3828.4398419832614
7807.701492542113	4056.2154551906206
7809.328097019727	4335.6806636680485
7810.955040373274	4620.538993720998
7812.582322673351	4905.08613487049
7814.209943990575	5178.425027318124
7815.837904395574	5398.346393113498
7817.466203958989	5533.893203930202
7819.094842751481	5618.88762797084
7820.72382084372	5695.048191601901
7822.353138306396	5771.119155184458
7823.982795210211	5846.918025772955
7825.61279162588	5920.671673597455
7827.243127624136	5990.068127143342
7828.873803275725	6055.98918621722
7830.504818651407	6120.996317171191
7832.13617382196	6185.982457505844
7833.767868858174	6250.903122415762
7835.399903830852	6314.931575809832
7837.032278810817	6376.362661600094
7838.6649938689025	6435.054517066988
7840.298049075958	6492.70643446615
7841.931444502849	6550.2861975661235
7843.565180220456	6607.7264200542295
7845.1992562996675	6661.828066897028
7846.833672811397	6702.322025688934
7848.4684298265665	6723.885146451617
7850.103527416114	6735.571257408302
7851.738965650993	6745.890786483355
7853.37474460217	6756.1379041944365
7855.01086434063	6762.880903299471
7856.647324937367	6749.0854633932
7858.284126463396	6697.279413508906
7859.921268989743	6618.735486843132
7861.55875258745	6534.204497047997
7863.1965773275715	6449.511038815026
7864.8347432811815	6366.388063949792
7866.473250519367	6298.221557620612
7868.112099113225	6267.968773600253
7869.751289133874	6273.160050382652
7871.390820652444	6289.919325304463
7873.030693740079	6307.339139030054
7874.670908467942	6325.067504182705
7876.311464907207	6347.622959691174
7877.952363129062	6386.87352977532
7879.593603204714	6446.658868752284
7881.235185205383	6515.864963984477
7882.877109202301	6586.141987990935
7884.519375266717	6656.360417832895
7886.1619834698995	6723.948887081568
7887.804933883122	6778.268707821906
7889.448226577681	6810.849705922303
7891.0918616248855	6829.982723033627
7892.735839096057	6846.670482777961
7894.380159062536	6863.325060495113
7896.0248215956735	6879.230080603677
7897.66982676684	6889.547360996782
7899.315174647417	6887.643685245465
7900.960865308802	6875.673350165596
7902.606898822409	6860.894621704245
7904.2532752596635	6845.994867678581
7905.899994692009	6831.126761161775
7907.547057190904	6816.690491387098
7909.194462827819	6803.561797411382
7910.84221167424	6791.859343189725
7912.490303801673	6780.720624431272
7914.138739281632	6769.62722827645
7915.78751818565	6758.566181970825
7917.436640585272	6748.311888979125
7919.086106552061	6741.468958479863
7920.735916157593	6739.542235380741
7922.386069473459	6740.294116765808
7924.036566571266	6741.4497629381385
7925.687407522636	6742.378689047832
7927.338592399204	6728.748504261974
7928.99012127262	6623.963783694336
7930.641994214552	6342.807133394131
7932.294211296681	5932.576693996548
7933.946772590702	5491.945744367315
7935.599678168324	5050.400685267001
7937.252928101277	4607.387190800105
7938.906522461297	4150.84949730019
7940.560461320143	3659.203692914604
7942.214744749585	3133.7007516621247
7943.869372821409	2596.5479440449576
7945.524345607414	2058.541635190542
7947.179663179415	1527.9628169321843
7948.835325609245	1126.8136583334751
7950.491332968747	1194.0527454788457
7952.147685329782	1857.72253206964
7953.804382764226	2805.1312709807194
7955.4614253439695	3786.484933554983
7957.118813140916	4766.978986240965
7958.776546226987	5704.367145644119
7960.434624674119	6415.110064385123
7962.0930485542585	6741.12742834534
7963.751817939375	6819.460669863367
7965.410932901445	6849.450701391041
7967.0703935124675	6878.643711809047
7968.730199844449	6908.247624644293
7970.390351969417	6941.0625819135985
7972.050849959412	6981.204409415452
7973.711693886486	7027.626870284239
7975.3728838227125	7075.899551726456
7977.034419840175	7124.267739847574
7978.696302010977	7171.885100767845
7980.3585304072285	7209.239138406326
7982.021105101064	7214.323212112272
7983.684026164627	7182.941476025192
7985.347293670078	7136.466982586762
7987.010907689593	7088.595782408115
7988.674868295361	7040.915083670514
7990.339175559589	6998.37953449489
7992.003829554498	6978.680619232384
7993.668830352322	6993.219072483281
7995.334178025312	7027.215150264494
7996.999872645735	7064.352336471774
7998.665914285871	7101.52582919378
8000.332303018013	7138.814003837439
8001.999038914475	7176.820835177891
8003.6661220475835	7216.265504635273
8005.3335524896775	7256.801848221436
8007.001330313112	7297.6136254296325
8008.66945559026	7338.442387944989
8010.337928393509	7379.510982303921
8012.006748795257	7422.986060536761
8013.675916867924	7472.981663103017
8015.345432683939	7529.5083122563765
8017.015296315749	7588.388877673359
8018.685507835814	7647.447884651069
8020.356067316614	7706.479065283291
8022.026974830638	7764.728404715798
8023.698230450394	7819.940204588159
8025.369834248405	7871.115597912652
8027.041786297207	7920.297868648975
8028.7140866693535	7969.238119151689
8030.38673543741	8018.162051512376
8032.059732673959	8065.99867761546
8033.7330784516	8107.8391758886455
8035.4067728429445	8139.116105898579
8037.08081592062	8163.320612550077
8038.75520775727	8186.058514724193
8040.429948425553	8208.772471887496
8042.105037998142	8231.780006070456
8043.780476547726	8257.252975176007
8045.456264147007	8288.589140247464
8047.132400868704	8325.11677864284
8048.808886785552	8363.229023674772
8050.485721970299	8401.426217775745
8052.16290649571	8439.717767802593
8053.840440434564	8479.243434526175
8055.518323859655	8522.77228628091
8057.196556843792	8570.983074915244
8058.875139459801	8621.22554187446
8060.554071780522	8671.682838914021
8062.23335387881	8722.150403092704
8063.912985827535	8772.616719826847
8065.592967699583	8823.038776973728
8067.273299567854	8873.386399349105
8068.953981505264	8923.694710200556
8070.635013584744	8974.005140058636
8072.316395879241	9024.326367103606
8073.998128461717	9074.692417510014
8075.680211405147	9125.30585507188
8077.362644782524	9176.421898212553
8079.045428666853	9227.93474575468
8080.728563131159	9279.559003312173
8082.412048248478	9331.19774068212
8084.095884091864	9382.955239362916
8085.780070734383	9435.93600933541
8087.46460824912	9492.368802470713
8089.149496709171	9552.383626971641
8090.834736187653	9613.74542809335
8092.520326757693	9675.220718378423
8094.206268492433	9736.693997337336
8095.892561465036	9797.875428112055
8097.579205748676	9857.864434573035
8099.26620141654	9916.217782691127
8100.953548541835	9973.735190920981
8102.641247197782	10031.14869617055
8104.329297457615	10088.563318561537
8106.017699394585	10145.489544956881
8107.70645308196	10199.547025831624
8109.395558593019	10248.358589246995
8111.08501600106	10293.539302474848
8112.774825379393	10337.937098738694
8114.464986801348	10382.326516266778
8116.1555003402655	10426.730216653106
8117.846366069502	10471.188263374079
8119.537584062434	10515.76678006428
8121.229154392447	10560.456502876106
8122.921077132945	10605.188136270835
8124.613352357349	10649.930902929655
8126.30598013909	10694.753774243296
8127.998960551618	10740.671748464854
8129.692293668401	10790.298782021562
8131.385979562916	10844.425918619021
8133.080018308658	10900.588696107492
8134.774409979139	10956.982689986029
8136.469154647884	11013.388389224714
8138.1642523884375	11069.79889186675
8139.859703274352	11126.187082915574
8141.555507379201	11182.532121018223
8143.2516647765715	11238.855399782358
8144.948175540067	11295.184411478302
8146.645039743305	11351.519458230687
8148.342257459919	11407.29503139574
8150.039828763556	11458.942693109931
8151.737753727882	11501.686832254441
8153.436032426575	11537.199125011122
8155.134664933332	11570.739368287312
8156.833651321859	11604.207774879047
8158.532991665886	11637.314015167576
8160.2326860391495	11665.903298189774
8161.932734515408	11681.076727912508
8163.633137168432	11681.834952788553
8165.333894072009	11676.989792044813
8167.035005299941	11671.690748148167
8168.736470926045	11665.59065019734
8170.438291024155	11641.812952136444
8172.140465668119	11545.067335166941
8173.8429949318	11344.815705232479
8175.545878889077	11089.035635710392
8177.2491176138465	10825.059406289936
8178.952711180017	10561.09376866672
8180.656659661512	10304.440914917352
8182.360963132275	10093.30675864474
8184.065621666261	9969.010517851444
8185.7706353374415	9907.083057572843
8187.476004219805	9859.317277509717
8189.181728387351	9811.895415005403
8190.887807914098	9770.079206529359
8192.59424287408	9781.40283010145
8194.301033341346	9929.141289599294
8196.008179389959	10206.904240416574
8197.715681093998	10528.603447831285
8199.42353852756	10853.120205905063
8201.131751764753	11176.178368624078
8202.840320879706	11473.158387961104
8204.549245946555	11676.567289378527
8206.258527039461	11762.303572751121
8207.968164232596	11793.123315995503
8209.678157600143	11817.706159012623
8211.38850721631	11842.305049265882
8213.099213155314	11867.419141071783
8214.810275491389	11895.137659257407
8216.521694298783	11927.197352415455
8218.233469651763	11962.013761631235
8219.945601624608	11997.364247778978
8221.658090291612	12032.732415150484
8223.370935727091	12068.39087333159
8225.084138005366	12106.255693788986
8226.797697200785	12149.071130938792
8228.511613387702	12196.055977669563
8230.22588664049	12244.237000518118
8231.940517033541	12292.478651806654
8233.655504641258	12340.918871966966
8235.370849538058	12391.790755909175
8237.086551798377	12450.12265500162
8238.80261149667	12516.764509392322
8240.519028707398	12586.808453469668
8242.235803505046	12657.174184490255
8243.95293596411	12727.395347359048
8245.670426159104	12793.662072952215
8247.388274164552	12842.645391338676
8249.106480055005	12866.113898033766
8250.825043905015	12875.358256948233
8252.543965789164	12882.396365318613
8254.263245782035	12889.396285408118
8255.98288395824	12894.728289565359
8257.702880392399	12889.393361988801
8259.423235159147	12863.093145596888
8261.14394833314	12821.19433280325
8262.865019989044	12775.522096201948
8264.58645020154	12729.730001173008
8266.308239045333	12684.592014512462
8268.030386595134	12646.153195093566
8269.752892925675	12625.618959406122
8271.475758111701	12622.731105145564
8273.198982227976	12626.04237590185
8274.922565349272	12629.770180992025
8276.646507550387	12633.510986437794
8278.370808906127	12637.476580129243
8280.095469491316	12642.275937566234
8281.820489380794	12648.158594603354
8283.545868649415	12654.568233646727
8285.271607372051	12661.044034622279
8286.997705623588	12667.515953014932
8288.724163478924	12673.776095637182
8290.450981012984	12678.898163139569
8292.178158300696	12682.050647715996
8293.905695417008	12683.908130388872
8295.633592436887	12685.504497137068
8297.361849435312	12687.098038121949
8299.090466487278	12689.034824796036
8300.819443667797	12693.805331639396
8302.548781051893	12705.194585106343
8304.278478714614	12722.3517627228
8306.008536731011	12741.234315507205
8307.738955176166	12760.202755569406
8309.46973412516	12779.307815073296
8311.200873653102	12800.237625308726
8312.932373835114	12827.00579031988
8314.664234746331	12860.511128027354
8316.396456461902	12896.889372109918
8318.129039057	12933.555782728852
8319.861982606802	12970.214215686592
8321.595287186512	13006.430609864627
8323.328952871345	13040.586643700819
8325.062979736525	13071.582867649182
8326.797367857303	13100.755866232008
8328.532117308941	13129.63558899116
8330.267228166715	13158.508781431614
8332.002700505916	13186.615944863293
8333.738534401855	13209.557539156336
8335.474729929856	13221.961941322244
8337.211287165259	13226.23311981247
8338.948206183419	13228.431066218316
8340.685487059707	13230.558982686107
8342.42312986951	13232.756909091222
8344.161134688235	13235.730879123554
8345.899501591295	13240.8786541775
8347.638230654125	13248.246132274695
8349.377321952179	13256.42349582185
8351.116775560919	13264.659512790859
8352.856591555828	13272.953688558473
8354.596770012402	13282.348858024914
8356.337311006155	13295.99600523301
8358.078214612617	13315.366464454819
8359.819480907327	13337.639457015704
8361.561109965849	13360.30419512481
8363.30310186376	13382.960488639665
8365.045456676648	13404.9052775962
8366.788174480122	13422.775470433637
8368.531255349806	13433.303086365062
8370.274699361338	13438.83133612318
8372.018506590372	13443.306837808019
8373.762677112578	13447.764619551906
8375.507211003644	13452.680296931787
8377.25210833927	13461.546272642105
8378.997369195175	13479.967269594103
8380.742993647089	13507.021418194654
8382.488981770766	13536.799566966827
8384.23533364197	13566.731907509664
8385.982049336479	13596.45591431441
8387.72912893009	13622.986461247363
8389.476572498617	13638.84411124935
8391.224380117888	13642.001864916949
8392.972551863746	13639.578624068121
8394.721087812051	13636.582390051235
8396.46998803868	13633.632102387839
8398.219252619521	13632.081502346464
8399.968881630484	13637.16253106211
8401.71887514749	13652.690944295575
8403.46923324648	13674.467274865885
8405.219956003406	13697.338227999602
8406.97104349424	13720.2137213268
8408.72249579497	13741.81925444281
8410.474312981592	13754.356292245562
8412.22649513013	13747.650741716032
8413.979042316616	13725.565026645592
8415.7319546171	13699.378219731609
8417.485232107645	13673.034877401404
8419.238874864333	13647.48901374754
8420.992882963264	13631.268597497312
8422.747256480548	13642.054225657179
8424.501995492315	13681.364016051708
8426.25710007471	13731.592724826933
8428.012570303894	13782.703392689282
8429.76840625604	13833.146848286053
8431.524608007343	13869.158952268914
8433.281175634012	13846.760546394711
8435.03810921227	13742.926536774268
8436.795408818356	13596.275798984638
8438.553074528527	13443.542474820284
8440.311106419053	13290.815469277666
8442.069504566223	13141.748722124172
8443.828269046344	13014.609962196984
8445.587399935728	12928.329153033596
8447.346897310716	12870.85433178683
8449.106761247655	12819.797161386385
8450.866991822913	12768.887385199936
8452.627589112879	12719.113446503985
8454.388553193943	12679.810819120134
8456.149884142525	12666.805206627418
8457.911582035056	12678.35637223468
8459.67364694798	12697.979731798318
8461.43607895776	12718.083906274971
8463.198878140878	12738.256238996608
8464.962044573824	12759.488405265065
8466.72557833311	12784.421605850503
8468.489479495263	12813.925425632424
8470.253748136825	12845.526637742405
8472.018384334355	12877.365698456419
8473.783388164424	12909.21881061295
8475.548759703624	12941.316339474073
8477.314499028564	12974.600621905227
8479.080606215863	13009.821926812048
8480.847081342157	13046.251037418044
8482.613924484103	13082.910919255497
8484.381135718371	13119.579003105535
8486.148715121646	13155.8469185125
8487.91666277063	13189.00041788436
8489.68497874204	13215.250455908099
8491.453663112612	13235.786505095011
8493.222715959095	13254.737008582002
8494.992137358253	13273.627673880594
8496.76192738687	13292.15873832597
8498.532086121742	13306.217594807717
8500.302613639684	13306.818181573404
8502.073510017526	13292.696645207388
8503.844775332114	13272.684301299701
8505.616409660308	13252.152885492404
8507.388413078987	13231.564218760217
8509.160785665046	13209.67027242713
8510.933527495394	13182.210081976598
8512.706638646954	13146.702391476114
8514.480119196673	13106.817549107984
8516.253969221507	13066.278957422826
8518.028188798427	13025.778357435323
8519.802778004427	12988.271662068328
8521.577736916512	12969.3331921753
8523.353065611704	12986.132474401606
8525.12876416704	13029.034082689292
8526.904832659575	13078.101409681143
8528.681271166379	13127.353459017304
8530.458079764538	13176.457491798223
8532.235258531156	13223.991971863255
8534.01280754335	13267.378183692346
8535.790726878256	13306.744235280072
8537.569016613023	13344.739120655531
8539.347676824817	13382.655190504682
8541.126707590824	13420.114457214986
8542.906108988238	13449.487398263616
8544.685881094278	13449.443646853946
8546.466023986171	13411.753290095183
8548.24653774117	13356.022489438259
8550.027422436533	13298.092818183442
8551.80867814954	13240.188322032196
8553.590304957488	13183.9302277644
8555.372302937689	13136.366158085375
8557.154672167468	13103.587660623874
8558.937412724168	13080.334131556763
8560.720524685154	13058.932736100587
8562.504008127797	13037.55252393385
8564.28786312949	13015.526864337888
8566.072089767644	12988.400271925319
8567.856688119677	12949.622792880798
8569.641658263035	12900.859097623685
8571.427000275175	12849.155353397708
8573.212714233567	12797.303314448252
8574.998800215697	12746.800663291882
8576.785258299076	12714.36606545977
8578.572088561223	12738.570672859005
8580.359291079674	12826.792356328657
8582.146865931982	12941.573929653197
8583.934813195718	13058.839281574867
8585.723132948468	13175.781175794817
8587.511825267831	13283.579454338638
8589.300890231429	13350.650698551792
8591.090327916894	13356.724722046201
8592.880138401877	13328.238993661658
8594.670321764044	13294.216410338058
8596.46087808108	13260.12016347363
8598.25180743068	13224.672270820198
8600.043109890563	13180.44032140186
8601.834785538456	13118.658907519839
8603.626834452109	13043.595389438733
8605.419256709289	12965.232386279567
8607.21205238777	12886.749343993824
8609.00522156535	12806.181005387503
8610.798764319843	12703.716636801488
8612.592680729078	12541.543400095266
8614.386970870895	12319.581969707144
8616.18163482316	12076.20954740343
8617.976672663748	11831.297798060907
8619.772084470555	11587.302671645208
8621.567870321485	11361.317008574453
8623.36403029447	11203.540879194126
8625.160564467447	11135.90056549353
8626.957472918379	11112.987134815323
8628.754755725236	11095.829221352646
8630.552412966013	11078.857121958623
8632.350444718715	11069.73271086024
8634.148851061365	11104.15699433585
8635.947632072004	11215.423726851277
8637.746787828686	11377.9928989644
8639.546318409482	11551.110692748422
8641.346223892486	11724.436852723446
8643.146504355796	11893.121746521436
8644.947159877538	12022.754222426207
8646.748190535845	12059.863250310264
8648.549596408875	12014.952901675935
8650.351377574792	11944.81513390285
8652.153534111789	11873.355861971106
8653.956066098062	11803.288874094964
8655.758973611832	11754.18071242726
8657.562256731335	11774.251895717707
8659.365915534821	11875.477007951054
8661.169950100557	12011.668439337289
8662.974360506829	12151.31184642973
8664.779146831936	12290.695196960603
8666.584309154192	12421.8922944987
8668.389847551933	12515.086587337857
8670.195762103505	12549.345440597728
8672.002052887277	12548.898108843614
8673.80871998163	12542.517635270076
8675.615763464959	12536.05802444397
8677.423183415682	12528.385543684519
8679.230979912227	12512.172210682009
8681.039153033043	12478.092228662801
8682.84770285659	12429.98106573212
8684.656629461353	12378.23737742357
8686.465932925825	12326.361253559982
8688.275613328518	12274.782671808107
8690.085670747962	12226.625500325837
8691.896105262702	12188.173164981545
8693.706916951298	12159.794730003494
8695.518105892328	12135.194810207184
8697.329672164391	12110.883538870716
8699.141615846092	12086.711723340288
8700.95393701606	12065.611595830083
8702.76663575294	12056.832069340513
8704.579712135388	12065.015925621927
8706.393166242082	12081.960724845349
8708.206998151716	12100.101112426584
8710.021207942998	12118.263101726385
8711.835795694655	12137.106631255338
8713.650761485424	12159.868355180455
8715.466105394067	12189.791938718256
8717.281827499357	12224.693393041714
8719.097927880086	12260.692943534435
8720.914406615062	12296.7286745184
8722.731263783107	12333.671025266909
8724.548499463062	12378.676520139137
8726.366113733784	12443.578183440035
8728.184106674145	12526.73867708343
8730.002478363036	12615.75762850274
8731.821228879362	12705.11858375711
8733.640358302046	12793.909617572708
8735.459866710025	12873.523585056548
8737.279754182257	12921.693110187896
8739.100020797712	12931.605739408133
8740.920666635378	12924.221342918652
8742.741691774261	12914.944290283403
8744.563096293381	12905.66704160173
8746.384880271777	12896.537530938494
8748.2070437885	12888.135324335875
8750.029586922623	12880.904867573117
8751.852509753231	12874.389423414163
8753.67581235943	12868.001563910957
8755.499494820338	12861.645237170056
8757.323557215093	12858.936723313484
8759.147999622846	12882.978093477977
8760.972822122769	12964.77468845071
8762.798024794045	13093.476116442342
8764.623607715877	13234.981684494403
8766.449570967485	13377.022112866405
8768.275914628104	13518.115111929714
8770.102638776985	13647.556005246064
8771.929743493396	13742.537950618156
8773.757228856624	13800.454752280597
8775.58509494597	13843.870514013166
8777.41334184075	13886.08475327988
8779.2419696203	13927.941532151177
8781.070978363972	13961.324622113807
8782.900368151131	13959.343983858313
8784.730139061163	13907.075416523774
8786.560291173468	13827.874749808027
8788.390824567463	13744.744140658671
8790.22173932258	13661.634675914673
8792.053035518275	13581.922417041973
8793.884713234007	13522.916234541646
8795.716772549265	13503.230725220083
8797.549213543545	13511.878308032909
8799.382036296367	13527.07724562379
8801.215240887263	13542.454426720593
8803.048827395782	13557.993652010953
8804.882795901489	13575.076553370103
8806.71714648397	13596.140606516186
8808.55187922282	13620.996338484118
8810.386994197659	13647.125371385866
8812.222491488117	13673.336563253835
8814.058371173844	13699.754592265019
8815.894633334505	13729.536983158958
8817.731278049783	13771.292373622431
8819.568305399378	13828.129999675579
8821.405715463003	13892.07605339153
8823.24350832039	13956.87035775289
8825.08168405129	14021.757628584422
8826.920242735468	14089.682447255123
8828.759184452705	14173.333162416728
8830.5985092828	14283.348810990934
8832.438217305567	14410.06746178074
8834.27830860084	14539.95570655487
8836.118783248467	14669.8767500778
8837.959641328309	14794.720720740857
8839.800882920254	14880.140184229058
8841.642508104196	14876.884760938297
8843.48451696005	14798.64967591609
8845.32690956775	14698.742942197965
8847.169686007244	14597.83195449158
8849.012846358497	14498.044666830105
8850.856390701487	14413.454617973435
8852.700319116217	14376.088262567364
8854.5446316827	14391.416940993555
8856.389328480967	14428.159757010815
8858.234409591068	14466.788508949372
8860.079875093066	14505.004384317992
8861.925725067045	14532.80314156494
8863.771959593101	14515.272237851135
8865.61857875135	14430.801705726546
8867.465582621922	14308.864322725181
8869.31297128497	14181.003511353223
8871.160744820654	14053.130820500697
8873.008903309159	13929.834896001756
8874.857446830682	13836.301965684339
8876.706375465437	13801.6425317184
8878.55568929366	13810.903186549713
8880.405388395597	13830.754993457977
8882.255472851513	13850.913481746038
8884.105942741691	13870.44484824029
8885.95679814643	13883.561939347823
8887.808039146043	13879.494935666067
8889.659665820865	13858.441769833888
8891.511678251245	13831.38554858795
8893.364076517548	13803.910948818708
8895.216860700155	13776.809639246927
8897.070030879468	13756.659953451868
8898.923587135901	13762.486677300432
8900.777529549889	13802.206599135812
8902.63185820188	13858.467667521905
8904.486573172338	13916.789968322042
8906.341674541749	13975.140467275936
8908.197162390612	14033.987059900976
8910.053036799443	14095.451183633742
8911.909297848777	14161.446218659887
8913.765945619163	14230.43110400139
8915.622980191167	14300.03303145584
8917.480401645375	14369.656923787432
8919.338210062384	14438.611606610524
8921.196405522813	14501.982218787143
8923.054988107298	14552.302190983512
8924.913957896486	14591.226578332447
8926.77331497105	14626.73129112576
8928.633059411668	14662.076516040099
8930.493191299047	14697.359012911089
8932.353710713902	14731.667321873529
8934.214617736967	14762.82837779029
8936.075912448994	14790.358999774235
8937.937594930756	14816.352140469833
8939.799665263034	14842.201169582968
8941.662123526628	14868.22528832364
8943.524969802365	14898.821033243612
8945.388204171075	14950.102110319
8947.25182671361	15032.90121799664
8949.115837510843	15133.92157687951
8950.980236643658	15237.972809602079
8952.845024192959	15342.060737250604
8954.710200239666	15444.982359551077
8956.575764864716	15539.855958346707
8958.441718149063	15618.25344425289
8960.308060173678	15683.963433855055
8962.174791019546	15746.47874569945
8964.041910767677	15808.901893233766
8965.909419499087	15870.976826661597
8967.777317294816	15929.171153097634
8969.645604235919	15976.554442258805
8971.51428040347	16012.888635629895
8973.383345878552	16045.159751920946
8975.252800742279	16077.135185629497
8977.122645075768	16109.152622705586
8978.992878960158	16141.902110920544
8980.863502476608	16177.501915859124
8982.73451570629	16216.951558374503
8984.605918730398	16258.352403412056
8986.477711630132	16300.016882117561
8988.349894486722	16341.674512291005
8990.222467381407	16382.59963532695
8992.095430395444	16419.356128879845
8993.968783610113	16448.605057302157
8995.842527106697	16472.718827031484
8997.716660966511	16495.734678203127
8999.59118527088	16518.73382468525
9001.466100101145	16542.918708576988
9003.341405538666	16577.64667285077
9005.21710166482	16638.152894323848
9007.093188561	16722.000828570803
9008.969666308618	16813.160442153378
9010.8465349891	16904.715336818168
9012.723794683889	16996.030530735403
9014.601445474449	17083.5516361324
9016.479487442257	17158.395291689983
9018.357920668806	17218.129879143136
9020.236745235612	17271.192256271752
9022.115961224205	17323.562874373813
9023.995568716125	17375.935478225514
9025.875567792942	17428.056146855757
9027.755958536232	17478.917997586588
9029.636741027594	17527.771312755143
9031.517915348642	17575.422429826333
9033.399481581007	17622.872887772595
9035.281439806336	17670.319045071537
9037.163790106297	17716.631074301535
9039.046532562568	17754.856393122263
9040.929667256853	17775.96049911345
9042.813194270864	17783.387124684832
9044.697113686338	17787.158232335383
9046.581425585024	17790.790420490885
9048.466130048688	17794.162395975432
9050.351227159113	17794.459881713836
9052.236716998106	17785.80165949652
9054.122599647482	17767.65477564945
9056.008875189074	17745.873535578503
9057.89554370474	17723.80231101347
9059.782605276345	17702.010943222933
9061.670059985778	17686.370384300564
9063.557907914943	17695.768035859903
9065.446149145759	17740.227191837337
9067.334783760163	17803.219527792076
9069.223811840115	17868.87689651017
9071.11323346758	17934.556600045365
9073.003048724553	17999.921335441504
9074.893257693038	18063.34680354636
9076.783860455056	18123.14294275487
9078.674857092652	18180.3773833611
9080.56624768788	18237.047870702176
9082.458032322817	18293.71531413903
9084.350211079549	18349.93957372982
9086.242784040192	18401.966097462853
9088.135751286867	18443.390131927634
9090.029112901719	18474.88968572796
9091.922868966907	18503.12639737446
9093.817019564609	18531.174894075462
9095.711564777019	18559.39230113375
9097.606504686348	18590.247783307812
9099.501839374825	18630.319398023323
9101.397568924694	18681.81264545775
9103.293693418222	18738.581230394935
9105.190212937683	18795.95474889434
9107.087127565377	18853.387592508512
9108.98443738362	18912.458644359755
9110.882142474744	18979.710785855823
9112.780242921093	19060.40594832634
9114.678738805034	19149.48939337959
9116.577630208953	19240.145978075834
9118.476917215246	19330.831118055827
9120.376599906333	19420.06820906389
9122.276678364648	19498.270023935384
9124.17715267264	19552.05599996278
9126.078022912781	19585.536693037644
9127.979289167555	19613.29724340685
9129.880951519464	19640.820513578023
9131.783010051033	19668.57121292478
9133.685464844793	19699.13977900427
9135.588315983301	19738.24459912511
9137.491563549132	19786.710375980918
9139.395207624872	19838.91911571333
9141.299248293128	19891.458748834146
9143.203685636523	19943.950797809175
9145.108519737696	19995.07889498003
9147.013750679309	20040.372540714103
9148.919378544035	20077.19219972848
9150.825403414565	20109.35963318643
9152.73182537361	20140.823001974615
9154.638644503897	20172.263781661906
9156.545860888169	20202.04897089449
9158.453474609187	20221.320025403773
9160.36148574973	20220.172503505753
9162.269894392595	20204.078556709228
9164.178700620594	20184.48195929288
9166.087904516557	20164.790016969753
9167.997506163332	20145.589358621946
9169.907505643783	20131.226092671193
9171.817903040792	20129.540424790095
9173.728698437259	20140.15779461039
9175.6398919161	20155.025591202102
9177.55148356025	20170.174968750485
9179.463473452659	20185.54939619412
9181.375861676295	20205.00486144358
9183.288648314145	20239.533122406297
9185.201833449211	20293.452385885015
9187.115417164512	20356.64461626612
9189.02939954309	20420.942774113646
9190.943780667994	20485.101875548175
9192.8585606223	20543.498165053723
9194.773739489096	20571.6509895987
9196.68931735149	20548.260163446117
9198.605294292605	20491.450755432237
9200.521670395583	20428.013484561525
9202.438445743583	20364.44039767229
9204.35562041978	20299.67128278766
9206.273194507366	20225.3724066475
9208.191168089557	20129.210310152008
9210.109541249576	20014.30358420534
9212.02831407067	19893.91233738502
9213.947486636102	19773.252621013617
9215.867059029151	19653.31440235665
9217.787031333117	19543.30369999844
9219.70740363131	19464.579515358684
9221.628176007067	19421.400447950564
9223.549348543735	19393.078145801683
9225.470921324682	19366.159847045517
9227.392894433293	19339.246583287193
9229.315267952965	19312.598514228852
9231.238041967123	19287.160516003463
9233.1612165592	19263.54979874418
9235.084791812651	19240.97744776841
9237.008767810945	19218.56743921822
9238.933144637573	19196.160550887787
9240.857922376039	19174.229784096176
9242.783101109868	19155.454859610465
9244.7086809226	19143.020309432097
9246.634661897791	19135.402986120076
9248.56104411902	19128.984608281145
9250.487827669878	19122.60278691577
9252.415012633977	19115.72497258561
9254.342599094942	19103.637701200045
9256.270587136421	19077.312534744055
9258.198976842075	19036.678216368957
9260.127768295584	18990.893883397024
9262.056961580647	18944.740465301056
9263.986556780976	18898.537846433763
9265.916553980305	18851.566663172638
9267.846953262384	18801.688432217277
9269.777754710982	18747.94854995737
9271.70895840988	18692.276253355627
9273.640564442881	18636.34343393729
9275.572572893807	18580.34515866104
9277.504983846495	18522.06234362309
9279.437797384797	18451.24588466031
9281.371013592585	18358.2853358283
9283.30463255375	18250.452403568775
9285.2386543522	18139.510183977764
9287.173079071856	18028.488763752175
9289.107906796664	17918.4894533043
9291.043137610579	17817.37928102022
9292.978771597582	17737.538260960875
9294.914808841666	17676.641856390263
9296.85124942684	17621.57500556191
9298.788093437139	17566.796754772786
9300.725340956604	17514.66127959266
9302.662992069303	17500.34875824303
9304.60104685932	17609.846857262743
9306.539505410748	17864.730988067087
9308.47836780771	18182.784663037703
9310.417634134337	18507.300835717913
9312.35730447478	18830.964892611402
9314.297378913214	19127.135476864973
9316.23785753382	19294.01339919993
9318.178740420808	19259.42640223038
9320.120027658395	19106.19748319632
9322.061719330824	18932.876846751944
9324.003815522352	18759.409503219653
9325.946316317253	18593.28713151355
9327.88922179982	18478.221697782174
9329.832532054363	18469.716360172984
9331.776247165208	18545.257983441985
9333.7203672167	18642.879848255558
9335.664892293204	18741.322123881662
9337.609822479097	18838.395268350556
9339.555157858782	18919.47405640242
9341.50089851667	18954.74971482937
9343.447044537194	18942.347498646806
9345.393596004806	18912.124916086355
9347.340553003973	18880.566757553028
9349.287915619183	18849.201286191535
9351.235683934938	18821.91288666569
9353.183858035758	18810.842666076187
9355.132438006181	18822.093776978752
9357.081423930767	18844.932992550246
9359.030815894086	18869.38758332245
9360.980613980732	18893.85948629385
9362.93081827531	18918.5891251427
9364.881428862453	18944.806847981825
9366.832445826798	18973.754607928404
9368.783869253013	19004.597219801286
9370.735699225774	19035.85406230685
9372.687935829781	19067.126384835075
9374.640579149745	19098.545007236964
9376.593629270401	19131.215736745533
9378.547086276498	19166.968600304055
9380.500950252806	19205.559550278205
9382.45522128411	19245.072477575253
9384.409899455211	19284.645982047245
9386.36498485093	19323.970692419873
9388.320477556108	19359.21148438566
9390.2763776556	19380.36186503169
9392.23268523428	19384.33709915617
9394.189400377036	19380.570068337893
9396.146523168782	19375.975010803675
9398.104053694442	19371.46856718473
9400.061992038964	19369.81950263246
9402.020338287304	19382.09766967273
9403.979092524447	19416.82488441425
9405.93825483539	19465.307448969033
9407.897825305148	19516.295532320277
9409.857804018753	19567.319961635083
9411.818191061257	19617.46390423368
9413.77898651773	19661.044219886753
9415.740190473254	19690.363101211355
9417.701803012937	19708.05138813606
9419.663824221898	19722.562630807053
9421.626254185278	19736.95338485808
9423.589092988233	19750.24784162472
9425.552340715938	19750.269724235925
9427.515997453589	19710.907442192474
9429.480063286392	19629.012093152895
9431.444538299576	19530.370891649323
9433.40942257839	19430.295320738416
9435.374716208093	19330.406843042303
9437.34041927397	19235.249821795114
9439.306531861319	19159.937581492693
9441.273054055457	19112.98989178964
9443.23998594172	19081.32551545857
9445.207327605458	19051.901726536067
9447.175079132043	19022.55384921018
9449.143240606863	18997.323044296678
9451.111812115321	18997.229068496523
9453.080793742847	19044.87040621321
9455.050185574877	19126.85716003282
9457.01998769687	19216.75924309603
9458.990200194308	19306.88451664128
9460.960823152684	19396.060613379785
9462.931856657508	19475.997536290997
9464.90330079431	19532.067174643264
9466.875155648644	19565.314270983024
9468.84742130607	19590.845107258796
9470.820097852176	19615.900270021706
9472.793185372562	19640.82135919188
9474.766683952848	19663.355271878652
9476.740593678673	19677.306783679793
9478.71491463569	19680.42013262939
9480.689646909572	19678.43434107967
9482.664790586012	19675.853746472156
9484.640345750717	19673.304239532034
9486.616312489416	19671.9096462537
9488.59269088785	19676.41343431141
9490.569481031787	19690.772889211778
9492.546683007002	19711.395213536198
9494.524296899295	19733.222274640477
9496.502322794484	19755.0764278306
9498.480760778399	19777.574263231305
9500.459610936894	19805.11642966909
9502.43887335584	19844.069682348334
9504.418548121123	19892.683909068695
9506.398635318648	19944.081634264174
9508.37913503434	19995.611496441146
9510.36004735414	20046.443049663645
9512.341372364004	20088.233710095818
9514.323110149913	20102.2245233132
9516.305260797863	20085.247301277308
9518.287824393863	20055.613058056817
9520.270801023946	20024.822634131015
9522.254190774158	19994.07357218478
9524.23799373057	19964.57570432112
9526.222209979265	19940.616652891098
9528.206839606342	19924.86364369451
9530.191882697929	19913.683367139045
9532.177339340156	19903.205927315423
9534.163209619188	19892.762883425945
9536.149493621191	19884.44934973554
9538.136191432362	19889.762034527692
9540.123303138911	19921.93822629459
9542.110828827066	19974.200096220684
9544.098768583071	20031.36907466775
9546.087122493194	20088.69993939113
9548.075890643713	20145.366024782335
9550.065073120932	20194.956024441606
9552.054670011164	20225.40773406515
9554.04468140075	20236.919577790075
9556.035107376043	20241.79013515881
9558.025948023413	20246.22648873309
9560.017203429252	20250.64576952721
9562.008873679966	20254.739842732753
9564.000958861983	20257.622417345436
9565.993459061747	20258.92512205422
9567.986374365719	20259.45494252721
9569.979704860378	20259.887572309566
9571.973450632224	20260.182997665943
9573.967611767772	20254.66217691126
9575.962188353558	20217.60706617713
9577.957180476133	20125.75003345303
9579.952588222064	19997.83596916964
9581.948411677946	19862.67118488863
9583.944650930378	19727.372741443935
9585.941306065988	19595.37644274734
9587.93837717142	19490.695811574587
9589.93586433333	19449.899560067846
9591.9337676384	19465.036469801445
9593.932087173325	19497.09003131185
9595.93082302482	19529.997214489093
9597.929975279618	19562.3305158772
9599.929544024468	19586.5401702485
9601.92952934614	19584.578509443352
9603.92993133142	19552.39362605731
9605.930750067115	19507.370043540723
9607.931985640045	19461.099755927688
9609.933638137054	19414.95632897419
9611.935707645	19372.57944458828
9613.938194250759	19347.397489600233
9615.941098041229	19348.49872501355
9617.94441910332	19364.82762311721
9619.948157523968	19383.690079705506
9621.952313390118	19402.574045013967
9623.956886788743	19420.82082725024
9625.961877806823	19434.72064857704
9627.967286531366	19439.698028174345
9629.973113049395	19437.76312098699
9631.979357447948	19434.062872816852
9633.986019814081	19430.302750103026
9635.993100234877	19427.766507983553
9638.000598797425	19438.62562273001
9640.008515588843	19486.85341583958
9642.016850696258	19573.28310705235
9644.02560420682	19673.763518575695
9646.034776207696	19775.3019558167
9648.044366786073	19876.522263154973
9650.054376029153	19971.05495491875
9652.064804024161	20039.501547688495
9654.07565085833	20072.68173691765
9656.086916618928	20087.93532377645
9658.098601393223	20100.791679222853
9660.110705268515	20113.6365965514
9662.123228332113	20126.232339707793
9664.136170671349	20137.394210464634
9666.149532373573	20145.966040287378
9668.163313526149	20152.767310080722
9670.177514216468	20159.1920539251
9672.192134531932	20165.611655695957
9674.207174559959	20172.406275906487
9676.222634387992	20182.449523292256
9678.23851410349	20200.380241543488
9680.254813793928	20225.462262272074
9682.271533546802	20252.81067135976
9684.288673449624	20280.288672013074
9686.306233589929	20307.956327913675
9688.324214055257	20338.47262232625
9690.342614933186	20378.589490921568
9692.3614363113	20430.20299915789
9694.380678277197	20486.90520267151
9696.400340918506	20544.14512226474
9698.420424322863	20601.509878587472
9700.440928577931	20662.30889176817
9702.461853771385	20739.479241692927
9704.483199990922	20842.659588149112
9706.504967324252	20961.559151610018
9708.527155859112	21083.272818920093
9710.54976568325	21205.022494288398
9712.572796884435	21323.783387331303
9714.596249550454	21420.580892462647
9716.62012376911	21470.34166527112
9718.644419628228	21482.38614847585
9720.669137215651	21484.4013932788
9722.694276619237	21486.054671337475
9724.719837926867	21487.594508677812
9726.745821226436	21487.81489092294
9728.772226605857	21484.204551506205
9730.799054153069	21476.529604657386
9732.826303956017	21467.286093478528
9734.853976102675	21457.91265530367
9736.88207068103	21448.436121750878
9738.910587779088	21436.677505417276
9740.939527484876	21415.554342765725
9742.968889886435	21381.30680981396
9744.998675071829	21340.15481095888
9747.028883129136	21298.02911058913
9749.059514146455	21255.93020533899
9751.090568211903	21215.93545594037
9753.122045413615	21188.50054918991
9755.153945839742	21184.559235101096
9757.186269578458	21197.307763727036
9759.219016717954	21213.843425211908
9761.252187346437	21230.481357128858
9763.285781552135	21247.860205051944
9765.319799423292	21272.207042605416
9767.354241048173	21314.279394742593
9769.389106515058	21373.027393025513
9771.424395912249	21437.282821874913
9773.460109328063	21501.872280362728
9775.49624685084	21566.428264189646
9777.532808568936	21630.23798850086
9779.56979457072	21691.408048304238
9781.60720494459	21749.307105927004
9783.645039778954	21805.70316304414
9785.683299162241	21861.938965165275
9787.7219831829	21918.186133554787
9789.761091929397	21974.444284225297
9791.800625490216	22030.710436926576
9793.84058395386	22086.98217161253
9795.88096740885	22143.261787107156
9797.921775943727	22199.552411400906
9799.96300964705	22255.82402228952
9802.004668607393	22308.031186329197
9804.046752913353	22329.295360384043
9806.089262653544	22281.98925177925
9808.132197916597	22177.567244509617
9810.175558791165	22056.984358002857
9812.219345365911	21935.678777357676
9814.263557729531	21816.103232647394
9816.308195970725	21718.438364027566
9818.353260178219	21687.105962837453
9820.398750440756	21728.55499086423
9822.444666847097	21799.155851402364
9824.491009486024	21872.301606529843
9826.537778446334	21945.374145991496
9828.584973816845	22016.305653688803
9830.63259568639	22078.009373068755
9832.680644143826	22126.273959244285
9834.729119278023	22167.15260027276
9836.778021177874	22206.912004998336
9838.827349932284	22246.707169770958
9840.877105630187	22288.74798603878
9842.927288360528	22344.840610893756
9844.97789821227	22428.233227070272
9847.028935274397	22531.738371990512
9849.080399635914	22640.051272406316
9851.132291385838	22748.522586639825
9853.18461061321	22855.66779499253
9855.237357407088	22949.36151569081
9857.290531856548	23007.581222131357
9859.344134050685	23031.368099905918
9861.398164078613	23043.3220646577
9863.452622029463	23054.51759509397
9865.507507992386	23065.959659238073
9867.562822056552	23081.67633273517
9869.618564311148	23113.00674494791
9871.67473484538	23164.40945777794
9873.731333748472	23225.48215233212
9875.78836110967	23287.747540113673
9877.845817018235	23349.57867719324
9879.903701563448	23392.911924024116
9881.962014834608	23337.69062908416
9884.02075692103	23113.793471899266
9886.079927912057	22780.677718286184
9888.139527897038	22426.12639554879
9890.19955696535	22071.158299980034
9892.260015206386	21716.567029858747
9894.320902709553	21365.500635493507
9896.382219564284	21022.629923843717
9898.443965860028	20686.8185768254
9900.506141686248	20353.051645759384
9902.568747132433	20019.31663123333
9904.631782288086	19687.08481510657
9906.695247242731	19376.726497806074
9908.759142085906	19136.061031664685
9910.823466907173	18974.63014538455
9912.888221796115	18846.052020426818
9914.953406842322	18720.44007053615
9917.019022135415	18595.567206843487
9919.085067765027	18490.458307814704
9921.151543820812	18473.206813956574
9923.21845039244	18587.863665199082
9925.285787569606	18777.64927124123
9927.353555442016	18979.642728288698
9929.421754099401	19181.818366747888
9931.490383631504	19386.305976196752
9933.559444128095	19605.995391255517
9935.628935678955	19856.31437803865
9937.69885837389	20129.909430218395
9939.769212302717	20409.292472208355
9941.83999755528	20688.904900832025
9943.911214221438	20966.8645680604
9945.982862391069	21226.90787220259
9948.054942154067	21437.867325930045
9950.12745360035	21599.39784532922
9952.20039681985	21743.07280420915
9954.27377190252	21885.487026117473
9956.347578938334	22027.71684614485
9958.42181801728	22165.824899008214
9960.496489229366	22288.05678649011
9962.571592664623	22389.164094044896
9964.647128413097	22479.767923016087
9966.723096564849	22569.04393451698
9968.799497209968	22657.98261337054
9970.876330438552	22731.56850772269
9972.953596340727	22720.460797447457
9975.031295006633	22559.758821831616
9977.109426526426	22298.636028830235
9979.187990990285	22016.53629960332
9981.266988488409	21733.970613977766
9983.34641911101	21456.196535801293
9985.426282948327	21219.667869756217
9987.506580090607	21081.818191180708
9989.587310628127	21031.937541803127
9991.668474651175	21009.17803913493
9993.75007225006	20987.801328214362
9995.832103515113	20966.393096925873
9997.914568536678	20944.58527542057
9999.997467405125	20921.470428773544
10002.080800210833	20896.814896061762
10004.16456704421	20871.48436989661
10006.24876799568	20846.080013565796
10008.333403155679	20820.665025858587
10010.41847261467	20795.09389562859
10012.503976463131	20768.81533586428
10014.589914791562	20741.43959031923
10016.676287690478	20713.414420509802
10018.763095250413	20685.273662153926
10020.850337561924	20657.154852244552
10022.938014715583	20631.67545887858
10025.026126801982	20624.34523747589
10027.114673911732	20654.376658694768
10029.203656135465	20713.362843596227
10031.293073563826	20779.73094206976
10033.382926287486	20846.357550166937
10035.47321439713	20912.765929373913
10037.563937983463	20976.534550771543
10039.655097137209	21032.6871720627
10041.746691949114	21080.833488745226
10043.838722509936	21125.939320046233
10045.93118891046	21170.814152678882
10048.024091241483	21214.76003207611
10050.117429593825	21239.29798728965
10052.211204058323	21187.598129683036
10054.305414725837	21032.87534044256
10056.400061687238	20826.11740727955
10058.495145033425	20612.537930983635
10060.590664855306	20399.40366872046
10062.686621243818	20209.877859857977
10064.78301428991	20154.77975678107
10066.879844084555	20343.127955024887
10068.977110718739	20699.109639237948
10071.074814283473	21091.45658012661
10073.172954869782	21484.689450509788
10075.271532568713	21869.687244778754
10077.370547471332	22179.48951837403
10079.469999668721	22303.64799690835
10081.569889251987	22258.41900345403
10083.670216312248	22159.682644120818
10085.770980940646	22058.107727577317
10087.872183228345	21958.224796087314
10089.973823266515	21883.830146404234
10092.075901146365	21856.722361471755
10094.178416959103	20441.36548523896
10096.281370795969	16192.506461055293
