#wavelength	surface flux
0.6450077295303345	47556009.20142629
0.6472567915916443	69150135.9289749
0.6494921445846558	76368800.51369657
0.6517150402069092	77214332.30723338
0.6539263725280762	77025767.06846614
0.6561272740364075	72599260.90099758
0.6583186388015747	73216988.93889183
0.6605015397071838	71988050.82983351
0.6626768708229065	64809591.42624401
0.6648455858230591	52889795.579941906
0.6670085787773132	39241648.889189005
0.6691668033599854	30360502.18137526
0.6713210344314575	25903068.411717705
0.6734722256660461	24200632.16329653
0.6756211519241333	25536006.249204744
0.6777685880661011	29056564.15781918
0.6799154281616211	30493347.713342275
0.6820623278617859	35371999.55629036
0.6842101216316223	46106623.551933676
0.6863595843315125	48272878.50253707
0.688511312007904	47016197.41031147
0.6906660795211792	58912411.68958173
0.6928245425224304	78742830.22762662
0.6949873566627502	116744040.9855365
0.6971551775932312	175293345.29048234
0.6993286609649658	213805107.46197617
0.7015084028244019	240345416.62135807
0.7036949396133423	250882720.07244796
0.7058889269828796	182209823.73087806
0.7080909013748169	97363714.49133715
0.710301399230957	61120604.72412359
0.712520956993103	42379006.203875706
0.7147500514984131	31104476.916947447
0.7169892191886902	30520498.684466965
0.7192389369010925	38255333.442991346
0.7214996814727783	48749781.02771414
0.723771870136261	78727729.2145645
0.7260559797286987	130005431.93274845
0.7283523678779602	208155287.789662
0.7306615710258484	326798289.0459494
0.7329838871955872	437002401.1155835
0.7353196740150452	546941462.1936378
0.7376693487167358	683585200.6855264
0.7400332689285278	752395031.3039995
0.7424117922782898	759546609.145605
0.7448052167892456	753640345.7700033
0.7472138404846191	770003125.8966527
0.7496379613876343	858704475.1357362
0.7520779371261597	964112046.2333802
0.7545340061187744	1057487770.7820616
0.7570064663887024	1025853213.4835808
0.7594954967498779	743898822.7119023
0.7620013952255249	457584484.29424405
0.7645244002342224	307618495.2508737
0.7670646905899048	194407751.48167667
0.7696225643157959	141693153.26443663
0.7721980810165405	167975254.27755988
0.7747915983200073	207203333.23626357
0.7774031162261963	221264752.26966536
0.7800329327583313	291526748.2180677
0.7826811671257019	360879177.4454383
0.7853479981422424	387876346.0221232
0.7880334854125977	457505901.0013424
0.7907378077507019	511833467.0752072
0.7934610247612	558050609.3296542
0.7962033748626709	686693238.3600066
0.7989648580551147	807718510.368127
0.801745593547821	899731208.6928227
0.8045456409454346	1022584642.2451545
0.8073651194572449	1181660597.4334588
0.8102040886878967	1421641220.377912
0.8130625486373901	1672486801.2778325
0.8159406185150146	1747445309.3570542
0.8188382983207703	1570383686.9002254
0.8217556476593018	1360905469.839267
0.8246926665306091	1312196644.1862626
0.8276493549346924	1222747879.1653345
0.8306257724761963	1023387681.8149114
0.8336219191551208	966417583.1270319
0.8366377949714661	1047528483.1133163
0.8396733403205872	1088081209.621743
0.8427285552024841	913518125.4320158
0.8458034992218018	535527310.73232526
0.8488980531692505	311451941.8388547
0.8520121574401855	344938193.78742707
0.8551458716392517	463243309.5289071
0.8582990765571594	586717449.9515413
0.8614717125892639	707014519.4906685
0.8646637797355652	834028290.7823002
0.8678751587867737	949841722.221312
0.8711057901382446	1061274382.2593677
0.8743556141853333	1225450613.728996
0.87762451171875	1442972868.209383
0.8809124231338501	1628151288.856642
0.8842192888259888	1568628525.426878
0.8875449895858765	1183558958.4219062
0.8908893465995789	909362148.8547678
0.894252359867096	948863536.0649174
0.8976338505744934	1068470128.2419038
0.9010337591171265	1197970859.221546
0.9044519662857056	1361944487.8326225
0.9078882932662964	1613249941.581322
0.9113426208496094	1908626327.357081
0.914814829826355	2106779500.6883454
0.9183048605918884	2085843341.9975924
0.9218124747276306	1812179793.5402024
0.925337553024292	1477932458.0999696
0.9288799166679382	1259185559.8663614
0.9324395060539246	1210400966.747687
0.9360161423683167	1297241633.225367
0.9396095871925354	1422629013.9287324
0.943219780921936	1543841343.219254
0.9468464851379395	1666371433.223151
0.9504896402359009	1802313826.9387944
0.9541489481925964	1928391592.5272124
0.9578243494033813	2066576433.0308423
0.9615156054496765	2167061568.971135
0.9652225375175476	2215774829.492457
0.9689450263977051	2273359016.4409885
0.9726828336715698	2219338409.8011594
0.9764357805252075	2069670420.843384
0.9802037477493286	1985684188.0206478
0.983986496925354	1949180854.3205576
0.9877838492393494	1810259528.6291077
0.9915955662727356	1567776797.957321
0.9954215884208679	1542544477.361697
0.9992615580558777	1672167185.6586342
1.0031154155731201	1685859558.8814423
1.0069829225540161	1685807491.9375873
1.0108637809753418	1766333501.49963
1.0147579908370972	1827960890.213385
1.018665075302124	1857695990.7948854
1.022585153579712	1874883949.426547
1.0265177488327026	1772263419.7397993
1.0304628610610962	1705701879.8764298
1.0344202518463135	1808541749.5760796
1.0383895635604858	1965321664.0925546
1.0423706769943237	2046024591.2783935
1.0463634729385376	2061010361.1796312
1.0503677129745483	2107601915.7202156
1.0543830394744873	2183216949.902281
1.058409333229065	2244026605.9936
1.0624464750289917	2276434353.243386
1.0664942264556885	2235653519.949041
1.0705522298812866	2187448668.108112
1.0746204853057861	2286856909.588741
1.0786986351013184	2450604594.4231896
1.0827864408493042	2540367976.4076176
1.086883783340454	2527175933.135726
1.0909905433654785	2484944222.2071733
1.0951062440872192	2439211397.6570373
1.0992310047149658	2349675579.2674675
1.10336434841156	2264972222.0723276
1.1075061559677124	2215667796.6492715
1.1116561889648438	2224785730.8690352
1.115814208984375	2254836061.782713
1.1199802160263062	2255476824.2705097
1.124153733253479	2270807135.153848
1.1283347606658936	2310529219.502769
1.1325229406356812	2328427190.5435753
1.1367181539535522	2276132545.3298545
1.1409201622009277	2231508081.165235
1.145128846168518	2277074361.8819795
1.1493438482284546	2361986955.893449
1.1535650491714478	2424763795.23703
1.1577922105789185	2440902710.9788423
1.1620250940322876	2419876764.93966
1.1662636995315552	2390623984.5594354
1.170507550239563	2375702019.524069
1.174756646156311	2345411366.593738
1.1790107488632202	2309959774.0271606
1.1832695007324219	2305393189.078159
1.1875330209732056	2317394051.428673
1.191800832748413	2341095998.08084
1.1960728168487549	2315507234.1765575
1.2003488540649414	2279789493.2562623
1.2046287059783936	2314832232.560604
1.2089121341705322	2340137262.852583
1.2131990194320679	2338496299.1168995
1.2174891233444214	2359461506.238386
1.2217823266983032	2400113293.429896
1.2260783910751343	2440560495.384283
1.230377197265625	2462197014.399869
1.2346785068511963	2439963073.894688
1.238982081413269	2360499190.8127117
1.2432878017425537	2295083703.056531
1.2475954294204712	2300899359.7890716
1.2519049644470215	2320050134.66458
1.256216049194336	2330035338.5170283
1.2605286836624146	2333246713.365402
1.2648425102233887	2342712129.063497
1.2691574096679688	2383164815.538193
1.2734732627868652	2408694318.1884255
1.2777899503707886	2404505827.1796026
1.2821072340011597	2390770288.77294
1.2864248752593994	2358035515.988707
1.2907428741455078	2321997097.8085866
1.2950609922409058	2322989901.347402
1.2993791103363037	2359083385.9384785
1.303696870803833	2376763171.954164
1.3080145120620728	2361189347.707379
1.3123314380645752	2340198718.3903656
1.3166478872299194	2320238138.4388723
1.3209635019302368	2287688603.955461
1.3252781629562378	2201798897.5324526
1.3295916318893433	2008817423.5085905
1.3339040279388428	1701889301.985751
1.3382149934768677	1493084995.0715194
1.3425244092941284	1465641270.5255828
1.3468321561813354	1456378481.526507
1.3511382341384888	1433400705.331645
1.3554422855377197	1424415606.6922374
1.3597444295883179	1416223367.076473
1.3640443086624146	1368510520.1625736
1.3683418035507202	1340035275.0104868
1.3726370334625244	1382241291.3271723
1.3769296407699585	1469828054.8459718
1.381219506263733	1529501149.712814
1.3855066299438477	1468645455.2587192
1.3897908926010132	1340740600.2496514
1.3940720558166504	1276306774.2054627
1.3983501195907593	1261054652.8184946
1.4026249647140503	1210599445.2696507
1.4068963527679443	1187329010.9179192
1.4111642837524414	1227610889.9824066
1.4154287576675415	1195538413.1292858
1.419689416885376	1087102981.7478147
1.4239463806152344	1026319209.4731905
1.4281994104385376	1057514538.5709747
1.4324485063552856	1143192634.5932925
1.436693549156189	1161648861.7665803
1.440934419631958	1127896488.4048154
1.4451709985733032	1142617813.9120805
1.449403166770935	1163334975.096378
1.453631043434143	1147198020.998736
1.4578542709350586	1147495371.6452549
1.4620729684829712	1154551331.0343566
1.4662868976593018	1136607444.8159566
1.4704961776733398	1121006842.6681058
1.4747005701065063	1125955334.2782817
1.4788999557495117	1154367141.01525
1.4830944538116455	1168554580.4743555
1.4872838258743286	1156271184.3111467
1.491468071937561	1158553631.7251081
1.4956470727920532	1178581410.5664601
1.4998208284378052	1180831364.5110624
1.5039892196655273	1180896850.010759
1.5081522464752197	1204117894.622996
1.5123097896575928	1224268183.8080134
1.5164618492126465	1265307163.7630253
1.5206083059310913	1320578910.0505831
1.5247491598129272	1297374285.348242
1.5288842916488647	1234899428.2487988
1.5330137014389038	1240784313.4678295
1.5371372699737549	1275109170.097395
1.541254997253418	1273386325.3642027
1.545366883277893	1258066024.7212737
1.5494728088378906	1264227924.2355084
1.5535727739334106	1294233173.8628316
1.5576666593551636	1325369870.7116506
1.561754584312439	1357649484.153496
1.5658363103866577	1384381595.6870925
1.5699119567871094	1384747576.771347
1.5739814043045044	1394575002.3514438
1.5780447721481323	1443715245.8213093
1.582101821899414	1466553098.3985906
1.5861525535583496	1459605718.2592378
1.5901970863342285	1477498651.6789176
1.5942351818084717	1512737968.7489026
1.5982669591903687	1529224820.5638669
1.6022924184799194	1519603370.4896548
1.606311559677124	1513534536.3000662
1.6103241443634033	1530326698.0591993
1.6143304109573364	1546395798.7801173
1.6183301210403442	1536104953.4771028
1.6223233938217163	1521108330.8342907
1.6263102293014526	1528718413.183635
1.6302905082702637	1548546505.525764
1.634264349937439	1560257017.8506052
1.638231635093689	1568504223.837385
1.6421923637390137	1572833006.000649
1.646146535873413	1595240956.118132
1.6500942707061768	1620315235.6712377
1.6540353298187256	1627315828.3943255
1.6579699516296387	1625208236.8384528
1.661897897720337	1614002227.5789945
1.6658192873001099	1620389407.3598948
1.6697341203689575	1631202774.5905252
1.6736423969268799	1631049855.839274
1.677544116973877	1627949565.8215318
1.6814392805099487	1632722228.3916967
1.6853278875350952	1646142373.7576523
1.6892099380493164	1637981165.3614023
1.6930854320526123	1606366073.537217
1.696954369544983	1564334319.9292192
1.7008168697357178	1525371519.270255
1.7046726942062378	1500719929.4050517
1.708522081375122	1478666507.0999048
1.712364912033081	1448710094.2002807
1.7162011861801147	1402407519.5411804
1.7200311422348022	1361731908.4153016
1.723854422569275	1325630801.0274305
1.7276713848114014	1271361911.6290548
1.731481909751892	1234835535.1856837
1.7352858781814575	1200378354.5856633
1.7390835285186768	1166050344.878005
1.7428747415542603	1160715822.3061354
1.7466596364974976	1190229865.2271283
1.7504380941390991	1202922891.6968715
1.7542102336883545	1152618039.7089338
1.7579760551452637	1107418305.0255055
1.7617355585098267	1088699538.7416937
1.7654887437820435	1066117114.8530607
1.7692357301712036	1031597114.810285
1.7729763984680176	996646757.0599357
1.776710867881775	968336815.6379437
1.7804391384124756	960191604.7400621
1.7841613292694092	971882004.0712867
1.7878772020339966	933627982.9778117
1.7915871143341064	848755741.9706345
1.7952908277511597	809672717.7972485
1.7989884614944458	815129302.6171733
1.8026801347732544	824801694.9346646
1.806365728378296	777821223.977276
1.8100452423095703	733389816.2640866
1.8137187957763672	781493498.389832
1.817386507987976	790290822.25124
1.8210482597351074	757209979.792673
1.8247040510177612	768624581.3636999
1.828354001045227	785544378.1472266
1.8319982290267944	812822417.7716421
1.8356364965438843	842183165.5542616
1.8392690420150757	810155604.7447855
1.8428958654403687	730667221.9103352
1.8465168476104736	663668943.624352
1.8501322269439697	664824206.907607
1.8537418842315674	676361746.0529704
1.8573459386825562	631998141.3051093
1.860944390296936	622270041.3559391
1.864537239074707	653006788.7213125
1.8681244850158691	670391898.0566943
1.871706247329712	671308926.5944211
1.8752825260162354	655527568.4478896
1.8788533210754395	652705462.3133827
1.8824186325073242	670839485.5255958
1.8859784603118896	684385948.3421988
1.8895330429077148	704939801.8442693
1.8930821418762207	716577226.0316172
1.8966259956359863	698868885.7060243
1.9001644849777222	679041202.2924128
1.9036977291107178	690272504.4887536
1.9072256088256836	710870369.0464752
1.9107483625411987	717677390.5478953
1.9142658710479736	727985009.3231152
1.9177782535552979	715900688.1754639
1.9212853908538818	689774063.3985153
1.9247875213623047	692728444.7151929
1.9282845258712769	706355978.1836147
1.9317764043807983	683109654.3866563
1.9352631568908691	666417799.3788954
1.9387450218200684	667684975.624414
1.942221760749817	638699231.0506134
1.9456936120986938	606934932.2118453
1.9491604566574097	603506343.7501901
1.952622413635254	604920147.1908098
1.956079363822937	602326718.6617136
1.959531545639038	617778192.7575904
1.962978720664978	674633515.6970615
1.966421127319336	731594209.8044488
1.9698586463928223	725908216.4631131
1.9732913970947266	691525067.1872956
1.9767193794250488	662293409.7385478
1.9801424741744995	648151647.6890976
1.9835609197616577	637980000.6253611
1.9869745969772339	615037899.1140486
1.990383505821228	601629174.1591169
1.9937876462936401	613827757.4107412
1.9971871376037598	619423471.5453078
2.000581979751587	610331186.7634124
2.003972291946411	613946279.5350208
2.007357597351074	636288207.0420141
2.0107386112213135	643297044.428631
2.0141148567199707	626410490.7825316
2.017486572265625	626631058.164156
2.0208535194396973	640807887.7685641
2.0242159366607666	631764331.6892277
2.027573823928833	592653447.6671268
2.0309269428253174	587144365.2320398
2.034275770187378	618076913.9911575
2.0376198291778564	624977289.954669
2.040959596633911	616908375.1242014
2.044294595718384	617961311.752392
2.0476250648498535	622612385.0711071
2.0509510040283203	630936936.2301904
2.054272413253784	630726189.7672439
2.057589530944824	634002328.5999154
2.0609018802642822	633850556.9885571
2.0642096996307373	615301111.6717443
2.0675129890441895	622472311.9545367
2.0708119869232178	648733845.3911301
2.074106216430664	648126147.2724428
2.0773961544036865	627477327.5968964
2.080681324005127	623093129.9131317
2.0839622020721436	637095085.511407
2.087238311767578	650704409.0749403
2.090510129928589	659434025.4299142
2.0937774181365967	661526483.4780225
2.0970399379730225	666127193.1365024
2.1002981662750244	671541411.4355797
2.1035518646240234	668845822.7255627
2.1068007946014404	671627393.8466573
2.1100454330444336	675739155.3040547
2.1132853031158447	671726213.0861716
2.116520881652832	669940365.8121169
2.1197516918182373	674413114.6017191
2.1229779720306396	683738589.1211246
2.12619948387146	695164665.5523552
2.1294167041778564	702731609.8022634
2.132629156112671	711276343.7901365
2.1358368396759033	711550051.7291629
2.139039993286133	704850237.2027146
2.1422386169433594	707489628.7120527
2.145432472229004	709369975.2350421
2.1486217975616455	702120664.9564196
2.151806354522705	704089542.7267479
2.1549863815307617	713337731.2674097
2.1581614017486572	719152795.312963
2.16133189201355	727276454.297396
2.1644976139068604	728694672.9542438
2.167658567428589	725084456.8503983
2.1708147525787354	723614867.3844813
2.173966407775879	719900661.0405684
2.1771130561828613	715688532.552105
2.1802549362182617	716691968.2221904
2.183391809463501	721036561.0138448
2.1865241527557373	726704679.9486538
2.1896514892578125	733270680.5185529
2.1927738189697266	736308666.421308
2.1958916187286377	742110893.1638047
2.1990041732788086	745866259.0055677
2.2021119594573975	738182574.2849511
2.2052149772644043	729585586.2452848
2.208312749862671	730021709.4864479
2.2114057540893555	739774845.5435373
2.214493751525879	746393000.4196675
2.217576742172241	731971205.6502606
2.2206547260284424	714555359.9004623
2.2237277030944824	722083816.6988839
2.2267956733703613	731892703.3938142
2.2298583984375	734718456.8178674
2.2329163551330566	739235673.1529197
2.235969066619873	734657252.9380039
2.2390167713165283	738334046.3352873
2.2420592308044434	749164816.4122533
2.2450966835021973	750979067.9738415
2.248128890991211	758410998.2654893
2.2511560916900635	758406772.9716864
2.254178285598755	741898872.2887601
2.257194995880127	731159583.3133534
2.260206699371338	723796329.7811188
2.2632133960723877	720049224.8428767
2.266214609146118	731813022.3533416
2.2692108154296875	736370365.2331657
2.2722020149230957	734875270.6816086
2.2751877307891846	738179101.9558792
2.278168201446533	725672407.4154971
2.2811436653137207	716637643.9094229
2.284113883972168	725978034.1663718
2.287078857421875	737976291.3390157
2.290038824081421	734405648.7183638
2.2929933071136475	675701459.2522786
2.295942783355713	615050463.7822269
2.298887014389038	627391361.0323066
2.301826238632202	650325822.8424187
2.304760217666626	644568910.9143403
2.3076889514923096	655172995.8393073
2.310612440109253	686545385.0252258
2.3135311603546143	692962890.1296949
2.3164443969726562	678238620.967168
2.319352865219116	648055816.9288025
2.322256088256836	582565923.3674463
2.3251543045043945	545423665.1164137
2.328047275543213	567971649.7282008
2.330935478210449	590195850.0041932
2.3338186740875244	587919727.659361
2.3366971015930176	574144071.5199443
2.3395702838897705	578479113.7135019
2.3424389362335205	609101371.2078592
2.3453025817871094	621557425.7289404
2.348161458969116	606331353.9846864
2.351015567779541	572083937.0278583
2.353865146636963	537821629.1467131
2.3567099571228027	534701648.3743149
2.3595502376556396	531336349.4728471
2.3623859882354736	519654636.3765026
2.3652172088623047	527551509.0404437
2.368043899536133	543468341.9243157
2.370866537094116	559611534.0035416
2.3736846446990967	554460854.5415924
2.3764986991882324	521462740.2866881
2.3793084621429443	503027728.54956603
2.3821144104003906	498995537.3867269
2.384916305541992	489351590.95934135
2.387714147567749	480315453.41102386
2.3905084133148193	468688971.9463826
2.393299102783203	450843655.2066818
2.3960859775543213	451080262.54959905
2.398869514465332	459903580.7200442
2.4016497135162354	450856138.43604755
2.4044265747070312	445805329.392063
2.407200336456299	447602678.38799787
2.409970998764038	444178186.3795945
2.4127390384674072	445059235.32765335
2.415503978729248	447930806.58079463
2.418266534805298	440376710.3009558
2.4210267066955566	425731494.763171
2.4237842559814453	423720032.204727
2.426539897918701	430860613.914581
2.429293394088745	419311316.4937592
2.4320452213287354	391817520.72490233
2.4347951412200928	367446734.820591
2.4375438690185547	359142974.08608365
2.440291166305542	366000098.50829846
2.443037271499634	362966096.8908454
2.445782423019409	368015150.33125657
2.4485268592834473	392130138.565465
2.451270818710327	381755967.42613417
2.454014539718628	346855982.7796595
2.4567582607269287	344885374.7916854
2.4595019817352295	350334787.1057662
2.4622461795806885	349617242.4049859
2.4649908542633057	343298797.13747275
2.4677364826202393	319668742.00397885
2.4704833030700684	305954581.6976289
2.473231554031372	298467783.4722174
2.4759814739227295	304853724.95597523
2.4787333011627197	314060933.81553185
2.481487512588501	301361208.6574798
2.4842441082000732	303272053.63043153
2.4870035648345947	308213636.01817393
2.4897661209106445	292894696.55829346
2.492532253265381	298816096.5511409
2.495302200317383	320355400.880246
2.4980762004852295	320995125.97935283
2.500854969024658	303677234.4759719
2.50363826751709	274295945.01238674
2.506427049636841	259591836.63353208
2.509221315383911	273893171.02592224
2.512021541595459	277287244.45652324
2.5148282051086426	275719587.49809307
2.517641544342041	291180600.34624314
2.5204622745513916	292115438.6833321
2.5232906341552734	277634304.18820876
2.5261268615722656	269446963.30803365
2.5289716720581055	270769288.5709241
2.531825542449951	278317931.5354149
2.534688949584961	282467454.0246553
2.537562131881714	283698010.74308515
2.540445566177368	277087078.8169297
2.5433402061462402	271385915.5373978
2.546246290206909	276075758.03541094
2.549164056777954	275083834.8187467
2.5520944595336914	255866868.91995153
2.5550382137298584	205788196.35973004
