#wavelength	surface flux
0.6000046	6.223968089528027
0.606004646	22.75583699999242
0.61206469246	47.31026213508131
0.6181853393846001	86.80522690538396
0.624367192778446	158.05258978023284
0.6306108647062305	284.03760308038864
0.6369169733532929	499.11942620678684
0.6432861430868257	841.0946679129762
0.649719004517694	1331.7754428176302
0.6562161945628708	2080.207029817932
0.6627783565084996	3173.2941602269148
0.6694061400735846	3878.6360225690087
0.6761002014743205	6073.127726698084
0.6828612034890637	7515.321794156034
0.6896898155239545	8303.505021785764
0.6965867136791939	8519.14768913509
0.7035525808159859	7979.400099276689
0.7105881066241457	6853.176709864498
0.7176939876903872	4286.385567509811
0.724870927567291	3788.7399186812386
0.732119636842964	3129.9437821041884
0.7394408332113936	2487.7520270693653
0.7468352415435076	2007.0298981974859
0.7543035939589426	1315.9124097430777
0.7618466298985321	638.4496240398188
0.7694650961975174	239.56779488818776
0.7771597471594927	1252.1205847439346
0.7849313446310876	3089.3499770394496
0.7927806580773984	4757.012047832906
0.8007084646581725	8913.071557614565
0.8087155493047542	12551.269657677614
0.8168027047978017	16633.647134347524
0.8249707318457796	27413.45752150747
0.8332204391642375	42318.60968717965
0.8415526435558799	59264.26989478537
0.8499681699914386	76359.03699258032
0.8584678516913531	126935.32575550774
0.8670525302082667	165488.15695255267
0.8757230555103492	218237.56368854214
0.8844802860654528	153644.4887899897
0.8933250889261073	93945.531862552
0.9022583398153684	328016.9450760566
0.9112809232135222	406113.9745262488
0.9203937324456574	523628.5289940194
0.9295976697701139	77431.0586130318
0.938893646467815	160712.06419069695
0.9482825829324931	203596.41242924912
0.9577654087618181	274663.583221552
0.9673430628494364	450302.4366697847
0.9770164934779306	431583.57829806826
0.9867866584127101	324757.4921457159
0.9966545249968373	677920.1335056279
1.0066210702468055	1242677.0019956357
1.0166872809492735	1418023.2411508407
1.0268541537587663	1697856.939593866
1.0371226952963541	2004439.0667381808
1.0474939222493176	2343786.078278179
1.0579688614718108	2796109.5129623767
1.0685485500865288	2520792.571020921
1.0792340355873942	2850167.510749197
1.0900263759432682	1622208.4674847105
1.1009266397027009	556818.9393822338
1.1119359060997278	323696.5907935089
1.1230552651607253	186125.38194781894
1.1342858178123325	122969.8326511854
1.1456286759904557	337124.63859710156
1.1570849627503603	197016.3517330429
1.1686558123778639	218645.23548245354
1.1803423705016425	636359.3801167089
1.192145794206659	1063954.048313328
1.2040672521487257	1769352.32570788
1.216107924670213	2117910.480784742
1.228269003916915	2572180.485182261
1.2405516939560841	4026248.594574829
1.252957210895645	4712614.3680163035
1.2654867830046015	4812413.226954668
1.2781416508346477	4217655.845551446
1.2909230673429941	2411725.834670529
1.303832298016424	3143608.4423304815
1.3168706209965881	1593933.063202456
1.330039327206554	1000451.265384851
1.3433397204786197	69391.28652398672
1.356773117683406	6109.9715045656085
1.37034084886024	4426.798375444327
1.3840442573488425	26429.427434365778
1.3978846999223307	29827.500467355465
1.4118635469215541	41437.725842581385
1.4259821823907697	34325.58741200428
1.4402420042146773	61622.2132877095
1.4546444242568242	193129.82162542216
1.4691908684993922	172476.8261430918
1.4838827771843863	149389.1248223567
1.4987216049562304	147643.33646132535
1.5137088210057925	135864.23717564752
1.5288459092158506	312023.039925981
1.544134368308009	874635.4804170688
1.559575711991089	1479459.6391674574
1.575171469111	1850091.5696828028
1.5909231838021098	2733298.206223456
1.6068324156401312	920866.0248393876
1.6229007397965325	606892.3013464961
1.6391297471944979	727860.4033390884
1.6555210446664428	782128.8625353255
1.6720762551131072	227389.37880043482
1.6887970176642384	117576.80209452345
1.7056849878408806	46401.089727367034
1.7227418377192896	220442.5902652678
1.7399692560964823	308523.28617938224
1.757368948657447	284197.41654233856
1.7749426381440219	292088.42771774775
1.792692064525462	213300.87040384326
1.8106189851707164	192165.56574477928
1.8287251750224238	163786.3142224703
1.847012426772648	86718.38373134562
1.8654825510403745	19936.381116307388
1.8841373765507783	184518.95613551408
1.902978750316286	157552.99442374983
1.9220085378194491	48941.64325853526
1.9412286231976434	34107.24155009827
1.96064090942962	51917.80366787423
1.9802473185239162	89510.58831596076
2.0000497917091553	251833.92224944028
2.020050289626247	414899.0948396412
2.0402507925225093	541038.3469366593
2.0606533004477345	1082436.2564028986
2.081259833452212	1076941.1526985844
2.102072431786734	1195841.3073443007
2.1230931561046016	999002.4478148716
2.1443240876656473	581205.3435389189
2.165767328542304	334311.7647062883
2.187425001827727	212190.45058204446
2.209299251846004	17768.171773909035
2.2313922443644643	21701.21699124609
2.253706166808109	17646.998601896747
2.27624322847619	11197.408987661305
2.299005660760952	7409.372393460392
2.3219957173685617	6268.163279530895
2.345215674542247	8878.625889249166
2.3686678312876697	23383.56203830018
2.3923545096005463	35630.375973366616
2.416278054696552	23926.92333720802
2.440440835243517	57633.77674891267
2.4648452435959527	223771.92287460764
2.489493696031912	197904.88999081985
2.5143886329922314	95191.91157700292
2.5395325193221536	66608.71867651207
2.5649278445153754	13382.282548104437
2.590577122960529	8627.470683004385
2.616482894190134	5302.609138972764
2.6426477231320353	135853.23031508748
2.669074200363356	4332.6886343286415
2.6957649423669894	71452.48200959066
2.7227225917906597	39279.40136292541
2.749949817708566	79106.58256904547
2.7774493158856517	44722.063659661224
2.805223809044508	47659.322595204496
2.8332760471349534	74126.33124346273
2.861608807606303	38140.89626970984
2.890224895682366	143868.28814487948
2.9191271446391895	113010.10552308548
2.9483184160855815	350557.67325354874
2.977801600246438	296973.90100540605
3.007579616248902	99075.90442507087
3.0376554124113913	307719.21790276293
3.068031966535505	350448.63606834767
3.09871228620086	245683.80963934003
3.1296994090628685	115618.05978510076
3.1609964031534976	73264.34924076156
3.192606367185032	44190.14295082982
3.2245324308568826	28741.17274510051
3.2567777551654515	39007.53962789344
3.289345532717106	103298.57219200578
3.322238988044277	3215.110296670777
3.35546137792472	36540.78229468695
3.3890159917039675	23201.19823458766
3.4229061516210066	51124.655040642705
3.4571352131372173	57735.98815570822
3.4917065652685895	123438.08531489436
3.526623630921275	95146.59291186731
3.5618898672304877	135652.51346731713
3.597508765902793	147812.1286243451
3.633483853561821	360656.9920385882
3.669818692097439	376467.605604534
3.7065168790184138	623334.8008902675
3.743582047808598	672061.343809429
3.7810178682866837	561275.1197123855
3.8188280469695504	987688.2224621039
3.8570163274392457	998911.2797129783
3.8955864907136384	997051.6724304727
3.934542355620775	1245421.5211929996
3.973887779176983	1231496.834599002
4.013626656968753	1801086.7963868198
4.05376292353844	1690563.6851890553
4.0943005527738245	2049740.843940643
4.135243558301563	1918362.2774155277
4.176595993884578	2137821.685170788
4.2183619538234245	1886563.7143640532
4.260545573361659	2151179.323393428
4.303151029095275	1007831.1314906983
4.346182539386228	2172039.181211998
4.38964436478009	2268616.5436782194
4.4335408084278916	1719672.105563778
4.47787621651217	1817329.2046878722
4.522654978677292	2052247.6469501157
4.567881528464065	1932616.6474640588
4.613560343748706	2154233.715098926
4.659695947186193	2162036.138079684
4.706292906658055	2191090.945919866
4.753355835724635	2304075.902450634
4.8008893940818815	2194617.0426376476
4.8488982880227	2083148.1854842247
4.897387270902928	1612586.7916320008
4.9463611436119574	1200681.1649033357
4.995824755048077	1615385.8723941082
5.045783002598558	1550551.819971445
5.0962408326245425	997106.2427608666
5.147203240950788	629027.7074665116
5.198675273360296	678378.0653312933
5.2506620260939	698308.717602423
5.303168646354838	681866.8635345915
5.356200332818387	414042.068277215
5.409762336146572	440499.85064728785
5.463859959508037	208136.3287337893
5.518498559103117	249084.07511143154
5.573683544694148	134148.81798837509
5.62942038014109	171076.48945579818
5.6857145839425005	127836.56380718177
5.742571729781926	123756.76900632869
5.799997447079745	161849.77035043866
5.857997421550542	139511.504782128
5.916577395766049	69930.76356935682
5.9757431697237084	80845.72686159542
6.035500601420946	111912.41763036417
6.095855607435156	155239.98138595233
6.156814163509507	50205.02742993057
6.218382305144602	126362.74191459095
6.280566128196048	169806.86796698527
6.343371789478009	135271.15975514313
6.406805507372789	69034.13748827053
6.470873562446516	60404.9905330779
6.535582298070982	96665.47155739221
6.6009381210516915	60590.0681242712
6.666947502262209	100236.80415544797
6.733616977284831	124345.77675430231
6.80095314705768	79253.71500911366
6.868962678528256	85618.26342630261
6.937652305313538	210650.68374359113
7.007028828366674	132273.26629807844
7.077099116650341	124078.40606195679
7.1478701078168445	128576.32740259176
7.219348808895012	135432.84200251338
7.291542296983963	92796.29368189907
7.364457719953803	73459.82005949663
7.438102297153341	66760.46549018164
7.512483320124875	85660.04768924697
7.587608153326124	119977.16995567878
7.663484234859385	53161.62580232759
7.740119077207979	56829.78215127662
7.817520267980059	82793.92026739594
7.895695470659859	55072.27670966086
7.9746524253664575	128611.06479622862
8.054398949620122	133320.984142938
8.134942939116323	146649.94019426915
8.216292368507487	181327.1264015818
8.29845529219256	196683.243564036
8.381439845114487	134760.37647227338
8.465254243565633	221011.59474315157
8.549906786001289	250979.0290973684
8.635405853861302	167760.98976159864
8.721759912399914	251355.91995409466
8.808977511523914	182669.72286937945
8.897067286639153	244946.00044814107
8.986037959505545	239898.3441854568
9.0758983391006	201979.56219047506
9.166657322491607	208886.15307479125
9.258323895716522	280490.7156799594
9.350907134673689	193434.47385727483
9.444416206020424	270112.21612865693
9.538860368080629	172755.3299091587
9.634248971761435	245232.79992263607
9.730591461479051	213148.14274338275
9.82789737609384	338529.10446574114
9.926176349854778	237919.10956136783
10.025438113353328	344521.2287619927
10.125692494486861	292626.8330254707
10.22694941943173	343001.68846834486
10.329218913626045	82039.78268131508
10.432511102762307	68697.4815298794
10.536836213789929	96501.02426533066
10.64220457592783	126197.99194283439
10.748626621687109	29228.75647634242
10.85611288790398	77384.05399241831
10.96467401678302	128480.61327210678
11.074320756950849	174510.16087594873
11.185063964520356	196466.76390138437
11.296914604165563	172003.65502691458
11.409883750207218	228966.17448796472
11.52398258770929	122350.2096336183
11.639222413586383	194437.00455711212
11.755614637722246	97636.98752005018
11.87317078409947	176279.5522106452
11.991902491940465	82167.51022507984
12.111821516859868	106298.35446176515
12.232939732028466	105193.57742951572
12.355269129348752	122872.47863805215
12.47882182064224	151030.77759129708
12.603610038848663	114332.73086036883
12.729646139237149	85673.85443996577
12.856942600629521	87673.31685541029
12.985512026635817	118413.04613894044
13.115367146902173	110016.1736338768
13.246520818371195	89154.73056056046
13.378986026554909	87085.74898124448
13.512775886820457	122173.85874684242
13.647903645688663	104032.28090864352
13.78438268214555	77404.26019666909
13.922226508967004	128337.39197620192
14.061448774056675	83461.45936474676
14.202063261797242	74951.24628140812
14.344083894415213	91749.78207529229
14.487524733359367	59178.625648381254
14.632399980692961	90326.72320109987
14.778723980499889	96694.83268606517
14.92651122030489	78845.80925714182
15.075776332507937	84354.13421651957
15.226534095833017	72968.80526638535
15.378799436791349	79876.90751994499
15.532587431159262	66637.04502283286
15.687913305470854	60470.07258799442
15.844792438525564	38200.20110544796
16.00324036291082	50686.20819416
16.16327276653993	64896.88015281022
16.32490549420533	51712.06918886983
16.48815454914738	62762.99637409994
16.653036094638853	55298.19292133746
16.819566455585242	53263.49377757346
16.987762120141095	56524.57934603907
17.157639741342507	48678.78344062915
17.329216138755932	47985.6556354795
17.502508300143493	49500.84357416669
17.677533383144926	55379.44710693078
17.854308716976377	54875.46455553119
18.032851804146137	39978.70784527249
18.2131803221876	38558.08746345387
18.395312125409475	48612.14364857153
18.57926524666357	39882.83373929889
18.765057899130205	39807.73309009844
18.95270847812151	39024.05150789376
19.142235562902727	41328.30625101155
19.333657918531753	28853.12259879659
19.52699449771707	31519.146242599552
19.72226444269424	30217.457139254322
19.919487087121183	20992.37125896564
20.118681957992393	29131.708144373802
20.319868777572317	24000.51609291221
20.523067465348042	26143.890773792056
20.728298140001524	29936.368896134976
20.93558112140154	28608.26209826502
21.144936932615554	19426.29588434158
21.35638630194171	16613.667189090782
21.569950164961128	23986.491118518734
21.78564966661074	20776.74562626251
22.003506163276846	22728.662020234602
22.223541224909614	19871.749399017568
22.445776637158712	18648.587445537218
22.6702344035303	19728.444557961964
22.8969367475656	16287.987400138485
23.125906115041257	19192.21768305842
23.35716517619167	20891.310953762808
23.59073682795359	13412.569665507082
23.826644196233126	9845.027352610805
24.064910638195453	16543.67203062819
24.305559744577412	18874.900311831036
24.548615342023187	18268.148405957912
24.794101495443417	16459.463269983502
25.042042510397852	8904.069115018818
25.29246293550183	10574.868474230945
25.54538756485685	13227.104797675502
25.80084144050542	15481.438096632368
26.058849854910473	8924.003230279177
26.319438353459574	12642.832872700224
26.582632736994174	7116.910539763086
26.848459064364114	10152.153546083715
27.11694365500776	10004.237781202803
27.388113091557834	12108.907467927707
27.661994222473414	9895.103039817452
27.938614164698148	6326.294336874304
28.21800030634513	5550.445140342734
28.500180309408577	5575.044775620621
28.785182112502664	7943.2760599889025
29.07303393362769	7004.483240904515
29.363764272963973	6295.362940999555
29.65740191569361	7679.959490602232
