0.600000	5.71678e+07
0.601200	6.50228e+07
0.602402	7.41721e+07
0.603607	8.11196e+07
0.604814	9.15658e+07
0.606024	1.00025e+08
0.607236	1.06654e+08
0.608450	1.20943e+08
0.609667	1.18540e+08
0.610887	1.12457e+08
0.612108	1.25071e+08
0.613333	1.35653e+08
0.614559	1.42807e+08
0.615788	8.65846e+07
0.617020	5.09185e+07
0.618254	4.40622e+07
0.619491	4.28609e+07
0.620729	4.31438e+07
0.621971	3.72989e+07
0.623215	3.09427e+07
0.624461	3.68972e+07
0.625710	4.65939e+07
0.626962	5.29724e+07
0.628215	6.56186e+07
0.629472	6.53534e+07
0.630731	7.40791e+07
0.631992	9.33362e+07
0.633256	9.74386e+07
0.634523	9.66077e+07
0.635792	7.95537e+07
0.637063	7.85154e+07
0.638337	7.70050e+07
0.639614	7.91356e+07
0.640893	1.04002e+08
0.642175	1.15444e+08
0.643459	1.24384e+08
0.644746	1.36106e+08
0.646036	1.56534e+08
0.647328	1.46210e+08
0.648623	1.16408e+08
0.649920	1.06335e+08
0.651220	1.07104e+08
0.652522	1.20056e+08
0.653827	1.52967e+08
0.655135	1.79931e+08
0.656445	1.79249e+08
0.657758	1.59546e+08
0.659073	1.69585e+08
0.660391	1.97306e+08
0.661712	1.84235e+08
0.663036	1.57464e+08
0.664362	1.55000e+08
0.665690	1.38305e+08
0.667022	1.39004e+08
0.668356	1.05078e+08
0.669692	8.77780e+07
0.671032	7.99418e+07
0.672374	7.31389e+07
0.673719	8.23948e+07
0.675066	7.63932e+07
0.676416	8.22394e+07
0.677769	9.18066e+07
0.679124	9.37052e+07
0.680483	9.85519e+07
0.681844	1.01093e+08
0.683207	1.03791e+08
0.684574	9.56202e+07
0.685943	9.41952e+07
0.687315	1.00712e+08
0.688689	9.92861e+07
0.690067	1.20576e+08
0.691447	1.35235e+08
0.692830	1.28537e+08
0.694215	1.46181e+08
0.695604	2.08062e+08
0.696995	2.26414e+08
0.698389	2.57391e+08
0.699786	2.63628e+08
0.701185	2.91511e+08
0.702587	3.42262e+08
0.703993	4.59958e+08
0.705401	3.84150e+08
0.706811	2.34012e+08
0.708225	2.16978e+08
0.709641	1.35969e+08
0.711061	1.54559e+08
0.712483	1.31667e+08
0.713908	1.01648e+08
0.715336	1.25723e+08
0.716766	1.31158e+08
0.718200	2.24825e+08
0.719636	2.16676e+08
0.721075	1.69288e+08
0.722517	2.08272e+08
0.723962	2.85819e+08
0.725410	3.94171e+08
0.726861	4.18413e+08
0.728315	3.79446e+08
0.729771	4.68439e+08
0.731231	5.87283e+08
0.732693	6.67825e+08
0.734159	6.95051e+08
0.735627	6.84927e+08
0.737098	7.75003e+08
0.738573	7.38819e+08
0.740050	7.56389e+08
0.741530	7.54928e+08
0.743013	7.58450e+08
0.744499	7.64446e+08
0.745988	7.43232e+08
0.747480	7.34906e+08
0.748975	7.82760e+08
0.750473	8.40304e+08
0.751974	8.23872e+08
0.753477	8.91038e+08
0.754984	9.42932e+08
0.756494	9.92618e+08
0.758007	9.49624e+08
0.759523	8.20865e+08
0.761042	7.34701e+08
0.762564	6.12051e+08
0.764089	4.61607e+08
0.765618	2.96824e+08
0.767149	1.90567e+08
0.768683	1.94598e+08
0.770220	2.00512e+08
0.771761	3.98599e+08
0.773304	5.87051e+08
0.774851	5.33504e+08
0.776401	5.07004e+08
0.777953	5.86452e+08
0.779509	6.29969e+08
0.781068	6.85167e+08
0.782630	6.52063e+08
0.784196	6.28830e+08
0.785764	6.93426e+08
0.787336	6.66649e+08
0.788910	7.96159e+08
0.790488	8.82088e+08
0.792069	8.28639e+08
0.793653	8.94613e+08
0.795240	9.55876e+08
0.796831	1.04962e+09
0.798424	1.08478e+09
0.800021	1.10486e+09
0.801621	1.15937e+09
0.803224	1.19956e+09
0.804831	1.27649e+09
0.806440	1.29838e+09
0.808053	1.37324e+09
0.809669	1.49122e+09
0.811289	1.56913e+09
0.812911	1.67969e+09
0.814537	1.75397e+09
0.816166	1.73954e+09
0.817798	1.41454e+09
0.819434	1.09692e+09
0.821073	1.25243e+09
0.822715	1.51148e+09
0.824360	1.63924e+09
0.826009	1.56908e+09
0.827661	1.54126e+09
0.829316	1.49987e+09
0.830975	1.44636e+09
0.832637	1.42944e+09
0.834302	1.44196e+09
0.835971	1.40067e+09
0.837643	1.31983e+09
0.839318	1.25305e+09
0.840996	1.31277e+09
0.842678	1.06743e+09
0.844364	7.53983e+08
0.846052	5.34640e+08
0.847745	5.79540e+08
0.849440	7.50649e+08
0.851139	6.96925e+08
0.852841	7.56392e+08
0.854547	8.16377e+08
0.856256	8.20968e+08
0.857968	8.74417e+08
0.859684	9.26159e+08
0.861404	1.00375e+09
0.863126	1.14381e+09
0.864853	1.15373e+09
0.866582	1.04405e+09
0.868315	1.01574e+09
0.870052	1.09513e+09
0.871792	1.22803e+09
0.873536	1.26730e+09
0.875283	1.35362e+09
0.877033	1.50122e+09
0.878787	1.61363e+09
0.880545	1.58459e+09
0.882306	1.60274e+09
0.884070	1.73463e+09
0.885839	1.52299e+09
0.887610	1.25937e+09
0.889385	1.29420e+09
0.891164	1.44466e+09
0.892946	1.45261e+09
0.894732	1.40360e+09
0.896522	1.60438e+09
0.898315	1.63382e+09
0.900111	1.66941e+09
0.901912	1.65374e+09
0.903715	1.70452e+09
0.905523	1.70578e+09
0.907334	1.75194e+09
0.909148	1.80221e+09
0.910967	1.92582e+09
0.912789	2.07970e+09
0.914614	2.06204e+09
0.916443	2.10159e+09
0.918276	2.07998e+09
0.920113	2.02270e+09
0.921953	1.77724e+09
0.923797	1.64581e+09
0.925644	1.64399e+09
0.927496	1.60910e+09
0.929351	1.49143e+09
0.931209	1.49075e+09
0.933072	1.52904e+09
0.934938	1.59260e+09
0.936808	1.53945e+09
0.938681	1.56914e+09
0.940559	1.57072e+09
0.942440	1.70085e+09
0.944325	1.72169e+09
0.946213	1.75610e+09
0.948106	1.85531e+09
0.950002	1.85758e+09
0.951902	1.87256e+09
0.953806	1.88296e+09
0.955713	1.92168e+09
0.957625	2.02886e+09
0.959540	1.96210e+09
0.961459	2.00902e+09
0.963382	1.97515e+09
0.965308	1.94892e+09
0.967239	1.95674e+09
0.969174	1.94334e+09
0.971112	1.97121e+09
0.973054	1.93628e+09
0.975000	1.93219e+09
0.976950	1.97652e+09
0.978904	1.93260e+09
0.980862	2.08278e+09
0.982824	2.07272e+09
0.984789	2.15671e+09
0.986759	2.20121e+09
0.988732	2.09754e+09
0.990710	1.78867e+09
0.992691	1.73842e+09
0.994676	1.91964e+09
0.996666	2.00216e+09
0.998659	1.88185e+09
1.00066	1.91347e+09
1.00266	1.82402e+09
1.00466	1.74339e+09
1.00667	1.83998e+09
1.00869	1.94244e+09
1.01070	1.94462e+09
1.01272	1.88331e+09
1.01475	1.84384e+09
1.01678	1.86164e+09
1.01881	1.91918e+09
1.02085	2.01178e+09
1.02289	2.02072e+09
1.02494	1.89916e+09
1.02699	1.78812e+09
1.02904	1.73502e+09
1.03110	1.88144e+09
1.03316	1.85270e+09
1.03523	1.77903e+09
1.03730	1.99820e+09
1.03937	1.94168e+09
1.04145	1.96587e+09
1.04353	2.00836e+09
1.04562	2.14125e+09
1.04771	2.08073e+09
1.04981	2.03730e+09
1.05191	2.11273e+09
1.05401	2.28540e+09
1.05612	2.21392e+09
1.05823	2.17913e+09
1.06035	2.15012e+09
1.06247	2.17835e+09
1.06459	2.13476e+09
1.06672	2.06132e+09
1.06886	2.12015e+09
1.07099	2.20785e+09
1.07314	2.18132e+09
1.07528	2.24287e+09
1.07743	2.24373e+09
1.07959	2.22605e+09
1.08175	2.24215e+09
1.08391	2.29773e+09
1.08608	2.28728e+09
1.08825	2.35510e+09
1.09043	2.38940e+09
1.09261	2.33259e+09
1.09479	2.27125e+09
1.09698	2.25690e+09
1.09918	2.24752e+09
1.10137	2.26043e+09
1.10358	2.17105e+09
1.10578	2.16472e+09
1.10800	2.11529e+09
1.11021	2.16724e+09
1.11243	2.15089e+09
1.11466	2.16621e+09
1.11689	2.19742e+09
1.11912	2.20677e+09
1.12136	2.15531e+09
1.12360	2.22072e+09
1.12585	2.18505e+09
1.12810	2.16261e+09
1.13036	2.18134e+09
1.13262	2.27590e+09
1.13488	2.23333e+09
1.13715	2.02599e+09
1.13943	1.84649e+09
1.14170	1.93267e+09
1.14399	2.10998e+09
1.14628	2.21005e+09
1.14857	2.26154e+09
1.15087	2.26653e+09
1.15317	2.24998e+09
1.15547	2.26245e+09
1.15778	2.26328e+09
1.16010	2.19755e+09
1.16242	2.20933e+09
1.16475	2.22882e+09
1.16707	2.19174e+09
1.16941	2.04095e+09
1.17175	2.17534e+09
1.17409	2.18575e+09
1.17644	1.93163e+09
1.17879	1.92813e+09
1.18115	2.16414e+09
1.18351	2.19981e+09
1.18588	2.18242e+09
1.18825	2.12442e+09
1.19063	2.17303e+09
1.19301	2.21345e+09
1.19539	2.13282e+09
1.19778	2.00500e+09
1.20018	2.14695e+09
1.20258	2.15602e+09
1.20499	2.22002e+09
1.20740	2.23510e+09
1.20981	2.21898e+09
1.21223	2.22628e+09
1.21465	2.28243e+09
1.21708	2.27649e+09
1.21952	2.25297e+09
1.22196	2.25651e+09
1.22440	2.25936e+09
1.22685	2.27355e+09
1.22930	2.28952e+09
1.23176	2.27631e+09
1.23423	2.27105e+09
1.23669	2.26265e+09
1.23917	2.20211e+09
1.24165	2.12720e+09
1.24413	2.09466e+09
1.24662	2.18450e+09
1.24911	2.17587e+09
1.25161	2.06406e+09
1.25411	2.12280e+09
1.25662	2.20783e+09
1.25913	2.21537e+09
1.26165	2.19896e+09
1.26417	2.17456e+09
1.26670	2.19751e+09
1.26924	2.22006e+09
1.27177	2.23436e+09
1.27432	2.23104e+09
1.27687	2.23887e+09
1.27942	2.23483e+09
1.28198	2.15332e+09
1.28454	2.10482e+09
1.28711	2.15775e+09
1.28969	2.15561e+09
1.29227	2.14154e+09
1.29485	2.17213e+09
1.29744	2.17179e+09
1.30003	2.18304e+09
1.30263	2.21357e+09
1.30524	2.22747e+09
1.30785	2.21050e+09
1.31047	2.14894e+09
1.31309	2.06292e+09
1.31571	2.08912e+09
1.31834	2.16442e+09
1.32098	2.16902e+09
1.32362	2.13240e+09
1.32627	2.09424e+09
1.32892	2.01573e+09
1.33158	1.88609e+09
1.33424	1.70674e+09
1.33691	1.64790e+09
1.33959	1.64983e+09
1.34227	1.59873e+09
1.34495	1.59764e+09
1.34764	1.59596e+09
1.35033	1.50204e+09
1.35304	1.45861e+09
1.35574	1.55580e+09
1.35845	1.52629e+09
1.36117	1.47022e+09
1.36389	1.51320e+09
1.36662	1.58326e+09
1.36935	1.53554e+09
1.37209	1.53088e+09
1.37484	1.52362e+09
1.37759	1.56554e+09
1.38034	1.60659e+09
1.38310	1.59732e+09
1.38587	1.51694e+09
1.38864	1.43860e+09
1.39142	1.39324e+09
1.39420	1.38803e+09
1.39699	1.34420e+09
1.39978	1.36465e+09
1.40258	1.37417e+09
1.40539	1.34395e+09
1.40820	1.31338e+09
1.41101	1.34153e+09
1.41384	1.32159e+09
1.41666	1.31847e+09
1.41950	1.31855e+09
1.42234	1.32022e+09
1.42518	1.28340e+09
1.42803	1.24443e+09
1.43089	1.24737e+09
1.43375	1.19927e+09
1.43662	1.26348e+09
1.43949	1.29124e+09
1.44237	1.31678e+09
1.44525	1.31520e+09
1.44814	1.28922e+09
1.45104	1.33241e+09
1.45394	1.36430e+09
1.45685	1.35747e+09
1.45976	1.34726e+09
1.46268	1.28147e+09
1.46561	1.32749e+09
1.46854	1.29958e+09
1.47148	1.26487e+09
1.47442	1.24146e+09
1.47737	1.29850e+09
1.48032	1.28719e+09
1.48328	1.32076e+09
1.48625	1.33614e+09
1.48922	1.27027e+09
1.49220	1.29488e+09
1.49518	1.31218e+09
1.49817	1.32993e+09
1.50117	1.28653e+09
1.50417	1.27643e+09
1.50718	1.31957e+09
1.51020	1.32893e+09
1.51322	1.34554e+09
1.51624	1.31682e+09
1.51927	1.34135e+09
1.52231	1.36358e+09
1.52536	1.33481e+09
1.52841	1.35999e+09
1.53147	1.37198e+09
1.53453	1.37191e+09
1.53760	1.39732e+09
1.54067	1.36571e+09
1.54375	1.34597e+09
1.54684	1.38432e+09
1.54993	1.40547e+09
1.55303	1.38495e+09
1.55614	1.37463e+09
1.55925	1.39706e+09
1.56237	1.43229e+09
1.56550	1.41802e+09
1.56863	1.42437e+09
1.57176	1.42778e+09
1.57491	1.44473e+09
1.57806	1.43304e+09
1.58121	1.44087e+09
1.58438	1.46841e+09
1.58754	1.48479e+09
1.59072	1.47509e+09
1.59390	1.47857e+09
1.59709	1.47059e+09
1.60028	1.48973e+09
1.60348	1.49695e+09
1.60669	1.50143e+09
1.60990	1.50508e+09
1.61312	1.49521e+09
1.61635	1.49607e+09
1.61958	1.48235e+09
1.62282	1.50263e+09
1.62607	1.52679e+09
1.62932	1.52706e+09
1.63258	1.52746e+09
1.63584	1.52553e+09
1.63911	1.52731e+09
1.64239	1.51766e+09
1.64568	1.52292e+09
1.64897	1.52878e+09
1.65227	1.52318e+09
1.65557	1.53177e+09
1.65888	1.51677e+09
1.66220	1.50597e+09
1.66552	1.52032e+09
1.66886	1.52406e+09
1.67219	1.52150e+09
1.67554	1.51037e+09
1.67889	1.51432e+09
1.68225	1.51129e+09
1.68561	1.49462e+09
1.68898	1.48005e+09
1.69236	1.47073e+09
1.69574	1.45223e+09
1.69914	1.42841e+09
1.70253	1.42299e+09
1.70594	1.40153e+09
1.70935	1.37175e+09
1.71277	1.34081e+09
1.71620	1.31677e+09
1.71963	1.25358e+09
1.72307	1.25509e+09
1.72651	1.22502e+09
1.72997	1.22553e+09
1.73343	1.23179e+09
1.73689	1.22864e+09
1.74037	1.21437e+09
1.74385	1.21842e+09
1.74733	1.17411e+09
1.75083	1.13724e+09
1.75433	1.09880e+09
1.75784	1.07915e+09
1.76136	1.08477e+09
1.76488	1.09568e+09
1.76841	1.05334e+09
1.77194	1.00230e+09
1.77549	9.49126e+08
1.77904	9.35286e+08
1.78260	9.58790e+08
1.78616	9.09758e+08
1.78973	9.26554e+08
1.79331	9.37192e+08
1.79690	9.11075e+08
1.80049	8.27135e+08
1.80410	8.77263e+08
1.80770	8.93183e+08
1.81132	8.86304e+08
1.81494	8.84862e+08
1.81857	8.72594e+08
1.82221	8.60681e+08
1.82585	8.15426e+08
1.82950	8.17195e+08
1.83316	8.28168e+08
1.83683	8.25682e+08
1.84050	8.20930e+08
1.84418	7.90021e+08
1.84787	7.81068e+08
1.85157	7.71179e+08
1.85527	6.67926e+08
1.85898	6.46423e+08
1.86270	7.22663e+08
1.86642	7.32252e+08
1.87016	7.32079e+08
1.87390	7.46711e+08
1.87765	7.59711e+08
1.88140	7.89652e+08
1.88516	7.83347e+08
1.88893	7.50775e+08
1.89271	7.29089e+08
1.89650	7.75653e+08
1.90029	7.84734e+08
1.90409	7.51369e+08
1.90790	7.27272e+08
1.91171	7.47086e+08
1.91554	7.83088e+08
1.91937	7.71936e+08
1.92321	7.16579e+08
1.92705	7.14273e+08
1.93091	7.06746e+08
1.93477	7.10068e+08
1.93864	6.52922e+08
1.94252	6.12657e+08
1.94640	6.39925e+08
1.95029	6.86693e+08
1.95419	6.87443e+08
1.95810	6.98679e+08
1.96202	7.11925e+08
1.96594	7.16777e+08
1.96988	7.00650e+08
1.97382	6.60515e+08
1.97776	6.18657e+08
1.98172	6.26265e+08
1.98568	6.14674e+08
1.98965	6.40614e+08
1.99363	6.29039e+08
1.99762	6.39332e+08
2.00161	6.55006e+08
2.00562	6.55193e+08
2.00963	6.34206e+08
2.01365	6.37311e+08
2.01768	6.37279e+08
2.02171	6.74442e+08
2.02575	6.57813e+08
2.02981	6.40536e+08
2.03386	6.67354e+08
2.03793	6.73104e+08
2.04201	6.36669e+08
2.04609	6.20273e+08
2.05018	6.40977e+08
2.05428	6.51485e+08
2.05839	6.61833e+08
2.06251	6.37847e+08
2.06663	6.51520e+08
2.07077	6.53311e+08
2.07491	6.42852e+08
2.07906	6.50610e+08
2.08322	6.54658e+08
2.08738	6.57730e+08
2.09156	6.58028e+08
2.09574	6.59644e+08
2.09993	6.60217e+08
2.10413	6.77551e+08
2.10834	6.76559e+08
2.11256	6.72429e+08
2.11678	6.75758e+08
2.12102	6.72995e+08
2.12526	6.71740e+08
2.12951	6.59745e+08
2.13377	6.65087e+08
2.13804	6.73951e+08
2.14231	6.77953e+08
2.14660	6.79836e+08
2.15089	6.68821e+08
2.15519	6.73028e+08
2.15950	6.77286e+08
2.16382	6.76940e+08
2.16815	6.76422e+08
2.17248	6.65446e+08
2.17683	6.62320e+08
2.18118	6.68339e+08
2.18554	6.70856e+08
2.18992	6.65702e+08
2.19430	6.60198e+08
2.19868	6.60407e+08
2.20308	6.51621e+08
2.20749	6.33390e+08
2.21190	6.47321e+08
2.21633	6.53824e+08
2.22076	6.47136e+08
2.22520	6.48071e+08
2.22965	6.46541e+08
2.23411	6.44034e+08
2.23858	6.34524e+08
2.24306	6.32594e+08
2.24754	6.47244e+08
2.25204	6.46330e+08
2.25654	6.36220e+08
2.26105	6.29219e+08
2.26558	6.28404e+08
2.27011	6.26056e+08
2.27465	6.26458e+08
2.27920	6.17851e+08
2.28375	6.16068e+08
2.28832	6.04473e+08
2.29290	5.46021e+08
2.29748	5.30341e+08
2.30208	5.47331e+08
2.30668	5.43868e+08
2.31130	5.45020e+08
2.31592	5.37806e+08
2.32055	5.23199e+08
2.32519	5.08545e+08
2.32984	5.21023e+08
2.33450	5.13429e+08
2.33917	5.13433e+08
2.34385	5.10392e+08
2.34854	5.06059e+08
2.35323	4.82122e+08
2.35794	4.73257e+08
2.36266	4.73099e+08
2.36738	4.69278e+08
2.37212	4.75090e+08
2.37686	4.81186e+08
2.38161	4.65526e+08
2.38638	4.69253e+08
2.39115	4.58646e+08
2.39593	4.68890e+08
2.40072	4.48061e+08
2.40552	4.40558e+08
2.41034	4.27381e+08
2.41516	4.15412e+08
2.41999	4.19837e+08
2.42483	4.09521e+08
2.42968	3.98512e+08
2.43454	3.91597e+08
2.43940	3.87604e+08
2.44428	3.92947e+08
2.44917	3.88465e+08
2.45407	3.85506e+08
2.45898	3.69958e+08
2.46390	3.59356e+08
2.46882	3.51515e+08
2.47376	3.44784e+08
2.47871	3.24855e+08
2.48367	3.33646e+08
2.48863	3.31656e+08
2.49361	3.17310e+08
2.49860	3.23304e+08
2.50359	3.19505e+08
2.50860	3.22498e+08
2.51362	3.14862e+08
2.51865	3.11966e+08
2.52368	3.23895e+08
2.52873	3.17528e+08
2.53379	3.04126e+08
2.53886	2.92177e+08
2.54393	2.93223e+08
2.54902	2.90969e+08
2.55412	2.93394e+08
