0.600000	2.80743e+08
0.601200	3.45504e+08
0.602402	4.10151e+08
0.603607	4.66743e+08
0.604814	5.21339e+08
0.606024	5.78438e+08
0.607236	6.19671e+08
0.608450	6.32381e+08
0.609667	6.17395e+08
0.610887	5.86251e+08
0.612108	5.71984e+08
0.613333	5.82396e+08
0.614559	5.73314e+08
0.615788	5.33363e+08
0.617020	5.11521e+08
0.618254	5.11920e+08
0.619491	4.97228e+08
0.620729	4.64654e+08
0.621971	4.26619e+08
0.623215	3.95275e+08
0.624461	3.86144e+08
0.625710	4.02126e+08
0.626962	4.13445e+08
0.628215	4.03221e+08
0.629472	3.80314e+08
0.630731	3.64107e+08
0.631992	3.81388e+08
0.633256	4.47666e+08
0.634523	4.86674e+08
0.635792	3.91840e+08
0.637063	2.42059e+08
0.638337	1.89421e+08
0.639614	2.77908e+08
0.640893	4.70376e+08
0.642175	7.08385e+08
0.643459	9.56954e+08
0.644746	1.18085e+09
0.646036	1.35276e+09
0.647328	1.49520e+09
0.648623	1.61582e+09
0.649920	1.69885e+09
0.651220	1.77975e+09
0.652522	1.87290e+09
0.653827	1.89964e+09
0.655135	1.77613e+09
0.656445	1.55603e+09
0.657758	1.51419e+09
0.659073	1.73879e+09
0.660391	1.96956e+09
0.661712	2.08652e+09
0.663036	2.12913e+09
0.664362	2.10423e+09
0.665690	2.03080e+09
0.667022	1.93569e+09
0.668356	1.71679e+09
0.669692	1.29971e+09
0.671032	9.34568e+08
0.672374	8.60572e+08
0.673719	8.71995e+08
0.675066	7.89375e+08
0.676416	6.59315e+08
0.677769	5.30164e+08
0.679124	4.14951e+08
0.680483	3.30295e+08
0.681844	2.74464e+08
0.683207	2.25043e+08
0.684574	1.76501e+08
0.685943	1.39222e+08
0.687315	1.12944e+08
0.688689	9.27275e+07
0.690067	8.11134e+07
0.691447	8.01498e+07
0.692830	1.03023e+08
0.694215	1.57046e+08
0.695604	2.01281e+08
0.696995	2.11560e+08
0.698389	2.20049e+08
0.699786	2.62558e+08
0.701185	3.95206e+08
0.702587	7.34975e+08
0.703993	1.27930e+09
0.705401	1.72884e+09
0.706811	1.92754e+09
0.708225	2.00758e+09
0.709641	2.04888e+09
0.711061	2.06497e+09
0.712483	2.04817e+09
0.713908	2.02779e+09
0.715336	2.06802e+09
0.716766	2.17261e+09
0.718200	2.31209e+09
0.719636	2.39077e+09
0.721075	2.42449e+09
0.722517	2.48424e+09
0.723962	2.53450e+09
0.725410	2.54277e+09
0.726861	2.50540e+09
0.728315	2.50628e+09
0.729771	2.54071e+09
0.731231	2.55197e+09
0.732693	2.55514e+09
0.734159	2.47992e+09
0.735627	2.35293e+09
0.737098	2.27245e+09
0.738573	2.21971e+09
0.740050	2.20437e+09
0.741530	2.21155e+09
0.743013	2.20611e+09
0.744499	2.21108e+09
0.745988	2.23036e+09
0.747480	2.24254e+09
0.748975	2.25946e+09
0.750473	2.29279e+09
0.751974	2.31142e+09
0.753477	2.32825e+09
0.754984	2.35230e+09
0.756494	2.38332e+09
0.758007	2.42289e+09
0.759523	2.42988e+09
0.761042	2.35891e+09
0.762564	2.10942e+09
0.764089	1.55816e+09
0.765618	8.80728e+08
0.767149	5.01208e+08
0.768683	4.99186e+08
0.770220	8.03165e+08
0.771761	1.45965e+09
0.773304	2.16003e+09
0.774851	2.58744e+09
0.776401	2.78203e+09
0.777953	2.84774e+09
0.779509	2.84763e+09
0.781068	2.85514e+09
0.782630	2.89159e+09
0.784196	2.93415e+09
0.785764	2.96060e+09
0.787336	2.97042e+09
0.788910	2.99634e+09
0.790488	3.02172e+09
0.792069	3.03123e+09
0.793653	3.03479e+09
0.795240	3.04960e+09
0.796831	3.07925e+09
0.798424	3.09430e+09
0.800021	3.11588e+09
0.801621	3.13103e+09
0.803224	3.13913e+09
0.804831	3.14580e+09
0.806440	3.15409e+09
0.808053	3.16248e+09
0.809669	3.16904e+09
0.811289	3.16474e+09
0.812911	3.16001e+09
0.814537	3.13768e+09
0.816166	3.03367e+09
0.817798	2.84065e+09
0.819434	2.74894e+09
0.821073	2.88271e+09
0.822715	3.07680e+09
0.824360	3.17891e+09
0.826009	3.20870e+09
0.827661	3.22401e+09
0.829316	3.23006e+09
0.830975	3.22401e+09
0.832637	3.21751e+09
0.834302	3.20058e+09
0.835971	3.17038e+09
0.837643	3.12461e+09
0.839318	3.07969e+09
0.840996	3.02460e+09
0.842678	2.95484e+09
0.844364	2.95616e+09
0.846052	3.04087e+09
0.847745	3.10141e+09
0.849440	3.12194e+09
0.851139	3.10818e+09
0.852841	3.04394e+09
0.854547	3.01546e+09
0.856256	3.10484e+09
0.857968	3.20853e+09
0.859684	3.24229e+09
0.861404	3.21385e+09
0.863126	3.15415e+09
0.864853	3.07530e+09
0.866582	3.02828e+09
0.868315	3.04760e+09
0.870052	3.07618e+09
0.871792	3.09447e+09
0.873536	3.12296e+09
0.875283	3.15937e+09
0.877033	3.18949e+09
0.878787	3.19366e+09
0.880545	3.19041e+09
0.882306	3.20208e+09
0.884070	3.22056e+09
0.885839	3.22660e+09
0.887610	3.23373e+09
0.889385	3.23784e+09
0.891164	3.24266e+09
0.892946	3.24846e+09
0.894732	3.25304e+09
0.896522	3.26090e+09
0.898315	3.26654e+09
0.900111	3.26203e+09
0.901912	3.24759e+09
0.903715	3.23478e+09
0.905523	3.22367e+09
0.907334	3.21832e+09
0.909148	3.22371e+09
0.910967	3.23969e+09
0.912789	3.25055e+09
0.914614	3.24882e+09
0.916443	3.24705e+09
0.918276	3.24878e+09
0.920113	3.24453e+09
0.921953	3.24300e+09
0.923797	3.23758e+09
0.925644	3.22639e+09
0.927496	3.21322e+09
0.929351	3.19984e+09
0.931209	3.19045e+09
0.933072	3.18893e+09
0.934938	3.18205e+09
0.936808	3.17702e+09
0.938681	3.17303e+09
0.940559	3.16839e+09
0.942440	3.16319e+09
0.944325	3.15588e+09
0.946213	3.14325e+09
0.948106	3.13167e+09
0.950002	3.12480e+09
0.951902	3.11273e+09
0.953806	3.08570e+09
0.955713	3.05556e+09
0.957625	3.03422e+09
0.959540	3.00117e+09
0.961459	2.93629e+09
0.963382	2.85136e+09
0.965308	2.80510e+09
0.967239	2.80135e+09
0.969174	2.80588e+09
0.971112	2.81112e+09
0.973054	2.82062e+09
0.975000	2.83418e+09
0.976950	2.83192e+09
0.978904	2.82658e+09
0.980862	2.84367e+09
0.982824	2.85293e+09
0.984789	2.83716e+09
0.986759	2.78755e+09
0.988732	2.65906e+09
0.990710	2.48783e+09
0.992691	2.40843e+09
0.994676	2.44264e+09
0.996666	2.46857e+09
0.998659	2.46191e+09
1.00066	2.46499e+09
1.00266	2.45974e+09
1.00466	2.42936e+09
1.00667	2.40884e+09
1.00869	2.41644e+09
1.01070	2.41042e+09
1.01272	2.37284e+09
1.01475	2.34303e+09
1.01678	2.32192e+09
1.01881	2.31215e+09
1.02085	2.29978e+09
1.02289	2.28060e+09
1.02494	2.24132e+09
1.02699	2.20016e+09
1.02904	2.18202e+09
1.03110	2.16364e+09
1.03316	2.14590e+09
1.03523	2.15109e+09
1.03730	2.13717e+09
1.03937	2.11693e+09
1.04145	2.09870e+09
1.04353	2.08641e+09
1.04562	2.07643e+09
1.04771	2.05661e+09
1.04981	2.03860e+09
1.05191	2.00684e+09
1.05401	1.98969e+09
1.05612	1.98873e+09
1.05823	1.98502e+09
1.06035	1.96192e+09
1.06247	1.94500e+09
1.06459	1.94336e+09
1.06672	1.92609e+09
1.06886	1.92066e+09
1.07099	1.92149e+09
1.07314	1.90557e+09
1.07528	1.89748e+09
1.07743	1.87868e+09
1.07959	1.86716e+09
1.08175	1.86986e+09
1.08391	1.87614e+09
1.08608	1.87479e+09
1.08825	1.87154e+09
1.09043	1.86914e+09
1.09261	1.86540e+09
1.09479	1.86029e+09
1.09698	1.86045e+09
1.09918	1.85584e+09
1.10137	1.85185e+09
1.10358	1.84634e+09
1.10578	1.84233e+09
1.10800	1.83252e+09
1.11021	1.82524e+09
1.11243	1.82162e+09
1.11466	1.82078e+09
1.11689	1.81677e+09
1.11912	1.81429e+09
1.12136	1.81217e+09
1.12360	1.81220e+09
1.12585	1.81280e+09
1.12810	1.80819e+09
1.13036	1.80058e+09
1.13262	1.79621e+09
1.13488	1.78747e+09
1.13715	1.77235e+09
1.13943	1.75908e+09
1.14170	1.76439e+09
1.14399	1.77928e+09
1.14628	1.78632e+09
1.14857	1.78544e+09
1.15087	1.78224e+09
1.15317	1.77848e+09
1.15547	1.77433e+09
1.15778	1.77020e+09
1.16010	1.76553e+09
1.16242	1.76029e+09
1.16475	1.75406e+09
1.16707	1.74492e+09
1.16941	1.73709e+09
1.17175	1.73244e+09
1.17409	1.72385e+09
1.17644	1.71448e+09
1.17879	1.71078e+09
1.18115	1.71054e+09
1.18351	1.70759e+09
1.18588	1.70073e+09
1.18825	1.69294e+09
1.19063	1.68547e+09
1.19301	1.67830e+09
1.19539	1.66969e+09
1.19778	1.66203e+09
1.20018	1.65608e+09
1.20258	1.64793e+09
1.20499	1.64019e+09
1.20740	1.63130e+09
1.20981	1.62337e+09
1.21223	1.61747e+09
1.21465	1.61171e+09
1.21708	1.60291e+09
1.21952	1.59305e+09
1.22196	1.58554e+09
1.22440	1.58109e+09
1.22685	1.57642e+09
1.22930	1.57076e+09
1.23176	1.56484e+09
1.23423	1.55828e+09
1.23669	1.55104e+09
1.23917	1.54294e+09
1.24165	1.53605e+09
1.24413	1.53152e+09
1.24662	1.52790e+09
1.24911	1.52336e+09
1.25161	1.51776e+09
1.25411	1.51188e+09
1.25662	1.50638e+09
1.25913	1.50122e+09
1.26165	1.49616e+09
1.26417	1.49177e+09
1.26670	1.48759e+09
1.26924	1.48314e+09
1.27177	1.47797e+09
1.27432	1.47278e+09
1.27687	1.46788e+09
1.27942	1.46148e+09
1.28198	1.45369e+09
1.28454	1.44811e+09
1.28711	1.44308e+09
1.28969	1.43761e+09
1.29227	1.43182e+09
1.29485	1.42551e+09
1.29744	1.41948e+09
1.30003	1.41241e+09
1.30263	1.40571e+09
1.30524	1.39835e+09
1.30785	1.39011e+09
1.31047	1.38161e+09
1.31309	1.37320e+09
1.31571	1.36559e+09
1.31834	1.35742e+09
1.32098	1.34839e+09
1.32362	1.33819e+09
1.32627	1.32691e+09
1.32892	1.31274e+09
1.33158	1.29329e+09
1.33424	1.26914e+09
1.33691	1.24588e+09
1.33959	1.23131e+09
1.34227	1.21930e+09
1.34495	1.20515e+09
1.34764	1.19177e+09
1.35033	1.18151e+09
1.35304	1.17199e+09
1.35574	1.16440e+09
1.35845	1.15449e+09
1.36117	1.14570e+09
1.36389	1.14052e+09
1.36662	1.13635e+09
1.36935	1.12994e+09
1.37209	1.12322e+09
1.37484	1.11586e+09
1.37759	1.10614e+09
1.38034	1.09284e+09
1.38310	1.07942e+09
1.38587	1.06741e+09
1.38864	1.05487e+09
1.39142	1.04115e+09
1.39420	1.02700e+09
1.39699	1.01406e+09
1.39978	1.00297e+09
1.40258	9.93627e+08
1.40539	9.84272e+08
1.40820	9.72534e+08
1.41101	9.60078e+08
1.41384	9.47812e+08
1.41666	9.35645e+08
1.41950	9.23806e+08
1.42234	9.15035e+08
1.42518	9.06618e+08
1.42803	8.97226e+08
1.43089	8.87074e+08
1.43375	8.77169e+08
1.43662	8.68203e+08
1.43949	8.58453e+08
1.44237	8.50984e+08
1.44525	8.45065e+08
1.44814	8.37326e+08
1.45104	8.28906e+08
1.45394	8.20083e+08
1.45685	8.11588e+08
1.45976	8.03104e+08
1.46268	7.93980e+08
1.46561	7.85649e+08
1.46854	7.77562e+08
1.47148	7.69278e+08
1.47442	7.61607e+08
1.47737	7.53457e+08
1.48032	7.44523e+08
1.48328	7.35547e+08
1.48625	7.27437e+08
1.48922	7.19309e+08
1.49220	7.11297e+08
1.49518	7.03003e+08
1.49817	6.95199e+08
1.50117	6.87326e+08
1.50417	6.79701e+08
1.50718	6.71362e+08
1.51020	6.63181e+08
1.51322	6.55404e+08
1.51624	6.48295e+08
1.51927	6.41039e+08
1.52231	6.33604e+08
1.52536	6.26000e+08
1.52841	6.18289e+08
1.53147	6.10786e+08
1.53453	6.03796e+08
1.53760	5.97243e+08
1.54067	5.90348e+08
1.54375	5.83262e+08
1.54684	5.76239e+08
1.54993	5.69308e+08
1.55303	5.62641e+08
1.55614	5.56031e+08
1.55925	5.49381e+08
1.56237	5.42888e+08
1.56550	5.36426e+08
1.56863	5.30084e+08
1.57176	5.23924e+08
1.57491	5.17741e+08
1.57806	5.11436e+08
1.58121	5.05479e+08
1.58438	4.99586e+08
1.58754	4.93667e+08
1.59072	4.87674e+08
1.59390	4.81895e+08
1.59709	4.76127e+08
1.60028	4.70543e+08
1.60348	4.65112e+08
1.60669	4.59663e+08
1.60990	4.54201e+08
1.61312	4.48824e+08
1.61635	4.43577e+08
1.61958	4.38427e+08
1.62282	4.33325e+08
1.62607	4.28263e+08
1.62932	4.23305e+08
1.63258	4.18419e+08
1.63584	4.13599e+08
1.63911	4.08840e+08
1.64239	4.04130e+08
1.64568	3.99499e+08
1.64897	3.94955e+08
1.65227	3.90479e+08
1.65557	3.86053e+08
1.65888	3.81634e+08
1.66220	3.77286e+08
1.66552	3.73163e+08
1.66886	3.69311e+08
1.67219	3.65510e+08
1.67554	3.61570e+08
1.67889	3.57578e+08
1.68225	3.53590e+08
1.68561	3.49639e+08
1.68898	3.45811e+08
1.69236	3.42086e+08
1.69574	3.38431e+08
1.69914	3.34756e+08
1.70253	3.31108e+08
1.70594	3.27523e+08
1.70935	3.24036e+08
1.71277	3.20626e+08
1.71620	3.17254e+08
1.71963	3.13892e+08
1.72307	3.10576e+08
1.72651	3.07225e+08
1.72997	3.03968e+08
1.73343	3.00673e+08
1.73689	2.97464e+08
1.74037	2.94289e+08
1.74385	2.91289e+08
1.74733	2.88372e+08
1.75083	2.85112e+08
1.75433	2.81657e+08
1.75784	2.78477e+08
1.76136	2.75636e+08
1.76488	2.72731e+08
1.76841	2.69835e+08
1.77194	2.67232e+08
1.77549	2.64394e+08
1.77904	2.61693e+08
1.78260	2.59545e+08
1.78616	2.57389e+08
1.78973	2.55016e+08
1.79331	2.52518e+08
1.79690	2.49843e+08
1.80049	2.47374e+08
1.80410	2.45128e+08
1.80770	2.42751e+08
1.81132	2.40053e+08
1.81494	2.38108e+08
1.81857	2.36395e+08
1.82221	2.34144e+08
1.82585	2.31708e+08
1.82950	2.30243e+08
1.83316	2.29119e+08
1.83683	2.27437e+08
1.84050	2.25397e+08
1.84418	2.23229e+08
1.84787	2.20864e+08
1.85157	2.18464e+08
1.85527	2.16305e+08
1.85898	2.14544e+08
1.86270	2.13419e+08
1.86642	2.12309e+08
1.87016	2.10577e+08
1.87390	2.08985e+08
1.87765	2.07766e+08
1.88140	2.06689e+08
1.88516	2.05608e+08
1.88893	2.04461e+08
1.89271	2.03099e+08
1.89650	2.01734e+08
1.90029	1.99916e+08
1.90409	1.98107e+08
1.90790	1.96751e+08
1.91171	1.95416e+08
1.91554	1.93727e+08
1.91937	1.91651e+08
1.92321	1.90530e+08
1.92705	1.89791e+08
1.93091	1.88522e+08
1.93477	1.86933e+08
1.93864	1.85433e+08
1.94252	1.84214e+08
1.94640	1.82864e+08
1.95029	1.81456e+08
1.95419	1.79952e+08
1.95810	1.78909e+08
1.96202	1.78233e+08
1.96594	1.77542e+08
1.96988	1.76461e+08
1.97382	1.75040e+08
1.97776	1.73912e+08
1.98172	1.73222e+08
1.98568	1.72306e+08
1.98965	1.71343e+08
1.99363	1.70475e+08
1.99762	1.69654e+08
2.00161	1.68917e+08
2.00562	1.67965e+08
2.00963	1.66965e+08
2.01365	1.66039e+08
2.01768	1.65159e+08
2.02171	1.64173e+08
2.02575	1.63150e+08
2.02981	1.62090e+08
2.03386	1.61180e+08
2.03793	1.60268e+08
2.04201	1.59262e+08
2.04609	1.58246e+08
2.05018	1.57346e+08
2.05428	1.56442e+08
2.05839	1.55476e+08
2.06251	1.54513e+08
2.06663	1.53548e+08
2.07077	1.52571e+08
2.07491	1.51592e+08
2.07906	1.50659e+08
2.08322	1.49733e+08
2.08738	1.48793e+08
2.09156	1.47860e+08
2.09574	1.46973e+08
2.09993	1.46096e+08
2.10413	1.45221e+08
2.10834	1.44362e+08
2.11256	1.43522e+08
2.11678	1.42696e+08
2.12102	1.41874e+08
2.12526	1.41057e+08
2.12951	1.40255e+08
2.13377	1.39471e+08
2.13804	1.38689e+08
2.14231	1.37927e+08
2.14660	1.37172e+08
2.15089	1.36414e+08
2.15519	1.35658e+08
2.15950	1.34910e+08
2.16382	1.34173e+08
2.16815	1.33446e+08
2.17248	1.32715e+08
2.17683	1.31982e+08
2.18118	1.31261e+08
2.18554	1.30541e+08
2.18992	1.29814e+08
2.19430	1.29087e+08
2.19868	1.28371e+08
2.20308	1.27664e+08
2.20749	1.26960e+08
2.21190	1.26263e+08
2.21633	1.25570e+08
2.22076	1.24880e+08
2.22520	1.24212e+08
2.22965	1.23547e+08
2.23411	1.22881e+08
2.23858	1.22218e+08
2.24306	1.21567e+08
2.24754	1.20919e+08
2.25204	1.20275e+08
2.25654	1.19639e+08
2.26105	1.19022e+08
2.26558	1.18422e+08
2.27011	1.17819e+08
2.27465	1.17229e+08
2.27920	1.16635e+08
2.28375	1.16052e+08
2.28832	1.15486e+08
2.29290	1.14915e+08
2.29748	1.14379e+08
2.30208	1.13841e+08
2.30668	1.13341e+08
2.31130	1.12827e+08
2.31592	1.12325e+08
2.32055	1.11817e+08
2.32519	1.11338e+08
2.32984	1.10897e+08
2.33450	1.10459e+08
2.33917	1.10029e+08
2.34385	1.09621e+08
2.34854	1.09223e+08
2.35323	1.08841e+08
2.35794	1.08467e+08
2.36266	1.08096e+08
2.36738	1.07761e+08
2.37212	1.07432e+08
2.37686	1.07141e+08
2.38161	1.06833e+08
2.38638	1.06569e+08
2.39115	1.06338e+08
2.39593	1.06103e+08
2.40072	1.05855e+08
2.40552	1.05588e+08
2.41034	1.05408e+08
2.41516	1.05229e+08
2.41999	1.05029e+08
2.42483	1.04827e+08
2.42968	1.04665e+08
2.43454	1.04547e+08
2.43940	1.04378e+08
2.44428	1.04153e+08
2.44917	1.03959e+08
2.45407	1.03977e+08
2.45898	1.04140e+08
2.46390	1.04074e+08
2.46882	1.03828e+08
2.47376	1.03804e+08
2.47871	1.03762e+08
2.48367	1.03685e+08
2.48863	1.03576e+08
2.49361	1.03529e+08
2.49860	1.03420e+08
2.50359	1.03173e+08
2.50860	1.03008e+08
2.51362	1.03056e+08
2.51865	1.03084e+08
2.52368	1.03091e+08
2.52873	1.02790e+08
2.53379	1.02828e+08
2.53886	1.03245e+08
2.54393	1.03794e+08
2.54902	1.04251e+08
2.55412	1.04309e+08
