0.600000	243.024
0.601200	257.852
0.602402	276.006
0.603607	294.293
0.604814	308.301
0.606024	318.185
0.607236	326.167
0.608450	338.045
0.609667	352.791
0.610887	371.696
0.612108	389.535
0.613333	405.551
0.614559	420.100
0.615788	431.972
0.617020	442.220
0.618254	452.274
0.619491	462.342
0.620729	472.796
0.621971	485.361
0.623215	500.257
0.624461	522.306
0.625710	544.499
0.626962	559.266
0.628215	566.797
0.629472	572.567
0.630731	592.986
0.631992	635.228
0.633256	689.669
0.634523	740.437
0.635792	783.694
0.637063	819.154
0.638337	851.271
0.639614	883.319
0.640893	917.566
0.642175	958.132
0.643459	1004.53
0.644746	1055.21
0.646036	1108.74
0.647328	1159.14
0.648623	1211.96
0.649920	1263.10
0.651220	1325.65
0.652522	1391.43
0.653827	1457.02
0.655135	1524.90
0.656445	1583.85
0.657758	1658.73
0.659073	1738.38
0.660391	1840.53
0.661712	1942.57
0.663036	2041.94
0.664362	2144.99
0.665690	2244.03
0.667022	2346.50
0.668356	2450.75
0.669692	2561.78
0.671032	2685.17
0.672374	2824.38
0.673719	2968.20
0.675066	3109.55
0.676416	3242.76
0.677769	3382.51
0.679124	3536.63
0.680483	3703.35
0.681844	3857.47
0.683207	3982.03
0.684574	4148.23
0.685943	4307.32
0.687315	4472.72
0.688689	4586.20
0.690067	4630.25
0.691447	4598.78
0.692830	4614.32
0.694215	4757.34
0.695604	4893.44
0.696995	5049.22
0.698389	5187.60
0.699786	5448.08
0.701185	5783.53
0.702587	6156.88
0.703993	6454.88
0.705401	6658.11
0.706811	6776.52
0.708225	6861.22
0.709641	6958.87
0.711061	7032.57
0.712483	7161.72
0.713908	7204.63
0.715336	7142.10
0.716766	7225.65
0.718200	7197.39
0.719636	7377.29
0.721075	7807.25
0.722517	8080.30
0.723962	8457.13
0.725410	8609.88
0.726861	8865.14
0.728315	8945.87
0.729771	8970.78
0.731231	9168.55
0.732693	9289.22
0.734159	9481.12
0.735627	9713.18
0.737098	9844.95
0.738573	9957.35
0.740050	10127.5
0.741530	10454.7
0.743013	10789.5
0.744499	11180.8
0.745988	11464.8
0.747480	11760.9
0.748975	11931.5
0.750473	12111.1
0.751974	12219.8
0.753477	12302.1
0.754984	12306.1
0.756494	12284.9
0.758007	12168.5
0.759523	11772.1
0.761042	10829.1
0.762564	9159.30
0.764089	6909.57
0.765618	4673.53
0.767149	3198.07
0.768683	3002.29
0.770220	4252.74
0.771761	6753.85
0.773304	9907.18
0.774851	12952.8
0.776401	15351.7
0.777953	17020.8
0.779509	18268.8
0.781068	19374.7
0.782630	20544.6
0.784196	21689.3
0.785764	22833.5
0.787336	24073.4
0.788910	25121.4
0.790488	26232.5
0.792069	27220.4
0.793653	28139.9
0.795240	29423.4
0.796831	31082.2
0.798424	32950.4
0.800021	34898.9
0.801621	36818.5
0.803224	38511.7
0.804831	40138.3
0.806440	40988.4
0.808053	42039.6
0.809669	41891.9
0.811289	42171.9
0.812911	43225.1
0.814537	43718.4
0.816166	47620.0
0.817798	49694.1
0.819434	53380.1
0.821073	56490.5
0.822715	59155.3
0.824360	62762.0
0.826009	66397.2
0.827661	70833.1
0.829316	73817.3
0.830975	78704.2
0.832637	81282.3
0.834302	86114.0
0.835971	91542.5
0.837643	96578.0
0.839318	102181.
0.840996	108979.
0.842678	115631.
0.844364	123694.
0.846052	130025.
0.847745	137802.
0.849440	144980.
0.851139	151101.
0.852841	162196.
0.854547	176110.
0.856256	192665.
0.857968	208515.
0.859684	223865.
0.861404	238892.
0.863126	254651.
0.864853	270915.
0.866582	287953.
0.868315	305803.
0.870052	324572.
0.871792	344121.
0.873536	364212.
0.875283	386489.
0.877033	408987.
0.878787	433504.
0.880545	459594.
0.882306	485899.
0.884070	511053.
0.885839	528776.
0.887610	536696.
0.889385	513566.
0.891164	486685.
0.892946	448917.
0.894732	442306.
0.896522	460201.
0.898315	504515.
0.900111	639661.
0.901912	685849.
0.903715	773990.
0.905523	851752.
0.907334	859334.
0.909148	863048.
0.910967	897980.
0.912789	899418.
0.914614	891672.
0.916443	914262.
0.918276	994260.
0.920113	1.01175e+06
0.921953	1.02553e+06
0.923797	913188.
0.925644	745035.
0.927496	501785.
0.929351	330242.
0.931209	248096.
0.933072	199005.
0.934938	244928.
0.936808	344476.
0.938681	403168.
0.940559	483909.
0.942440	566045.
0.944325	484213.
0.946213	483628.
0.948106	503041.
0.950002	438568.
0.951902	488501.
0.953806	470513.
0.955713	445450.
0.957625	482778.
0.959540	563822.
0.961459	511303.
0.963382	737615.
0.965308	888268.
0.967239	923714.
0.969174	1.13060e+06
0.971112	1.22656e+06
0.973054	1.34504e+06
0.975000	1.42420e+06
0.976950	1.68219e+06
0.978904	1.73873e+06
0.980862	2.00754e+06
0.982824	2.10010e+06
0.984789	2.42336e+06
0.986759	2.72650e+06
0.988732	2.77465e+06
0.990710	3.35409e+06
0.992691	3.68273e+06
0.994676	4.04680e+06
0.996666	4.49210e+06
0.998659	4.97871e+06
1.00066	5.42327e+06
1.00266	5.86450e+06
1.00466	6.25364e+06
1.00667	6.85886e+06
1.00869	7.26405e+06
1.01070	7.68571e+06
1.01272	8.06758e+06
1.01475	8.64108e+06
1.01678	8.69878e+06
1.01881	9.27800e+06
1.02085	9.66683e+06
1.02289	1.02468e+07
1.02494	1.05992e+07
1.02699	1.08712e+07
1.02904	1.14067e+07
1.03110	1.12957e+07
1.03316	1.16449e+07
1.03523	1.18509e+07
1.03730	1.18743e+07
1.03937	1.19712e+07
1.04145	1.20585e+07
1.04353	1.17276e+07
1.04562	1.17324e+07
1.04771	1.17324e+07
1.04981	1.15301e+07
1.05191	1.14374e+07
1.05401	1.13741e+07
1.05612	1.11470e+07
1.05823	1.09439e+07
1.06035	1.09250e+07
1.06247	1.05178e+07
1.06459	1.04392e+07
1.06672	1.01770e+07
1.06886	9.96467e+06
1.07099	9.59237e+06
1.07314	9.38828e+06
1.07528	9.18481e+06
1.07743	9.02282e+06
1.07959	8.89348e+06
1.08175	8.44099e+06
1.08391	8.03756e+06
1.08608	7.49729e+06
1.08825	6.25563e+06
1.09043	5.65097e+06
1.09261	4.51190e+06
1.09479	3.48372e+06
1.09698	2.74995e+06
1.09918	2.02370e+06
1.10137	1.56021e+06
1.10358	1.26437e+06
1.10578	929502.
1.10800	685717.
1.11021	454916.
1.11243	303961.
1.11466	206742.
1.11689	141406.
1.11912	99814.2
1.12136	79462.8
1.12360	60523.5
1.12585	47925.3
1.12810	45844.9
1.13036	39479.3
1.13262	40989.6
1.13488	52670.4
1.13715	70018.7
1.13943	95848.6
1.14170	97371.7
1.14399	89215.2
1.14628	62231.4
1.14857	36483.3
1.15087	19788.4
1.15317	9748.15
1.15547	6111.92
1.15778	4854.19
1.16010	5168.36
1.16242	4999.33
1.16475	7143.55
1.16707	12057.4
1.16941	18955.6
1.17175	30935.4
1.17409	47479.1
1.17644	75352.9
1.17879	116899.
1.18115	167548.
1.18351	232870.
1.18588	317990.
1.18825	445293.
1.19063	669245.
1.19301	973305.
1.19539	1.39596e+06
1.19778	1.84579e+06
1.20018	2.30680e+06
1.20258	2.82216e+06
1.20499	3.37876e+06
1.20740	3.96180e+06
1.20981	4.61402e+06
1.21223	5.38100e+06
1.21465	6.11655e+06
1.21708	6.73684e+06
1.21952	7.35729e+06
1.22196	7.75826e+06
1.22440	8.29012e+06
1.22685	8.82473e+06
1.22930	9.21996e+06
1.23176	9.70851e+06
1.23423	1.01379e+07
1.23669	1.06972e+07
1.23917	1.12190e+07
1.24165	1.18231e+07
1.24413	1.23111e+07
1.24662	1.29714e+07
1.24911	1.35307e+07
1.25161	1.39457e+07
1.25411	1.43048e+07
1.25662	1.44271e+07
1.25913	1.45904e+07
1.26165	1.49966e+07
1.26417	1.49551e+07
1.26670	1.51614e+07
1.26924	1.48676e+07
1.27177	1.46289e+07
1.27432	1.42818e+07
1.27687	1.37994e+07
1.27942	1.30144e+07
1.28198	1.21703e+07
1.28454	1.12745e+07
1.28711	1.02083e+07
1.28969	9.47191e+06
1.29227	9.00239e+06
1.29485	8.66112e+06
1.29744	8.30344e+06
1.30003	7.63812e+06
1.30263	6.71693e+06
1.30524	5.44774e+06
1.30785	4.39220e+06
1.31047	3.47427e+06
1.31309	2.99468e+06
1.31571	2.92912e+06
1.31834	2.87876e+06
1.32098	2.81000e+06
1.32362	2.42174e+06
1.32627	1.81984e+06
1.32892	1.21028e+06
1.33158	678068.
1.33424	323381.
1.33691	143923.
1.33959	61555.2
1.34227	26835.6
1.34495	11926.6
1.34764	5550.77
1.35033	2742.72
1.35304	1684.68
1.35574	1353.99
1.35845	1279.20
1.36117	1494.81
1.36389	1691.79
1.36662	1695.36
1.36935	1612.59
1.37209	1474.46
1.37484	1348.99
1.37759	1267.03
1.38034	1211.16
1.38310	1276.62
1.38587	1482.45
1.38864	1926.44
1.39142	2354.56
1.39420	2337.61
1.39699	2285.10
1.39978	2076.49
1.40258	2003.02
1.40539	2317.69
1.40820	2919.79
1.41101	3563.82
1.41384	4480.33
1.41666	5433.31
1.41950	6613.48
1.42234	8803.75
1.42518	11933.3
1.42803	15998.1
1.43089	19414.7
1.43375	22344.6
1.43662	28176.5
1.43949	37640.9
1.44237	50391.9
1.44525	68025.3
1.44814	87983.0
1.45104	110690.
1.45394	137438.
1.45685	162323.
1.45976	178107.
1.46268	178814.
1.46561	171704.
1.46854	156211.
1.47148	151260.
1.47442	160144.
1.47737	179093.
1.48032	200837.
1.48328	223169.
1.48625	243698.
1.48922	272562.
1.49220	322273.
1.49518	372299.
1.49817	442768.
1.50117	531916.
1.50417	589276.
1.50718	665815.
1.51020	700013.
1.51322	793102.
1.51624	869920.
1.51927	1.05412e+06
1.52231	1.31303e+06
1.52536	1.54215e+06
1.52841	1.93694e+06
1.53147	2.15314e+06
1.53453	2.49622e+06
1.53760	2.96544e+06
1.54067	3.32033e+06
1.54375	3.84930e+06
1.54684	4.49343e+06
1.54993	5.09788e+06
1.55303	5.63203e+06
1.55614	6.13850e+06
1.55925	6.54465e+06
1.56237	6.87212e+06
1.56550	7.02734e+06
1.56863	7.00863e+06
1.57176	6.79425e+06
1.57491	6.44734e+06
1.57806	5.92825e+06
1.58121	5.39626e+06
1.58438	4.88431e+06
1.58754	4.38350e+06
1.59072	4.03187e+06
1.59390	3.66873e+06
1.59709	3.33780e+06
1.60028	3.03036e+06
1.60348	2.64042e+06
1.60669	2.24558e+06
1.60990	1.81334e+06
1.61312	1.45258e+06
1.61635	1.24930e+06
1.61958	1.15164e+06
1.62282	1.13769e+06
1.62607	1.18724e+06
1.62932	1.14893e+06
1.63258	999655.
1.63584	911259.
1.63911	805979.
1.64239	754516.
1.64568	750668.
1.64897	752368.
1.65227	753156.
1.65557	713347.
1.65888	632085.
1.66220	536467.
1.66552	445879.
1.66886	382004.
1.67219	373011.
1.67554	395835.
1.67889	395750.
1.68225	356657.
1.68561	290252.
1.68898	213656.
1.69236	167066.
1.69574	145641.
1.69914	146624.
1.70253	156432.
1.70594	190271.
1.70935	230391.
1.71277	275731.
1.71620	307183.
1.71963	311795.
1.72307	296899.
1.72651	284683.
1.72997	284132.
1.73343	302468.
1.73689	305246.
1.74037	303626.
1.74385	297705.
1.74733	295426.
1.75083	302285.
1.75433	297650.
1.75784	317184.
1.76136	285448.
1.76488	261968.
1.76841	205531.
1.77194	185158.
1.77549	150481.
1.77904	136131.
1.78260	135578.
1.78616	120247.
1.78973	112958.
1.79331	98916.7
1.79690	100124.
1.80049	81200.5
1.80410	71499.8
1.80770	59996.0
1.81132	57015.4
1.81494	57227.3
1.81857	61055.6
1.82221	65002.6
1.82585	66092.0
1.82950	54787.8
1.83316	46185.6
1.83683	43215.3
1.84050	37511.0
1.84418	43765.2
1.84787	42503.7
1.85157	49335.9
1.85527	42092.3
1.85898	40650.4
1.86270	29365.0
1.86642	30243.1
1.87016	36702.8
1.87390	51852.4
1.87765	72308.1
1.88140	98669.0
1.88516	112552.
1.88893	115673.
1.89271	122359.
1.89650	115156.
1.90029	105308.
1.90409	94049.6
1.90790	81685.5
1.91171	77550.1
1.91554	74882.0
1.91937	66517.6
1.92321	61529.7
1.92705	49899.3
1.93091	42912.3
1.93477	36929.2
1.93864	37069.3
1.94252	39472.5
1.94640	42482.6
1.95029	50539.1
1.95419	56594.1
1.95810	67672.3
1.96202	82384.8
1.96594	88638.8
1.96988	113117.
1.97382	122076.
1.97776	131948.
1.98172	166405.
1.98568	165298.
1.98965	206814.
1.99363	246528.
1.99762	235284.
2.00161	289195.
2.00562	282644.
2.00963	299134.
2.01365	301378.
2.01768	293912.
2.02171	320728.
2.02575	330233.
2.02981	374730.
2.03386	396714.
2.03793	439657.
2.04201	481798.
2.04609	471468.
2.05018	526798.
2.05428	539494.
2.05839	547420.
2.06251	550542.
2.06663	551701.
2.07077	533853.
2.07491	541917.
2.07906	536839.
2.08322	540089.
2.08738	541237.
2.09156	535196.
2.09574	528201.
2.09993	519039.
2.10413	521584.
2.10834	498210.
2.11256	484185.
2.11678	483579.
2.12102	466017.
2.12526	456244.
2.12951	437309.
2.13377	427571.
2.13804	410944.
2.14231	396546.
2.14660	375873.
2.15089	374060.
2.15519	345567.
2.15950	339020.
2.16382	353067.
2.16815	309015.
2.17248	334876.
2.17683	303851.
2.18118	284636.
2.18554	255698.
2.18992	190836.
2.19430	153813.
2.19868	102489.
2.20308	80309.3
2.20749	77690.8
2.21190	86302.2
2.21633	92421.7
2.22076	90421.8
2.22520	95550.1
2.22965	82963.5
2.23411	58446.6
2.23858	61765.5
2.24306	46933.6
2.24754	41018.8
2.25204	41080.7
2.25654	37710.0
2.26105	39907.9
2.26558	34900.5
2.27011	44626.4
2.27465	38839.6
2.27920	41024.4
2.28375	35219.2
2.28832	30094.5
2.29290	30496.0
2.29748	35064.3
2.30208	44413.6
2.30668	53315.5
2.31130	55793.7
2.31592	47306.5
2.32055	42190.2
2.32519	28519.4
2.32984	29652.8
2.33450	30009.3
2.33917	23597.1
2.34385	30371.1
2.34854	27131.0
2.35323	34485.6
2.35794	36324.8
2.36266	38344.4
2.36738	35445.3
2.37212	32617.0
2.37686	34938.9
2.38161	31976.5
2.38638	43597.9
2.39115	47637.2
2.39593	54326.5
2.40072	56710.7
2.40552	59335.0
2.41034	73756.7
2.41516	66075.2
2.41999	78031.2
2.42483	82038.2
2.42968	86388.8
2.43454	97000.6
2.43940	98309.6
2.44428	108287.
2.44917	113896.
2.45407	124797.
2.45898	127776.
2.46390	148837.
2.46882	142514.
2.47376	117838.
2.47871	127852.
2.48367	115800.
2.48863	93115.0
2.49361	107053.
2.49860	90081.1
2.50359	84715.4
2.50860	72316.5
2.51362	61443.3
2.51865	49129.9
2.52368	42443.6
2.52873	33640.3
2.53379	30242.2
2.53886	26416.9
2.54393	24498.6
2.54902	23167.4
2.55412	21187.7
