0.600000	5.54853e+07
0.601200	6.37381e+07
0.602402	7.05540e+07
0.603607	7.68947e+07
0.604814	8.60018e+07
0.606024	9.27281e+07
0.607236	9.94673e+07
0.608450	1.14265e+08
0.609667	1.09860e+08
0.610887	1.05856e+08
0.612108	1.23229e+08
0.613333	1.28700e+08
0.614559	1.33318e+08
0.615788	8.26489e+07
0.617020	4.96376e+07
0.618254	4.34074e+07
0.619491	4.21218e+07
0.620729	4.36496e+07
0.621971	3.83985e+07
0.623215	3.27350e+07
0.624461	3.77134e+07
0.625710	4.59806e+07
0.626962	5.17188e+07
0.628215	6.18231e+07
0.629472	6.32975e+07
0.630731	7.04145e+07
0.631992	8.65948e+07
0.633256	8.71997e+07
0.634523	9.01823e+07
0.635792	7.89116e+07
0.637063	8.22655e+07
0.638337	8.43309e+07
0.639614	8.61900e+07
0.640893	1.03467e+08
0.642175	1.08792e+08
0.643459	1.22324e+08
0.644746	1.27024e+08
0.646036	1.45105e+08
0.647328	1.33841e+08
0.648623	1.06524e+08
0.649920	9.78435e+07
0.651220	9.80483e+07
0.652522	1.07824e+08
0.653827	1.30686e+08
0.655135	1.52406e+08
0.656445	1.54136e+08
0.657758	1.38179e+08
0.659073	1.36301e+08
0.660391	1.56199e+08
0.661712	1.41754e+08
0.663036	1.23181e+08
0.664362	1.20468e+08
0.665690	1.12566e+08
0.667022	1.14683e+08
0.668356	9.07491e+07
0.669692	8.43051e+07
0.671032	8.65038e+07
0.672374	7.28558e+07
0.673719	7.74466e+07
0.675066	7.57959e+07
0.676416	7.96076e+07
0.677769	8.87305e+07
0.679124	9.28326e+07
0.680483	9.83900e+07
0.681844	1.06684e+08
0.683207	1.09390e+08
0.684574	1.03898e+08
0.685943	1.04594e+08
0.687315	1.12493e+08
0.688689	1.14627e+08
0.690067	1.41859e+08
0.691447	1.53637e+08
0.692830	1.39328e+08
0.694215	1.59416e+08
0.695604	2.19310e+08
0.696995	2.39655e+08
0.698389	2.80821e+08
0.699786	2.80377e+08
0.701185	3.08080e+08
0.702587	3.41149e+08
0.703993	4.01836e+08
0.705401	3.12268e+08
0.706811	2.09345e+08
0.708225	1.88188e+08
0.709641	1.36388e+08
0.711061	1.61086e+08
0.712483	1.33393e+08
0.713908	1.07750e+08
0.715336	1.36227e+08
0.716766	1.36377e+08
0.718200	2.05438e+08
0.719636	1.91562e+08
0.721075	1.54873e+08
0.722517	1.81447e+08
0.723962	2.43918e+08
0.725410	3.29370e+08
0.726861	3.43238e+08
0.728315	3.12419e+08
0.729771	3.79333e+08
0.731231	4.81669e+08
0.732693	5.36417e+08
0.734159	5.24132e+08
0.735627	4.93131e+08
0.737098	5.54187e+08
0.738573	4.92084e+08
0.740050	4.74366e+08
0.741530	4.42419e+08
0.743013	4.47943e+08
0.744499	4.29515e+08
0.745988	3.92061e+08
0.747480	3.99099e+08
0.748975	4.47701e+08
0.750473	4.66677e+08
0.751974	4.65220e+08
0.753477	5.33192e+08
0.754984	5.87568e+08
0.756494	6.57431e+08
0.758007	6.43803e+08
0.759523	5.85167e+08
0.761042	5.74515e+08
0.762564	5.27348e+08
0.764089	4.85238e+08
0.765618	4.44688e+08
0.767149	3.05068e+08
0.768683	2.73676e+08
0.770220	2.76641e+08
0.771761	4.26254e+08
0.773304	5.50480e+08
0.774851	4.63684e+08
0.776401	4.18321e+08
0.777953	4.89184e+08
0.779509	5.18204e+08
0.781068	5.63190e+08
0.782630	5.29975e+08
0.784196	5.00074e+08
0.785764	5.28071e+08
0.787336	5.04286e+08
0.788910	6.01578e+08
0.790488	6.66299e+08
0.792069	6.02405e+08
0.793653	6.22203e+08
0.795240	6.85809e+08
0.796831	7.14262e+08
0.798424	7.15774e+08
0.800021	7.21580e+08
0.801621	7.44947e+08
0.803224	7.74067e+08
0.804831	8.34749e+08
0.806440	8.46985e+08
0.808053	9.39484e+08
0.809669	1.06096e+09
0.811289	1.15891e+09
0.812911	1.27904e+09
0.814537	1.40301e+09
0.816166	1.48871e+09
0.817798	1.37754e+09
0.819434	1.17114e+09
0.821073	1.12100e+09
0.822715	1.26235e+09
0.824360	1.38961e+09
0.826009	1.28769e+09
0.827661	1.22247e+09
0.829316	1.19834e+09
0.830975	1.16333e+09
0.832637	1.16753e+09
0.834302	1.16681e+09
0.835971	1.14555e+09
0.837643	1.14799e+09
0.839318	1.08597e+09
0.840996	1.12083e+09
0.842678	9.19733e+08
0.844364	6.37758e+08
0.846052	4.25527e+08
0.847745	4.61858e+08
0.849440	5.89848e+08
0.851139	5.36509e+08
0.852841	5.62646e+08
0.854547	6.10915e+08
0.856256	5.86267e+08
0.857968	5.94203e+08
0.859684	5.99781e+08
0.861404	6.54809e+08
0.863126	7.48747e+08
0.864853	7.42695e+08
0.866582	6.76675e+08
0.868315	6.67740e+08
0.870052	7.25673e+08
0.871792	8.30628e+08
0.873536	8.75041e+08
0.875283	9.28413e+08
0.877033	1.03122e+09
0.878787	1.17272e+09
0.880545	1.25955e+09
0.882306	1.28880e+09
0.884070	1.41387e+09
0.885839	1.23952e+09
0.887610	1.01201e+09
0.889385	1.09079e+09
0.891164	1.23797e+09
0.892946	1.24044e+09
0.894732	1.18950e+09
0.896522	1.37348e+09
0.898315	1.44379e+09
0.900111	1.51637e+09
0.901912	1.46533e+09
0.903715	1.52370e+09
0.905523	1.58279e+09
0.907334	1.69185e+09
0.909148	1.73194e+09
0.910967	1.80149e+09
0.912789	1.94275e+09
0.914614	1.93800e+09
0.916443	2.01460e+09
0.918276	1.98955e+09
0.920113	1.86177e+09
0.921953	1.52339e+09
0.923797	1.37778e+09
0.925644	1.40587e+09
0.927496	1.37516e+09
0.929351	1.25828e+09
0.931209	1.22345e+09
0.933072	1.25789e+09
0.934938	1.32686e+09
0.936808	1.22095e+09
0.938681	1.27100e+09
0.940559	1.30543e+09
0.942440	1.41987e+09
0.944325	1.40080e+09
0.946213	1.44021e+09
0.948106	1.58107e+09
0.950002	1.60311e+09
0.951902	1.60057e+09
0.953806	1.62660e+09
0.955713	1.71079e+09
0.957625	1.80989e+09
0.959540	1.80268e+09
0.961459	1.87367e+09
0.963382	1.96544e+09
0.965308	1.96291e+09
0.967239	1.96002e+09
0.969174	1.98970e+09
0.971112	1.98973e+09
0.973054	1.91090e+09
0.975000	1.86112e+09
0.976950	1.93012e+09
0.978904	1.94885e+09
0.980862	1.97117e+09
0.982824	1.87254e+09
0.984789	1.98737e+09
0.986759	2.07930e+09
0.988732	2.00883e+09
0.990710	1.79681e+09
0.992691	1.87022e+09
0.994676	2.02407e+09
0.996666	2.06507e+09
0.998659	2.00162e+09
1.00066	2.00013e+09
1.00266	1.87701e+09
1.00466	1.81996e+09
1.00667	1.93734e+09
1.00869	2.00236e+09
1.01070	2.02063e+09
1.01272	1.96699e+09
1.01475	1.88986e+09
1.01678	1.92202e+09
1.01881	1.97592e+09
1.02085	1.99811e+09
1.02289	1.98103e+09
1.02494	1.92334e+09
1.02699	1.90843e+09
1.02904	1.85134e+09
1.03110	1.95038e+09
1.03316	1.94967e+09
1.03523	1.87493e+09
1.03730	2.05148e+09
1.03937	2.02281e+09
1.04145	2.07801e+09
1.04353	2.08126e+09
1.04562	2.11814e+09
1.04771	2.10883e+09
1.04981	2.13434e+09
1.05191	2.18270e+09
1.05401	2.27156e+09
1.05612	2.23226e+09
1.05823	2.23144e+09
1.06035	2.18369e+09
1.06247	2.19564e+09
1.06459	2.17256e+09
1.06672	2.13812e+09
1.06886	2.20721e+09
1.07099	2.28669e+09
1.07314	2.28711e+09
1.07528	2.33475e+09
1.07743	2.32720e+09
1.07959	2.30582e+09
1.08175	2.29952e+09
1.08391	2.32008e+09
1.08608	2.33682e+09
1.08825	2.38358e+09
1.09043	2.40451e+09
1.09261	2.35258e+09
1.09479	2.29354e+09
1.09698	2.27886e+09
1.09918	2.25340e+09
1.10137	2.24464e+09
1.10358	2.13042e+09
1.10578	2.09221e+09
1.10800	2.05573e+09
1.11021	2.13241e+09
1.11243	2.08147e+09
1.11466	2.04125e+09
1.11689	2.12561e+09
1.11912	2.13355e+09
1.12136	2.11139e+09
1.12360	2.18737e+09
1.12585	2.13597e+09
1.12810	2.17910e+09
1.13036	2.18147e+09
1.13262	2.23502e+09
1.13488	2.21008e+09
1.13715	2.09571e+09
1.13943	2.00939e+09
1.14170	2.02909e+09
1.14399	2.12851e+09
1.14628	2.20016e+09
1.14857	2.23271e+09
1.15087	2.20597e+09
1.15317	2.18488e+09
1.15547	2.20687e+09
1.15778	2.22093e+09
1.16010	2.20007e+09
1.16242	2.20567e+09
1.16475	2.21554e+09
1.16707	2.22217e+09
1.16941	2.13976e+09
1.17175	2.18327e+09
1.17409	2.19355e+09
1.17644	2.05614e+09
1.17879	2.03760e+09
1.18115	2.16726e+09
1.18351	2.19749e+09
1.18588	2.17103e+09
1.18825	2.13945e+09
1.19063	2.14593e+09
1.19301	2.15962e+09
1.19539	2.13937e+09
1.19778	2.04899e+09
1.20018	2.17169e+09
1.20258	2.15053e+09
1.20499	2.19591e+09
1.20740	2.20875e+09
1.20981	2.18022e+09
1.21223	2.20170e+09
1.21465	2.25947e+09
1.21708	2.24821e+09
1.21952	2.23171e+09
1.22196	2.24252e+09
1.22440	2.25202e+09
1.22685	2.26371e+09
1.22930	2.27870e+09
1.23176	2.27114e+09
1.23423	2.26369e+09
1.23669	2.25636e+09
1.23917	2.21212e+09
1.24165	2.15244e+09
1.24413	2.12166e+09
1.24662	2.15633e+09
1.24911	2.16200e+09
1.25161	2.11469e+09
1.25411	2.16827e+09
1.25662	2.17567e+09
1.25913	2.16333e+09
1.26165	2.15683e+09
1.26417	2.13297e+09
1.26670	2.17173e+09
1.26924	2.20024e+09
1.27177	2.19470e+09
1.27432	2.19860e+09
1.27687	2.20525e+09
1.27942	2.20633e+09
1.28198	2.14999e+09
1.28454	2.11904e+09
1.28711	2.14809e+09
1.28969	2.17107e+09
1.29227	2.16511e+09
1.29485	2.18758e+09
1.29744	2.17453e+09
1.30003	2.17905e+09
1.30263	2.20197e+09
1.30524	2.22172e+09
1.30785	2.20108e+09
1.31047	2.15106e+09
1.31309	2.10046e+09
1.31571	2.10756e+09
1.31834	2.14987e+09
1.32098	2.14686e+09
1.32362	2.11381e+09
1.32627	2.07227e+09
1.32892	1.99917e+09
1.33158	1.87735e+09
1.33424	1.70007e+09
1.33691	1.66011e+09
1.33959	1.65696e+09
1.34227	1.59219e+09
1.34495	1.58783e+09
1.34764	1.58573e+09
1.35033	1.49523e+09
1.35304	1.46187e+09
1.35574	1.59695e+09
1.35845	1.49366e+09
1.36117	1.42797e+09
1.36389	1.46075e+09
1.36662	1.52412e+09
1.36935	1.46119e+09
1.37209	1.44872e+09
1.37484	1.42791e+09
1.37759	1.47719e+09
1.38034	1.52625e+09
1.38310	1.52178e+09
1.38587	1.43035e+09
1.38864	1.36463e+09
1.39142	1.30052e+09
1.39420	1.31214e+09
1.39699	1.27873e+09
1.39978	1.30621e+09
1.40258	1.30568e+09
1.40539	1.27506e+09
1.40820	1.24912e+09
1.41101	1.28593e+09
1.41384	1.25988e+09
1.41666	1.25624e+09
1.41950	1.25274e+09
1.42234	1.24383e+09
1.42518	1.22283e+09
1.42803	1.18750e+09
1.43089	1.17480e+09
1.43375	1.13051e+09
1.43662	1.19633e+09
1.43949	1.21826e+09
1.44237	1.26231e+09
1.44525	1.27011e+09
1.44814	1.21955e+09
1.45104	1.26148e+09
1.45394	1.29849e+09
1.45685	1.29187e+09
1.45976	1.27232e+09
1.46268	1.21103e+09
1.46561	1.26161e+09
1.46854	1.23008e+09
1.47148	1.18373e+09
1.47442	1.15607e+09
1.47737	1.21130e+09
1.48032	1.20784e+09
1.48328	1.24343e+09
1.48625	1.25488e+09
1.48922	1.18432e+09
1.49220	1.20919e+09
1.49518	1.23785e+09
1.49817	1.25582e+09
1.50117	1.21240e+09
1.50417	1.18603e+09
1.50718	1.22798e+09
1.51020	1.24320e+09
1.51322	1.26739e+09
1.51624	1.24797e+09
1.51927	1.26539e+09
1.52231	1.27817e+09
1.52536	1.24625e+09
1.52841	1.27384e+09
1.53147	1.28120e+09
1.53453	1.27975e+09
1.53760	1.29984e+09
1.54067	1.27367e+09
1.54375	1.25097e+09
1.54684	1.28844e+09
1.54993	1.30444e+09
1.55303	1.28225e+09
1.55614	1.27316e+09
1.55925	1.30304e+09
1.56237	1.33963e+09
1.56550	1.31645e+09
1.56863	1.32196e+09
1.57176	1.32917e+09
1.57491	1.34672e+09
1.57806	1.33336e+09
1.58121	1.34292e+09
1.58438	1.37877e+09
1.58754	1.39554e+09
1.59072	1.38115e+09
1.59390	1.38643e+09
1.59709	1.37854e+09
1.60028	1.40330e+09
1.60348	1.41101e+09
1.60669	1.41894e+09
1.60990	1.42418e+09
1.61312	1.41251e+09
1.61635	1.41396e+09
1.61958	1.40215e+09
1.62282	1.42422e+09
1.62607	1.46106e+09
1.62932	1.46296e+09
1.63258	1.46616e+09
1.63584	1.46545e+09
1.63911	1.47332e+09
1.64239	1.47011e+09
1.64568	1.47505e+09
1.64897	1.49246e+09
1.65227	1.49024e+09
1.65557	1.50478e+09
1.65888	1.48304e+09
1.66220	1.47118e+09
1.66552	1.49797e+09
1.66886	1.51054e+09
1.67219	1.50761e+09
1.67554	1.49778e+09
1.67889	1.51882e+09
1.68225	1.51727e+09
1.68561	1.48993e+09
1.68898	1.47304e+09
1.69236	1.47156e+09
1.69574	1.45457e+09
1.69914	1.43314e+09
1.70253	1.42880e+09
1.70594	1.39204e+09
1.70935	1.35628e+09
1.71277	1.32721e+09
1.71620	1.31424e+09
1.71963	1.23926e+09
1.72307	1.24567e+09
1.72651	1.21962e+09
1.72997	1.23121e+09
1.73343	1.23917e+09
1.73689	1.23708e+09
1.74037	1.23830e+09
1.74385	1.24777e+09
1.74733	1.19900e+09
1.75083	1.15834e+09
1.75433	1.11960e+09
1.75784	1.09325e+09
1.76136	1.11192e+09
1.76488	1.12236e+09
1.76841	1.07953e+09
1.77194	1.02159e+09
1.77549	9.66367e+08
1.77904	9.55480e+08
1.78260	9.92934e+08
1.78616	9.51886e+08
1.78973	9.62230e+08
1.79331	9.68360e+08
1.79690	9.32779e+08
1.80049	8.45219e+08
1.80410	9.10969e+08
1.80770	9.23099e+08
1.81132	9.11870e+08
1.81494	9.11851e+08
1.81857	9.07113e+08
1.82221	8.78499e+08
1.82585	8.22284e+08
1.82950	8.21577e+08
1.83316	8.32578e+08
1.83683	8.38150e+08
1.84050	8.37019e+08
1.84418	8.15027e+08
1.84787	8.10210e+08
1.85157	7.94393e+08
1.85527	6.81657e+08
1.85898	6.49695e+08
1.86270	7.32852e+08
1.86642	7.42600e+08
1.87016	7.36335e+08
1.87390	7.63213e+08
1.87765	7.75939e+08
1.88140	8.03297e+08
1.88516	7.95350e+08
1.88893	7.63448e+08
1.89271	7.37787e+08
1.89650	7.88445e+08
1.90029	7.92370e+08
1.90409	7.58493e+08
1.90790	7.31842e+08
1.91171	7.49296e+08
1.91554	7.96477e+08
1.91937	7.93169e+08
1.92321	7.30718e+08
1.92705	7.33341e+08
1.93091	7.38701e+08
1.93477	7.33532e+08
1.93864	6.69589e+08
1.94252	6.44454e+08
1.94640	6.93418e+08
1.95029	7.42153e+08
1.95419	7.20827e+08
1.95810	7.22816e+08
1.96202	7.36087e+08
1.96594	7.43804e+08
1.96988	7.26124e+08
1.97382	7.01077e+08
1.97776	6.85222e+08
1.98172	6.71176e+08
1.98568	6.53054e+08
1.98965	6.76079e+08
1.99363	6.46037e+08
1.99762	6.57229e+08
2.00161	6.77353e+08
2.00562	6.78099e+08
2.00963	6.52047e+08
2.01365	6.57598e+08
2.01768	6.60006e+08
2.02171	7.00631e+08
2.02575	6.79562e+08
2.02981	6.60267e+08
2.03386	6.87483e+08
2.03793	6.93683e+08
2.04201	6.50523e+08
2.04609	6.35459e+08
2.05018	6.55076e+08
2.05428	6.60911e+08
2.05839	6.75022e+08
2.06251	6.50367e+08
2.06663	6.65750e+08
2.07077	6.65000e+08
2.07491	6.54284e+08
2.07906	6.63166e+08
2.08322	6.71078e+08
2.08738	6.73642e+08
2.09156	6.69152e+08
2.09574	6.72673e+08
2.09993	6.76617e+08
2.10413	6.99062e+08
2.10834	6.94267e+08
2.11256	6.88822e+08
2.11678	6.97146e+08
2.12102	6.92249e+08
2.12526	6.90945e+08
2.12951	6.75144e+08
2.13377	6.78702e+08
2.13804	6.95255e+08
2.14231	7.04599e+08
2.14660	7.03482e+08
2.15089	6.89250e+08
2.15519	6.98127e+08
2.15950	7.05291e+08
2.16382	7.06695e+08
2.16815	7.06942e+08
2.17248	6.93722e+08
2.17683	6.93240e+08
2.18118	7.04790e+08
2.18554	7.11324e+08
2.18992	7.04828e+08
2.19430	6.97644e+08
2.19868	7.02225e+08
2.20308	6.98925e+08
2.20749	6.79154e+08
2.21190	6.95360e+08
2.21633	7.04554e+08
2.22076	6.98192e+08
2.22520	7.03758e+08
2.22965	7.06724e+08
2.23411	7.05641e+08
2.23858	6.89359e+08
2.24306	6.92850e+08
2.24754	7.22224e+08
2.25204	7.23536e+08
2.25654	7.06745e+08
2.26105	6.98722e+08
2.26558	7.05361e+08
2.27011	7.03746e+08
2.27465	7.07438e+08
2.27920	6.94970e+08
2.28375	6.91293e+08
2.28832	6.79097e+08
2.29290	6.12268e+08
2.29748	5.98050e+08
2.30208	6.22107e+08
2.30668	6.16783e+08
2.31130	6.13889e+08
2.31592	6.03606e+08
2.32055	5.90435e+08
2.32519	5.76522e+08
2.32984	5.87067e+08
2.33450	5.65195e+08
2.33917	5.65876e+08
2.34385	5.68050e+08
2.34854	5.65048e+08
2.35323	5.32204e+08
2.35794	5.18286e+08
2.36266	5.15907e+08
2.36738	5.17804e+08
2.37212	5.30685e+08
2.37686	5.33667e+08
2.38161	5.10297e+08
2.38638	5.20986e+08
2.39115	5.02430e+08
2.39593	5.21465e+08
2.40072	4.94549e+08
2.40552	4.77435e+08
2.41034	4.60910e+08
2.41516	4.47509e+08
2.41999	4.58487e+08
2.42483	4.49934e+08
2.42968	4.30626e+08
2.43454	4.23311e+08
2.43940	4.18361e+08
2.44428	4.30014e+08
2.44917	4.24851e+08
2.45407	4.20931e+08
2.45898	3.98483e+08
2.46390	3.84472e+08
2.46882	3.77260e+08
2.47376	3.74771e+08
2.47871	3.48023e+08
2.48367	3.53743e+08
2.48863	3.56127e+08
2.49361	3.39128e+08
2.49860	3.44077e+08
2.50359	3.41344e+08
2.50860	3.47542e+08
2.51362	3.41603e+08
2.51865	3.34106e+08
2.52368	3.48800e+08
2.52873	3.39981e+08
2.53379	3.27899e+08
2.53886	3.15561e+08
2.54393	3.16305e+08
2.54902	3.09146e+08
2.55412	3.09237e+08
