0.600000	3.40552e+08
0.601200	3.95903e+08
0.602402	4.81753e+08
0.603607	5.20890e+08
0.604814	5.64401e+08
0.606024	6.06685e+08
0.607236	6.05519e+08
0.608450	6.31297e+08
0.609667	5.70621e+08
0.610887	4.41410e+08
0.612108	4.02407e+08
0.613333	5.23961e+08
0.614559	5.69749e+08
0.615788	3.60566e+08
0.617020	2.89260e+08
0.618254	3.52296e+08
0.619491	3.50012e+08
0.620729	3.12664e+08
0.621971	2.79688e+08
0.623215	2.69847e+08
0.624461	2.80250e+08
0.625710	3.10198e+08
0.626962	3.59577e+08
0.628215	3.89256e+08
0.629472	3.31715e+08
0.630731	3.06450e+08
0.631992	3.63601e+08
0.633256	4.23808e+08
0.634523	4.70343e+08
0.635792	3.60965e+08
0.637063	2.17852e+08
0.638337	1.43185e+08
0.639614	1.81950e+08
0.640893	3.55082e+08
0.642175	4.99408e+08
0.643459	5.41361e+08
0.644746	6.39018e+08
0.646036	7.34923e+08
0.647328	7.94188e+08
0.648623	8.31569e+08
0.649920	8.30673e+08
0.651220	1.04114e+09
0.652522	1.17838e+09
0.653827	1.25804e+09
0.655135	1.33142e+09
0.656445	1.05148e+09
0.657758	9.34152e+08
0.659073	1.28293e+09
0.660391	1.42999e+09
0.661712	1.51166e+09
0.663036	1.47584e+09
0.664362	1.44446e+09
0.665690	1.25946e+09
0.667022	1.24158e+09
0.668356	1.03724e+09
0.669692	6.91274e+08
0.671032	4.20753e+08
0.672374	4.57275e+08
0.673719	5.60645e+08
0.675066	4.95825e+08
0.676416	4.13867e+08
0.677769	3.66550e+08
0.679124	3.13458e+08
0.680483	2.77376e+08
0.681844	2.69869e+08
0.683207	2.43674e+08
0.684574	1.76593e+08
0.685943	1.34135e+08
0.687315	1.32642e+08
0.688689	1.10326e+08
0.690067	1.20265e+08
0.691447	1.55214e+08
0.692830	1.99102e+08
0.694215	2.61521e+08
0.695604	3.39739e+08
0.696995	3.46799e+08
0.698389	3.36440e+08
0.699786	3.49336e+08
0.701185	4.34452e+08
0.702587	5.97260e+08
0.703993	1.10512e+09
0.705401	1.28309e+09
0.706811	1.06840e+09
0.708225	1.09620e+09
0.709641	8.81040e+08
0.711061	9.82339e+08
0.712483	8.82336e+08
0.713908	7.15482e+08
0.715336	7.84571e+08
0.716766	9.02265e+08
0.718200	1.35480e+09
0.719636	1.47564e+09
0.721075	1.31205e+09
0.722517	1.60596e+09
0.723962	1.69736e+09
0.725410	1.80742e+09
0.726861	1.77873e+09
0.728315	1.78660e+09
0.729771	1.97336e+09
0.731231	1.94165e+09
0.732693	1.94235e+09
0.734159	1.92931e+09
0.735627	1.78538e+09
0.737098	1.84826e+09
0.738573	1.85546e+09
0.740050	1.87229e+09
0.741530	1.89191e+09
0.743013	1.82522e+09
0.744499	1.89733e+09
0.745988	1.94600e+09
0.747480	1.91085e+09
0.748975	1.93914e+09
0.750473	2.01171e+09
0.751974	1.99511e+09
0.753477	2.03163e+09
0.754984	2.07207e+09
0.756494	2.08521e+09
0.758007	2.14765e+09
0.759523	2.18629e+09
0.761042	2.12858e+09
0.762564	2.07332e+09
0.764089	1.75502e+09
0.765618	9.99611e+08
0.767149	6.39076e+08
0.768683	8.91080e+08
0.770220	8.25428e+08
0.771761	1.65353e+09
0.773304	2.19763e+09
0.774851	2.24921e+09
0.776401	2.31216e+09
0.777953	2.41949e+09
0.779509	2.40359e+09
0.781068	2.40439e+09
0.782630	2.37687e+09
0.784196	2.37013e+09
0.785764	2.45232e+09
0.787336	2.48761e+09
0.788910	2.58108e+09
0.790488	2.59654e+09
0.792069	2.57123e+09
0.793653	2.63359e+09
0.795240	2.66107e+09
0.796831	2.72315e+09
0.798424	2.75103e+09
0.800021	2.77670e+09
0.801621	2.79659e+09
0.803224	2.79925e+09
0.804831	2.81411e+09
0.806440	2.82377e+09
0.808053	2.82769e+09
0.809669	2.84958e+09
0.811289	2.85216e+09
0.812911	2.86256e+09
0.814537	2.87371e+09
0.816166	2.81547e+09
0.817798	2.41626e+09
0.819434	2.06722e+09
0.821073	2.53137e+09
0.822715	2.82913e+09
0.824360	2.87860e+09
0.826009	2.87793e+09
0.827661	2.89086e+09
0.829316	2.88571e+09
0.830975	2.85827e+09
0.832637	2.79963e+09
0.834302	2.81488e+09
0.835971	2.73867e+09
0.837643	2.49677e+09
0.839318	2.45264e+09
0.840996	2.49086e+09
0.842678	2.14155e+09
0.844364	2.07436e+09
0.846052	2.32763e+09
0.847745	2.40901e+09
0.849440	2.52853e+09
0.851139	2.55626e+09
0.852841	2.57280e+09
0.854547	2.50197e+09
0.856256	2.69543e+09
0.857968	2.82710e+09
0.859684	2.86477e+09
0.861404	2.84831e+09
0.863126	2.84026e+09
0.864853	2.77664e+09
0.866582	2.59095e+09
0.868315	2.57754e+09
0.870052	2.66771e+09
0.871792	2.75992e+09
0.873536	2.78802e+09
0.875283	2.83760e+09
0.877033	2.89634e+09
0.878787	2.90728e+09
0.880545	2.84597e+09
0.882306	2.83283e+09
0.884070	2.90323e+09
0.885839	2.89705e+09
0.887610	2.84104e+09
0.889385	2.84064e+09
0.891164	2.89781e+09
0.892946	2.89655e+09
0.894732	2.89518e+09
0.896522	2.95033e+09
0.898315	2.95859e+09
0.900111	2.95682e+09
0.901912	2.94829e+09
0.903715	2.94777e+09
0.905523	2.92684e+09
0.907334	2.91342e+09
0.909148	2.92794e+09
0.910967	2.98408e+09
0.912789	3.01431e+09
0.914614	3.01050e+09
0.916443	3.02016e+09
0.918276	3.01475e+09
0.920113	3.01956e+09
0.921953	2.99197e+09
0.923797	2.97435e+09
0.925644	2.95661e+09
0.927496	2.92591e+09
0.929351	2.89807e+09
0.931209	2.92100e+09
0.933072	2.93325e+09
0.934938	2.95002e+09
0.936808	2.95925e+09
0.938681	2.96086e+09
0.940559	2.95111e+09
0.942440	2.97917e+09
0.944325	2.99214e+09
0.946213	2.99971e+09
0.948106	3.00778e+09
0.950002	3.00176e+09
0.951902	3.00088e+09
0.953806	2.93447e+09
0.955713	2.90777e+09
0.957625	2.97542e+09
0.959540	2.86161e+09
0.961459	2.81699e+09
0.963382	2.52627e+09
0.965308	2.47624e+09
0.967239	2.51413e+09
0.969174	2.49012e+09
0.971112	2.53390e+09
0.973054	2.56500e+09
0.975000	2.66346e+09
0.976950	2.69944e+09
0.978904	2.60303e+09
0.980862	2.87892e+09
0.982824	2.98270e+09
0.984789	2.99659e+09
0.986759	2.98765e+09
0.988732	2.85727e+09
0.990710	2.51654e+09
0.992691	2.42968e+09
0.994676	2.58194e+09
0.996666	2.64564e+09
0.998659	2.58511e+09
1.00066	2.63562e+09
1.00266	2.65045e+09
1.00466	2.58956e+09
1.00667	2.59491e+09
1.00869	2.68955e+09
1.01070	2.67686e+09
1.01272	2.60405e+09
1.01475	2.61280e+09
1.01678	2.61629e+09
1.01881	2.61606e+09
1.02085	2.67847e+09
1.02289	2.70711e+09
1.02494	2.61007e+09
1.02699	2.50052e+09
1.02904	2.51419e+09
1.03110	2.60926e+09
1.03316	2.57515e+09
1.03523	2.53819e+09
1.03730	2.64033e+09
1.03937	2.56787e+09
1.04145	2.59181e+09
1.04353	2.63227e+09
1.04562	2.70739e+09
1.04771	2.64059e+09
1.04981	2.59603e+09
1.05191	2.64538e+09
1.05401	2.72505e+09
1.05612	2.66721e+09
1.05823	2.62175e+09
1.06035	2.63501e+09
1.06247	2.66337e+09
1.06459	2.63940e+09
1.06672	2.57942e+09
1.06886	2.63226e+09
1.07099	2.65921e+09
1.07314	2.62861e+09
1.07528	2.66432e+09
1.07743	2.67093e+09
1.07959	2.66186e+09
1.08175	2.67502e+09
1.08391	2.68278e+09
1.08608	2.65981e+09
1.08825	2.68625e+09
1.09043	2.69805e+09
1.09261	2.67531e+09
1.09479	2.65547e+09
1.09698	2.64243e+09
1.09918	2.63538e+09
1.10137	2.64244e+09
1.10358	2.63110e+09
1.10578	2.63492e+09
1.10800	2.62365e+09
1.11021	2.61417e+09
1.11243	2.60504e+09
1.11466	2.60868e+09
1.11689	2.61186e+09
1.11912	2.60849e+09
1.12136	2.58174e+09
1.12360	2.59894e+09
1.12585	2.59257e+09
1.12810	2.57999e+09
1.13036	2.57508e+09
1.13262	2.59560e+09
1.13488	2.57730e+09
1.13715	2.48187e+09
1.13943	2.35276e+09
1.14170	2.40553e+09
1.14399	2.52594e+09
1.14628	2.55676e+09
1.14857	2.57289e+09
1.15087	2.57194e+09
1.15317	2.56271e+09
1.15547	2.56352e+09
1.15778	2.56106e+09
1.16010	2.54115e+09
1.16242	2.54053e+09
1.16475	2.54544e+09
1.16707	2.52384e+09
1.16941	2.47769e+09
1.17175	2.51145e+09
1.17409	2.51320e+09
1.17644	2.43097e+09
1.17879	2.42402e+09
1.18115	2.49082e+09
1.18351	2.49834e+09
1.18588	2.48379e+09
1.18825	2.46021e+09
1.19063	2.46996e+09
1.19301	2.47578e+09
1.19539	2.43726e+09
1.19778	2.39120e+09
1.20018	2.43386e+09
1.20258	2.44322e+09
1.20499	2.45664e+09
1.20740	2.45421e+09
1.20981	2.44058e+09
1.21223	2.43759e+09
1.21465	2.44981e+09
1.21708	2.44277e+09
1.21952	2.43359e+09
1.22196	2.43059e+09
1.22440	2.42315e+09
1.22685	2.41683e+09
1.22930	2.41793e+09
1.23176	2.40794e+09
1.23423	2.39805e+09
1.23669	2.39091e+09
1.23917	2.37842e+09
1.24165	2.36650e+09
1.24413	2.35423e+09
1.24662	2.36201e+09
1.24911	2.35350e+09
1.25161	2.32796e+09
1.25411	2.33421e+09
1.25662	2.34224e+09
1.25913	2.33828e+09
1.26165	2.33004e+09
1.26417	2.31749e+09
1.26670	2.32043e+09
1.26924	2.31664e+09
1.27177	2.30970e+09
1.27432	2.30260e+09
1.27687	2.29668e+09
1.27942	2.29034e+09
1.28198	2.26219e+09
1.28454	2.24375e+09
1.28711	2.25614e+09
1.28969	2.25520e+09
1.29227	2.24369e+09
1.29485	2.23749e+09
1.29744	2.22886e+09
1.30003	2.22271e+09
1.30263	2.21741e+09
1.30524	2.21386e+09
1.30785	2.19914e+09
1.31047	2.18465e+09
1.31309	2.17081e+09
1.31571	2.16118e+09
1.31834	2.15444e+09
1.32098	2.14411e+09
1.32362	2.12497e+09
1.32627	2.10101e+09
1.32892	2.06731e+09
1.33158	1.98773e+09
1.33424	1.85278e+09
1.33691	1.76160e+09
1.33959	1.76022e+09
1.34227	1.73193e+09
1.34495	1.70532e+09
1.34764	1.69880e+09
1.35033	1.63530e+09
1.35304	1.59159e+09
1.35574	1.65437e+09
1.35845	1.66397e+09
1.36117	1.63544e+09
1.36389	1.66777e+09
1.36662	1.71596e+09
1.36935	1.69715e+09
1.37209	1.69310e+09
1.37484	1.68957e+09
1.37759	1.70073e+09
1.38034	1.69232e+09
1.38310	1.64605e+09
1.38587	1.61709e+09
1.38864	1.56159e+09
1.39142	1.53749e+09
1.39420	1.52090e+09
1.39699	1.47842e+09
1.39978	1.48459e+09
1.40258	1.49705e+09
1.40539	1.46099e+09
1.40820	1.43329e+09
1.41101	1.43123e+09
1.41384	1.41093e+09
1.41666	1.41205e+09
1.41950	1.41009e+09
1.42234	1.41740e+09
1.42518	1.38471e+09
1.42803	1.34554e+09
1.43089	1.35150e+09
1.43375	1.29889e+09
1.43662	1.34066e+09
1.43949	1.35803e+09
1.44237	1.35352e+09
1.44525	1.34142e+09
1.44814	1.34137e+09
1.45104	1.34098e+09
1.45394	1.34158e+09
1.45685	1.32609e+09
1.45976	1.32426e+09
1.46268	1.27931e+09
1.46561	1.29953e+09
1.46854	1.28631e+09
1.47148	1.27119e+09
1.47442	1.25929e+09
1.47737	1.26850e+09
1.48032	1.24886e+09
1.48328	1.25101e+09
1.48625	1.25053e+09
1.48922	1.22737e+09
1.49220	1.22771e+09
1.49518	1.21824e+09
1.49817	1.21645e+09
1.50117	1.19667e+09
1.50417	1.19270e+09
1.50718	1.19318e+09
1.51020	1.18391e+09
1.51322	1.18039e+09
1.51624	1.17125e+09
1.51927	1.16516e+09
1.52231	1.15696e+09
1.52536	1.14241e+09
1.52841	1.14007e+09
1.53147	1.13460e+09
1.53453	1.12625e+09
1.53760	1.12029e+09
1.54067	1.10510e+09
1.54375	1.09404e+09
1.54684	1.09133e+09
1.54993	1.08440e+09
1.55303	1.07508e+09
1.55614	1.06593e+09
1.55925	1.05914e+09
1.56237	1.05380e+09
1.56550	1.04315e+09
1.56863	1.03553e+09
1.57176	1.02682e+09
1.57491	1.01914e+09
1.57806	1.01007e+09
1.58121	1.00161e+09
1.58438	9.94514e+08
1.58754	9.87081e+08
1.59072	9.77537e+08
1.59390	9.68895e+08
1.59709	9.60183e+08
1.60028	9.53106e+08
1.60348	9.44811e+08
1.60669	9.36464e+08
1.60990	9.28174e+08
1.61312	9.19291e+08
1.61635	9.11638e+08
1.61958	9.02983e+08
1.62282	8.95650e+08
1.62607	8.88640e+08
1.62932	8.80478e+08
1.63258	8.72445e+08
1.63584	8.64657e+08
1.63911	8.56834e+08
1.64239	8.48657e+08
1.64568	8.41168e+08
1.64897	8.33971e+08
1.65227	8.26335e+08
1.65557	8.19247e+08
1.65888	8.11315e+08
1.66220	8.03556e+08
1.66552	7.97395e+08
1.66886	7.91471e+08
1.67219	7.85548e+08
1.67554	7.78539e+08
1.67889	7.71603e+08
1.68225	7.64728e+08
1.68561	7.57581e+08
1.68898	7.50392e+08
1.69236	7.43274e+08
1.69574	7.36158e+08
1.69914	7.29089e+08
1.70253	7.23129e+08
1.70594	7.16255e+08
1.70935	7.08948e+08
1.71277	7.01750e+08
1.71620	6.93888e+08
1.71963	6.84133e+08
1.72307	6.78148e+08
1.72651	6.70177e+08
1.72997	6.63258e+08
1.73343	6.57861e+08
1.73689	6.53701e+08
1.74037	6.45044e+08
1.74385	6.42328e+08
1.74733	6.33654e+08
1.75083	6.23537e+08
1.75433	6.13782e+08
1.75784	6.07602e+08
1.76136	6.01528e+08
1.76488	6.00998e+08
1.76841	5.89196e+08
1.77194	5.79903e+08
1.77549	5.65961e+08
1.77904	5.54936e+08
1.78260	5.51213e+08
1.78616	5.36851e+08
1.78973	5.41838e+08
1.79331	5.43693e+08
1.79690	5.38660e+08
1.80049	5.09037e+08
1.80410	5.16292e+08
1.80770	5.22284e+08
1.81132	5.18091e+08
1.81494	5.14118e+08
1.81857	5.13256e+08
1.82221	5.13109e+08
1.82585	5.06738e+08
1.82950	5.02910e+08
1.83316	5.00099e+08
1.83683	4.91867e+08
1.84050	4.87157e+08
1.84418	4.79736e+08
1.84787	4.76932e+08
1.85157	4.66358e+08
1.85527	4.36465e+08
1.85898	4.40355e+08
1.86270	4.58283e+08
1.86642	4.55658e+08
1.87016	4.55262e+08
1.87390	4.55718e+08
1.87765	4.58748e+08
1.88140	4.60581e+08
1.88516	4.57756e+08
1.88893	4.51515e+08
1.89271	4.47317e+08
1.89650	4.52665e+08
1.90029	4.51690e+08
1.90409	4.41072e+08
1.90790	4.35767e+08
1.91171	4.34143e+08
1.91554	4.35787e+08
1.91937	4.31931e+08
1.92321	4.17957e+08
1.92705	4.17736e+08
1.93091	4.17385e+08
1.93477	4.10588e+08
1.93864	3.90852e+08
1.94252	3.83640e+08
1.94640	3.95025e+08
1.95029	4.07211e+08
1.95419	3.99897e+08
1.95810	3.93044e+08
1.96202	3.95164e+08
1.96594	3.94060e+08
1.96988	3.89671e+08
1.97382	3.82351e+08
1.97776	3.77972e+08
1.98172	3.79295e+08
1.98568	3.77368e+08
1.98965	3.79119e+08
1.99363	3.73921e+08
1.99762	3.70476e+08
2.00161	3.69831e+08
2.00562	3.70398e+08
2.00963	3.65332e+08
2.01365	3.63537e+08
2.01768	3.60281e+08
2.02171	3.63854e+08
2.02575	3.62691e+08
2.02981	3.58958e+08
2.03386	3.59206e+08
2.03793	3.58069e+08
2.04201	3.54035e+08
2.04609	3.50414e+08
2.05018	3.50138e+08
2.05428	3.49976e+08
2.05839	3.48767e+08
2.06251	3.44664e+08
2.06663	3.43605e+08
2.07077	3.41978e+08
2.07491	3.39007e+08
2.07906	3.37537e+08
2.08322	3.36380e+08
2.08738	3.34854e+08
2.09156	3.32733e+08
2.09574	3.30567e+08
2.09993	3.28056e+08
2.10413	3.26882e+08
2.10834	3.24837e+08
2.11256	3.22761e+08
2.11678	3.20946e+08
2.12102	3.18905e+08
2.12526	3.16841e+08
2.12951	3.14529e+08
2.13377	3.12628e+08
2.13804	3.10769e+08
2.14231	3.08923e+08
2.14660	3.07090e+08
2.15089	3.04771e+08
2.15519	3.02954e+08
2.15950	3.01244e+08
2.16382	2.99339e+08
2.16815	2.97388e+08
2.17248	2.95268e+08
2.17683	2.93383e+08
2.18118	2.91782e+08
2.18554	2.89906e+08
2.18992	2.87949e+08
2.19430	2.86025e+08
2.19868	2.84215e+08
2.20308	2.82436e+08
2.20749	2.80594e+08
2.21190	2.78962e+08
2.21633	2.77222e+08
2.22076	2.75303e+08
2.22520	2.73688e+08
2.22965	2.72069e+08
2.23411	2.70456e+08
2.23858	2.68491e+08
2.24306	2.66729e+08
2.24754	2.65668e+08
2.25204	2.64233e+08
2.25654	2.62518e+08
2.26105	2.60880e+08
2.26558	2.59330e+08
2.27011	2.57822e+08
2.27465	2.56476e+08
2.27920	2.54837e+08
2.28375	2.53520e+08
2.28832	2.52001e+08
2.29290	2.49676e+08
2.29748	2.47868e+08
2.30208	2.46356e+08
2.30668	2.44512e+08
2.31130	2.43392e+08
2.31592	2.41952e+08
2.32055	2.41109e+08
2.32519	2.39688e+08
2.32984	2.39132e+08
2.33450	2.37796e+08
2.33917	2.36480e+08
2.34385	2.35033e+08
2.34854	2.34193e+08
2.35323	2.32891e+08
2.35794	2.31079e+08
2.36266	2.29831e+08
2.36738	2.28932e+08
2.37212	2.28054e+08
2.37686	2.27737e+08
2.38161	2.26834e+08
2.38638	2.25910e+08
2.39115	2.24449e+08
2.39593	2.24345e+08
2.40072	2.22626e+08
2.40552	2.21726e+08
2.41034	2.20324e+08
2.41516	2.18855e+08
2.41999	2.17112e+08
2.42483	2.14899e+08
2.42968	2.14687e+08
2.43454	2.13596e+08
2.43940	2.12530e+08
2.44428	2.11463e+08
2.44917	2.11212e+08
2.45407	2.09954e+08
2.45898	2.05839e+08
2.46390	2.04125e+08
2.46882	2.01024e+08
2.47376	1.98580e+08
2.47871	1.96108e+08
2.48367	1.98488e+08
2.48863	1.95790e+08
2.49361	1.94196e+08
2.49860	1.96079e+08
2.50359	1.94235e+08
2.50860	1.92905e+08
2.51362	1.89198e+08
2.51865	1.90143e+08
2.52368	1.93753e+08
2.52873	1.92626e+08
2.53379	1.87587e+08
2.53886	1.85913e+08
2.54393	1.86982e+08
2.54902	1.86405e+08
2.55412	1.87532e+08
