0.6	369483249.137
0.6012	404863236.167
0.602402	436041770.973
0.603607	463462558.708
0.604814	512142459.594
0.606024	523010356.899
0.607236	551314693.713
0.60845	572439137.797
0.609667	593642279.999
0.610887	592537032.875
0.612108	611613842.172
0.613333	555581680.991
0.614559	536378164.265
0.615788	474240079.96
0.61702	375255161.026
0.618254	338626362.68
0.619491	283086801.529
0.620729	279202328.418
0.621971	223073054.081
0.623215	258255894.562
0.624461	245160124.874
0.62571	289372342.671
0.626962	289299763.851
0.628215	329065207.629
0.629472	348673559.476
0.630731	358805116.63
0.631992	437168546.888
0.633256	398820373.908
0.634523	444102940.567
0.635792	373219719.723
0.637063	393384223.598
0.638337	409366451.32
0.639614	460163674.963
0.640893	466625321.999
0.642175	470188095.426
0.643459	536474328.709
0.644746	489689036.24
0.646036	604058344.189
0.647328	584146032.381
0.648623	577461825.484
0.64992	567111579.314
0.65122	616260007.395
0.652522	694033385.781
0.653827	724867010.102
0.655135	788591373.676
0.656445	731631407.366
0.657758	771541134.446
0.659073	833101887.718
0.660391	763134556.458
0.661712	812281994.876
0.663036	701781433.375
0.664362	681771369.306
0.66569	658032312.414
0.667022	590398342.681
0.668356	569639150.666
0.669692	514384832.741
0.671032	437648268.133
0.672374	444642556.101
0.673719	374533455.013
0.675066	397051979.784
0.676416	430960417.413
0.677769	334710370.431
0.679124	392421200.964
0.680483	354165497.183
0.681844	408717262.267
0.683207	373186277.413
0.684574	444381665.036
0.685943	404143754.95
0.687315	419874734.474
0.688689	423171125.858
0.690067	464892702.43
0.691447	431662352.076
0.69283	570127927.171
0.694215	525699495.368
0.695604	642010288.323
0.696995	686466235.528
0.698389	740227096.886
0.699786	924498191.387
0.701185	903692527.646
0.702587	981694714.389
0.703993	1012458935.71
0.705401	982710092.789
0.706811	1022062016.27
0.708225	951800905.652
0.709641	750926494.093
0.711061	686166458.954
0.712483	726449907.912
0.713908	593724725.636
0.715336	623622944.158
0.716766	602172679.022
0.7182	675546314.392
0.719636	754582887.863
0.721075	845769986.037
0.722517	855018133.484
0.723962	963919076.536
0.72541	1297725432.36
0.726861	1269633407.56
0.728315	1332854942.97
0.729771	1542190267.28
0.731231	1515303480.1
0.732693	1749920513.97
0.734159	1784966774.31
0.735627	1697652766.32
0.737098	1908735258.75
0.738573	1753403355.31
0.74005	1989529946.49
0.74153	1978138313.67
0.743013	1928687990.84
0.744499	2131095244.23
0.745988	1973530440.51
0.74748	2028411261.41
0.748975	2065472373.09
0.750473	2095420038.13
0.751974	2091238313.15
0.753477	2195135483.93
0.754984	2169505790.36
0.756494	2309306028.05
0.758007	2237961253.02
0.759523	2146992518.8
0.761042	1993172582.09
0.762564	1904713915.05
0.764089	1711525450.7
0.765618	1527705162.26
0.767149	1357238239.96
0.768683	1267388794.37
0.77022	1284528691.66
0.771761	1387098375.89
0.773304	1548278968.98
0.774851	1548649100.35
0.776401	1506094667.28
0.777953	1821692370.52
0.779509	1469238769.98
0.781068	1952752380.0
0.78263	1800675473.26
0.784196	1916082463.36
0.785764	1896458065.97
0.787336	2147367309.06
0.78891	2031367120.56
0.790488	2138255163.35
0.792069	2167508932.58
0.793653	2260267568.83
0.79524	2275102058.28
0.796831	2410759517.56
0.798424	2382053656.55
0.800021	2511418631.65
0.801621	2552856350.13
0.803224	2676236009.21
0.804831	2755990855.37
0.80644	2769462757.5
0.808053	2839379555.47
0.809669	2936536362.38
0.811289	2942957681.19
0.812911	3027342697.73
0.814537	2947757443.87
0.816166	2963503979.95
0.817798	2854476553.63
0.819434	2825881131.52
0.821073	2872232640.19
0.822715	2829055243.79
0.82436	2988442626.94
0.826009	2886113733.0
0.827661	2904765147.13
0.829316	2885206428.0
0.830975	2903199021.87
0.832637	2739241897.17
0.834302	2759499352.85
0.835971	2704893128.87
0.837643	2674845257.24
0.839318	2596688975.72
0.840996	2362451563.19
0.842678	2350591736.01
0.844364	2072324903.07
0.846052	1903938828.06
0.847745	1912795074.86
0.84944	1918572451.25
0.851139	1937733201.06
0.852841	2028596412.3
0.854547	2012496091.3
0.856256	2052799784.05
0.857968	2246350097.22
0.859684	2332201751.16
0.861404	2298345670.8
0.863126	2526899050.24
0.864853	2412924210.99
0.866582	2560246615.58
0.868315	2475087599.54
0.870052	2627364903.45
0.871792	2590225934.55
0.873536	2822842338.35
0.875283	2815790088.2
0.877033	2906080230.96
0.878787	2932564314.54
0.880545	2968172372.67
0.882306	3016562631.87
0.88407	2939099096.42
0.885839	2921566998.72
0.88761	2976157333.37
0.889385	2901469602.82
0.891164	2940804845.79
0.892946	2953027538.39
0.894732	2988763906.37
0.896522	2989321016.69
0.898315	3030298260.96
0.900111	2845923157.99
0.901912	3106280011.14
0.903715	3111002353.17
0.905523	3121683006.55
0.907334	3180151039.94
0.909148	3292592673.75
0.910967	3234621320.8
0.912789	3433766048.71
0.914614	3391398342.13
0.916443	3489296785.31
0.918276	3364788390.36
0.920113	3352893014.7
0.921953	3220267801.04
0.923797	3143483902.3
0.925644	3160665072.4
0.927496	3054376451.39
0.929351	3057733210.08
0.931209	2941963744.17
0.933072	2935753292.02
0.934938	3018499264.47
0.936808	3007385786.16
0.938681	3026441769.12
0.940559	3033910992.7
0.94244	3221685229.01
0.944325	3153660198.48
0.946213	3191424557.18
0.948106	3241833989.27
0.950002	3275514436.05
0.951902	3264694633.07
0.953806	3339438767.71
0.955713	3206794737.74
0.957625	3300925742.12
0.95954	3306768915.57
0.961459	3240112398.61
0.963382	3321899571.5
0.965308	3166653869.31
0.967239	3277017252.78
0.969174	3142406768.61
0.971112	3270605340.39
0.973054	3171608392.71
0.975	3278190682.92
0.97695	3261161691.05
0.978904	3370930455.73
0.980862	3363718094.16
0.982824	3424477482.71
0.984789	3326491846.95
0.986759	3354026467.62
0.988732	3236103543.71
0.99071	3367350314.62
0.992691	3255983345.35
0.994676	3337136966.01
0.996666	3268635051.39
0.998659	3361228622.78
1.00066	3333319106.63
1.00266	3193654020.63
1.00466	3334542568.1
1.00667	3234069088.66
1.00869	3303854268.85
1.0107	3242726539.35
1.01272	3205201355.14
1.01475	3327559610.38
1.01678	3295906312.08
1.01881	3216156384.97
1.02085	3196761046.28
1.02289	3245188009.58
1.02494	3080678779.88
1.02699	3224815130.98
1.02904	3010627523.19
1.0311	3235526697.22
1.03316	3216486008.67
1.03523	3112725426.82
1.0373	3288720424.42
1.03937	3201479090.17
1.04145	3380278709.88
1.04353	3339775806.55
1.04562	3303687470.09
1.04771	3439098827.28
1.04981	3341041276.71
1.05191	3372006376.33
1.05401	3340116264.56
1.05612	3302237117.77
1.05823	3373896725.3
1.06035	3355356999.49
1.06247	3383633784.0
1.06459	3344399029.62
1.06672	3450085605.78
1.06886	3377089371.01
1.07099	3430563079.79
1.07314	3410135306.19
1.07528	3407432348.5
1.07743	3449804132.18
1.07959	3376953214.97
1.08175	3480705917.97
1.08391	3417396741.85
1.08608	3492863698.74
1.08825	3468766558.55
1.09043	3484803688.45
1.09261	3473100697.01
1.09479	3450115619.9
1.09698	3451861990.06
1.09918	3424564754.17
1.10137	3390482316.72
1.10358	3394636590.58
1.10578	3354566240.93
1.108	3336640925.96
1.11021	3288420645.63
1.11243	3340680237.77
1.11466	3332415717.87
1.11689	3297426546.84
1.11912	3384382302.87
1.12136	3283980060.14
1.1236	3345901279.24
1.12585	3319588682.32
1.1281	3303721040.87
1.13036	3270522386.16
1.13262	3261172018.77
1.13488	3161661348.53
1.13715	3145913230.38
1.13943	3109098852.82
1.1417	3107256375.76
1.14399	3190793169.1
1.14628	3207776670.66
1.14857	3316767848.6
1.15087	3304535461.45
1.15317	3324998917.29
1.15547	3289873439.27
1.15778	3302872843.37
1.1601	3263051131.99
1.16242	3268146212.38
1.16475	3224655455.73
1.16707	3237671968.41
1.16941	3206975075.36
1.17175	3199990774.92
1.17409	3186939435.89
1.17644	3150079799.05
1.17879	3175391921.45
1.18115	3182202228.02
1.18351	3201551351.05
1.18588	3186964354.87
1.18825	3194687858.24
1.19063	3146740855.3
1.19301	3167721406.18
1.19539	3160177346.8
1.19778	3184423870.15
1.20018	3146632999.95
1.20258	3197829785.71
1.20499	3183847987.58
1.2074	3209415112.7
1.20981	3206066644.46
1.21223	3220082563.1
1.21465	3214671837.03
1.21708	3220453646.31
1.21952	3208601196.53
1.22196	3210872717.81
1.2244	3207273375.94
1.22685	3213510209.1
1.2293	3229879499.02
1.23176	3219388353.74
1.23423	3199287446.93
1.23669	3191223913.31
1.23917	3112630500.44
1.24165	3163544710.05
1.24413	3076486115.42
1.24662	3127993867.96
1.24911	3080172747.96
1.25161	3127596186.53
1.25411	3116653596.25
1.25662	3102613530.09
1.25913	3110177931.95
1.26165	3100818495.17
1.26417	3113876526.77
1.2667	3118417221.35
1.26924	3124341655.57
1.27177	3105399434.47
1.27432	3090506091.35
1.27687	3085364231.53
1.27942	3064850347.81
1.28198	3058586913.72
1.28454	3047740806.96
1.28711	3052242109.79
1.28969	3039092428.26
1.29227	3056184913.17
1.29485	3062684637.05
1.29744	3079885401.83
1.30003	3072102482.34
1.30263	3059331594.29
1.30524	3042278616.32
1.30785	3003898910.92
1.31047	2989425019.23
1.31309	2947049125.52
1.31571	2940999231.01
1.31834	2926853389.73
1.32098	2936450514.12
1.32362	2884734435.21
1.32627	2887562075.58
1.32892	2720080999.71
1.33158	2768798242.13
1.33424	2581914941.09
1.33691	2631494572.44
1.33959	2463267510.02
1.34227	2500089571.32
1.34495	2449184207.04
1.34764	2449446857.27
1.35033	2473857410.85
1.35304	2437603838.08
1.35574	2360380319.0
1.35845	2384553311.48
1.36117	2289136115.48
1.36389	2278975339.01
1.36662	2302759581.94
1.36935	2305601247.51
1.37209	2339692049.39
1.37484	2362554287.38
1.37759	2358390340.15
1.38034	2350668115.45
1.3831	2341221599.93
1.38587	2317721619.95
1.38864	2294633934.55
1.39142	2220365139.79
1.3942	2238365826.4
1.39699	2108852287.62
1.39978	2225780943.29
1.40258	2126593400.25
1.40539	2127432202.82
1.4082	2059301483.9
1.41101	2158867789.79
1.41384	2059468333.14
1.41666	2125378987.38
1.4195	1949771180.99
1.42234	2077512574.47
1.42518	1952125781.09
1.42803	2013239734.36
1.43089	1956129468.08
1.43375	1971319320.43
1.43662	1953816458.37
1.43949	1996492401.44
1.44237	1947808221.72
1.44525	2000255393.69
1.44814	1997113551.98
1.45104	1991048839.58
1.45394	1978551014.58
1.45685	2014953868.21
1.45976	1941977678.81
1.46268	2032356292.29
1.46561	1905743860.65
1.46854	2052970253.8
1.47148	1917836839.57
1.47442	1979799131.48
1.47737	1984927400.54
1.48032	1951146030.47
1.48328	1982364174.01
1.48625	1963172810.78
1.48922	1970241184.98
1.4922	1973176149.97
1.49518	1977918166.91
1.49817	1954975774.4
1.50117	1939722730.96
1.50417	1976609807.4
1.50718	1977418582.39
1.5102	1967063099.57
1.51322	1940112253.04
1.51624	1999753928.89
1.51927	1914921758.51
1.52231	2003899167.37
1.52536	1948734388.8
1.52841	1984639831.58
1.53147	1961352702.91
1.53453	1975310561.15
1.5376	1967382162.52
1.54067	1999916523.38
1.54375	2009144935.31
1.54684	1960174535.72
1.54993	2002786588.21
1.55303	1961812019.54
1.55614	1999890298.89
1.55925	1970664776.16
1.56237	1990344106.33
1.5655	2007289519.92
1.56863	1981117353.41
1.57176	2004331246.88
1.57491	2030248636.35
1.57806	2011686212.41
1.58121	2021360616.94
1.58438	2044407087.03
1.58754	2032449090.24
1.59072	2063091641.54
1.5939	2020238999.1
1.59709	2052469232.46
1.60028	2034400923.49
1.60348	2047576004.69
1.60669	2044062613.08
1.6099	2030339134.43
1.61312	2041167059.92
1.61635	2025290671.29
1.61958	2039024985.75
1.62282	2039589397.65
1.62607	2051058830.21
1.62932	2052393630.76
1.63258	2069935651.17
1.63584	2061373779.93
1.63911	2072008359.06
1.64239	2068504142.03
1.64568	2078174321.37
1.64897	2072894954.36
1.65227	2070260843.47
1.65557	2071406455.53
1.65888	2053078390.71
1.6622	2054205699.83
1.66552	2051600659.39
1.66886	2045285554.49
1.67219	2027020476.51
1.67554	2032836213.3
1.67889	2025960002.44
1.68225	2009667703.63
1.68561	2010185504.55
1.68898	1984187366.56
1.69236	1986397468.38
1.69574	1953824421.38
1.69914	1942732086.75
1.70253	1901324296.54
1.70594	1868915045.88
1.70935	1847013751.44
1.71277	1831160632.69
1.7162	1789855393.6
1.71963	1798925355.87
1.72307	1758641162.94
1.72651	1760869778.83
1.72997	1753153724.41
1.73343	1663412399.56
1.73689	1711606309.99
1.74037	1627574740.03
1.74385	1663244796.2
1.74733	1565428103.75
1.75083	1572954218.34
1.75433	1490268008.04
1.75784	1498626307.19
1.76136	1479167592.23
1.76488	1439611651.66
1.76841	1375522148.13
1.77194	1387627015.05
1.77549	1358326086.48
1.77904	1380356456.5
1.7826	1308732250.54
1.78616	1418687281.22
1.78973	1301175314.63
1.79331	1373311701.98
1.7969	1275021567.9
1.80049	1354554747.47
1.8041	1257761378.0
1.8077	1309085754.64
1.81132	1257804642.58
1.81494	1242249573.72
1.81857	1252263817.05
1.82221	1277948271.25
1.82585	1254918355.27
1.8295	1215331164.74
1.83316	1227045893.93
1.83683	1221269964.26
1.8405	1158893179.5
1.84418	1127592890.72
1.84787	1118398965.66
1.85157	1053047503.9
1.85527	1058894657.23
1.85898	1046395763.28
1.8627	1098566778.31
1.86642	1079076211.77
1.87016	1111698879.19
1.8739	1054366176.48
1.87765	1120759528.18
1.8814	1042976760.3
1.88516	1135968326.94
1.88893	1083723463.62
1.89271	1129467531.01
1.8965	1108331606.51
1.90029	1093085393.97
1.90409	1104491325.45
1.9079	1081008344.83
1.91171	1065659619.11
1.91554	1087786568.77
1.91937	1067827356.69
1.92321	1064251055.91
1.92705	1045728396.29
1.93091	1031743055.59
1.93477	1015672424.38
1.93864	1022199754.08
1.94252	986475662.792
1.9464	991026958.079
1.95029	982941947.177
1.95419	1006809033.38
1.9581	976668205.912
1.96202	994987647.712
1.96594	976512323.169
1.96988	976430841.96
1.97382	952011708.604
1.97776	907778133.578
1.98172	913166330.565
1.98568	911218857.101
1.98965	916387986.707
1.99363	925161840.519
1.99762	950235899.659
2.00161	945400313.016
2.00562	976271881.819
2.00963	943959451.597
2.01365	958982406.773
2.01768	945213577.135
2.02171	939652562.227
2.02575	918834595.26
2.02981	943992752.758
2.03386	915126272.306
2.03793	937906952.463
2.04201	942507349.149
2.04609	878498681.568
2.05018	948363030.838
2.05428	893629900.278
2.05839	940055497.657
2.06251	920583351.539
2.06663	912459523.442
2.07077	914118005.603
2.07491	888469756.713
2.07906	888074767.048
2.08322	916939253.423
2.08738	891794465.11
2.09156	939427941.335
2.09574	903214519.79
2.09993	929584332.708
2.10413	892807494.601
2.10834	909688967.819
2.11256	909761498.108
2.11678	910920461.961
2.12102	917850853.963
2.12526	905071060.05
2.12951	907774674.314
2.13377	911155912.739
2.13804	898626403.925
2.14231	907730852.108
2.1466	906828238.686
2.15089	908623545.161
2.15519	919844874.991
2.1595	919826693.296
2.16382	901759199.408
2.16815	913355549.256
2.17248	903151297.907
2.17683	906624119.213
2.18118	899441104.448
2.18554	894789190.325
2.18992	902207993.47
2.1943	883706530.45
2.19868	896167737.44
2.20308	874434185.215
2.20749	883150719.554
2.2119	873183298.257
2.21633	874188877.668
2.22076	872827371.706
2.2252	878117239.406
2.22965	871976043.822
2.23411	886819456.922
2.23858	879905604.316
2.24306	881197151.326
2.24754	883649256.278
2.25204	879337781.66
2.25654	872888577.503
2.26105	867788877.331
2.26558	861529083.423
2.27011	860574422.42
2.27465	852211433.501
2.2792	841124553.381
2.28375	832465640.891
2.28832	813309913.857
2.2929	813758116.098
2.29748	789737978.617
2.30208	811607399.03
2.30668	776439584.352
2.3113	792919819.417
2.31592	773514471.466
2.32055	757014682.655
2.32519	740345616.886
2.32984	740361591.735
2.3345	740164906.315
2.33917	730238182.194
2.34385	727648486.376
2.34854	708974425.238
2.35323	712897814.0
2.35794	706925506.769
2.36266	709079259.598
2.36738	700865490.1
2.37212	672901096.638
2.37686	686685958.555
2.38161	652846375.655
2.38638	655276737.918
2.39115	646638331.179
2.39593	626374612.602
2.40072	607683074.834
2.40552	602443268.6
2.41034	576576369.131
2.41516	585033931.831
2.41999	567886409.457
2.42483	554966677.874
2.42968	565912738.105
2.43454	529718546.406
2.4394	538882441.87
2.44428	514669237.404
2.44917	527105942.573
2.45407	503252533.675
2.45898	517773148.927
2.4639	507026016.33
2.46882	518834296.88
2.47376	497337775.104
2.47871	517760433.598
2.48367	486267302.019
2.48863	491202953.747
2.49361	477384551.794
2.4986	457739408.861
2.50359	465356883.082
2.5086	442519891.53
2.51362	456062243.535
2.51865	425090237.841
2.52368	439897218.614
2.52873	423079549.276
2.53379	434982456.198
2.53886	428874630.825
2.54393	429667127.14
2.54902	435854210.437
2.55412	415357691.435
