#wavelength	surface flux
0.6450077295303345	2668136.50852181
0.6472567915916443	3884161.8842186434
0.6494921445846558	4373262.885849509
0.6517150402069092	4444477.959214598
0.6539263725280762	4534138.911880908
0.6561272740364075	4299149.028483957
0.6583186388015747	4018946.999278198
0.6605015397071838	3903461.163133172
0.6626768708229065	3835637.2264956133
0.6648455858230591	3769860.4831606317
0.6670085787773132	3758691.4926792616
0.6691668033599854	3788701.0309129073
0.6713210344314575	3833043.674593008
0.6734722256660461	3964200.033870262
0.6756211519241333	4224197.233493229
0.6777685880661011	4506641.523682003
0.6799154281616211	4765222.917675242
0.6820623278617859	5088673.698663031
0.6842101216316223	5385508.961367891
0.6863595843315125	5516644.570634057
0.688511312007904	5567069.403356375
0.6906660795211792	5672232.904950158
0.6928245425224304	5875704.139638493
0.6949873566627502	6139784.23330776
0.6971551775932312	6359327.807831793
0.6993286609649658	6541703.600102412
0.7015084028244019	6963289.281416145
0.7036949396133423	7327181.120941898
0.7058889269828796	6830819.463647246
0.7080909013748169	6050068.277514478
0.710301399230957	5810311.618082944
0.712520956993103	5865939.391388754
0.7147500514984131	6114932.650024378
0.7169892191886902	6718898.486150409
0.7192389369010925	7481488.943514313
0.7214996814727783	8300089.483248356
0.723771870136261	9684766.44289814
0.7260559797286987	11710036.876628866
0.7283523678779602	14356460.437963234
0.7306615710258484	18253234.12925908
0.7329838871955872	21931243.53550525
0.7353196740150452	23199858.716300644
0.7376693487167358	22927299.917124584
0.7400332689285278	21392631.660328615
0.7424117922782898	18651721.677302264
0.7448052167892456	16073057.096700327
0.7472138404846191	14538661.113042481
0.7496379613876343	14668570.405714644
0.7520779371261597	16753110.67430222
0.7545340061187744	20609815.885453
0.7570064663887024	23084856.139420997
0.7594954967498779	22051618.420184657
0.7620013952255249	19574928.14975128
0.7645244002342224	15205097.73324825
0.7670646905899048	10449516.068363719
0.7696225643157959	10205060.004247963
0.7721980810165405	14751493.989064714
0.7747915983200073	19802951.16184423
0.7774031162261963	22835031.00101889
0.7800329327583313	25665017.357063033
0.7826811671257019	27322099.784854412
0.7853479981422424	25795140.99576722
0.7880334854125977	23313707.15094561
0.7907378077507019	20202964.354851343
0.7934610247612	16619101.310060943
0.7962033748626709	15009045.803313809
0.7989648580551147	15668290.690648822
0.801745593547821	18791902.87997322
0.8045456409454346	24680158.37903687
0.8073651194572449	35200812.29813781
0.8102040886878967	53905998.90405206
0.8130625486373901	79137296.67307855
0.8159406185150146	102102307.25653514
0.8188382983207703	107415434.68694668
0.8217556476593018	97335851.34231125
0.8246926665306091	93426442.49191442
0.8276493549346924	91488265.32607128
0.8306257724761963	85680283.31085244
0.8336219191551208	85586349.83949807
0.8366377949714661	88284985.45213045
0.8396733403205872	88620918.32411693
0.8427285552024841	77193974.6626906
0.8458034992218018	55173149.39863837
0.8488980531692505	43528408.23452645
0.8520121574401855	43820605.43416935
0.8551458716392517	44930433.20776285
0.8582990765571594	44501133.41404266
0.8614717125892639	43840615.706284404
0.8646637797355652	44105796.42207464
0.8678751587867737	45157024.14599234
0.8711057901382446	48857691.6823367
0.8743556141853333	56669064.33579271
0.87762451171875	69742206.36353
0.8809124231338501	85602178.62192872
0.8842192888259888	93171827.21295947
0.8875449895858765	88135085.00188853
0.8908893465995789	88711236.89671454
0.894252359867096	101288608.4315169
0.8976338505744934	122564613.98785003
0.9010337591171265	152208044.32779795
0.9044519662857056	185460764.32270318
0.9078882932662964	227524863.10533726
0.9113426208496094	275365504.707464
0.914814829826355	321051281.7707963
0.9183048605918884	333508501.0530102
0.9218124747276306	271902892.8554373
0.925337553024292	192169094.51031688
0.9288799166679382	155375950.35975456
0.9324395060539246	147738451.01897135
0.9360161423683167	154612377.9307648
0.9396095871925354	166540463.54656214
0.943219780921936	177531433.08774796
0.9468464851379395	186691882.65130317
0.9504896402359009	187745067.5158096
0.9541489481925964	176719945.89743453
0.9578243494033813	162135268.2648353
0.9615156054496765	153797228.840736
0.9652225375175476	160180645.56029364
0.9689450263977051	177300652.08791608
0.9726828336715698	192205064.2229048
0.9764357805252075	211834442.0223948
0.9802037477493286	239728245.21946785
0.983986496925354	272776429.48127776
0.9877838492393494	304746751.8038632
0.9915955662727356	321587273.1806947
0.9954215884208679	344416929.2143481
0.9992615580558777	366673520.3087459
1.0031154155731201	370195571.8891931
1.0069829225540161	384263425.4134356
1.0108637809753418	417438660.97645265
1.0147579908370972	438739042.3504856
1.018665075302124	448211052.1471113
1.022585153579712	461276903.2847608
1.0265177488327026	465821514.5500817
1.0304628610610962	479616326.88955796
1.0344202518463135	512666886.5452683
1.0383895635604858	540417323.2239187
1.0423706769943237	536521244.1194462
1.0463634729385376	470639647.6580173
1.0503677129745483	364328790.63401765
1.0543830394744873	278683377.22053444
1.058409333229065	244647367.15947577
1.0624464750289917	267752028.03401318
1.0664942264556885	329485164.6682821
1.0705522298812866	408100488.5228777
1.0746204853057861	490056217.45728576
1.0786986351013184	564514180.0210252
1.0827864408493042	625005956.5203431
1.086883783340454	655214840.5059084
1.0909905433654785	651487197.8163725
1.0951062440872192	628855695.6991218
1.0992310047149658	597440383.8957732
1.10336434841156	546894317.2152953
1.1075061559677124	502299254.05253136
1.1116561889648438	501194842.3315422
1.115814208984375	513317132.45444524
1.1199802160263062	524083344.21069205
1.124153733253479	553140271.1281813
1.1283347606658936	574201289.5866671
1.1325229406356812	557637983.0312195
1.1367181539535522	529818274.78730094
1.1409201622009277	527295486.6931383
1.145128846168518	555366983.1782322
1.1493438482284546	585706760.6579834
1.1535650491714478	595943672.1482228
1.1577922105789185	599263423.2397537
1.1620250940322876	602239414.3686002
1.1662636995315552	583334480.9071043
1.170507550239563	534740347.55413276
1.174756646156311	470889981.00738627
1.1790107488632202	417245314.6147558
1.1832695007324219	398982995.8996209
1.1875330209732056	405692244.97353876
1.191800832748413	425281448.343264
1.1960728168487549	457799726.6093273
1.2003488540649414	499306747.68267894
1.2046287059783936	547790153.3431231
1.2089121341705322	593984177.4421614
1.2131990194320679	638584969.1883082
1.2174891233444214	681806122.618226
1.2217823266983032	715966630.0644644
1.2260783910751343	745957020.290599
1.230377197265625	770975422.9786431
1.2346785068511963	784254732.5338019
1.238982081413269	771496347.8944974
1.2432878017425537	742085475.9411144
1.2475954294204712	742382045.4350938
1.2519049644470215	757532574.1946901
1.256216049194336	760156242.2428185
1.2605286836624146	766404154.364848
1.2648425102233887	779989581.0311679
1.2691574096679688	792895485.0489162
1.2734732627868652	803851030.6415075
1.2777899503707886	818148877.3615099
1.2821072340011597	826113153.9291334
1.2864248752593994	824650509.9756603
1.2907428741455078	830470762.8539144
1.2950609922409058	844522309.7081254
1.2993791103363037	852977136.1021965
1.303696870803833	851417001.280243
1.3080145120620728	837232677.6800779
1.3123314380645752	815755194.073006
1.3166478872299194	796917597.6745276
1.3209635019302368	773026631.3816371
1.3252781629562378	725359099.0951012
1.3295916318893433	628408522.4543793
1.3339040279388428	491682945.72163284
1.3382149934768677	389104790.9121895
1.3425244092941284	345124904.3892219
1.3468321561813354	326967158.3956496
1.3511382341384888	314273451.8404098
1.3554422855377197	298024842.60705656
1.3597444295883179	283754077.7250358
1.3640443086624146	274359493.6300747
1.3683418035507202	263249333.7691448
1.3726370334625244	252103004.83511877
1.3769296407699585	256884511.82817578
1.381219506263733	271702363.4454492
1.3855066299438477	278034954.40157413
1.3897908926010132	271449940.2701398
1.3940720558166504	260534528.25325796
1.3983501195907593	252242417.49591202
1.4026249647140503	246273970.58766955
1.4068963527679443	237345224.31171194
1.4111642837524414	225392743.02546704
1.4154287576675415	215751792.48643908
1.419689416885376	209458208.8518985
1.4239463806152344	204330192.56854907
1.4281994104385376	201169595.4084318
1.4324485063552856	203127463.84306517
1.436693549156189	208650792.2661593
1.440934419631958	215672706.210841
1.4451709985733032	222573740.3023455
1.449403166770935	231460236.76119617
1.453631043434143	240691659.3411869
1.4578542709350586	245039434.87323555
1.4620729684829712	242930022.9620592
1.4662868976593018	237058181.34176597
1.4704961776733398	232751995.54632312
1.4747005701065063	235009785.1743502
1.4788999557495117	241510839.62531677
1.4830944538116455	248318982.44581717
1.4872838258743286	254486806.74975026
1.491468071937561	257308287.20193982
1.4956470727920532	261433099.17086962
1.4998208284378052	267057316.40851843
1.5039892196655273	272072150.60826755
1.5081522464752197	280241130.3916066
1.5123097896575928	291427404.92423844
1.5164618492126465	299840165.4209645
1.5206083059310913	304920780.1670671
1.5247491598129272	309433747.9296789
1.5288842916488647	314174530.70766276
1.5330137014389038	319324185.0820285
1.5371372699737549	325472659.2186873
1.541254997253418	334488533.34334666
1.545366883277893	346007910.5124489
1.5494728088378906	356861717.1174046
1.5535727739334106	362976358.8866533
1.5576666593551636	366258175.4470917
1.561754584312439	376101692.4022992
1.5658363103866577	391996219.1862005
1.5699119567871094	405412842.4150557
1.5739814043045044	416406291.98942274
1.5780447721481323	424898381.3640702
1.582101821899414	434746893.91084456
1.5861525535583496	448459267.3465881
1.5901970863342285	459879655.7923877
1.5942351818084717	470283633.8445015
1.5982669591903687	481730983.06247616
1.6022924184799194	491535801.9636011
1.606311559677124	501285349.0255153
1.6103241443634033	510869339.3217337
1.6143304109573364	522021340.691467
1.6183301210403442	532934653.8449134
1.6223233938217163	542007168.9769714
1.6263102293014526	551422666.7633631
1.6302905082702637	559159314.239561
1.634264349937439	568117895.9109483
1.638231635093689	578327407.7999332
1.6421923637390137	586776981.009658
1.646146535873413	595572652.6649007
1.6500942707061768	600496991.5486971
1.6540353298187256	605033326.060796
1.6579699516296387	610754382.2111607
1.661897897720337	615894566.7729051
1.6658192873001099	625694975.1796256
1.6697341203689575	633843506.0833646
1.6736423969268799	640712687.4023844
1.677544116973877	648367255.9044541
1.6814392805099487	651346563.4785693
1.6853278875350952	646839985.4915335
1.6892099380493164	638629620.8669643
1.6930854320526123	628352428.5845894
1.696954369544983	613598348.8068459
1.7008168697357178	601933159.1504436
1.7046726942062378	588525238.6914872
1.708522081375122	565509393.7733109
1.712364912033081	536806731.3802147
1.7162011861801147	505108199.4240556
1.7200311422348022	484528500.69159144
1.723854422569275	479691277.44236434
1.7276713848114014	473974808.64177054
1.731481909751892	459047687.6773259
1.7352858781814575	444630623.84380084
1.7390835285186768	439700601.7276336
1.7428747415542603	433473365.99213153
1.7466596364974976	420327182.4297351
1.7504380941390991	409532417.9035305
1.7542102336883545	398462360.8149013
1.7579760551452637	384406885.2710347
1.7617355585098267	376544652.2634448
1.7654887437820435	371118922.9374837
1.7692357301712036	356896790.72174793
1.7729763984680176	337328657.2168506
1.776710867881775	322356036.6846295
1.7804391384124756	316353113.8504179
1.7841613292694092	310380747.8048613
1.7878772020339966	298458830.9136698
1.7915871143341064	288588423.14837915
1.7952908277511597	283708269.7621564
1.7989884614944458	275017543.62687826
1.8026801347732544	263915679.48190236
1.806365728378296	257168255.07690907
1.8100452423095703	254632877.66317073
1.8137187957763672	261453876.6017227
1.817386507987976	260452361.90484253
1.8210482597351074	250191624.9201723
1.8247040510177612	250700683.75517306
1.828354001045227	251409587.0491399
1.8319982290267944	244567001.04467505
1.8356364965438843	239797187.52514258
1.8392690420150757	235919057.77745163
1.8428958654403687	224942503.05881444
1.8465168476104736	212711039.4937373
1.8501322269439697	211658176.5134262
1.8537418842315674	211555020.59204876
1.8573459386825562	196696526.80887285
1.860944390296936	186506826.07542887
1.864537239074707	194031451.31995967
1.8681244850158691	204316563.2917352
1.871706247329712	207449402.4675141
1.8752825260162354	204059709.54279324
1.8788533210754395	205073008.08178937
1.8824186325073242	218502453.43182263
1.8859784603118896	228381585.65396434
1.8895330429077148	223287621.28011096
1.8930821418762207	215039278.14697856
1.8966259956359863	219046279.4633831
1.9001644849777222	229604728.64924312
1.9036977291107178	232481775.04780746
1.9072256088256836	230428339.71903715
1.9107483625411987	229544709.90712568
1.9142658710479736	231027991.52683645
1.9177782535552979	230081895.99385893
1.9212853908538818	228596449.3396919
1.9247875213623047	227097978.3929617
1.9282845258712769	223246331.85844314
1.9317764043807983	221736568.20163873
1.9352631568908691	223957011.898924
1.9387450218200684	222724625.50416604
1.942221760749817	220808778.55268052
1.9456936120986938	224211046.68313712
1.9491604566574097	224985815.9568715
1.952622413635254	220163450.23416886
1.956079363822937	219607221.1307965
1.959531545639038	225190981.39792913
1.962978720664978	225796677.90824836
1.966421127319336	224384899.4798499
1.9698586463928223	226313120.45020622
1.9732913970947266	224430812.17473286
1.9767193794250488	218892671.45901635
1.9801424741744995	215173599.1865706
1.9835609197616577	213062804.31653142
1.9869745969772339	210239464.04027563
1.990383505821228	208580960.22263053
1.9937876462936401	212068280.79907995
1.9971871376037598	211265964.01817977
2.000581979751587	207136819.2276834
2.003972291946411	208949919.35474652
2.007357597351074	212546064.48301613
2.0107386112213135	212790318.8703992
2.0141148567199707	211010239.20666707
2.017486572265625	209054458.97867775
2.0208535194396973	211916090.79526317
2.0242159366607666	216960885.10447007
2.027573823928833	216105888.59191576
2.0309269428253174	216975829.8640393
2.034275770187378	219576243.8807828
2.0376198291778564	218086911.4997631
2.040959596633911	217212898.96779227
2.044294595718384	220871091.39813614
2.0476250648498535	224328315.58498508
2.0509510040283203	223367803.06061795
2.054272413253784	224133226.37239355
2.057589530944824	230805285.89116785
2.0609018802642822	230923233.54388133
2.0642096996307373	226427999.2718068
2.0675129890441895	232274805.45350748
2.0708119869232178	237747666.68041977
2.074106216430664	237499666.57616556
2.0773961544036865	240675558.19396302
2.080681324005127	243877935.8955754
2.0839622020721436	245524197.55279168
2.087238311767578	248239343.92394498
2.090510129928589	252641354.9318918
2.0937774181365967	255713970.19517758
2.0970399379730225	257788475.15028524
2.1002981662750244	262681826.72204608
2.1035518646240234	265228918.8955236
2.1068007946014404	265259448.2314466
2.1100454330444336	269108284.89244664
2.1132853031158447	276733163.57880425
2.116520881652832	280073308.3682837
2.1197516918182373	280988057.57077384
2.1229779720306396	285859851.6302717
2.12619948387146	287268299.84588987
2.1294167041778564	286117997.8219823
2.132629156112671	291947278.92180836
2.1358368396759033	298216482.5969645
2.139039993286133	297005931.32713133
2.1422386169433594	299656292.85607004
2.145432472229004	308686677.5843919
2.1486217975616455	308319190.4481502
2.151806354522705	304082722.02907187
2.1549863815307617	307573916.3976979
2.1581614017486572	313065167.6459014
2.16133189201355	315733286.0764167
2.1644976139068604	317937715.6584582
2.167658567428589	322285849.8560547
2.1708147525787354	323461806.2101848
2.173966407775879	320945246.5398188
2.1771130561828613	318648904.803136
2.1802549362182617	319790985.4238186
2.183391809463501	323598059.50796723
2.1865241527557373	326270025.1238649
2.1896514892578125	328168618.2614078
2.1927738189697266	328384498.0609769
2.1958916187286377	330670418.9607165
2.1990041732788086	334276886.88331234
2.2021119594573975	332596977.1343182
2.2052149772644043	329582484.5042954
2.208312749862671	331746272.58230895
2.2114057540893555	337296168.70230174
2.214493751525879	339254541.86967057
2.217576742172241	333876830.22921795
2.2206547260284424	331447832.49364424
2.2237277030944824	338144583.8639218
2.2267956733703613	340098952.9097953
2.2298583984375	338861237.9088651
2.2329163551330566	339258834.8433035
2.235969066619873	337555374.00764424
2.2390167713165283	341116403.22686553
2.2420592308044434	345043532.8273611
2.2450966835021973	346400724.4338614
2.248128890991211	348416789.54851204
2.2511560916900635	346666241.55862045
2.254178285598755	342307481.23519975
2.257194995880127	340791963.30723995
2.260206699371338	341120835.42140675
2.2632133960723877	340818720.81608325
2.266214609146118	342662836.0719117
2.2692108154296875	343283145.9306864
2.2722020149230957	342487211.18053246
2.2751877307891846	343773646.17945886
2.278168201446533	340940474.52923524
2.2811436653137207	336606081.00960267
2.284113883972168	338146197.82081276
2.287078857421875	343649410.5791555
2.290038824081421	338371764.9344191
2.2929933071136475	304881856.48292845
2.295942783355713	275916362.67577815
2.298887014389038	281915626.3504884
2.301826238632202	295920488.57061195
2.304760217666626	301571913.7639676
2.3076889514923096	302129247.257871
2.310612440109253	296981962.656911
2.3135311603546143	292332613.8712592
2.3164443969726562	293568697.9232138
2.319352865219116	291297793.79282886
2.322256088256836	271595996.2123928
2.3251543045043945	256073744.54085863
2.328047275543213	260794330.02558756
2.330935478210449	265192187.61156538
2.3338186740875244	265297651.62570605
2.3366971015930176	263272225.06351247
2.3395702838897705	259202780.16705844
2.3424389362335205	260656725.1309734
2.3453025817871094	265859614.52098516
2.348161458969116	263994494.15516767
2.351015567779541	243243619.8380446
2.353865146636963	224077879.49045476
2.3567099571228027	228192252.05275956
2.3595502376556396	235077275.79789737
2.3623859882354736	236790719.0559323
2.3652172088623047	240679686.1296565
2.368043899536133	244495721.5699963
2.370866537094116	248205044.25880924
2.3736846446990967	247376485.5108039
2.3764986991882324	239274338.2105988
2.3793084621429443	230617866.3327831
2.3821144104003906	218879320.71972382
2.384916305541992	208733559.51606977
2.387714147567749	210401753.5596861
2.3905084133148193	215395681.7169746
2.393299102783203	216951541.26001948
2.3960859775543213	216983263.3527671
2.398869514465332	212430338.50753713
2.4016497135162354	206823353.6068179
2.4044265747070312	203716410.45263562
2.407200336456299	196057692.81938273
2.409970998764038	187656715.47662672
2.4127390384674072	183981486.86916748
2.415503978729248	181326932.81838357
2.418266534805298	181299780.02985793
2.4210267066955566	182730306.6478667
2.4237842559814453	179690175.6086199
2.426539897918701	173195187.1817252
2.429293394088745	170008798.25304562
2.4320452213287354	168953714.8566995
2.4347951412200928	165827231.15460473
2.4375438690185547	165095069.9564469
2.440291166305542	166312967.17794928
2.443037271499634	162543991.28684008
2.445782423019409	158812234.71117607
2.4485268592834473	156427757.75329006
2.451270818710327	149303885.25556585
2.454014539718628	144208506.35039937
2.4567582607269287	149050645.54085004
2.4595019817352295	150443844.65765974
2.4622461795806885	148673880.16593754
2.4649908542633057	151261218.34825975
2.4677364826202393	147324476.038343
2.4704833030700684	139416940.55916414
2.473231554031372	132682739.58398293
2.4759814739227295	131725445.8803141
2.4787333011627197	131674155.78557749
2.481487512588501	129427678.01218727
2.4842441082000732	133281320.23381054
2.4870035648345947	131458300.46460536
2.4897661209106445	123885377.62439664
2.492532253265381	126534777.36304256
2.495302200317383	131373861.14430238
2.4980762004852295	127928428.08282714
2.500854969024658	123454529.20523728
2.50363826751709	117438831.61781447
2.506427049636841	113084812.38613053
2.509221315383911	115977527.17048061
2.512021541595459	112709499.2838224
2.5148282051086426	108162116.24926731
2.517641544342041	112211855.7691636
2.5204622745513916	113252598.10067517
2.5232906341552734	109315709.0096157
2.5261268615722656	107811061.2685715
2.5289716720581055	109923245.3175933
2.531825542449951	111996464.18910041
2.534688949584961	108571273.23814087
2.537562131881714	103035715.5113363
2.540445566177368	101466013.06602088
2.5433402061462402	101779280.54539749
2.546246290206909	102105883.84712689
2.549164056777954	102816080.8208742
2.5520944595336914	97108877.2865214
2.5550382137298584	77520476.9487577
