#wavelength	surface_flux
0.001	1.8588313995033331e-93
0.00101	1.8588313995033327e-93
0.0010201000000000001	1.8588313995033331e-93
0.0010303010000000002	1.8588313995033327e-93
0.00104060401	1.8588313995033327e-93
0.0010510100501000001	1.858831399503333e-93
0.0010615201506010002	1.8588313995033333e-93
0.00107213535210701	1.8588313995033331e-93
0.0010828567056280802	1.8588313995033331e-93
0.0010936852726843608	1.858831399503333e-93
0.0011046221254112046	1.8588313995033338e-93
0.0011156683466653167	1.8588313995033323e-93
0.0011268250301319698	1.858831399503333e-93
0.0011380932804332896	1.8588313995033323e-93
0.0011494742132376226	1.8588313995033333e-93
0.0011609689553699987	1.858831399503333e-93
0.0011725786449236987	1.8588313995033323e-93
0.0011843044313729356	1.8588313995033331e-93
0.001196147475686665	1.8588313995033333e-93
0.0012081089504435317	1.8588313995033325e-93
0.0012201900399479671	1.8588313995033323e-93
0.0012323919403474468	1.8588313995033333e-93
0.0012447158597509213	1.8588313995033331e-93
0.0012571630183484304	1.858831399503333e-93
0.0012697346485319148	1.8588313995033331e-93
0.0012824319950172339	1.8588313995033325e-93
0.0012952563149674064	1.858831399503333e-93
0.0013082088781170805	1.8588313995033327e-93
0.001321290966898251	1.8588313995033323e-93
0.0013345038765672336	1.8588313995033327e-93
0.001347848915332906	1.8588313995033331e-93
0.0013613274044862352	1.8588313995033327e-93
0.0013749406785310975	1.8588313995033327e-93
0.0013886900853164084	1.8588313995033331e-93
0.0014025769861695724	1.8588313995033327e-93
0.0014166027560312683	1.8588313995033331e-93
0.001430768783591581	1.858831399503333e-93
0.0014450764714274969	1.8588313995033331e-93
0.0014595272361417717	1.8588313995033333e-93
0.0014741225085031894	1.8588313995033327e-93
0.0014888637335882214	1.8588313995033327e-93
0.0015037523709241036	1.858831399503333e-93
0.0015187898946333446	1.858831399503333e-93
0.001533977793579678	1.8588313995033327e-93
0.001549317571515475	1.8588313995033336e-93
0.0015648107472306296	1.858831399503333e-93
0.001580458854702936	1.8588313995033331e-93
0.0015962634432499655	1.8588313995033333e-93
0.001612226077682465	1.8588313995033331e-93
0.0016283483384592896	1.8588313995033323e-93
0.0016446318218438828	1.8588313995033325e-93
0.0016610781400623216	1.8588313995033331e-93
0.0016776889214629447	1.8588313995033327e-93
0.0016944658106775741	1.8588313995033327e-93
0.00171141046878435	1.8588313995033333e-93
0.0017285245734721935	1.8588313995033323e-93
0.0017458098192069155	1.8588313995033325e-93
0.0017632679173989845	1.8588313995033333e-93
0.0017809005965729746	1.858831399503332e-93
0.0017987096025387042	1.8588313995033327e-93
0.0018166966985640914	1.858831399503333e-93
0.0018348636655497322	1.8588313995033333e-93
0.0018532123022052297	1.8588313995033325e-93
0.001871744425227282	1.8588313995033331e-93
0.0018904618694795547	1.8588313995033338e-93
0.0019093664881743501	1.8588313995033338e-93
0.0019284601530560937	1.8588313995033336e-93
0.0019477447545866546	1.8588313995033323e-93
0.001967222202132521	1.8588313995033331e-93
0.0019868944241538465	1.8588313995033331e-93
0.0020067633683953853	1.8588313995033327e-93
0.002026831002079339	1.8588313995033331e-93
0.0020470993121001323	1.8588313995033331e-93
0.0020675703052211334	1.858831399503333e-93
0.002088246008273345	1.8588313995033327e-93
0.0021091284683560784	1.8588313995033333e-93
0.0021302197530396394	1.8588313995033325e-93
0.002151521950570036	1.8588313995033333e-93
0.002173037170075736	1.858831399503333e-93
0.0021947675417764933	1.8588313995033331e-93
0.0022167152171942584	1.858831399503333e-93
0.002238882369366201	1.8588313995033331e-93
0.0022612711930598633	1.858831399503333e-93
0.0022838839049904615	1.8588313995033333e-93
0.0023067227440403664	1.8588313995033333e-93
0.00232978997148077	1.8588313995033327e-93
0.0023530878711955777	1.858831399503333e-93
0.0023766187499075337	1.858831399503333e-93
0.0024003849374066087	1.858831399503333e-93
0.002424388786780675	1.858831399503333e-93
0.0024486326746484817	1.8588313995033331e-93
0.0024731190013949664	1.858831399503333e-93
0.0024978501914089163	1.858831399503333e-93
0.0025228286933230053	1.8588313995033331e-93
0.0025480569802562355	1.8588313995033327e-93
0.0025735375500587983	1.8588313995033323e-93
0.0025992729255593858	1.8588313995033327e-93
0.00262526565481498	1.858831399503333e-93
0.0026515183113631296	1.8588313995033327e-93
0.002678033494476761	1.8588313995033325e-93
0.0027048138294215283	1.858831399503333e-93
0.002731861967715744	1.8588313995033333e-93
0.002759180587392901	1.858831399503333e-93
0.0027867723932668304	1.8588313995033327e-93
0.002814640117199499	1.8588313995033327e-93
0.0028427865183714937	1.8588313995033327e-93
0.002871214383555209	1.8588313995033325e-93
0.0028999265273907606	1.858831399503333e-93
0.002928925792664668	1.858831399503333e-93
0.002958215050591315	1.858831399503333e-93
0.002987797201097228	1.8588313995033327e-93
0.0030176751731082006	1.858831399503333e-93
0.0030478519248392827	1.858831399503333e-93
0.0030783304440876753	1.8588313995033327e-93
0.0031091137485285522	1.8588313995033331e-93
0.0031402048860138376	1.8588313995033325e-93
0.0031716069348739764	1.858831399503333e-93
0.003203323004222716	1.858831399503333e-93
0.003235356234264943	1.8588313995033333e-93
0.003267709796607593	1.8588313995033323e-93
0.0033003868945736684	1.858831399503333e-93
0.003333390763519405	1.8588313995033325e-93
0.0033667246711545995	1.8588313995033327e-93
0.0034003919178661455	1.8588313995033327e-93
0.0034343958370448065	1.8588313995033327e-93
0.0034687397954152547	1.8588313995033327e-93
0.0035034271933694077	1.858831399503333e-93
0.0035384614653031017	1.8588313995033333e-93
0.0035738460799561327	1.8588313995033327e-93
0.003609584540755694	1.8588313995033327e-93
0.003645680386163251	1.8588313995033325e-93
0.0036821371900248832	1.8588313995033331e-93
0.0037189585619251324	1.8588313995033336e-93
0.0037561481475443838	1.8588313995033327e-93
0.0037937096290198277	1.8588313995033333e-93
0.003831646725310026	1.8588313995033331e-93
0.003869963192563126	1.8588313995033327e-93
0.003908662824488757	1.8588313995033331e-93
0.003947749452733645	1.858831399503333e-93
0.003987226947260982	1.8588313995033333e-93
0.004027099216733592	1.8588313995033323e-93
0.004067370208900928	1.8588313995033333e-93
0.004108043910989938	1.858831399503333e-93
0.004149124350099836	1.858831399503333e-93
0.004190615593600834	1.8588313995033336e-93
0.004232521749536843	1.8588313995033327e-93
0.004274846967032212	1.8588313995033331e-93
0.004317595436702534	1.8588313995033327e-93
0.004360771391069559	1.858831399503333e-93
0.0044043791049802545	1.8588313995033331e-93
0.004448422896030057	1.8588313995033325e-93
0.0044929071249903575	1.8588313995033333e-93
0.004537836196240262	1.8588313995033327e-93
0.004583214558202664	1.8588313995033331e-93
0.004629046703784691	1.8588313995033331e-93
0.0046753371708225374	1.8588313995033333e-93
0.004722090542530763	1.8588313995033323e-93
0.004769311447956071	1.8588313995033331e-93
0.004817004562435632	1.8588313995033338e-93
0.004865174608059988	1.8588313995033327e-93
0.004913826354140587	1.8588313995033325e-93
0.004962964617681994	1.8588313995033338e-93
0.005012594263858814	1.858831399503333e-93
0.005062720206497402	1.8588313995033327e-93
0.0051133474085623765	1.8588313995033327e-93
0.005164480882648	1.8588313995033327e-93
0.0052161256914744795	1.8588313995033327e-93
0.005268286948389224	1.8588313995033336e-93
0.0053209698178731165	1.858831399503333e-93
0.005374179516051849	1.8588313995033331e-93
0.005427921311212366	1.8588313995033325e-93
0.0054822005243244905	1.8588313995033323e-93
0.005537022529567735	1.858831399503333e-93
0.005592392754863413	1.858831399503333e-93
0.0056483166824120475	1.858831399503333e-93
0.0057047998492361675	1.858831399503333e-93
0.005761847847728529	1.858831399503333e-93
0.005819466326205815	1.8588313995033325e-93
0.005877660989467873	1.8588313995033336e-93
0.005936437599362551	1.858831399503333e-93
0.005995801975356177	1.858831399503333e-93
0.0060557599951097385	1.858831399503333e-93
0.006116317595060837	1.8588313995033325e-93
0.006177480771011445	1.858831399503333e-93
0.006239255578721559	1.8588313995033331e-93
0.006301648134508775	1.8588313995033327e-93
0.006364664615853863	1.8588313995033331e-93
0.006428311262012401	1.8588313995033331e-93
0.0064925943746325255	1.8588313995033333e-93
0.006557520318378851	1.8588313995033336e-93
0.006623095521562639	1.8588313995033331e-93
0.006689326476778266	1.8588313995033323e-93
0.0067562197415460485	1.8588313995033323e-93
0.006823781938961509	1.8588313995033331e-93
0.006892019758351124	1.8588313995033331e-93
0.0069609399559346355	1.8588313995033327e-93
0.007030549355493982	1.858831399503332e-93
0.007100854849048922	1.8588313995033327e-93
0.007171863397539412	1.8588313995033333e-93
0.007243582031514805	1.8588313995033331e-93
0.007316017851829954	1.8588313995033336e-93
0.007389178030348253	1.8588313995033325e-93
0.007463069810651736	1.8588313995033325e-93
0.007537700508758254	1.8588313995033331e-93
0.007613077513845836	1.8588313995033338e-93
0.007689208288984294	1.8588313995033331e-93
0.007766100371874137	1.8588313995033327e-93
0.00784376137559288	1.8588313995033325e-93
0.007922198989348808	1.8588313995033327e-93
0.008001420979242295	1.858831399503333e-93
0.008081435189034718	1.8588313995033327e-93
0.008162249540925065	1.8588313995033333e-93
0.008243872036334317	1.8588313995033331e-93
0.008326310756697661	1.8588313995033333e-93
0.008409573864264637	1.8588313995033323e-93
0.008493669602907282	1.8588313995033323e-93
0.008578606298936356	1.8588313995033327e-93
0.008664392361925718	1.8588313995033323e-93
0.008751036285544977	1.8588313995033325e-93
0.008838546648400426	1.8588313995033331e-93
0.008926932114884432	1.858831399503333e-93
0.009016201436033275	1.8588313995033327e-93
0.009106363450393609	1.8588313995033333e-93
0.009197427084897545	1.858831399503333e-93
0.00928940135574652	1.8588313995033323e-93
0.009382295369303986	1.8588313995033333e-93
0.009476118322997024	1.858831399503333e-93
0.009570879506226997	1.858831399503333e-93
0.009666588301289265	1.858831399503332e-93
0.009763254184302158	1.8588313995033331e-93
0.00986088672614518	1.858831399503333e-93
0.009959495593406632	1.8588313995033333e-93
0.0100590905493407	1.858831399503333e-93
0.010159681454834106	1.858831399503333e-93
0.010261278269382446	1.858831399503333e-93
0.01036389105207627	1.8588313995033331e-93
0.010467529962597035	1.8588313995033323e-93
0.010572205262223005	1.8588313995033327e-93
0.010677927314845235	1.8588313995033325e-93
0.010784706587993687	1.8588313995033331e-93
0.010892553653873623	1.8588313995033327e-93
0.01100147919041236	1.8588313995033331e-93
0.011111493982316483	1.8588313995033323e-93
0.01122260892213965	1.858831399503333e-93
0.011334835011361045	1.8588313995033331e-93
0.011448183361474655	1.8588313995033327e-93
0.011562665195089401	1.8588313995033323e-93
0.011678291847040296	1.8588313995033327e-93
0.0117950747655107	1.8588313995033327e-93
0.011913025513165806	1.858831399503333e-93
0.012032155768297465	1.858831399503333e-93
0.01215247732598044	1.858831399503333e-93
0.012274002099240244	1.8588313995033327e-93
0.012396742120232647	1.8588313995033327e-93
0.012520709541434973	1.858831399503333e-93
0.012645916636849323	1.8588313995033327e-93
0.012772375803217816	1.8588313995033333e-93
0.012900099561249994	1.858831399503333e-93
0.013029100556862495	1.8588313995033327e-93
0.01315939156243112	1.858831399503332e-93
0.01329098547805543	1.8588313995033327e-93
0.013423895332835984	1.8588313995033331e-93
0.013558134286164345	1.858831399503333e-93
0.01369371562902599	1.8588313995033323e-93
0.013830652785316248	1.858831399503333e-93
0.013968959313169412	1.858831399503333e-93
0.014108648906301107	1.858831399503332e-93
0.014249735395364118	1.8588313995033331e-93
0.014392232749317758	1.8588313995033331e-93
0.014536155076810936	1.858831399503333e-93
0.014681516627579045	1.8588313995033325e-93
0.014828331793854836	1.8588313995033325e-93
0.014976615111793384	1.8588313995033327e-93
0.015126381262911319	1.8588313995033327e-93
0.015277645075540433	1.8588313995033323e-93
0.015430421526295836	1.8588313995033333e-93
0.015584725741558796	1.8588313995033327e-93
0.015740572998974384	1.8588313995033327e-93
0.015897978728964125	1.8588313995033336e-93
0.01605695851625377	1.8588313995033327e-93
0.016217528101416308	1.8588313995033336e-93
0.01637970338243047	1.8588313995033327e-93
0.016543500416254773	1.8588313995033331e-93
0.016708935420417324	1.858831399503333e-93
0.016876024774621495	1.8588313995033323e-93
0.01704478502236771	1.8588313995033325e-93
0.017215232872591385	1.858831399503333e-93
0.0173873852013173	1.8588313995033327e-93
0.017561259053330475	1.858831399503333e-93
0.01773687164386378	1.8588313995033325e-93
0.017914240360302418	1.8588313995033327e-93
0.018093382763905444	1.8588313995033331e-93
0.0182743165915445	1.8588313995033327e-93
0.01845705975745994	1.8588313995033336e-93
0.01864163035503454	1.8588313995033325e-93
0.01882804665858489	1.8588313995033327e-93
0.019016327125170738	1.8588313995033327e-93
0.019206490396422443	1.858831399503333e-93
0.01939855530038667	1.8588313995033331e-93
0.019592540853390534	1.858831399503333e-93
0.01978846626192444	1.858831399503333e-93
0.019986350924543685	1.8588313995033338e-93
0.020186214433789124	1.8588313995033327e-93
0.020388076578127013	1.858831399503333e-93
0.020591957343908285	1.8588313995033331e-93
0.020797876917347368	1.8588313995033323e-93
0.021005855686520844	1.8588313995033323e-93
0.02121591424338605	1.8588313995033327e-93
0.02142807338581991	1.858831399503333e-93
0.02164235411967811	1.858831399503333e-93
0.02185877766087489	1.858831399503333e-93
0.02207736543748364	1.8588313995033327e-93
0.022298139091858477	1.8588313995033327e-93
0.02252112048277706	1.8588313995033338e-93
0.022746331687604832	1.8588313995033331e-93
0.022973795004480883	1.8588313995033336e-93
0.02320353295452569	1.8588313995033336e-93
0.023435568284070948	1.8588313995033327e-93
0.023669923966911657	1.858831399503333e-93
0.02390662320658077	1.8588313995033327e-93
0.024145689438646582	1.858831399503333e-93
0.024387146333033047	1.8588313995033327e-93
0.024631017796363376	1.8588313995033327e-93
0.024877327974327013	1.8588313995033331e-93
0.025126101254070284	1.8588313995033325e-93
0.025377362266610984	1.8588313995033325e-93
0.025631135889277096	1.8588313995033333e-93
0.025887447248169868	1.8588313995033333e-93
0.026146321720651563	1.858831399503333e-93
0.026407784937858083	1.858831399503333e-93
0.026671862787236662	1.8588313995033327e-93
0.02693858141510903	1.858831399503333e-93
0.02720796722926012	1.8588313995033327e-93
0.027480046901552722	1.8588313995033325e-93
0.02775484737056825	1.8588313995033338e-93
0.028032395844273934	1.8588313995033333e-93
0.02831271980271667	1.8588313995033327e-93
0.02859584700074384	1.858831399503334e-93
0.028881805470751278	1.8588313995033327e-93
0.02917062352545879	1.8588313995033333e-93
0.029462329760713377	1.858831399503333e-93
0.029756953058320514	1.8588313995033327e-93
0.030054522588903718	1.8588313995033338e-93
0.030355067814792754	1.8588313995033327e-93
0.030658618492940683	1.8588313995033331e-93
0.030965204677870093	1.8588313995033333e-93
0.03127485672464879	1.8588313995033331e-93
0.031587605291895283	1.8588313995033338e-93
0.03190348134481423	1.8588313995033327e-93
0.032222516158262375	1.8588313995033325e-93
0.03254474131984499	1.8588313995033331e-93
0.03287018873304345	1.8588313995033327e-93
0.03319889062037388	1.8588313995033327e-93
0.03353087952657762	1.858831399503333e-93
0.0338661883218434	1.8588313995033327e-93
0.03420485020506183	1.8588313995033331e-93
0.03454689870711246	1.858831399503333e-93
0.03489236769418358	1.858831399503333e-93
0.035241291371125416	1.8588313995033331e-93
0.03559370428483667	1.8588313995033333e-93
0.035949641327685036	1.8588313995033325e-93
0.03630913774096189	1.8588313995033327e-93
0.03667222911837151	1.8588313995033325e-93
0.03703895140955522	1.8588313995033325e-93
0.03740934092365077	1.8588313995033333e-93
0.037783434332887285	1.8588313995033325e-93
0.03816126867621615	1.8588313995033333e-93
0.038542881362978315	1.8588313995033325e-93
0.038928310176608104	1.8588313995033331e-93
0.03931759327837418	1.8588313995033333e-93
0.039710769211157924	1.858831399503333e-93
0.0401078769032695	1.8588313995033336e-93
0.0405089556723022	1.858831399503333e-93
0.04091404522902522	1.8588313995033333e-93
0.041323185681315475	1.8588313995033333e-93
0.04173641753812863	1.858831399503333e-93
0.04215378171350991	1.8588313995033327e-93
0.042575319530645014	1.8588313995033331e-93
0.04300107272595147	1.8588313995033325e-93
0.043431083453210985	1.8588313995033331e-93
0.04386539428774309	1.8588313995033325e-93
0.04430404823062052	1.858831399503333e-93
0.04474708871292673	1.8588313995033331e-93
0.045194559600056	1.858831399503333e-93
0.04564650519605655	1.8588313995033325e-93
0.04610297024801712	1.8588313995033325e-93
0.046563999950497294	1.8588313995033325e-93
0.04702963995000226	1.8588313995033325e-93
0.04749993634950229	1.8588313995033327e-93
0.04797493571299731	1.8588313995033331e-93
0.04845468507012728	1.858831399503333e-93
0.04893923192082856	1.8588313995033333e-93
0.04942862424003685	1.858831399503333e-93
0.04992291048243721	1.8588313995033331e-93
0.050422139587261584	1.858831399503333e-93
0.0509263609831342	1.858831399503333e-93
0.051435624592965544	1.8588313995033327e-93
0.0519499808388952	1.8588313995033333e-93
0.05246948064728415	1.8588313995033327e-93
0.052994175453756995	1.8588313995033325e-93
0.053524117208294565	1.8588313995033331e-93
0.05405935838037751	1.8588313995033331e-93
0.05459995196418129	1.8588313995033327e-93
0.0551459514838231	1.8588313995033323e-93
0.05569741099866134	1.858831399503333e-93
0.05625438510864795	1.858831399503333e-93
0.056816928959734427	1.8588313995033323e-93
0.05738509824933177	1.8588313995033327e-93
0.05795894923182509	1.8588313995033323e-93
0.05853853872414334	1.858831399503333e-93
0.05912392411138478	1.8588313995033336e-93
0.05971516335249862	1.8588313995033331e-93
0.06031231498602361	1.8588313995033325e-93
0.06091543813588385	1.8588313995033333e-93
0.06152459251724268	1.8588313995033325e-93
0.062139838442415114	1.8588313995033333e-93
0.06276123682683926	1.8588313995033327e-93
0.06338884919510765	1.8588313995033323e-93
0.06402273768705874	1.8588313995033331e-93
0.06466296506392932	1.8588313995033336e-93
0.06530959471456863	1.8588313995033327e-93
0.06596269066171431	1.8588313995033333e-93
0.06662231756833144	1.8588313995033338e-93
0.06728854074401477	1.858831399503333e-93
0.06796142615145492	1.858831399503333e-93
0.06864104041296946	1.8588313995033336e-93
0.06932745081709915	1.8588313995033333e-93
0.07002072532527015	1.8588313995033325e-93
0.07072093257852285	1.8588313995033331e-93
0.07142814190430807	1.8588313995033338e-93
0.07214242332335115	1.8588313995033331e-93
0.07286384755658468	1.858831399503333e-93
0.07359248603215052	1.8588313995033327e-93
0.07432841089247202	1.8588313995033333e-93
0.07507169500139675	1.8588313995033331e-93
0.07582241195141072	1.8588313995033338e-93
0.07658063607092483	1.8588313995033325e-93
0.07734644243163408	1.8588540041197407e-93
0.07811990685595041	1.8589304119573845e-93
0.07890110592450993	3.687079576922621e-47
0.07969011698375501	1.0611612540605921e-47
0.08048701815359258	9.404561207472658e-47
0.08129188833512849	1.3006959942260342e-45
0.08210480721847978	5.4977382494030027e-45
0.08292585529066457	1.0583422282456649e-44
0.08375511384357122	4.378448902652375e-44
0.08459266498200693	1.9503316161787682e-45
0.08543859163182702	2.8321662675872476e-69
0.08629297754814527	9.072194588249139e-76
0.08715590732362674	1.1430121397572212e-50
0.08802746639686301	9.649247913740486e-61
0.08890774106083163	7.45873163892263e-54
0.08979681847143996	7.297902427838898e-45
0.09069478665615435	2.870708687481164e-47
0.09160173452271589	9.726467426572288e-62
0.09251775186794305	1.8535129137148987e-38
0.09344292938662248	6.085439918989079e-55
0.09437735868048872	1.2980231286670759e-39
0.09532113226729359	1.0191832589859961e-42
0.09627434358996653	5.4435811369531644e-46
0.0972370870258662	1.24920314212884e-31
0.09820945789612487	2.5033825911932473e-34
0.09919155247508611	6.737525841330854e-36
0.10018346799983698	1.0511153816086275e-34
0.10118530267983535	1.5664480429370024e-34
0.1021971557066337	2.173639686059902e-33
0.10321912726370003	2.02182191866475e-31
0.10425131853633704	4.395311949514919e-30
0.10529383172170041	8.836066763481634e-34
0.10634677003891742	1.2927257822611195e-33
0.1074102377393066	2.711806944652384e-27
0.10848434011669966	6.132295319234712e-26
0.10956918351786665	1.0823851988610097e-32
0.11066487535304532	1.7392235109509793e-25
0.11177152410657577	2.7991515770011096e-24
0.11288923934764154	3.7115819851872635e-23
0.11401813174111795	8.433321027081945e-23
0.11515831305852914	2.3942345022611078e-24
0.11630989618911443	1.0388468952477597e-22
0.11747299515100557	1.6997196468716341e-22
0.11864772510251563	1.5745729643927752e-21
0.1198342023535408	8.957063623632194e-22
0.1210325443770762	1.3783336541034565e-21
0.12224286982084695	1.837014437966105e-21
0.12346529851905542	7.56789599897007e-21
0.12469995150424598	1.6141992645102894e-20
0.12594695101928843	1.4220105460817395e-20
0.12720642052948133	1.7264366223950483e-20
0.12847848473477616	4.728589438303283e-20
0.12976326958212392	1.9326962046224124e-19
0.13106090227794515	3.1490050463798376e-19
0.13237151130072458	3.476382686145659e-19
0.13369522641373183	7.943061986392525e-19
0.13503217867786915	1.6363580501699763e-18
0.13638250046464784	2.5703034286679567e-18
0.13774632546929433	4.34898815118764e-18
0.13912378872398729	1.887285280623302e-17
0.14051502661122714	8.348365058606944e-17
0.14192017687733943	2.2794657453866395e-16
0.14333937864611285	8.486996020014934e-16
0.14477277243257397	1.8145699263493085e-15
0.14622050015689972	2.780874980909003e-15
0.14768270515846868	5.751375776595395e-15
0.14915953221005337	9.3380373123773e-15
0.1506511275321539	1.4545125088628525e-14
0.15215763880747546	8.453179012230064e-15
0.1536792151955502	6.205578086150782e-15
0.15521600734750574	7.164803440508215e-15
0.15676816742098076	2.7670693496813174e-14
0.15833584909519058	2.0926228417369473e-14
0.15991920758614248	4.085586311806034e-14
0.1615183996620039	4.875599846089214e-14
0.16313358365862396	2.894926658927274e-14
0.1647649194952102	1.0338018797874317e-13
0.1664125686901623	2.597717585451499e-13
0.1680766943770639	1.9539474739163965e-13
0.16975746132083458	1.7642086470809679e-13
0.1714550359340429	2.516738560610569e-13
0.17316958629338333	7.503546953826021e-13
0.17490128215631717	2.270779602911906e-12
0.17665029497788035	3.2107519331397255e-12
0.17841679792765916	5.2341363305887336e-12
0.18020096590693577	1.3749144897090985e-11
0.18200297556600512	1.828137064394172e-11
0.18382300532166518	2.0714482867113663e-11
0.18566123537488183	2.5602073109734228e-11
0.18751784772863064	4.071174236090785e-11
0.18939302620591697	7.60097282375321e-11
0.19128695646797614	1.232835680831263e-10
0.19319982603265587	1.2961733846750174e-10
0.19513182429298243	1.7859109412041074e-10
0.19708314253591228	2.781028832884784e-10
0.1990539739612714	2.4833201994230096e-10
0.2010445137008841	3.6171369642208855e-10
0.20305495883789296	5.407107172973152e-10
0.20508550842627188	8.662188646065593e-10
0.2071363635105346	9.163693809601963e-10
0.20920772714563995	5.912391912310592e-10
0.21129980441709634	1.3850635120711865e-09
0.21341280246126731	1.3162418716750656e-09
0.21554693048588	2.494809300623655e-09
0.2177023997907388	2.17048623136936e-09
0.2198794237886462	4.408581212632239e-09
0.22207821802653266	3.144778201195649e-09
0.224299000206798	9.370277644355507e-09
0.22654199020886595	9.165720470383884e-09
0.22880741011095462	1.0305844992363732e-08
0.23109548421206416	9.589480710383e-09
0.23340643905418482	1.9330567531990647e-08
0.23574050344472666	2.0961242449683197e-08
0.23809790847917392	2.9192283024763576e-08
0.24047888756396565	1.8473787721006663e-08
0.24288367643960532	3.092428876843111e-08
0.2453125132040014	1.2388631683950125e-07
0.2477656383360414	1.2113019166399347e-07
0.2502432947194018	1.5805467312982328e-07
0.2527457276665958	1.1911981487016343e-07
0.2552731849432618	2.7276056379190115e-07
0.2578259167926944	3.5319774135079533e-07
0.2604041759606214	4.4821837778663697e-07
0.26300821772022753	5.199713196930612e-07
0.2656382998974299	5.926462008891154e-07
0.2682946828964041	6.799292816887885e-07
0.2709776297253682	8.33840084587825e-07
0.27368740602262187	1.0609474382690895e-06
0.2764242800828481	1.1842157102434992e-06
0.27918852288367657	7.912677747670534e-07
0.2819804081125134	1.5451319568254945e-06
0.28480021219363855	0.05143364025748718
0.28764821431557486	0.4511449607643561
0.2905246964587307	0.7819828273355612
0.2934299434233179	0.7740363214669418
0.29636424285755114	0.8126062127616633
0.29932788528612664	0.5198687126283296
0.3023211641389879	0.7656997313839763
0.3053443757803778	0.777927471261506
0.3083978195381816	2.9596644763478746
0.3114817977335634	5.007014517803313
0.31459661571089903	6.131757764771113
0.317742581868008	10.689540644894999
0.3209200076866881	11.263269020685092
0.32412920776355497	9.458024678315995
0.3273704998411905	15.605877223077458
0.33064420483960244	7.032125365232182
0.33395064688799847	33.004068554928295
0.3372901533568785	24.634144295273984
0.34066305489044724	22.676537498268562
0.34406968543935174	17.20227590562774
0.34751038229374526	28.68079727125435
0.3509854861166827	22.75772357862088
0.35449534097784957	59.86896898952529
0.358040294387628	9.4393123480909
0.3616206973315043	41.804537778048946
0.36523690430481937	185.36196910810997
0.3688892733478676	232.45117228690557
0.37257816608134625	157.9277852377401
0.37630394774215975	358.7981171984824
0.38006698721958126	500.49555067881647
0.3838676570917771	532.7320097962474
0.38770633366269486	510.66021731953185
0.3915833969993219	689.8100922691872
0.3954992309693151	1153.9928888332358
0.3994542232790082	1279.0518792326363
0.4034487655117983	459.7888912786083
0.4074832531669163	1851.9061678954067
0.41155808569858543	2374.377963801883
0.4156736665555713	2702.594460865243
0.419830403221127	3037.7049045897165
0.42402870725333835	1911.1727459555466
0.4282689943258717	1126.3802579938329
0.43255168426913043	5037.126075012834
0.4368772011118217	6593.1819316179635
0.44124597312293995	7793.9805970911
0.44565843285416934	9298.567002392752
0.450115017182711	10826.09922701174
0.4546161673545382	12717.691089013153
0.45916232902808357	13685.521460777021
0.4637539523183644	16099.302602207423
0.46839149184154805	19989.741532805285
0.4730754067599635	23222.47276208202
0.47780616082756316	26663.464295130027
0.4825842224358388	30727.61691973817
0.4874100646601972	34900.3428649635
0.49228416530679914	39628.91945854744
0.4972070069598672	44869.2883442453
0.5021790770294658	46498.92232961858
0.5072008677997605	50113.68475928472
0.5122728764777581	54530.262495660645
0.5173956052425357	59678.21610380211
0.5225695612949611	62884.78015516021
0.5277952569079107	70240.87909514959
0.5330732094769898	75134.63516844773
0.5384039415717596	76306.0905811554
0.5437879809874773	76472.59704104345
0.5492258607973521	76150.72346314877
0.5547181194053257	69105.82387832332
0.5602653005993788	62975.9022919126
0.5658679536053727	49444.00644526523
0.5715266331414264	32973.30038692304
0.5772418994728407	15196.682507871814
0.5830143184675691	3354.3627556475262
0.5888444616522447	121.4356589895947
0.5947329062687673	5146.5058666863415
0.600680235331455	38770.44402597487
0.6066870376847694	116575.36178267303
0.6127539080616171	223313.30151018102
0.6188814471422334	344830.9915837313
0.6250702616136556	468670.1057314751
0.6313209642297922	597486.3576149626
0.6376341738720902	740585.1221351951
0.644010515610811	883091.4119880714
0.6504506207669192	1029355.5463005324
0.6569551269745884	1181033.9474536711
0.6635246782443343	1344465.1426174708
0.6701599250267777	1492629.0159699365
0.6768615242770454	1683453.6699038998
0.6836301395198159	1849137.154474661
0.690466440915014	1989432.2322206167
0.6973711053241641	2149604.4387181276
0.7043448163774058	2369571.581484104
0.7113882645411799	2566478.161560298
0.7185021471865917	2782238.0470468192
0.7256871686584576	2987665.030223642
0.7329440403450421	3130940.2984139905
0.7402734807484926	3179368.075246722
0.7476762155559775	3194502.4841567758
0.7551529777115373	3025589.8228370748
0.7627045074886527	1597550.2862276363
0.7703315525635391	322696.6152445626
0.7780348680891747	3200415.9283140358
0.7858152167700664	4917226.000248463
0.7936733689377671	5503058.922210391
0.8016101026271447	6548135.3157019755
0.8096262036534162	7277513.240427955
0.8177224656899503	8028121.944117964
0.8258996903468498	8729121.171655482
0.8341586872503184	9419030.073613027
0.8425002741228216	10089202.725652287
0.8509252768640498	10555755.461600265
0.8594345296326903	11345846.942835385
0.8680288749290173	11924661.57578109
0.8767091636783074	12952337.196242224
0.8854762553150906	14020890.947872726
0.8943310178682414	14633783.308458218
0.9032743280469238	15847710.260580916
0.9123070713273931	16996429.664028563
0.921430142040667	17825249.635402113
0.9306444434610737	17460924.25262263
0.9399508878956845	19225128.59531755
0.9493503967746413	19956887.9267357
0.9588439007423877	21269119.168163903
0.9684323397498116	22253443.438642103
0.9781166631473096	23964006.545835663
0.9878978297787828	25554043.04688881
0.9977768080765707	26700257.136986084
1.0077545761573363	28086324.949870806
1.0178321219189097	29594120.834487
1.0280104431380988	31032450.448565006
1.0382905475694797	32623471.171136588
1.0486734530451747	34129834.18901761
1.0591601875756265	35732167.532726064
1.0697517894513826	37276084.40326572
1.0804493073458965	38801154.39427875
1.0912538004193555	39825218.02761788
1.102166338423549	39755349.189178236
1.1131880018077847	39029558.684990875
1.1243198818258624	40764965.53917878
1.135563080644121	41744490.63697444
1.1469187114505621	44856739.69547686
1.158387898565068	45741406.88975154
1.1699717775507186	47375113.488814674
1.1816714953262257	49831410.022449635
1.193488210279488	53436626.28972702
1.2054230923822828	55666458.815067366
1.2174773233061058	58046187.509916544
1.2296520965391669	60051496.64697045
1.2419486175045586	61785634.08524515
1.254368103679604	63443416.356257565
1.2669117847164002	65425428.30823867
1.2795809025635643	66990320.18312288
1.2923767115892	67224406.9751496
1.305300478705092	69852966.26054136
1.3183534834921427	70003690.40365559
1.3315370183270643	61212242.033554405
1.3448523885103347	48927286.32289349
1.3583009123954382	44561508.11802141
1.3718839215193925	49440595.69711997
1.3856027607345867	48673210.18731641
1.3994587883419325	49932549.08372193
1.4134533762253518	50133228.428355165
1.4275879099876054	48125701.51861303
1.4418637890874815	51800142.45967069
1.4562824269783563	60423378.172799066
1.4708452512481398	62674410.42075238
1.4855537037606212	68264422.71088466
1.5004092407982272	72234356.77536067
1.5154133332062096	75431780.22968858
1.5305674665382718	84638583.60330547
1.5458731412036546	88849126.44239427
1.561331872615691	91397392.59399512
1.576945191341848	94197625.75254479
1.5927146432552666	96563997.3114443
1.6086417896878193	98048725.3223497
1.6247282075846974	99450734.55406725
1.6409754896605444	100653578.52078041
1.65738524455715	101154292.92327203
1.6739590970027214	101792360.48653308
1.6906986879727486	102094624.05964723
1.7076056748524762	101825492.6551834
1.7246817316010008	98463036.61198081
1.7419285489170109	91054391.55572799
1.759347834406181	85719222.97123848
1.776941312750243	83214131.79092209
1.7947107258777453	71966749.5656229
1.8126578331365226	65967107.201922014
1.8307844114678882	68638775.13929635
1.8490922555825668	60595128.14012255
1.8675831781383925	57060889.836188644
1.8862590099197765	67488677.2635259
1.9051216000189743	71528111.06759305
1.924172816019164	68651260.10724641
1.9434145441793558	68589607.86115755
1.9628486896211494	70059179.84872656
1.9824771765173608	67910037.41535506
2.0023019482825344	72459762.52671242
2.0223249677653596	77745283.70290263
2.0425482174430134	86760041.99908797
2.0629736996174435	95601765.13342029
2.083603436613618	96283065.66298248
2.1044394709797545	98257924.08757338
2.1254838656895516	99074419.12656742
2.1467387043464474	99908656.29800037
2.1682060913899117	99603231.50314352
2.1898881523038107	98485132.24862558
2.211787033826849	96968117.73977196
2.2339049041651173	95232951.96498036
2.2562439532067686	92894595.04100823
2.2788063927388365	92220840.65369493
2.3015944566662245	81547853.90680373
2.324610401232887	76492254.25417694
2.347856505245216	76390522.3651528
2.3713350702976683	75564135.3767229
2.3950484210006446	76260297.3527985
2.418998905210651	65989809.158842795
2.4431888942627578	56496878.094182886
2.4676207832053856	49922560.88491458
2.4922969910374397	43915747.352133214
2.517219960947814	31582670.71554171
2.542392160557292	28183977.22746888
2.567816082162865	25134868.784288947
2.5934942429844936	24520465.514136072
2.6194291854143383	32648861.897435427
2.645623477268482	34733660.89972938
2.6720797120411666	24103835.7095727
2.698800509161578	21199214.70961612
2.7257885142531944	24775371.43380776
2.753046399395726	27890692.47321012
2.7805768633896837	22323026.02562133
2.8083826320235805	23885777.189306725
2.8364664583438164	25772389.679748125
2.8648311229272547	25606831.480570033
2.8934794341565273	26321539.70176593
2.9224142284980923	26626827.439675253
2.951638370783073	28986550.694885496
2.981154754490904	32252851.698257525
3.010966302035813	34121849.65656966
3.041075965056171	35072909.01847668
3.071486724706733	41007928.69010491
3.1022015919538	39903938.181213826
3.133223607873338	43366897.86614995
3.164555843952072	44125594.52731001
3.196201402391593	45076600.13613503
3.2281634164155086	46832452.06153874
3.2604450505796634	47884532.034453325
3.29304950108546	46314540.50016648
3.3259799960963146	44628249.844105564
3.359239796057278	46827949.459250234
3.392832194017851	45139552.740605205
3.4267605159580294	47784700.48691436
3.46102812111761	46662707.37974588
3.4956384023287854	45473651.4245715
3.530594786352074	46432064.6227691
3.5659007342155946	47054496.603533275
3.6015597415577503	46066767.71752687
3.637575338973328	46430271.56430011
3.6739510923630614	44756397.20191513
3.7106906032866918	45810417.368678436
3.747797509319559	44453868.67046095
3.7852754844127543	44303390.145923816
3.823128239256882	43551078.84569768
3.861359521649451	43021373.72723004
3.8999731168659455	41792971.496346556
3.938972848034605	40790647.71839207
3.978362576514951	39525780.885122985
4.018146202280101	38103155.88025367
4.058327664302902	36533454.36654855
4.098910940945931	34294028.22446076
4.13990005035539	32910091.279775172
4.181299050858944	29829051.272036865
4.223112041367534	25411247.745590672
4.2653431617812085	19181976.755879033
4.307996593399021	19863332.534184936
4.351076559333012	18348092.295659717
4.394587324926341	16740464.119606635
4.438533198175604	15234333.71065923
4.48291853015736	13082561.999359634
4.5277477154589345	11549354.12886662
4.573025192613525	10700968.520825863
4.6187554445396595	11564354.941831822
4.664942998985056	13382307.61753799
4.711592428974907	12392393.87560918
4.758708353264656	11585631.337369923
4.806295436797303	11395615.370560065
4.854358391165275	10983716.928862968
4.902901975076928	11649319.661150176
4.951930994827697	11167374.029992092
5.001450304775974	11371202.675405446
5.051464807823734	11913596.729505682
5.101979455901971	11784604.193007812
5.152999250460991	10602407.283155845
5.204529242965601	10837586.701363804
5.2565745353952575	10833273.406145265
5.30914028074921	10717858.113449272
5.362231683556701	9431423.479189625
5.415854000392269	8718817.921323216
5.470012540396192	9115708.516174816
5.524712665800154	7947078.393288874
5.579959792458156	7657265.695202979
5.635759390382738	7650095.978890777
5.692116984286565	7056531.930614052
5.74903815412943	6782851.707503398
5.806528535670725	6652208.24127475
5.864593821027432	6537795.597418492
5.923239759237706	6426952.294391065
5.982472156830083	7431216.834808975
6.042296878398385	6315582.042783861
6.102719847182367	7535979.45295202
6.163747045654191	7119264.173293298
6.225384516110734	7561433.675439343
6.287638361271841	7958815.111206867
6.350514744884559	7315993.056612151
6.414019892333406	5736030.4924796
6.478160091256739	4545000.407590657
6.542941692169307	4120984.4033369133
6.608371109091	3325562.6696401685
6.67445482018191	4032939.4387667887
6.741199368383729	3892163.1820907136
6.808611362067567	3452569.6218779497
6.876697475688242	3800987.3727342566
6.945464450445124	3930837.2851248905
7.014919094949576	3763931.322738362
7.085068285899072	3555709.466691151
7.155918968758063	3664388.1053868164
7.227478158445644	3480508.6623888183
7.2997529400301	3683431.502781366
7.372750469430401	3437228.350274565
7.446477974124705	3166432.5712889917
7.520942753865953	3476802.6485362593
7.596152181404612	2924246.8081683964
7.672113703218658	3348206.994791844
7.7488348402508445	2901963.879618023
7.826323188653353	3238893.953839836
7.904586420539887	2805802.468076831
7.983632284745286	2922102.019806789
8.063468607592739	2983743.408604187
8.144103293668666	2864195.283449458
8.225544326605354	2783837.283911364
8.307799769871407	2879909.9838609295
8.390877767570121	2930662.5978041785
8.474786545245822	2875765.543335547
8.55953441069828	2884502.059387854
8.645129754805263	2864957.5086265616
8.731581052353315	2798067.290477943
8.81889686287685	2749236.9662802396
8.907085831505619	2816397.390354983
8.996156689820673	2664606.13804751
9.086118256718882	2657698.8498903876
9.17697943928607	2612601.8946927874
9.26874923367893	2523155.9050353747
9.36143672601572	2506873.1660022675
9.455051093275877	2333336.3233063
9.549601604208636	2444259.67089698
9.645097620250723	2320524.00251821
9.74154859645323	2361794.3906392124
9.838964082417762	2162860.6987656
9.937353723241939	2050090.809941151
10.03672726047436	2092683.9377919978
10.137094533079102	2045900.383560573
10.238465478409893	1977082.6007538263
10.340850133193994	1714754.956474968
10.444258634525934	1607691.4091273872
10.548701220871191	1676952.6394014563
10.654188233079903	1677388.1492088193
10.760730115410702	1568270.5388686503
10.868337416564811	1528441.081263262
10.97702079073046	1323936.4473549195
11.086790998637763	1394867.923195087
11.19765890862414	1376134.4283597183
11.309635497710381	1299904.1811112387
11.422731852687486	1324603.4668444428
11.536959171214361	1206899.2282022634
11.652328762926505	1147824.9569906096
11.76885205055577	973429.256773728
11.886540571061328	1065329.4272599192
12.005405976771941	1033829.7058372998
12.125460036539662	970368.9194775547
12.246714636905057	934272.8139889846
12.36918178327411	860657.4401228842
12.49287360110685	782180.4824925342
12.617802337117919	783148.8804885946
12.743980360489097	774583.3029504577
12.871420164093989	755562.5764599922
13.000134365734928	701633.8804655802
13.130135709392277	689263.1489488585
13.261437066486202	603258.1238561418
13.394051437151063	602816.4781863528
13.527991951522575	569361.3434139509
13.6632718710378	548578.5680440131
13.799904589748177	529993.2905917417
13.937903635645661	522072.3754752755
14.077282672002116	498318.6901847254
14.218055498722139	451933.00851770095
14.36023605370936	426780.4479257128
14.503838414246454	405284.1522786264
14.648876798388917	396791.92495784094
14.795365566372807	397423.03967053274
14.943319222036536	324438.817154417
15.0927524142569	363158.1616182486
15.24367993839947	368644.5406988626
15.396116737783466	313915.967894645
15.550077905161299	301345.9483309594
15.705578684212913	291065.17560709576
15.862634471055042	312564.6492021686
16.021260815765594	269119.9135398776
16.181473423923247	258139.1204236183
16.34328815816248	259986.78746535254
16.506721039744104	242691.79414290792
16.67178825014155	219354.50068673052
16.838506132642966	244415.1544605974
17.006891193969395	226425.31783675574
17.176960105909085	196181.9668573885
17.34872970696818	190056.7751354095
17.52221700403786	198365.90509612
17.697439174078237	183618.78691449855
17.874413565819022	176741.56914791313
18.05315770147721	184132.50500109937
18.233689278491983	161030.71809774486
18.416026171276904	163884.7963035676
18.600186432989673	137430.89611997723
18.78618829731957	155357.46437855493
18.974050180292764	137659.48972357734
19.163790682095694	141553.35886922615
19.35542858891665	118450.93274681861
19.548982874805816	121027.28338315205
19.744472703553875	120287.28904260957
19.941917430589417	110744.99163267876
20.14133660489531	112382.10613850507
20.34274997094426	102214.12020652831
20.546177470653703	99623.02976058604
20.75163924536024	102836.11624200751
20.959155637813843	93183.05648568396
21.168747194191983	83381.43622691158
21.380434666133905	86007.79273987576
21.594239012795242	81671.54079401893
21.810181402923195	77829.15016203851
22.028283216952428	74700.49037044209
22.248566049121955	75153.57337733029
22.47105170961317	64273.992917494674
22.695762226709302	72155.01136793045
22.9227198489764	62458.234900547744
23.151947047466162	69920.58133341093
23.38346651794082	67028.78890286396
23.617301183120233	53849.84492801816
23.85347419495143	49438.49652895159
24.09200893690095	58383.302285647995
24.33292902626996	58314.9697971131
24.57625831653266	50568.584799889286
24.822020899697986	49803.95496911614
25.070241108694965	40207.2957425957
25.320943519781917	42424.86689533678
25.574152954979734	42953.452203579225
25.82989448452953	46278.664470790034
26.08819342937483	39647.55620431366
26.34907536366858	41971.39463009055
26.612566117305263	31770.64771402827
26.878691778478316	36170.50291065129
27.147478696263097	34861.992807717455
27.418953483225728	37836.95120243367
27.693143018057985	37032.39769160418
27.970074448238567	28478.288614590398
28.24977519272095	25922.220604604947
28.532272944648163	24822.073435572012
28.817595674094644	29240.346190943623
29.10577163083559	27388.039062635828
29.396829347143946	24676.628663587282
29.690797640615386	24886.561075640446
29.98770561702154	24723.668067933024
30.287582673191757	22937.63177289338
30.590458499923674	19111.271927545105
30.896363084922914	19941.400535533892
31.205326715772138	18940.360798409398
31.517379982929864	21443.56526024252
31.832553782759163	19034.926663548515
32.15087932058675	18906.789032410456
32.472388113792626	18412.68685073927
32.79711199493055	16374.359921090509
33.12508311487986	13577.385346470131
33.45633394602865	15372.018129023472
33.79089728548894	16722.79722766213
34.12880625834383	15544.532782272257
34.47009432092727	12881.651587173734
34.81479526413654	13144.357220656788
35.16294321677791	11749.336731186446
35.51457264894569	11193.828244715956
35.86971837543514	10882.307464561683
36.2284155591895	11111.352505026847
36.59069971478139	11577.940365565295
36.956606711929204	10308.653108319924
37.3261727790485	9465.658581476931
37.69943450683898	9387.645949340216
38.07642885190737	9383.425814301523
38.45719314042645	9953.640008566113
38.841765071830714	8982.915687172557
39.23018272254902	7672.702739032176
39.622484549774505	8104.68555080445
40.01870939527225	6963.281882224756
40.41889648922498	6616.2290398864225
40.823085454117226	6319.012886911678
41.2313163086584	6984.896583304798
41.64362947174499	7239.301311419966
42.06006576646243	6596.836499802642
42.48066642412706	6132.386101485989
42.90547308836833	5436.329239572168
43.33452781925202	5192.004944172734
43.767873097444536	5166.866756656773
44.20555182841898	5090.714599461815
44.64760734670317	5128.138042033762
45.0940834201702	4663.929472761698
45.54502425437191	4446.514190282379
46.00047449691562	4283.600090840515
46.460479241884784	4104.740285040381
46.92508403430362	3841.4127629151653
47.39433487464667	3769.820184463241
47.868278223393126	3739.454023504578
48.346961005627065	3925.613372478981
48.83043061568333	3515.7086927288146
49.31873492184017	3201.578380328632
49.81192227105857	3021.0897140906136
50.310041493769155	3140.999954233341
50.813141908706854	2980.1649701851766
51.32127332779392	2699.416507463359
51.83448606107186	2561.708979679457
52.352830921682575	2892.7752473059004
52.8763592308994	2840.631857881757
53.405122823208394	2650.49661170149
53.93917405144048	2516.9935311220584
54.478565791954885	2361.4580702700214
55.02335144987443	2218.1328034313515
55.57358496437318	2097.930181345989
56.129320814016914	1885.73227135155
56.690614022157085	1852.2641354394582
57.257520162378654	1855.223715451886
57.83009536400244	1756.9230978704334
58.40839631764247	1827.7821469956496
58.99248028081889	1767.9403038390876
59.58240508362709	1752.1640352835745
60.17822913446335	1503.716403585473
60.780011425807984	1455.5214290310653
61.38781154006607	1599.1304634889893
62.00168965546673	1606.47755569956
62.621706552021394	1297.5620275688839
63.24792361754161	1179.5329125853661
63.88040285371702	1134.9667885526567
64.5192068822542	1128.5819724957462
65.16439895107675	1081.999155790276
65.81604294058751	1064.2277965115738
66.47420336999339	1019.3478684538354
67.13894540369331	1023.4196214353873
67.81033485773025	1109.5027664396393
68.48843820630756	929.0896320558563
69.17332258837064	1033.5587175497144
69.86505581425433	989.426544760365
70.56370637239688	871.215999363323
71.26934343612085	779.5391901225634
71.98203687048206	733.77990550783
72.70185723918688	725.0323154575833
73.42887581157875	711.3203399224053
74.16316456969453	706.8779230417089
74.90479621539149	681.9811433913034
75.6538441775454	591.727052653554
76.41038261932086	651.9672180973507
77.17448644551406	648.661046422114
77.9462313099692	592.5383782186437
78.7256936230689	513.5981122278533
79.51295055929958	568.8966377582077
80.30808006489258	537.1001972412026
81.11116086554152	487.2959896679933
81.92227247419693	443.20081218177864
82.74149519893889	442.5421072591707
83.56891015092829	432.59357634982825
84.40459925243758	404.2610736689645
85.24864524496195	414.05038032459447
86.10113169741156	420.29586566368823
86.96214301438569	423.4155770747004
87.83176444452954	481.89116558583385
88.71008208897484	429.1287406797498
89.59718290986459	358.1080521634611
90.49315473896324	331.97283990789094
91.39808628635286	342.20508952075517
92.3120671492164	302.5330458750377
93.23518782070856	294.5871173635332
94.16753969891565	296.6030491514867
95.1092150959048	256.74836908153964
96.06030724686386	261.0752146293935
97.0209103193325	298.7266551630213
97.99111942252583	238.09196619665056
98.97103061675108	212.7547199662177
99.96074092291859	198.25291478795506
100.96034833214779	190.7768041450494
101.96995181546924	249.5312369717374
102.98965133362394	216.28647251306538
104.0195478469602	188.65792164951415
105.05974332542979	194.17106488261848
106.11034075868409	220.43934341115707
107.17144416627093	197.88219228498943
108.24315860793364	170.00920955939293
109.32559019401299	199.75858615433228
110.41884609595311	168.9152314896435
111.52303455691263	140.54113085815104
112.63826490248177	141.74298817436838
113.76464755150658	126.7891475837464
114.90229402702165	146.57397778889958
116.05131696729188	123.06581395787849
117.21183013696479	131.21219642671318
118.38394843833444	144.67776358625878
119.5677879227178	152.86771649913675
120.76346580194497	120.72438893792314
121.97110045996442	99.9857779854091
123.19081146456406	96.16966061535976
124.42271957920971	95.73944719211148
125.6669467750018	100.35674680891526
126.92361624275183	89.61301333758325
128.19285240517934	83.78269894262259
129.47478092923114	87.5534027283119
130.76952873852346	90.61040079863275
132.0772240259087	82.16519853022906
133.39799626616778	78.05393800506602
134.73197622882944	69.43264037024882
136.07929599111776	72.57020615055507
137.4400889510289	76.48871875440307
138.8144898405392	70.74484822565482
140.20263473894462	61.697737219270316
141.60466108633406	64.48545563259363
143.0207076971974	72.82574451365484
144.45091477416938	57.50396897708717
145.8954239219111	68.32858896139696
147.35437816113017	57.002676646805305
148.82792194274148	53.90760245821874
150.3162011621689	62.89667008299254
151.8193631737906	64.55443636187418
153.3375568055285	49.08172144656509
154.8709323735838	50.66575350915054
156.41964169731963	45.66474589170691
157.98383811429284	44.99344099149225
159.56367649543577	38.40587970039153
161.1593132603901	33.89693235866832
162.77090639299402	35.27142923990184
164.39861545692395	44.78398370107588
166.04260161149318	33.21223721524863
167.70302762760812	31.913544648924805
169.38005790388422	32.29944590569531
171.07385848292307	29.149940350722822
172.7845970677523	31.760739236262573
174.5124430384298	25.57283334098934
176.25756746881413	30.767828164646296
178.02014314350225	30.944387525941977
179.80034457493727	21.464909232023263
181.59834802068664	25.470200602579176
183.41433150089352	28.441937518228553
185.24847481590245	28.390700653791935
187.1009595640615	19.57163480431796
188.9719691597021	23.53200697110964
190.8616888512991	20.895789999533033
192.77030573981213	22.578598929982594
194.69800879721024	20.092404215417087
196.64498888518233	21.05544063668659
198.61143877403418	26.64113678839515
200.5975531617745	20.79635524583313
202.60352869339226	21.887384876407864
204.62956398032617	24.146102755280545
206.67585962012947	19.742938814407484
208.74261821633075	17.575081935645947
210.83004439849404	14.206568509638931
212.93834484247898	11.310325887833146
215.0677282909038	14.940060127264765
217.21840557381284	14.11351193696232
219.39058962955096	15.41399108561294
221.58449552584648	14.30349471853064
223.80034048110494	12.525072688512067
226.038343885916	12.238779145122152
228.29872732477517	12.36236664887808
230.5817145980229	10.771426158650476
232.88753174400313	10.537421548356876
235.21640706144316	9.811757855279634
237.56857113205763	13.242002785715652
239.94425684337818	13.692114960742177
242.34369941181194	11.511161894051915
244.76713640593007	7.675420281100839
247.2148077699894	6.755608765645713
249.68695584768926	7.467161443695009
252.18382540616616	8.569276498623001
254.70566366022786	8.074490315810111
257.2527202968301	5.464978774198482
259.8252474997984	5.305757252186843
262.4234999747964	7.2197575605142985
265.04773497454437	8.030880548936917
267.69821232428984	6.191291624123455
270.3751944475327	5.670685318284888
273.07894639200805	4.512318657708028
275.8097358559282	5.873903043585654
278.5678332144874	5.138792517641871
281.35351154663226	5.320721621793861
284.16704666209864	6.836943569101662
287.00871712871964	6.539602231302988
289.87880430000683	5.9914179160915415
292.77759234300686	4.093713618868332
295.70536826643695	5.960772788256334
298.6624219491013	4.476394025895002
301.64904616859235	4.032720021765476
304.66553663027827	4.1487826938933425
307.71219199658105	3.8152403392392107
310.78931391654686	4.5931454797522955
313.8972070557124	5.082268484406467
317.0361791262695	4.35085311060612
320.20654091753215	4.793550750580299
323.40860632670746	3.7477526519269175
326.64269238997457	3.271395950584865
329.90911931387427	3.0534515473262918
333.20821050701306	2.8808491902717726
336.5402926120832	3.8540917682443183
339.90569553820404	3.098579352200295
343.304752493586	3.476177155722595
346.73780001852197	2.834722411397056
350.20517801870716	2.446958294113809
353.7072297988942	3.0457974657651596
357.2443020968832	2.800814087957572
360.816745117852	3.061844242883401
364.42491256903054	2.7273743426094685
368.06916169472083	2.7543972494574414
371.74985331166806	2.147509711521373
375.46735184478473	2.2213014368281416
379.2220253632326	2.1564804763840844
383.01424561686497	2.044479972868005
386.8443880730336	2.046192448416149
390.7128319537639	1.839006813437212
394.6199602733015	1.8377841527205636
398.5661598760346	1.0937986997850262
402.55182147479496	1.4757870273379698
406.5773396895429	1.5353646302992754
410.64311308643835	1.5441115395716143
414.7495442173027	1.5220001452821224
418.89703965947575	1.6581331359637965
423.08601005607045	1.4757868005115127
427.3168701566312	1.5571619424237726
431.59003885819754	1.378782547414494
435.9059392467795	1.1235635509869244
440.26499863924727	1.3586336124978688
444.66764862563974	1.2715825343836957
449.11432511189616	1.153349023330167
453.6054683630151	0.9248281119196002
458.14152304664526	0.9583794993881984
462.7229382771117	0.9257117739229901
467.35016765988286	1.039703545411612
472.0236693364817	1.014024238933231
476.7439060298465	0.6744715753594192
481.51134509014497	0.8896772940839872
486.3264585410464	0.9499695676250033
491.1897231264569	0.9124035028406134
496.10162035772146	0.8763271465819308
501.0626365612987	0.8416751746495595
506.0732629269117	0.8083894931449981
511.1339955561808	0.7764288087634164
516.2453355117426	0.7457302101300031
521.4077888668601	0.7162407387932052
526.6218667555286	0.6879191120507521
531.888085423084	0.660715868579452
537.2069662773148	0.6345896112316889
542.579035940088	0.6094938835377305
548.0048262994887	0.5853919468639522
553.4848745624838	0.5622474712027639
559.0197233081085	0.5400129496922834
564.6099205411896	0.5186564579825499
570.2560197466016	0.4981470561887131
575.9585799440677	0.47844748824247085
581.7181657435083	0.45952620760439683
587.5353474009435	0.4413545135605703
593.4107008749528	0.42389997346066005
599.3448078837024	0.40713644564786217
605.3382559625394	0.3910336851621672
611.3916385221648	0.3755701240243151
617.5055549073865	0.3607165346424424
623.6806104564603	0.3464511161416231
629.9174165610249	0.3327491605491369
636.2165907266352	0.31958961829271815
642.5787566339015	0.3069496664606541
649.0045442002405	0.29481012258561134
655.4945896422429	0.2831498503184336
662.0495355386654	0.2719506256153389
668.670030894052	0.2611956244124682
675.3567312029925	0.2508649380088596
682.1102985150225	0.24094250019171665
688.9314015001727	0.2314132282835093
695.8207155151745	0.22226019221633903
702.7789226703262	0.2134694930598631
709.8067118970295	0.20502626069232374
716.9047790159998	0.1969169167290702
724.0738268061598	0.18912756085987883
731.3145650742214	0.18164730324488415
738.6277107249635	0.17446193648097236
746.0139878322132	0.1675616768251852
753.4741277105354	0.16093361655400187
761.0088689876408	0.1545683713767458
768.6189576775171	0.14845434598072935
776.3051472542923	0.14258199615559677
784.0681987268352	0.13694204475057442
791.9088807141036	0.1315253901218167
799.8279695212447	0.12632267203100916
807.8262492164572	0.12132580479494662
815.9045117086216	0.11652663815178671
824.0635568257079	0.11191720953383699
832.304192393965	0.10749009420885429
840.6272343179047	0.10323782918190831
849.0335066610837	0.09915413977924334
857.5238417276945	0.09523178758166273
866.0990801449715	0.09146468737762897
874.7600709464213	0.08784648060347684
883.5076716558855	0.0843714603642184
892.3427483724444	0.0810338397050296
901.2661758561687	0.07782821641851423
910.2788376147305	0.07474944366954656
919.3816259908778	0.07179234459574034
928.5754422507866	0.0689524097779158
937.8611966732944	0.06622455544566935
947.2398086400275	0.06360479143848183
956.7122067264277	0.061088644094048135
966.279328793692	0.058672032563841466
975.9421220816289	0.05635097807201325
985.7015433024452	0.054127147806723
