#wavelength (micron)	surface_flux (erg / (cm2 micron s))
0.7	200151206.57096028
0.7008749999999999	313196004.481601
0.70175109375	405680631.58118194
0.7026282826171873	463838017.3453525
0.7035065679704589	536041116.1966997
0.7043859511804219	620324225.2886394
0.7052664336193974	582250321.6103296
0.7061480166614217	397788909.4830153
0.7070307016822485	302887397.09103435
0.7079144900593511	322171623.33896977
0.7087993831719255	285532042.481851
0.7096853824008903	209102030.3482934
0.7105724891288914	198145430.04947075
0.7114607047403024	234945630.16924068
0.7123500306212278	226716763.80125955
0.7132404681595043	165283996.12035647
0.7141320187447037	133350133.39174211
0.7150246837681346	151490689.32470822
0.7159184646228446	172617162.0942684
0.7168133627036232	188011366.75489742
0.7177093794070027	215578993.7280481
0.7186065161312616	254013880.6397964
0.7195047742764256	262566198.71327007
0.7204041552442711	232368847.41549572
0.7213046604383263	226806463.43144965
0.7222062912638743	264765488.70712638
0.723109049127954	305914853.6224945
0.7240129354393641	346694480.7527053
0.7249179516086632	409096849.3927492
0.725824099048174	475469772.8954818
0.7267313791719842	499162545.9986136
0.7276397933959492	488238167.4098811
0.728549343137694	520033538.0138169
0.7294600298166162	607475935.1657788
0.730371854853887	687681431.4223406
0.7312848196724542	742151696.7320559
0.7321989256970448	783052927.3901128
0.7331141743541661	827035324.62783
0.7340305670721088	837732673.5896935
0.7349481052809489	802457054.7409914
0.7358667904125501	816194942.6129867
0.7367866239005658	889288908.4204353
0.7377076071804415	915482158.7605754
0.738629741689417	877742170.179576
0.7395530288665286	855764553.1375351
0.7404774701526119	843134241.3888814
0.7414030669903027	803197674.966108
0.7423298208240404	779257389.0308335
0.7432577331000705	799448958.8375074
0.7441868052664457	786964694.3948022
0.7451170387730286	723532468.412865
0.7460484350714948	703723450.3771762
0.7469809956153342	727129393.6065676
0.7479147218598534	738427478.8914063
0.7488496152621781	756638012.3439988
0.7497856772812559	800716819.8511813
0.7507229093778575	813371465.1044304
0.7516613130145797	799951385.8812578
0.7526008896558479	828923121.948191
0.7535416407679177	880912002.251104
0.7544835678188776	938801239.0181589
0.7554266722786511	1005999382.1322343
0.7563709556189995	1047584271.0093
0.7573164193135232	1045980149.5116333
0.758263064837665	1001693211.690327
0.7592108936687122	892271332.1685854
0.760159907285798	804752965.396672
0.7611101071699052	824870236.1340796
0.7620614948038675	854316832.9906561
0.7630140716723723	762791781.3122399
0.7639678392619629	620422468.9839587
0.7649227990610402	518031552.7528521
0.7658789525598665	381615358.8800414
0.7668363012505663	263188075.60504258
0.7677948466271296	273256599.0637925
0.7687545901854135	319329392.37745315
0.7697155334231451	293950229.40176266
0.7706776778399241	302714457.3704472
0.771641024937224	419084350.00316006
0.7726055762183955	564481376.5260519
0.7735713331886686	668610450.7928386
0.7745382973551542	671848165.6312737
0.7755064702268482	604241996.0344564
0.7764758533146318	596282721.989937
0.7774464481312751	639163033.191343
0.7784182561914391	650573752.2025433
0.7793912790116784	661269007.3482977
0.780365518110443	720103846.9438336
0.781340975008081	804413943.9187258
0.782317651226841	814792519.357701
0.7832955482908746	748523587.5596131
0.7842746677262382	732611595.3234096
0.7852550110608959	786302312.0736568
0.7862365798247221	829881179.7313467
0.7872193755495029	870924825.2733105
0.7882033997689398	954699704.0918504
0.7891886540186509	1022593433.9148786
0.7901751398361742	1002715039.9898322
0.7911628587609694	923387551.3002162
0.7921518123344207	890959963.5037731
0.7931420020998386	934537660.0928146
0.7941334296024635	981693792.7286253
0.7951260963894664	1030246816.7449821
0.7961200040099533	1107178044.5271857
0.7971151540149657	1144568418.075279
0.7981115479574844	1127934426.8961082
0.7991091873924312	1123098823.4079008
0.8001080738766717	1152915053.8019066
0.8011082089690176	1196231518.898003
0.8021095942302288	1242233430.2410636
0.8031122312230166	1290764720.9507675
0.8041161215120453	1315345496.6507874
0.8051212666639354	1324697105.2496223
0.8061276682472652	1365742931.9272552
0.8071353278325744	1421255697.7820036
0.808144246992365	1488756253.3257334
0.8091544273011054	1588219492.7309167
0.8101658703352317	1668107213.1745903
0.8111785776731507	1699880047.246282
0.8121925508952421	1738874312.2371042
0.8132077915838613	1833653440.7646265
0.8142243013233411	1931473039.1575692
0.8152420816999951	1981945708.5614133
0.8162611343021202	1983844045.3394217
0.8172814607199979	1867356333.4522038
0.8183030625458978	1555577324.8938265
0.8193259413740802	1274180389.1733778
0.8203500988007977	1297843510.0812097
0.8213755364242987	1518033566.0509193
0.8224022558448291	1715517303.3285086
0.8234302586646352	1842109098.2825835
0.8244595464879658	1901949143.6862435
0.8254901209210758	1891901194.4600418
0.8265219835722272	1846041530.7432325
0.8275551360516924	1772667135.4924889
0.8285895799717569	1705523524.0401075
0.8296253169467216	1665929772.6750407
0.830662348592905	1642060179.5453284
0.8317006765286461	1646407616.3542778
0.8327403023743069	1642018083.7479882
0.8337812277522748	1631495505.73648
0.834823454286965	1630828230.1683924
0.8358669836048238	1627789393.64641
0.8369118173343297	1610531010.8966486
0.8379579571059977	1528040545.8269339
0.8390054045523802	1469022354.05874
0.8400541613080706	1547995410.0520234
0.8411042290097056	1627374756.9794815
0.8421556092959678	1555976296.1598477
0.8432083038075878	1318662364.8796878
0.8442623141873472	999100983.6377265
0.8453176420800813	758765760.2738141
0.8463742891326813	667110185.9726237
0.8474322569940972	686565955.5247189
0.8484915473153398	760347795.8347118
0.8495521617494839	817411182.7064319
0.8506141019516709	809933242.2072161
0.8516773695791103	771861122.7218937
0.8527419662910842	762816676.769645
0.853807893748948	796417855.4632387
0.8548751536161342	869955530.259727
0.8559437475581545	953548916.7851108
0.857013677242602	1005848927.2004253
0.8580849443391553	1014929459.8703636
0.8591575505195791	990444444.9652054
0.8602314974577286	988653425.6407954
0.8613067868295508	1043260001.9786879
0.8623834203130877	1108226773.2286468
0.8634613995884791	1134673983.3074121
0.8645407263379646	1139345096.8781044
0.8656214022458871	1129867677.8818269
0.8667034289986943	1110649097.4346123
0.8677868082849427	1096893866.497381
0.8688715417952989	1097102205.5911815
0.869957631222543	1140873618.7906601
0.8710450782615712	1216166293.2872682
0.872133884609398	1289889237.5820115
0.8732240519651597	1349694887.6918514
0.8743155820301162	1382174203.6056132
0.8754084765076539	1423875562.804067
0.8765027371032884	1493773182.5521903
0.8775983655246675	1566476057.2877474
0.8786953634815732	1660698222.4496145
0.8797937326859253	1747895734.402054
0.8808934748517826	1775466824.656227
0.8819945916953473	1764112178.2067535
0.8830970849349664	1806501082.595619
0.8842009562911352	1919732000.7006507
0.8853062074864991	1889710948.9322338
0.8864128402458572	1616253949.856405
0.8875208562961645	1389142208.4437954
0.8886302573665347	1396979329.2905588
0.8897410451882428	1512943802.5335147
0.8908532214947281	1635553925.345558
0.8919667880215966	1729624339.1354513
0.8930817465066233	1751445040.0197499
0.8941980986897567	1682537676.2793405
0.8953158463131189	1632170381.2469757
0.8964349911210102	1688732826.0430462
0.8975555348599115	1789537127.4581149
0.8986774792784863	1880764121.009997
0.8998008261275845	1931584712.0323734
0.9009255771602438	1945199170.4537268
0.9020517341316941	1933946981.964887
0.9031792987993587	1947539951.4856749
0.9043082729228579	2017009527.7314003
0.9054386582640114	2064938385.7567017
0.9065704565868414	2097570509.7970798
0.907703669657575	2148196591.35484
0.908838299244647	2181176903.044405
0.9099743471187027	2224143272.650139
0.9111118150526011	2296894847.7116227
0.9122507048214169	2362346118.23893
0.9133910182024435	2398897077.973946
0.9145327569751966	2420529214.204839
0.9156759229214156	2459581191.5862126
0.9168205178250673	2499510372.637759
0.9179665434723485	2524041615.017869
0.919114001651689	2540122258.225616
0.9202628941537536	2458507569.8010683
0.9214132227714458	2234523135.5506454
0.92256498929991	1990486710.2169037
0.9237181955365349	1844964730.8936362
0.9248728432809555	1815035353.0095148
0.9260289343350568	1851159144.5542836
0.9271864705029755	1876058287.4498348
0.9283454535911042	1804346115.9875598
0.9295058854080931	1678228325.5830486
0.9306677677648533	1622428806.1432729
0.9318311024745591	1644649343.8609776
0.9329958913526524	1703412282.6697774
0.9341621362168431	1767846951.875791
0.9353298388871142	1783128540.11076
0.936499001185723	1759487531.6639483
0.9376696249372052	1749385175.5857139
0.9388417119683766	1767596773.8018663
0.9400152641083371	1821307792.7317898
0.9411902831884725	1899289721.2077882
0.942366771042458	1954161618.1274395
0.9435447295062611	1958183626.264879
0.9447241604181439	1940562950.5746262
0.9459050656186665	1959907995.121438
0.9470874469506899	2030765556.9850612
0.9482713062593783	2119371034.9137375
0.9494566453922024	2184271245.1729383
0.9506434661989427	2201258326.8686967
0.9518317705316914	2204652246.256016
0.9530215602448558	2217434274.2262397
0.9542128371951619	2211596531.2747107
0.9554056032416559	2233919687.1487308
0.9565998602457079	2312675127.323384
0.957795610071015	2376104471.611468
0.9589928545836038	2363282628.7931614
0.9601915956518332	2309685700.4269104
0.961391835146398	2350175997.411558
0.9625935749403309	2386363151.4071407
0.9637968169090064	2265143309.7210593
0.9650015629301427	2237000914.289665
0.9662078148838052	2360941015.7273474
0.9674155746524099	2353506015.609615
0.9686248441207255	2323476015.799363
0.9698356251758764	2381084091.006492
0.9710479197073462	2390668472.8309536
0.9722617296069803	2341153789.520243
0.9734770567689891	2260250432.0841045
0.9746939030899503	2247053314.3991404
0.9759122704688127	2326588554.874854
0.9771321608068987	2336509072.06118
0.9783535760079072	2269842011.1554956
0.9795765179779171	2328856281.939646
0.9808009886253894	2451935343.475126
0.9820269898611712	2457515903.9952607
0.9832545235984976	2420047829.115926
0.9844835917529957	2440238800.3498473
0.985714196242687	2499912840.428827
0.9869463389879902	2553969664.055363
0.9881800219117253	2580339725.8502975
0.989415246939115	2458887849.980045
0.9906520159977886	2150490863.76747
0.9918903310177859	1934551388.7338867
0.9931301939315581	1988107761.1345782
0.9943716066739725	2164461839.753446
0.995614571182315	2280631360.5759373
0.996859089396293	2273168445.533033
0.9981051632580382	2205125057.697675
0.9993527947121108	2177027609.3515267
1.0006019857055009	2195206873.4976315
1.0018527381876328	2199102650.400891
1.0031050541103672	2183363550.2852945
1.0043589354280051	2158927158.803062
1.0056143840972902	2120627794.3202212
1.0068714020774117	2154152101.0968986
1.0081299913300084	2251660210.4732947
1.009390153819171	2310012109.419232
1.0106518915114449	2329749472.9106207
1.011915206375834	2333096957.63114
1.013180100383804	2324685419.315268
1.0144465755092837	2298961723.648008
1.0157146337286702	2289976753.5269322
1.016984277020831	2309285595.64172
1.0182555073671071	2322087079.993392
1.0195283267513158	2350651846.788811
1.020802737159755	2379834614.453674
1.0220787405812046	2361448192.1229744
1.0233563390069311	2369652102.3692703
1.0246355344306899	2356313890.126248
1.025916328848728	2229569274.6114397
1.027198724259789	2143449859.6680863
1.0284827226651139	2162912267.5001736
1.0297683260684452	2228369989.6856594
1.0310555364760305	2291446895.502656
1.0323443558966257	2283279366.5419426
1.0336347863414963	2203830811.716214
1.0349268298244232	2177112358.1858826
1.0362204883617037	2299914982.272276
1.0375157639721557	2398202288.4559712
1.0388126586771211	2361446243.1659575
1.0401111745004674	2335089032.479825
1.041411313468593	2352532047.016693
1.0427130776104288	2372814213.511346
1.0440164689574416	2447975349.051818
1.0453214895436385	2521161193.857672
1.046628141405568	2482978786.362458
1.0479364265823248	2430477305.692077
1.0492463471155529	2440599014.9149065
1.0505579050494471	2446591885.586145
1.051871102430759	2457146460.580338
1.0531859413087974	2516099114.0938816
1.0545024237354332	2557013114.0998344
1.0558205517651027	2537155250.235567
1.0571403274548088	2506803062.7412467
1.0584617528641274	2500983310.576221
1.0597848300552075	2527858373.5297976
1.0611095610927765	2561552988.259952
1.0624359480441425	2585407893.048315
1.0637639929791975	2586271113.1229424
1.0650936979704217	2534154084.2511764
1.0664250650928846	2483374192.502907
1.0677580964242506	2505061711.00527
1.069092794044781	2562342524.0433416
1.0704291600373368	2599152425.4514837
1.0717671964873836	2598703896.70272
1.0731069054829927	2573752886.3248796
1.0744482891148466	2586284381.3938665
1.0757913494762399	2631131846.3373523
1.0771360886630854	2672808619.5602584
1.078482508773914	2698163451.605686
1.0798306119098815	2669050796.403593
1.081180400174769	2641713879.5731983
1.0825318756749873	2679339325.117529
1.0838850405195808	2710071665.276878
1.0852398968202304	2682913518.8146367
1.0865964466912557	2680797032.0195813
1.0879546922496197	2724111056.8450956
1.0893146356149317	2736730170.020673
1.0906762789094504	2710598566.701739
1.0920396242580872	2697063284.6962237
1.0934046737884098	2717567080.158366
1.0947714296306452	2718912396.199709
1.0961398939176834	2673370009.1263895
1.0975100687850805	2638730077.7358217
1.098881956371062	2650225609.6254525
1.1002555588165257	2661894052.5307474
1.1016308782650464	2614921476.263201
1.1030079168628775	2526632495.3448625
1.104386676758956	2458939491.5030675
1.1057671601049048	2442153225.3802032
1.1071493690550358	2457677044.0355973
1.1085333057663547	2484364375.8773417
1.1099189723985625	2507206370.645556
1.1113063711140607	2504880808.5449567
1.1126955040779534	2510263268.451926
1.1140863734580506	2538379886.0660734
1.1154789814248731	2550526508.68636
1.1168733301516542	2555246098.299286
1.1182694218143439	2554536419.532725
1.1196672585916116	2534124224.34727
1.1210668426648513	2536260610.189421
1.122468176218182	2574737649.847922
1.123871261438455	2603349865.5955524
1.125276100515253	2597493908.5079556
1.126682695640897	2601896197.8703527
1.128091049010448	2613180580.894698
1.129501162821711	2587562511.976665
1.1309130392752382	2577391847.755049
1.1323266805743324	2602233164.481846
1.13374208892505	2596590092.1882834
1.1351592665362065	2563480622.7548013
1.1365782156193767	2472516491.515082
1.1379989383889009	2267032315.200665
1.139421437061887	2097096608.677436
1.1408457138582142	2096635291.4509451
1.142271771000537	2286444751.730221
1.1436996107142876	2486558938.8649383
1.1451292352276803	2558108201.945364
1.146560646771715	2594163070.3384285
1.1479938475801796	2622642574.1106615
1.1494288398896548	2655321117.926127
1.150865625939517	2674589543.214506
1.1523042079719412	2664035165.097237
1.1537445882319062	2645026305.685565
1.155186768967196	2639370271.3655953
1.156630752428405	2651815806.1714654
1.1580765408689404	2643022144.6749673
1.1595241365450264	2571988075.660574
1.1609735417157079	2509263333.3206205
1.1624247586428524	2539291639.0920763
1.163877789591156	2574266195.2560353
1.165332636828145	2589584154.42592
1.16678930262418	2588250962.737596
1.1682477892524603	2442014684.0722804
1.1697080989890258	2324077481.710087
1.1711702341127619	2456869177.7647057
1.1726341969054028	2590526601.3198104
1.1740999896515347	2567385209.8645163
1.1755676146385992	2421999650.117184
1.1770370741568972	2156508441.8292975
1.1785083704995933	2126873011.653912
1.1799815059627177	2383732497.784552
1.1814564828451712	2518609687.062496
1.1829333034487275	2514482949.434789
1.1844119700780384	2534891474.1673274
1.185892485040636	2564159456.640768
1.1873748506469368	2510129099.0532455
1.1888590692102454	2432131431.655692
1.1903451430467582	2489906907.4513144
1.1918330744755665	2588325686.329146
1.193322865818661	2591983926.267222
1.1948145194009343	2530550443.743027
1.1963080375501856	2426298716.2509027
1.197803422597123	2356195365.1701884
1.1993006768753696	2416167386.6920485
1.2007998027214637	2508564501.840792
1.2023008024748656	2532368054.250841
1.203803678477959	2550068934.622919
1.2053084330760564	2578834246.8315263
1.2068150686174015	2585636315.6349645
1.2083235874531733	2572616236.2101264
1.2098339919374896	2563161331.8906813
1.2113462844274117	2559278488.9839478
1.2128604672829457	2574780047.47676
1.2143765428670494	2610022609.376583
1.2158945135456332	2628047504.7284327
1.2174143816875653	2629291767.968688
1.2189361496646747	2621155962.259641
1.2204598198517553	2604499398.4027433
1.2219853946265702	2602770532.9839787
1.2235128763698533	2619884784.783805
1.2250422674653156	2641342030.217764
1.2265735702996472	2650763540.698483
1.2281067872625218	2648930640.35386
1.2296419207465998	2642372219.11143
1.231178973147533	2625795271.4143305
1.2327179468639673	2609690964.3107424
1.2342588442975473	2610922077.8519454
1.2358016678529193	2621828584.4899526
1.2373464199377353	2624484584.1777496
1.2388931029626575	2600768018.1412497
1.2404417193413606	2536388816.0432057
1.2419922714905374	2419215083.275849
1.2435447618299005	2329345516.5585723
1.245099192782188	2395414564.2888575
1.2466555667731656	2503924592.2711415
1.248213886231632	2532860563.592913
1.2497741535894216	2513191295.5539527
1.2513363712814083	2406919576.629847
1.25290054174551	2326169167.3429027
1.2544666674226919	2419010728.4599123
1.2560347507569702	2517399146.5181923
1.2576047941954165	2524892105.424879
1.2591768001881607	2520147518.831521
1.2607507711883958	2523047376.6891127
1.2623267096523811	2523914958.2669086
1.2639046180394466	2514475510.2515955
1.265484498811996	2518279978.828926
1.267066354435511	2512163650.4417696
1.2686501873785552	2500392772.162371
1.2702360001127784	2523770252.932245
1.2718237951129194	2551989563.5862446
1.2734135748568105	2546227093.894464
1.2750053418253815	2533716232.887442
1.2765990985026632	2545294125.902936
1.2781948473757916	2556436363.495488
1.2797925909350112	2550731100.6608877
1.28139233167368	2506886088.0683117
1.282994072088272	2451366237.0616384
1.2845978146783823	2447613389.496027
1.2862035619467302	2476103662.469534
1.2878113163991636	2486965614.7976637
1.2894210805446624	2454845852.6938267
1.2910328568953433	2434894206.0702996
1.2926466479664624	2473033206.7516522
1.2942624562764204	2512427046.495914
1.295880284346766	2527681663.499911
1.2975001347021995	2529258255.841711
1.2991220098705771	2524018285.953896
1.3007459123829153	2525326850.694026
1.3023718447733938	2535164904.3949485
1.3039998095793606	2544423443.38609
1.3056298093413348	2536852382.250681
1.3072618466030115	2510282378.2370386
1.3088959239112652	2485698007.624841
1.3105320438161543	2444133430.0985055
1.3121702088709244	2342192459.610804
1.313810421632013	2281082848.7490196
1.315452684659053	2320959742.236208
1.3170970005148768	2409862401.599373
1.3187433717655204	2477247507.938974
1.3203918009802271	2476850542.902833
1.3220422907314524	2459395326.418114
1.3236948435948666	2446250460.561262
1.3253494621493602	2422875749.2312765
1.327006148977047	2391768637.073381
1.3286649066632683	2351545390.0665293
1.3303257377965971	2274733159.6444893
1.331988644968843	2158106427.304168
1.333653630775054	2027375034.2471933
1.3353206978135228	1895165897.8061047
1.3369898486857896	1836750939.8847516
1.3386610859966468	1876484240.6890845
1.3403344123541427	1907863501.490048
1.342009830369585	1864580757.8500512
1.3436873426575473	1824255728.4852774
1.345366951835869	1841593706.1513126
1.347048660525664	1845522688.0627437
1.348732471351321	1837226762.496932
1.35041838694051	1819997884.9467463
1.3521064099241855	1798213171.8262253
1.3537965429365908	1789697571.4891732
1.3554887886152616	1791808241.1939018
1.3571831496010305	1803839628.661842
1.3588796285380318	1799553894.348711
1.3605782280737042	1778330017.0966167
1.3622789508587965	1750271866.1581304
1.36398179954737	1753788578.78081
1.3656867767968042	1788101918.4897954
1.3673938852678	1803058273.269504
1.3691031276243848	1793054322.869562
1.3708145065339152	1775403166.8849
1.3725280246670826	1777360786.0913606
1.3742436846979165	1799089871.407106
1.3759614893037886	1817824173.5320418
1.3776814411654184	1831855486.2675836
1.3794035429668752	1845796509.2322838
1.3811277973955836	1849373569.6576986
1.382854207142328	1834141508.9985552
1.384582774901256	1821124892.7950401
1.3863135033698826	1809682981.3498466
1.388046395249095	1792373362.035973
1.389781453243156	1753696579.9250903
1.3915186800597101	1702407743.1502316
1.3932580784097848	1688770614.966982
1.3949996510077969	1700985587.8357878
1.3967434005715567	1686201937.103222
1.3984893298222711	1649765953.9364057
1.4002374414845487	1642275511.178117
1.4019877382864046	1668138463.294774
1.4037402229592626	1685427741.5056877
1.4054948982379614	1678755066.5232637
1.4072517668607587	1650750078.9007127
1.4090108315693348	1615160069.2377949
1.4107720951087963	1591636043.216313
1.4125355602276823	1577931481.91911
1.414301229677967	1569310737.9825187
1.4160691062150645	1553518069.9341323
1.4178391925978333	1522321591.0073822
1.4196114915885802	1524742120.9629104
1.421386005953066	1549800292.4738204
1.4231627384605074	1532504049.2914846
1.424941691883583	1505909268.574475
1.4267228689984375	1494659396.6926808
1.4285062725846855	1496086469.4960613
1.4302919054254162	1526126418.1429262
1.4320797703071981	1537806464.4591258
1.4338698700200818	1520009936.8316333
1.435662207357607	1522316727.2777827
1.4374567851168039	1536540615.6049995
1.4392536060981997	1534110222.9488242
1.4410526731058226	1529764169.6965601
1.4428539889472047	1547209571.4217067
1.444657556433389	1551876956.5202024
1.4464633783789307	1542893506.031434
1.4482714576019042	1548989161.6705787
1.4500817969239066	1554734940.6979318
1.4518943991700615	1567537802.452673
1.453709267169024	1576635526.091626
1.4555264037529851	1560523393.159585
1.4573458117576763	1559968818.5714307
1.4591674940223736	1580040806.5579376
1.4609914533899013	1562809756.696904
1.4628176927066388	1531516348.5343437
1.464646214822522	1545762444.717459
1.4664770225910502	1546665848.464406
1.4683101188692889	1500830322.0216224
1.4701455065178752	1487785701.0036926
1.4719831884010226	1514146871.5519652
1.473823167386524	1510807307.1084087
1.475665446345757	1495067088.4742682
1.4775100281536893	1503474523.3873568
1.4793569156888815	1508403032.4474761
1.4812061118334923	1503952049.9697268
1.4830576194732843	1513834415.960401
1.4849114414976257	1526862598.2750397
1.4867675807994976	1529168826.3328326
1.4886260402754972	1523260040.7616007
1.4904868228258412	1523115997.5814693
1.4923499313543735	1527016852.765449
1.4942153687685666	1525508092.9610782
1.4960831379795272	1537316700.580311
1.4979532419020016	1552572474.5171208
1.499825683454379	1536441089.4229112
1.501700465558697	1515492864.8581886
1.5035775911406453	1532478412.0540657
1.505457063129571	1555305288.6846113
1.5073388844584832	1558628847.8418496
1.509223058064056	1562531933.1739843
1.5111095868866362	1566544373.5591118
1.5129984738702444	1565380422.5788853
1.5148897219625823	1552987555.9356112
1.5167833341150354	1515304955.381427
1.5186793132826792	1524734489.761453
1.5205776624242824	1584948954.311879
1.5224783845023127	1609110921.3433137
1.5243814824829407	1586821176.6093285
1.5262869593360442	1564068451.401019
1.5281948180352143	1578657475.5178487
1.530105061557758	1593646672.4613767
1.5320176928847054	1575573344.679629
1.5339327150008113	1572898564.426052
1.5358501308945622	1595970624.2678683
1.5377699435581802	1602747663.6697755
1.539692155987628	1590537955.2728403
1.5416167711826123	1579268953.66856
1.5435437921465909	1589722274.2206526
1.5454732218867737	1611341848.8310604
1.5474050634141323	1614099141.31875
1.5493393197434	1608348709.1397426
1.5512759938930791	1615551338.3961112
1.5532150888854455	1621319777.0650897
1.5551566077465522	1614050809.0759208
1.5571005535062357	1605119219.7724447
1.5590469291981182	1609828990.0009477
1.5609957378596158	1625109509.416498
1.5629469825319402	1635479052.204179
1.5649006662601053	1631991508.3436954
1.5668567920929302	1640993917.5010548
1.5688153630830464	1656075656.135516
1.5707763822869003	1651407060.225071
1.5727398527647587	1652319117.2203887
1.5747057775807147	1664993386.5856848
1.5766741598026903	1668800867.0156817
1.5786450025024439	1670035487.4510636
1.5806183087555719	1679524420.1969254
1.582594081641516	1683126749.3368447
1.5845723242435679	1682952365.499363
1.5865530396488725	1695478211.163025
1.5885362309484334	1700168941.637539
1.5905219012371192	1690644001.1524422
1.5925100536136656	1694314168.8560572
1.5945006911806823	1710877443.794958
1.5964938170446583	1721631469.9705703
1.5984894343159641	1718489317.1002173
1.6004875461088588	1716845789.2535841
1.602488155541495	1720101858.0435352
1.6044912657359218	1717116344.6722858
1.6064968798180916	1718409828.8310559
1.608505000917864	1725657370.7103217
1.6105156321690117	1726091556.4969573
1.612528776709223	1721132769.7911808
1.6145444376801092	1713061417.4574144
1.6165626182272093	1712482878.3208418
1.6185833214999934	1708074897.601568
1.6206065506518683	1699237315.3927002
1.622632308840183	1717513401.3123639
1.624660599226233	1737869522.300566
1.626691424975266	1744000553.8415816
1.6287247892564851	1752460726.475376
1.6307606952430556	1755027941.0065107
1.6327991461121094	1754956658.895226
1.6348401450447496	1756724131.569408
1.6368836952260553	1757953100.2786133
1.638929799845088	1758878813.0046096
1.6409784620948942	1756897448.628168
1.6430296851725128	1760316347.0222895
1.6450834722789784	1769212477.0267274
1.647139826619327	1774925876.2362096
1.6491987514026012	1773145261.887717
1.6512602498418545	1767883574.052833
1.6533243251541565	1769443500.0581634
1.655390980560599	1779286340.3557775
1.6574602192863002	1782761298.1311843
1.6595320445604078	1772888066.9338095
1.6616064596161082	1768248072.828696
1.6636834676906282	1775604950.7024515
1.6657630720252417	1776415295.0496204
1.667845275865273	1770558375.9977913
1.6699300824601049	1764651290.7153103
1.6720174950631799	1753691744.182521
1.6741075169320085	1746652115.671632
1.6762001513281735	1748248819.7721894
1.678295401517334	1759549976.6864455
1.6803932707692304	1770480347.3777528
1.6824937623576919	1769946384.6795406
1.6845968795606392	1762231880.991487
1.6867026256600899	1747017576.1343994
1.6888110039421647	1731913249.8986187
1.6909220176970923	1725317951.7554507
1.6930356702192138	1721134261.755784
1.695151964806988	1710017128.9044836
1.6972709047629964	1692886582.9875164
1.6993924933939502	1681406958.9600089
1.7015167340106927	1677014417.0998728
1.7036436299282058	1663558922.7248144
1.705773184465616	1640427650.7802744
1.707905400946198	1616946053.9496071
1.7100402826973808	1593205789.0453815
1.7121778330507527	1570643577.9920144
1.7143180553420658	1551188486.328238
1.7164609529112433	1527220984.0959506
1.7186065291023824	1502025004.41613
1.7207547872637603	1498579051.7010815
1.72290573074784	1502572452.1510253
1.725059362911275	1492592385.6728942
1.7272156871149138	1477146963.091537
1.7293747067238074	1469522263.272543
1.731536425107212	1455474378.320536
1.733700845638596	1426402580.5458586
1.7358679716956442	1409083867.9048095
1.7380378066602638	1402490499.4531348
1.7402103539185891	1389751033.7780373
1.7423856168609873	1378785951.4137263
1.7445635988820634	1365549953.6319535
1.746744303380666	1347691420.192703
1.7489277337598916	1333124374.25106
1.7511138934270916	1320698158.4567122
1.7533027857938754	1305815680.4215736
1.7554944142761177	1270630652.8879397
1.7576887822939626	1246426863.479215
1.75988589327183	1250981098.8010612
1.76208575063842	1247162762.2141998
1.764288357826718	1244080740.1220884
1.7664937182740013	1231292899.646789
1.7687018354218438	1201388137.2303433
1.770912712716121	1184863541.7181923
1.773126353607016	1170087962.8627565
1.7753427615490247	1151589368.2910926
1.7775619400009608	1139429938.4174008
1.7797838924259624	1129987873.6688151
1.7820086222914944	1123146316.1651418
1.7842361330693588	1111918951.5319064
1.7864664282356955	1089292821.2599387
1.78869951127099	1083532459.6568997
1.790935385660079	1082858141.7997305
1.793174054892154	1067584799.5517334
1.7954155224607689	1063249061.9159424
1.7976597918638448	1065840916.6967052
1.7999068666036746	1041383425.808808
1.8021567501869293	1017565496.1186962
1.804409446124663	1021215801.7768195
1.8066649579323186	1017528151.8459178
1.8089232891297338	1008646883.1848575
1.8111844432411461	1003785219.4617531
1.8134484237951976	1019542253.6784613
1.8157152343249414	1032357953.9028873
1.8179848783678474	1000550072.3437332
1.8202573594658071	969668442.2101088
1.8225326811651397	988188115.5959458
1.824810847016596	1007621175.7478735
1.8270918605753668	994125420.0820181
1.8293757254010856	990188645.3071381
1.831662445057837	982194640.8412418
1.8339520231141593	970059282.4386693
1.836244463143052	970696281.4689742
1.8385397687219809	963610618.5336845
1.840837943432883	948212347.2868023
1.8431389908621743	920451767.2744757
1.8454429146007518	888238610.6782119
1.8477497182440028	871840993.9468951
1.8500594053918078	888842149.5126952
1.8523719796485476	909807482.6986736
1.8546874446231079	889629957.6681008
1.857005803928887	841313098.108121
1.8593270611837978	808888623.9032209
1.8616512200102777	821976159.7300032
1.8639782840352905	849031677.5434437
1.8663082568903346	864591947.1611096
1.8686411422114473	879670647.0945644
1.8709769436392114	879103807.3076605
1.8733156648187608	863300380.1806886
1.875657309399784	858542879.0978862
1.8780018810365335	854730042.0173199
1.8803493833878293	866142837.0134571
1.882699820117064	895967682.7145675
1.8850531948922105	901445576.8486137
1.8874095113858254	895452018.3036072
1.8897687732750577	885100970.0253091
1.8921309842416516	860981791.7368294
1.8944961479719535	860946103.9675393
1.8968642681569183	882287448.0997819
1.8992353484921145	896372780.7818685
1.9016093926777295	902325345.2824587
1.9039864044185768	896621148.2546186
1.9063663874241	890170238.1212503
1.90874934540838	887113663.2431008
1.9111352820901404	883123611.4783707
1.913524201192753	892724993.0555687
1.9159161064442438	892398352.2291478
1.918311001577299	880247417.9456803
1.9207088903292706	878175725.2578048
1.9231097764421823	872455033.0662987
1.925513663662735	866238805.3604052
1.9279205557423134	851865146.0230751
1.9303304564369912	808050299.533073
1.9327433695075371	795254884.6673598
1.9351592987194217	838683836.958832
1.9375782478428212	853904672.1308275
1.9400002206526246	833836543.0461648
1.9424252209284403	807895225.3279257
1.9448532524546007	763320168.4716
1.947284319020169	745591591.1265682
1.949718424418944	759373270.4721794
1.9521555724494677	770931788.3761487
1.9545957669150293	799150537.2399843
1.957039011623673	834602248.7959718
1.9594853103882026	847218921.6485639
1.961934667026188	834518970.2419082
1.9643870853599705	827954401.9204512
1.9668425692166707	832453929.9419675
1.969301122428191	832699787.2646716
1.9717627488312266	819277856.8652889
1.9742274522672654	777349944.2381662
1.9766952365825994	713075094.4998167
1.9791661056283276	688720325.2481791
1.981640063260363	725457222.648304
1.9841171133394384	746768750.7215437
1.9865972597311126	731929304.1953262
1.9890805063057764	732934573.9254161
1.9915668569386586	749623345.9467682
1.9940563155098319	765511976.1469941
1.9965488859042193	771758528.269337
1.9990445720115995	767302652.1956186
2.001543377726614	772777985.7156636
2.0040453069487723	780148442.1854419
2.006550363582458	776883233.3492658
2.009058551536936	765961034.5227666
2.0115698747263573	758970090.7395409
2.014084337069765	761563711.1392672
2.016601942491102	760271886.3873892
2.0191226949192163	756419945.1243043
2.021646598287865	765475183.3632807
2.0241736565357247	769395091.7600187
2.0267038736063943	754776468.7030374
2.029237253448402	751951221.6470261
2.0317738000152126	764714895.4061319
2.0343135172652316	766261388.7209042
2.036856409161813	761744903.8486176
2.039402479673265	760196924.9114567
2.041951732772857	757942579.5763291
2.0445041724388227	754037984.8975972
2.0470598026543714	754074940.5916226
2.0496186274076895	758271556.8261777
2.0521806506919487	759875531.3509233
2.0547458765053137	759644482.5934743
2.057314308850945	766553309.2454482
2.0598859517370087	768073245.3591396
2.06246080917668	751506145.125038
2.065038885188151	745205718.3571515
2.067620183794636	757669262.6942925
2.0702047090243796	764956784.8861083
2.0727924649106595	758133429.9752269
2.075383455491798	755619625.7833817
2.0779776848111626	761620247.5398206
2.0805751569171766	763380800.0500615
2.083175875863323	761227863.5926447
2.085779845708152	760236182.4799207
2.0883870705152874	761842725.353645
2.0909975543534314	768586989.7031353
2.093611301296373	770364672.8109696
2.0962283154229935	765452120.5913948
2.098848600817272	766666273.9011029
2.1014721615682936	771291226.7186024
2.104099001770254	773217032.2150657
2.1067291255224667	772595183.1498266
2.10936253692937	772575061.996029
2.1119992401005314	775114078.704273
2.114639239150657	778308624.3772188
2.1172825381995954	776989681.682761
2.119929141372345	777683663.675825
2.1225790527990602	783462550.6866021
2.125232276615059	782877542.8768625
2.1278888169608274	776629735.0053774
2.130548677982029	778700455.7153039
2.1332118638295063	786919975.9732896
2.1358783786592928	788188607.9181302
2.1385482266326172	783446906.3184037
2.141221411915908	783430281.7416301
2.1438979386808024	794310465.134687
2.1465778111041534	799047045.3157127
2.1492610333680338	789337632.660426
2.1519476096597434	784798636.596644
2.1546375441718184	790617992.2056614
2.157330841102033	795851953.7313573
2.1600275046534105	796882087.9314624
2.1627275390342273	796092994.7550088
2.16543094845802	797694872.762143
2.168137737143592	800968170.0635324
2.1708479093150217	798719094.4818124
2.1735614692016654	793388664.4844728
2.1762784210381674	789035420.7877984
2.178998769064465	786992260.4944203
2.1817225175257957	789716969.6995968
2.184449670672703	792299537.1235381
2.187180232761044	793035618.4760021
2.1899142080519947	792297206.3610278
2.19265160081206	791453664.5990603
2.1953924153130746	793317663.8545581
2.198136655832216	795251666.7271352
2.200884326652006	790700775.5830742
2.203635432060321	773182236.3749017
2.2063899763503967	751584887.8086107
2.2091479638208344	752684897.3759338
2.2119093987756107	775246845.8057061
2.21467428552408	788897674.7610724
2.217442628380985	786641403.0778539
2.2202144316664616	781679262.656576
2.2229896997060443	784528274.0751885
2.225768436830677	787573847.2383049
2.2285506473767147	782890282.0903833
2.2313363356859357	780044451.1371894
2.2341255061055434	778331182.6180451
2.236918162988175	778532412.8688697
2.23971431069191	781996504.5954808
2.2425139535802754	780764816.9744382
2.24531709602225	779192872.3737073
2.248123742392278	779292270.276622
2.2509338970702686	776607201.8946413
2.253747564441606	773357915.496187
2.256564748897158	771145167.522342
2.2593854548332795	768785856.0976415
2.262209686651821	764684686.7817581
2.2650374487601357	762639604.899215
2.2678687455710858	763612929.1915379
2.27070358150305	761540374.8657738
2.2735419609799283	759971755.6595975
2.276383888431153	759888128.186904
2.279229368291692	754982586.5313944
2.2820784050020566	751288850.4821942
2.2849310030083094	752981934.7666821
2.2877871667620697	754602961.3059669
2.290646900720522	734900584.6268313
2.293510209346423	680218973.2868778
2.2963770971081057	645875070.4019847
2.299247568479491	659118017.1168334
2.3021216279400902	675694463.237303
2.304999279975015	681212678.1911886
2.3078805290749838	682187018.7808287
2.3107653797363277	678489422.7497324
2.3136538364609978	674419739.5828665
2.316545903756574	674177200.241588
2.3194415861362696	665449695.4161881
2.32234088811894	631103481.6669132
2.3252438142290885	604078617.2859486
2.3281503689968748	609384193.1780539
2.331060556958121	620539942.311596
2.3339743826543184	623294992.2492242
2.3368918506326364	618092599.8278672
2.339812965445927	615204571.7640473
2.342737731652734	620212631.8039469
2.3456661538173003	627672115.5733705
2.348598236509572	625321338.9825734
2.3515339843052088	595931073.3591528
2.35447340178559	567892450.4795305
2.357416493537822	569364912.4784145
2.3603632641547443	579354670.7458936
2.3633137182349375	587540920.0037615
2.366267860382731	590639311.768842
2.3692256952082094	591611427.6689483
2.37218722732722	597020934.5109458
2.375152461361379	594704219.8218647
2.3781214019380803	583929301.9618487
2.381094053690503	565875956.8786757
2.384070421257616	543645347.882057
2.387050509284188	535853213.24247235
2.390034322420793	541080188.0937368
2.393021865323819	545727601.1082232
2.3960131426554736	545532728.0326726
2.399008159083793	538900482.2401146
2.402006919282648	530727268.3598394
2.405009427931751	522913986.683333
2.408015689716666	511655695.2524982
2.411025709328811	502231704.71698016
2.414039491465472	496034202.7122986
2.417057040829804	492119527.2884576
2.420078362130841	491734233.3936647
2.423103460083505	488247530.4166147
2.426132339408609	480735344.57709455
2.42916500483287	475590049.08840734
2.432201461088911	470614337.6937787
2.4352417129152717	463271679.72513866
2.438285765056416	460289320.8690675
2.441333622262736	456924087.2193017
2.444385289290565	449523068.627411
2.447440770902178	444735579.88843876
2.4505000718658057	435851257.71368724
2.4535631969556375	425210317.83121747
2.456630150951832	428217969.21864086
2.459700938640522	428166381.8989174
2.4627755648138225	424370270.47105956
2.4658540342698396	423815713.1746764
2.468936351812677	415477949.67788285
2.4720225222524426	405192809.8155845
2.475112550405258	399185525.50414526
2.4782064410932647	397195212.8173625
2.481304199144631	396013567.576293
2.484405829393562	398599168.62444377
2.4875113366803037	390603475.1420452
2.490620725851154	379393985.8885951
2.4937340017584684	360232745.7056496
2.4968511692606663	290759115.8695776
