#wavelength (micron)	surface_flux (erg / (cm2 micron s))
0.7	1339456327.881138
0.7008749999999999	2036482783.3753383
0.70175109375	2505354369.63179
0.7026282826171873	2673940555.5205774
0.7035065679704589	2805822649.10154
0.7043859511804219	2903143244.3311844
0.7052664336193974	2659782072.1643233
0.7061480166614217	2101722417.1446824
0.7070307016822485	1877943435.9356546
0.7079144900593511	1973327071.6326642
0.7087993831719255	1819000727.4681563
0.7096853824008903	1513240070.5007725
0.7105724891288914	1486954551.0171733
0.7114607047403024	1650667942.6636415
0.7123500306212278	1615332120.8918424
0.7132404681595043	1339200087.2996814
0.7141320187447037	1188340909.4120939
0.7150246837681346	1267830104.9346042
0.7159184646228446	1367741717.3897588
0.7168133627036232	1435742379.4660146
0.7177093794070027	1539743145.7769215
0.7186065161312616	1679067111.9483664
0.7195047742764256	1711864847.3167791
0.7204041552442711	1610103280.622987
0.7213046604383263	1592449554.0431607
0.7222062912638743	1737642843.1193137
0.723109049127954	1897009482.7872484
0.7240129354393641	2044390270.2883174
0.7249179516086632	2252841700.711565
0.725824099048174	2461145183.297852
0.7267313791719842	2547263354.8098407
0.7276397933959492	2561111403.848013
0.728549343137694	2676758929.1713123
0.7294600298166162	2892079575.150118
0.730371854853887	3075757570.3441
0.7312848196724542	3207590262.275193
0.7321989256970448	3341902904.035659
0.7331141743541661	3510006186.2757287
0.7340305670721088	3655365603.4138074
0.7349481052809489	3717704384.439346
0.7358667904125501	3771900312.435818
0.7367866239005658	3931170780.193739
0.7377076071804415	4113932379.364535
0.738629741689417	4181976617.73831
0.7395530288665286	4223858821.3680034
0.7404774701526119	4306652482.815728
0.7414030669903027	4347352832.882223
0.7423298208240404	4370380494.750974
0.7432577331000705	4436981085.6555395
0.7441868052664457	4490959107.556099
0.7451170387730286	4503566760.281526
0.7460484350714948	4518328042.801064
0.7469809956153342	4556270026.199053
0.7479147218598534	4616973006.715091
0.7488496152621781	4639545602.636743
0.7497856772812559	4634942769.028953
0.7507229093778575	4674636485.455346
0.7516613130145797	4723405362.615918
0.7526008896558479	4770687973.209787
0.7535416407679177	4815069475.42498
0.7544835678188776	4859017894.044766
0.7554266722786511	4896965265.099109
0.7563709556189995	4908850749.085457
0.7573164193135232	4883870943.998501
0.758263064837665	4684050451.001408
0.7592108936687122	4264216222.829232
0.760159907285798	3979900039.388832
0.7611101071699052	3976154299.2500687
0.7620614948038675	3966523336.492469
0.7630140716723723	3752025268.167683
0.7639678392619629	3548176570.82832
0.7649227990610402	3577009599.133834
0.7658789525598665	3544319558.91575
0.7668363012505663	3199522412.744485
0.7677948466271296	2858891162.9434485
0.7687545901854135	2828898201.648774
0.7697155334231451	2917778780.7102604
0.7706776778399241	2906515593.236459
0.771641024937224	2879909980.244906
0.7726055762183955	2996328749.9474463
0.7735713331886686	3157567070.601612
0.7745382973551542	3097910210.750496
0.7755064702268482	2885360946.549576
0.7764758533146318	2854851254.4349427
0.7774464481312751	2960231760.1510715
0.7784182561914391	2994675935.7425704
0.7793912790116784	3045897005.429
0.780365518110443	3202134435.514849
0.781340975008081	3355482243.4993634
0.782317651226841	3346799583.8547845
0.7832955482908746	3208055939.091741
0.7842746677262382	3180134887.4992337
0.7852550110608959	3300890165.8466372
0.7862365798247221	3413743131.812688
0.7872193755495029	3516478502.369503
0.7882033997689398	3661126865.270163
0.7891886540186509	3784158679.726901
0.7901751398361742	3794891517.9393
0.7911628587609694	3712565141.9084415
0.7921518123344207	3700352692.7126155
0.7931420020998386	3798495692.2042465
0.7941334296024635	3880818943.5232472
0.7951260963894664	3966914306.471989
0.7961200040099533	4110428693.106811
0.7971151540149657	4216106627.071317
0.7981115479574844	4236425450.1017547
0.7991091873924312	4223718282.238971
0.8001080738766717	4257051574.5506725
0.8011082089690176	4364739608.463797
0.8021095942302288	4449472503.36453
0.8031122312230166	4492142044.237792
0.8041161215120453	4550225972.941167
0.8051212666639354	4611048577.105438
0.8061276682472652	4656014200.789883
0.8071353278325744	4665162295.79958
0.808144246992365	4709770282.747306
0.8091544273011054	4801847997.203753
0.8101658703352317	4871002452.084515
0.8111785776731507	4926247088.373055
0.8121925508952421	4976317789.424832
0.8132077915838613	5036597080.101201
0.8142243013233411	5106307428.827619
0.8152420816999951	5158826927.607543
0.8162611343021202	5193061356.371158
0.8172814607199979	5213352629.347099
0.8183030625458978	5163983897.010225
0.8193259413740802	5024251729.832032
0.8203500988007977	4864439849.172455
0.8213755364242987	4796616755.769818
0.8224022558448291	4855898044.249506
0.8234302586646352	4939073800.375301
0.8244595464879658	4968507827.605738
0.8254901209210758	4960977936.855736
0.8265219835722272	4938607668.261839
0.8275551360516924	4873784643.362619
0.8285895799717569	4785946972.24409
0.8296253169467216	4710546316.174265
0.830662348592905	4655258685.5845375
0.8317006765286461	4665236965.538621
0.8327403023743069	4678093818.4725485
0.8337812277522748	4644681539.4667635
0.834823454286965	4600716651.2032795
0.8358669836048238	4571322935.040382
0.8369118173343297	4565760589.812081
0.8379579571059977	4485014225.833146
0.8390054045523802	4409001740.58203
0.8400541613080706	4513217961.440699
0.8411042290097056	4615767872.009217
0.8421556092959678	4505297457.5228195
0.8432083038075878	4192895428.362898
0.8442623141873472	3785704484.908018
0.8453176420800813	3442431251.0190816
0.8463742891326813	3264960920.1557255
0.8474322569940972	3278013415.8366556
0.8484915473153398	3404502105.4490323
0.8495521617494839	3471419292.0424156
0.8506141019516709	3443504679.6679544
0.8516773695791103	3415790116.2473974
0.8527419662910842	3445449160.161473
0.853807893748948	3474142042.87823
0.8548751536161342	3556981163.8578334
0.8559437475581545	3768651889.4375653
0.857013677242602	3919975102.274002
0.8580849443391553	3968926338.948017
0.8591575505195791	4012239780.4831295
0.8602314974577286	4075681916.820016
0.8613067868295508	4171525440.072511
0.8623834203130877	4293115281.489911
0.8634613995884791	4400269093.724643
0.8645407263379646	4441584844.728289
0.8656214022458871	4373666549.188822
0.8667034289986943	4301492651.942769
0.8677868082849427	4336235218.719453
0.8688715417952989	4403259190.991298
0.869957631222543	4540576971.934493
0.8710450782615712	4711493733.724381
0.872133884609398	4789240766.431667
0.8732240519651597	4818604882.005189
0.8743155820301162	4852011976.652127
0.8754084765076539	4889961117.279943
0.8765027371032884	4907859761.883237
0.8775983655246675	4943797964.892686
0.8786953634815732	5028262859.122386
0.8797937326859253	5062313814.316258
0.8808934748517826	5029024002.480667
0.8819945916953473	5026570950.8369465
0.8830970849349664	5072159664.669616
0.8842009562911352	5135511723.590982
0.8853062074864991	5026067213.722145
0.8864128402458572	4633450966.367514
0.8875208562961645	4317062607.450817
0.8886302573665347	4311339178.419662
0.8897410451882428	4437981094.242699
0.8908532214947281	4551508325.568755
0.8919667880215966	4622930162.51956
0.8930817465066233	4626457496.223097
0.8941980986897567	4556226373.117443
0.8953158463131189	4520778521.463553
0.8964349911210102	4573811395.58348
0.8975555348599115	4648804246.475287
0.8986774792784863	4728418544.65097
0.8998008261275845	4783116325.181058
0.9009255771602438	4786286454.695872
0.9020517341316941	4779261135.276531
0.9031792987993587	4824173842.28553
0.9043082729228579	4918114468.385572
0.9054386582640114	5003698021.699732
0.9065704565868414	5066397105.359772
0.907703669657575	5084089245.023091
0.908838299244647	5039536622.2108
0.9099743471187027	5039787186.96251
0.9111118150526011	5110164402.599711
0.9122507048214169	5174650824.958426
0.9133910182024435	5227379408.719978
0.9145327569751966	5258562875.628314
0.9156759229214156	5273101158.444246
0.9168205178250673	5278295492.631924
0.9179665434723485	5293690767.583024
0.919114001651689	5310183432.056301
0.9202628941537536	5249788254.267964
0.9214132227714458	5108825544.624227
0.92256498929991	4965885938.71349
0.9237181955365349	4863717607.026304
0.9248728432809555	4811280222.4310055
0.9260289343350568	4821581539.536003
0.9271864705029755	4853760307.736414
0.9283454535911042	4803057422.2468195
0.9295058854080931	4689517364.218369
0.9306677677648533	4640970877.380118
0.9318311024745591	4665414159.980046
0.9329958913526524	4717340059.565931
0.9341621362168431	4765483825.055339
0.9353298388871142	4753044967.657632
0.936499001185723	4702281980.985883
0.9376696249372052	4690843081.97172
0.9388417119683766	4719974991.921007
0.9400152641083371	4755391128.610656
0.9411902831884725	4788444488.089562
0.942366771042458	4821067199.446346
0.9435447295062611	4822229877.047541
0.9447241604181439	4791456679.694757
0.9459050656186665	4813038597.829144
0.9470874469506899	4889661777.815242
0.9482713062593783	4957281370.524647
0.9494566453922024	4998540199.100338
0.9506434661989427	5004098000.52234
0.9518317705316914	4998377825.660877
0.9530215602448558	4997051634.614449
0.9542128371951619	4976373350.266137
0.9554056032416559	4985175583.167714
0.9565998602457079	5039588774.9084425
0.957795610071015	5079142582.201827
0.9589928545836038	5094130595.146733
0.9601915956518332	5085781479.916303
0.961391835146398	5110716755.885021
0.9625935749403309	5133662037.533568
0.9637968169090064	5046276892.901049
0.9650015629301427	4950647585.428451
0.9662078148838052	4939980079.811037
0.9674155746524099	4951556266.558069
0.9686248441207255	4993891421.48004
0.9698356251758764	5054088313.226045
0.9710479197073462	5057354245.092063
0.9722617296069803	5006138169.313218
0.9734770567689891	4934527513.55377
0.9746939030899503	4926733233.419177
0.9759122704688127	4996301107.314853
0.9771321608068987	5007103425.149633
0.9783535760079072	4952842773.8324175
0.9795765179779171	4995287616.910114
0.9808009886253894	5082220957.910046
0.9820269898611712	5071821252.887208
0.9832545235984976	5034228141.435963
0.9844835917529957	5061271558.306496
0.985714196242687	5114419492.561337
0.9869463389879902	5143456531.095398
0.9881800219117253	5150246366.029312
0.989415246939115	5093069309.429768
0.9906520159977886	4961312612.329267
0.9918903310177859	4869435536.712492
0.9931301939315581	4887810137.409363
0.9943716066739725	4959644419.761094
0.995614571182315	5017889349.143348
0.996859089396293	5042603363.421777
0.9981051632580382	5036625649.568703
0.9993527947121108	5006053785.380149
1.0006019857055009	4975948468.713728
1.0018527381876328	4982749620.182671
1.0031050541103672	4988051431.871815
1.0043589354280051	4952029257.042087
1.0056143840972902	4902614479.783433
1.0068714020774117	4913045994.527365
1.0081299913300084	4987016088.052183
1.009390153819171	5042010965.376589
1.0106518915114449	5055865159.1167755
1.011915206375834	5043147730.65469
1.013180100383804	5010977641.904168
1.0144465755092837	4949250680.304575
1.0157146337286702	4914381538.79364
1.016984277020831	4941921476.091477
1.0182555073671071	4960762828.706938
1.0195283267513158	4953244811.435596
1.020802737159755	4963275233.473799
1.0220787405812046	4989898502.016037
1.0233563390069311	5025164281.233636
1.0246355344306899	5036182021.9200945
1.025916328848728	4984171438.628126
1.027198724259789	4939583604.364466
1.0284827226651139	4948275612.246156
1.0297683260684452	4974742598.893869
1.0310555364760305	4996896786.273647
1.0323443558966257	4983121890.28562
1.0336347863414963	4920225501.816353
1.0349268298244232	4902090459.319064
1.0362204883617037	4975886503.793867
1.0375157639721557	5011158882.401682
1.0388126586771211	4958971769.023687
1.0401111745004674	4925253957.458289
1.041411313468593	4946646676.905231
1.0427130776104288	4968811441.482419
1.0440164689574416	5006549683.701714
1.0453214895436385	5039656580.0523205
1.046628141405568	5014827942.697709
1.0479364265823248	4990396103.663291
1.0492463471155529	4984686152.88306
1.0505579050494471	4972295795.574643
1.051871102430759	4974850634.766613
1.0531859413087974	5009458396.797443
1.0545024237354332	5032880466.457105
1.0558205517651027	5021546667.842477
1.0571403274548088	4995240758.242032
1.0584617528641274	4966398003.222732
1.0597848300552075	4959409088.690754
1.0611095610927765	4970640162.33961
1.0624359480441425	5006157986.075129
1.0637639929791975	5032025919.181032
1.0650936979704217	4993093446.88699
1.0664250650928846	4942262368.420323
1.0677580964242506	4934953804.55409
1.069092794044781	4949935255.845956
1.0704291600373368	4960461878.808682
1.0717671964873836	4945991523.865135
1.0731069054829927	4919694812.398739
1.0744482891148466	4945666573.985786
1.0757913494762399	4990825172.502481
1.0771360886630854	4994532849.588088
1.078482508773914	4966610956.880882
1.0798306119098815	4930102154.873604
1.081180400174769	4907276130.452887
1.0825318756749873	4922392339.087052
1.0838850405195808	4963043802.211301
1.0852398968202304	4986296739.848631
1.0865964466912557	4978257745.633041
1.0879546922496197	4954747242.333049
1.0893146356149317	4947281676.367392
1.0906762789094504	4948929376.801208
1.0920396242580872	4947492614.160317
1.0934046737884098	4967245213.801413
1.0947714296306452	4976825780.544671
1.0961398939176834	4936644314.492015
1.0975100687850805	4900736939.141261
1.098881956371062	4910787615.759269
1.1002555588165257	4925826705.757319
1.1016308782650464	4903377074.641972
1.1030079168628775	4848718078.155511
1.104386676758956	4795836049.115525
1.1057671601049048	4771545289.136094
1.1071493690550358	4773210760.396594
1.1085333057663547	4790825692.767505
1.1099189723985625	4808057187.647999
1.1113063711140607	4805985884.692648
1.1126955040779534	4804571782.34633
1.1140863734580506	4811105730.22562
1.1154789814248731	4794087170.550085
1.1168733301516542	4786473030.324712
1.1182694218143439	4804987961.315503
1.1196672585916116	4805104911.186292
1.1210668426648513	4808049190.558997
1.122468176218182	4820202815.084525
1.123871261438455	4794823998.938784
1.125276100515253	4744251136.990126
1.126682695640897	4757352885.791676
1.128091049010448	4797243704.141343
1.129501162821711	4782490423.340336
1.1309130392752382	4778596163.402444
1.1323266805743324	4803511228.683253
1.13374208892505	4809145069.608614
1.1351592665362065	4811462406.393711
1.1365782156193767	4797061649.332552
1.1379989383889009	4732921031.803843
1.139421437061887	4700615500.375564
1.1408457138582142	4731281845.941285
1.142271771000537	4756863434.618034
1.1436996107142876	4764531800.919775
1.1451292352276803	4786361049.438796
1.146560646771715	4797352552.050007
1.1479938475801796	4783049766.158149
1.1494288398896548	4793626697.488113
1.150865625939517	4813645309.503403
1.1523042079719412	4817234702.834531
1.1537445882319062	4817033588.88235
1.155186768967196	4814246847.737179
1.156630752428405	4804677684.120916
1.1580765408689404	4781394752.519483
1.1595241365450264	4731940794.521428
1.1609735417157079	4689363934.100993
1.1624247586428524	4701705036.973856
1.163877789591156	4717888490.391119
1.165332636828145	4737558841.138615
1.16678930262418	4759084327.160151
1.1682477892524603	4727229241.274214
1.1697080989890258	4707212360.927747
1.1711702341127619	4740447627.057413
1.1726341969054028	4765755063.456211
1.1740999896515347	4766029313.038708
1.1755676146385992	4747278714.508138
1.1770370741568972	4678840272.282844
1.1785083704995933	4623113455.005983
1.1799815059627177	4658548097.026482
1.1814564828451712	4684521329.866799
1.1829333034487275	4646312478.072472
1.1844119700780384	4663368270.993647
1.185892485040636	4710118278.289188
1.1873748506469368	4657687610.273881
1.1888590692102454	4569445218.011033
1.1903451430467582	4600050688.194955
1.1918330744755665	4681542909.02053
1.193322865818661	4693361756.155456
1.1948145194009343	4649712959.126144
1.1963080375501856	4573199641.954292
1.197803422597123	4519042667.649032
1.1993006768753696	4563483196.804101
1.2007998027214637	4639056528.0574665
1.2023008024748656	4644539678.176578
1.203803678477959	4631415305.723678
1.2053084330760564	4645005896.632455
1.2068150686174015	4640596392.813184
1.2083235874531733	4605169834.292504
1.2098339919374896	4607228327.723286
1.2113462844274117	4639609105.64865
1.2128604672829457	4654545542.402203
1.2143765428670494	4657314876.788551
1.2158945135456332	4651704823.768405
1.2174143816875653	4647030065.214528
1.2189361496646747	4648721246.839472
1.2204598198517553	4647754622.16847
1.2219853946265702	4640070137.263671
1.2235128763698533	4629319828.79028
1.2250422674653156	4623615818.864238
1.2265735702996472	4620785301.250173
1.2281067872625218	4621604109.4592
1.2296419207465998	4624190431.218071
1.231178973147533	4618889989.564301
1.2327179468639673	4610683121.993469
1.2342588442975473	4605246858.292488
1.2358016678529193	4602486704.066976
1.2373464199377353	4601407074.282919
1.2388931029626575	4590704824.403638
1.2404417193413606	4570228225.657341
1.2419922714905374	4538290985.0291605
1.2435447618299005	4511071158.958105
1.245099192782188	4521464137.714168
1.2466555667731656	4537838372.065266
1.248213886231632	4533532358.32327
1.2497741535894216	4529549794.531213
1.2513363712814083	4513158691.521228
1.25290054174551	4491165709.625902
1.2544666674226919	4501908755.371349
1.2560347507569702	4507892812.237578
1.2576047941954165	4495010785.783962
1.2591768001881607	4486584205.495015
1.2607507711883958	4478481190.536391
1.2623267096523811	4484636809.190846
1.2639046180394466	4491377280.765783
1.265484498811996	4487923645.802527
1.267066354435511	4478129861.330898
1.2686501873785552	4477263698.111915
1.2702360001127784	4494349798.765784
1.2718237951129194	4496311969.898345
1.2734135748568105	4464411042.53868
1.2750053418253815	4440748025.914805
1.2765990985026632	4459277613.309946
1.2781948473757916	4479481293.841933
1.2797925909350112	4465002307.958576
1.28139233167368	4396471129.5871
1.282994072088272	4338069954.496515
1.2845978146783823	4367579020.7919
1.2862035619467302	4426133185.31436
1.2878113163991636	4435117120.428429
1.2894210805446624	4393537444.397376
1.2910328568953433	4365444820.371447
1.2926466479664624	4389521786.825114
1.2942624562764204	4422813812.605358
1.295880284346766	4434565913.28542
1.2975001347021995	4430761882.835387
1.2991220098705771	4421895778.250917
1.3007459123829153	4410173637.331098
1.3023718447733938	4410277632.990046
1.3039998095793606	4426763258.586592
1.3056298093413348	4432922933.185063
1.3072618466030115	4421912394.142493
1.3088959239112652	4412801242.941877
1.3105320438161543	4394908748.315134
1.3121702088709244	4334191301.025122
1.313810421632013	4294040747.085286
1.315452684659053	4316877339.685856
1.3170970005148768	4370996462.3774395
1.3187433717655204	4405971027.112084
1.3203918009802271	4394716478.432375
1.3220422907314524	4382073534.354019
1.3236948435948666	4387539587.412819
1.3253494621493602	4382025363.031808
1.327006148977047	4351790588.982101
1.3286649066632683	4307283373.879286
1.3303257377965971	4265800168.0801606
1.331988644968843	4224573755.8669767
1.333653630775054	4192108778.0223365
1.3353206978135228	4168509424.411767
1.3369898486857896	4154201328.962197
1.3386610859966468	4153391461.4096117
1.3403344123541427	4143005807.6851964
1.342009830369585	4132617574.530447
1.3436873426575473	4141617450.470447
1.345366951835869	4158607437.0714865
1.347048660525664	4161663596.151381
1.348732471351321	4157243108.417001
1.35041838694051	4143666888.1109185
1.3521064099241855	4138240413.6009536
1.3537965429365908	4139106653.0217533
1.3554887886152616	4132484305.4076114
1.3571831496010305	4139543335.7158685
1.3588796285380318	4136335230.6821837
1.3605782280737042	4108799317.444103
1.3622789508587965	4089187941.500647
1.36398179954737	4099841296.3715105
1.3656867767968042	4132567138.7626686
1.3673938852678	4155707650.0522904
1.3691031276243848	4160883544.414608
1.3708145065339152	4164697013.1518536
1.3725280246670826	4171483417.2826843
1.3742436846979165	4177926620.459595
1.3759614893037886	4182793295.369748
1.3776814411654184	4180620227.285348
1.3794035429668752	4183386469.0954795
1.3811277973955836	4190861576.070216
1.382854207142328	4178832134.9196477
1.384582774901256	4146809413.651559
1.3863135033698826	4118366049.454777
1.388046395249095	4100857724.9115133
1.389781453243156	3964123640.5239296
1.3915186800597101	3714630812.2163553
1.3932580784097848	3671735584.6251464
1.3949996510077969	3815179913.738386
1.3967434005715567	3889518370.438087
1.3984893298222711	3897860585.8856645
1.4002374414845487	3905148322.3900795
1.4019877382864046	3939062811.449785
1.4037402229592626	3970502965.0184507
1.4054948982379614	3981235800.6984196
1.4072517668607587	3975864215.3894405
1.4090108315693348	3961225005.3588457
1.4107720951087963	3953051937.556175
1.4125355602276823	3925457516.144516
1.414301229677967	3922680461.8619695
1.4160691062150645	3946943881.8111997
1.4178391925978333	3924389256.2648377
1.4196114915885802	3924274371.593015
1.421386005953066	3954423414.8528533
1.4231627384605074	3926708590.736876
1.424941691883583	3881426865.2249193
1.4267228689984375	3873992661.93014
1.4285062725846855	3902191990.6175256
1.4302919054254162	3951383824.445658
1.4320797703071981	3962697886.4443865
1.4338698700200818	3895596896.9652853
1.435662207357607	3851408855.436415
1.4374567851168039	3886846511.647962
1.4392536060981997	3912117977.81114
1.4410526731058226	3918329708.498055
1.4428539889472047	3938655101.338095
1.444657556433389	3940670627.770971
1.4464633783789307	3938116909.482914
1.4482714576019042	3960588597.095233
1.4500817969239066	3953041437.2326794
1.4518943991700615	3936520648.828442
1.453709267169024	3952617215.192151
1.4555264037529851	3937902050.1502886
1.4573458117576763	3932160116.942532
1.4591674940223736	3866600230.4568434
1.4609914533899013	3660554920.1548233
1.4628176927066388	3603125160.4364
1.464646214822522	3715137878.9019604
1.4664770225910502	3763980947.1769695
1.4683101188692889	3765815954.404727
1.4701455065178752	3772120089.5804577
1.4719831884010226	3817742070.532593
1.473823167386524	3856260142.9274054
1.475665446345757	3847941879.7089825
1.4775100281536893	3851017837.5689664
1.4793569156888815	3859493335.394848
1.4812061118334923	3876501504.297995
1.4830576194732843	3929441089.8883386
1.4849114414976257	3954886394.759835
1.4867675807994976	3867378240.8049283
1.4886260402754972	3786509165.7241106
1.4904868228258412	3870307959.79754
1.4923499313543735	3984356746.234464
1.4942153687685666	4029168486.747125
1.4960831379795272	4067123433.2614446
1.4979532419020016	4088857208.495254
1.499825683454379	4023679873.838573
1.501700465558697	3853832748.582738
1.5035775911406453	3714145576.465872
1.505457063129571	3751033732.4310093
1.5073388844584832	3915807634.043849
1.509223058064056	4034881579.2816567
1.5111095868866362	4049401656.583801
1.5129984738702444	4010095453.029763
1.5148897219625823	4004713461.6752167
1.5167833341150354	4050832472.7027736
1.5186793132826792	4088351524.736824
1.5205776624242824	4128999848.6399493
1.5224783845023127	4150741728.011279
1.5243814824829407	4127664344.8427644
1.5262869593360442	4077332202.012903
1.5281948180352143	4048343102.742474
1.530105061557758	4105698133.2180314
1.5320176928847054	4151695680.9045863
1.5339327150008113	4149377604.399158
1.5358501308945622	4116403028.7334166
1.5377699435581802	3946710781.5420117
1.539692155987628	3820061534.119026
1.5416167711826123	3864324513.7901754
1.5435437921465909	3990953957.5147886
1.5454732218867737	4153593175.2506104
1.5474050634141323	4228878898.654806
1.5493393197434	4212495885.8334174
1.5512759938930791	4185060733.161962
1.5532150888854455	4161571889.427008
1.5551566077465522	4109543500.1496067
1.5571005535062357	4069873739.7737126
1.5590469291981182	4112715051.1503153
1.5609957378596158	4183198368.896881
1.5629469825319402	4205164233.0201488
1.5649006662601053	4215590700.058578
1.5668567920929302	4270728632.008559
1.5688153630830464	4313190651.351151
1.5707763822869003	4282107561.0989265
1.5727398527647587	4203764788.4138064
1.5747057775807147	4117598466.718176
1.5766741598026903	4037793228.1919103
1.5786450025024439	4092372132.7924113
1.5806183087555719	4250045245.568123
1.582594081641516	4288881595.9003434
1.5845723242435679	4300417399.618097
1.5865530396488725	4323248254.722007
1.5885362309484334	4194833018.3481016
1.5905219012371192	4128656801.237287
1.5925100536136656	4307943024.978486
1.5945006911806823	4469546537.287585
1.5964938170446583	4435509815.301028
1.5984894343159641	4348441377.357467
1.6004875461088588	4352993459.216243
1.602488155541495	4375412187.017151
1.6044912657359218	4335038696.359702
1.6064968798180916	4298927422.92754
1.608505000917864	4376468963.072265
1.6105156321690117	4502316384.678804
1.612528776709223	4529079368.578779
1.6145444376801092	4472828474.621094
1.6165626182272093	4419975394.779159
1.6185833214999934	4290457618.552679
1.6206065506518683	4086769718.894753
1.622632308840183	4050441039.177622
1.624660599226233	4174937585.8809896
1.626691424975266	4345019851.780661
1.6287247892564851	4489051829.704738
1.6307606952430556	4505323722.866801
1.6327991461121094	4474283194.232988
1.6348401450447496	4434002107.635634
1.6368836952260553	4376581910.392063
1.638929799845088	4334014326.867982
1.6409784620948942	4324374234.623949
1.6430296851725128	4335750093.823945
1.6450834722789784	4304291576.823177
1.647139826619327	4338402300.266548
1.6491987514026012	4449437172.559666
1.6512602498418545	4488444738.376804
1.6533243251541565	4445298363.173053
1.655390980560599	4447466445.254014
1.6574602192863002	4481322922.843298
1.6595320445604078	4433210997.359422
1.6616064596161082	4335069884.448831
1.6636834676906282	4254937350.1888785
1.6657630720252417	4224045725.922325
1.667845275865273	4260789776.779149
1.6699300824601049	4271538933.210391
1.6720174950631799	4201424949.4712243
1.6741075169320085	4174211208.1998143
1.6762001513281735	4232037039.0009065
1.678295401517334	4345408636.006238
1.6803932707692304	4394656436.116518
1.6824937623576919	4331385643.5796385
1.6845968795606392	4244879593.1774864
1.6867026256600899	4141528614.783408
1.6888110039421647	4031712385.7811246
1.6909220176970923	4035812456.8099165
1.6930356702192138	4178804939.493412
1.695151964806988	4262798920.6290536
1.6972709047629964	4231827054.072394
1.6993924933939502	4169369449.6986384
1.7015167340106927	4128476779.763126
1.7036436299282058	4126323716.4867663
1.705773184465616	4059207835.736574
1.707905400946198	3917885012.150861
1.7100402826973808	3743500520.793995
1.7121778330507527	3722251410.920988
1.7143180553420658	3909385622.3507023
1.7164609529112433	3971133622.6949363
1.7186065291023824	3899125859.096962
1.7207547872637603	3855937953.8718805
1.72290573074784	3805068839.3174386
1.725059362911275	3792222896.402333
1.7272156871149138	3836564196.433804
1.7293747067238074	3815719903.971185
1.731536425107212	3695818334.1056595
1.733700845638596	3605281805.668299
1.7358679716956442	3642670785.028272
1.7380378066602638	3696317812.8393717
1.7402103539185891	3659827159.6705728
1.7423856168609873	3618106370.73492
1.7445635988820634	3655988487.019028
1.746744303380666	3690605910.763957
1.7489277337598916	3658124052.9562235
1.7511138934270916	3602999492.662263
1.7533027857938754	3541801808.525337
1.7554944142761177	3512068020.0679736
1.7576887822939626	3506058828.236277
1.75988589327183	3450381449.644999
1.76208575063842	3403523004.1119275
1.764288357826718	3419225904.6678066
1.7664937182740013	3408429564.059486
1.7687018354218438	3381541992.1756797
1.770912712716121	3384612649.8048654
1.773126353607016	3380626075.1188293
1.7753427615490247	3336305848.599595
1.7775619400009608	3271245930.1194267
1.7797838924259624	3248118631.3874164
1.7820086222914944	3213574599.74342
1.7842361330693588	3147873496.093892
1.7864664282356955	3135533814.915819
1.78869951127099	3196932650.3068357
1.790935385660079	3231747935.7772384
1.793174054892154	3200474754.453689
1.7954155224607689	3183961670.933274
1.7976597918638448	3177351324.529481
1.7999068666036746	3100870047.4967337
1.8021567501869293	2977349726.896892
1.804409446124663	2936356721.363024
1.8066649579323186	2996476311.305178
1.8089232891297338	3041464132.9834456
1.8111844432411461	3009461704.124498
1.8134484237951976	2994714929.4789615
1.8157152343249414	3015641828.131605
1.8179848783678474	2982370994.3506484
1.8202573594658071	2922853961.6985893
1.8225326811651397	2939062815.8312984
1.824810847016596	2948246361.134747
1.8270918605753668	2852217848.967735
1.8293757254010856	2813923787.0893135
1.831662445057837	2876574192.6193233
1.8339520231141593	2911255595.5989165
1.836244463143052	2892533112.208125
1.8385397687219809	2843446466.5773573
1.840837943432883	2768859723.2194276
1.8431389908621743	2716220245.2699194
1.8454429146007518	2725717099.2978115
1.8477497182440028	2736390952.553789
1.8500594053918078	2729265340.0709233
1.8523719796485476	2702116756.3429933
1.8546874446231079	2642029821.192106
1.857005803928887	2573265133.2163453
1.8593270611837978	2550635161.1608562
1.8616512200102777	2588653191.6280184
1.8639782840352905	2627038837.3571754
1.8663082568903346	2655581181.589021
1.8686411422114473	2680664386.2686453
1.8709769436392114	2644076574.5046077
1.8733156648187608	2564135382.5285764
1.875657309399784	2539651294.1353116
1.8780018810365335	2557155767.8458714
1.8803493833878293	2607380649.916122
1.882699820117064	2639284898.8136973
1.8850531948922105	2580690128.204211
1.8874095113858254	2541412927.23234
1.8897687732750577	2531915214.2012296
1.8921309842416516	2504290035.8451095
1.8944961479719535	2533309712.1400785
1.8968642681569183	2579011116.9431305
1.8992353484921145	2589503733.358256
1.9016093926777295	2584697605.624024
1.9039864044185768	2536393010.381959
1.9063663874241	2490920726.638684
1.90874934540838	2483914436.0004563
1.9111352820901404	2488226750.053761
1.913524201192753	2521218602.145178
1.9159161064442438	2533830992.4391685
1.918311001577299	2519547426.012986
1.9207088903292706	2515899332.507008
1.9231097764421823	2510709056.14941
1.925513663662735	2502073890.0337305
1.9279205557423134	2470565739.525113
1.9303304564369912	2382491377.0874796
1.9327433695075371	2329667590.9341674
1.9351592987194217	2387808279.4742837
1.9375782478428212	2433979337.7759805
1.9400002206526246	2412809827.3058825
1.9424252209284403	2368002867.3168626
1.9448532524546007	2287050661.983776
1.947284319020169	2250724909.494308
1.949718424418944	2270734642.0615363
1.9521555724494677	2280789308.0009675
1.9545957669150293	2320545812.9047174
1.957039011623673	2370329650.4185643
1.9594853103882026	2367188333.5252786
1.961934667026188	2307537422.114869
1.9643870853599705	2290835088.481332
1.9668425692166707	2338466472.2484236
1.969301122428191	2353233924.8301907
1.9717627488312266	2304275219.172561
1.9742274522672654	2217491907.264504
1.9766952365825994	2108619343.1696563
1.9791661056283276	2073509254.8773167
1.981640063260363	2145607074.9397893
1.9841171133394384	2172853915.151038
1.9865972597311126	2134258002.7614207
1.9890805063057764	2132814573.0652313
1.9915668569386586	2133235039.0797012
1.9940563155098319	2115531226.5962899
1.9965488859042193	2115093883.754835
1.9990445720115995	2128397430.8768604
2.001543377726614	2148929762.843567
2.0040453069487723	2159715721.048978
2.006550363582458	2156720712.693913
2.009058551536936	2137017636.3786547
2.0115698747263573	2114666487.69786
2.014084337069765	2103051469.6376443
2.016601942491102	2084610502.7029405
2.0191226949192163	2058624388.1133726
2.021646598287865	2060557982.207004
2.0241736565357247	2073582835.269404
2.0267038736063943	2047167105.9495254
2.029237253448402	2017719051.16646
2.0317738000152126	2035416258.6868925
2.0343135172652316	2049340811.666064
2.036856409161813	2040595468.127931
2.039402479673265	2040798456.2881415
2.041951732772857	2041551304.169762
2.0445041724388227	2032096286.1235282
2.0470598026543714	2023076692.3066564
2.0496186274076895	2016866749.4986024
2.0521806506919487	1992216818.8485506
2.0547458765053137	1962750869.2648928
2.057314308850945	1968532802.8813183
2.0598859517370087	1978516248.7241216
2.06246080917668	1941846817.7560742
2.065038885188151	1917570216.1691556
2.067620183794636	1945459471.2306223
2.0702047090243796	1963325131.486226
2.0727924649106595	1951063416.9895577
2.075383455491798	1947866302.425435
2.0779776848111626	1953246107.0670974
2.0805751569171766	1942454863.0057106
2.083175875863323	1916283759.8913167
2.085779845708152	1897721008.3521755
2.0883870705152874	1902157851.1209168
2.0909975543534314	1915455493.5679913
2.093611301296373	1908039880.32235
2.0962283154229935	1889518388.7821956
2.098848600817272	1890680865.938684
2.1014721615682936	1900032555.3046243
2.104099001770254	1900528981.645718
2.1067291255224667	1889229258.846574
2.10936253692937	1875602280.7531765
2.1119992401005314	1878769013.37285
2.114639239150657	1879669482.4736967
2.1172825381995954	1858287561.8380225
2.119929141372345	1846532336.4621406
2.1225790527990602	1852635061.2094207
2.125232276615059	1854685218.1007397
2.1278888169608274	1853002549.5264032
2.130548677982029	1857743386.9886513
2.1332118638295063	1859827478.0912368
2.1358783786592928	1846165293.0097597
2.1385482266326172	1835652851.0581439
2.141221411915908	1837075616.3769608
2.1438979386808024	1844431057.183749
2.1465778111041534	1848153726.7330482
2.1492610333680338	1836081294.8277543
2.1519476096597434	1818874932.3081355
2.1546375441718184	1813190566.3377812
2.157330841102033	1814326416.8493545
2.1600275046534105	1813866133.284392
2.1627275390342273	1813699559.7391143
2.16543094845802	1808655097.4384599
2.168137737143592	1804300135.3321462
2.1708479093150217	1802635550.8797233
2.1735614692016654	1791911831.4583664
2.1762784210381674	1767675532.5634496
2.178998769064465	1745897763.3000543
2.1817225175257957	1746986555.9268906
2.184449670672703	1753458214.8886864
2.187180232761044	1743425894.3194766
2.1899142080519947	1734470895.2493734
2.19265160081206	1747350180.8747487
2.1953924153130746	1758076989.0525472
2.198136655832216	1747625729.2400382
2.200884326652006	1730995611.0694964
2.203635432060321	1711037844.7237296
2.2063899763503967	1685898491.4506636
2.2091479638208344	1687731407.5899162
2.2119093987756107	1714088646.4882133
2.21467428552408	1726122430.6548593
2.217442628380985	1719757058.9585772
2.2202144316664616	1701340894.15993
2.2229896997060443	1683454700.0999866
2.225768436830677	1663736109.9768543
2.2285506473767147	1642430166.0005438
2.2313363356859357	1645075120.0511806
2.2341255061055434	1661299658.703266
2.236918162988175	1664637390.7040389
2.23971431069191	1658280594.3415768
2.2425139535802754	1653920300.4793
2.24531709602225	1650352537.36105
2.248123742392278	1647406016.5896077
2.2509338970702686	1645098528.4464333
2.253747564441606	1636452923.6763606
2.256564748897158	1629594745.6941009
2.2593854548332795	1618152488.5405352
2.262209686651821	1589496863.2889698
2.2650374487601357	1575584941.1548326
2.2678687455710858	1586637327.2313
2.27070358150305	1594715865.57128
2.2735419609799283	1593784788.5765388
2.276383888431153	1586687717.6247053
2.279229368291692	1569350028.5134194
2.2820784050020566	1552800840.3653185
2.2849310030083094	1557117229.9355915
2.2877871667620697	1564066651.9695196
2.290646900720522	1514575832.3519096
2.293510209346423	1371108409.1555603
2.2963770971081057	1273379531.5538971
2.299247568479491	1323198336.3199441
2.3021216279400902	1394590904.7006755
2.304999279975015	1413440508.0913947
2.3078805290749838	1412134246.1709054
2.3107653797363277	1408833609.5411494
2.3136538364609978	1404682181.1468875
2.316545903756574	1404248524.4083254
2.3194415861362696	1374529704.3467772
2.32234088811894	1268839956.8956587
2.3252438142290885	1190387577.2760577
2.3281503689968748	1220509345.7541516
2.331060556958121	1271639083.2990658
2.3339743826543184	1298191190.5406938
2.3368918506326364	1299616510.4837766
2.339812965445927	1291017010.74558
2.342737731652734	1287428894.5440536
2.3456661538173003	1283207734.814458
2.348598236509572	1264215649.4537053
2.3515339843052088	1179678999.5365746
2.35447340178559	1092834324.4699266
2.357416493537822	1112090898.7550306
2.3603632641547443	1166692199.5092304
2.3633137182349375	1190132345.6276245
2.366267860382731	1205670080.4884586
2.3692256952082094	1215209186.8206186
2.37218722732722	1207121412.9702353
2.375152461361379	1192258087.262193
2.3781214019380803	1181154116.921454
2.381094053690503	1126675842.4369175
2.384070421257616	1039713626.0596716
2.387050509284188	1024849268.8472537
2.390034322420793	1066320602.2404637
2.393021865323819	1092921247.178584
2.3960131426554736	1106476591.2377298
2.399008159083793	1110142978.0328188
2.402006919282648	1106260232.550045
2.405009427931751	1096514246.4677255
2.408015689716666	1084770194.4922705
2.411025709328811	1057014233.7494371
2.414039491465472	991526822.8341271
2.417057040829804	955991095.6438612
2.420078362130841	982348785.7218946
2.423103460083505	1005755756.5092037
2.426132339408609	1010725153.0455105
2.42916500483287	1013927893.291331
2.432201461088911	1010782889.9264005
2.4352417129152717	997946198.2339622
2.438285765056416	991311687.6903046
2.441333622262736	984794675.3492825
2.444385289290565	951156175.8510332
2.447440770902178	902988146.4550284
2.4505000718658057	882482891.1616306
2.4535631969556375	887190886.0125468
2.456630150951832	901573413.7147157
2.459700938640522	912124615.0267943
2.4627755648138225	916952687.4861252
2.4658540342698396	918665639.5628716
2.468936351812677	907786444.7534626
2.4720225222524426	892060614.4324847
2.475112550405258	876947532.7762697
2.4782064410932647	850569092.025524
2.481304199144631	803511033.2130215
2.484405829393562	721275590.4496192
2.4875113366803037	611492243.5370309
2.490620725851154	550861239.1592408
2.4937340017584684	510310009.377276
2.4968511692606663	404724285.38600683
