#wavelength (micron)	surface_flux (erg / (cm2 micron s))
0.7	237450924.72599843
0.7008749999999999	361300298.3191243
0.70175109375	441503279.3921009
0.7026282826171873	465591004.03842276
0.7035065679704589	483552906.23728424
0.7043859511804219	487291437.45798403
0.7052664336193974	418596709.74233663
0.7061480166614217	285955561.7373549
0.7070307016822485	221749899.6640286
0.7079144900593511	234384418.6542747
0.7087993831719255	213551699.51091132
0.7096853824008903	164829429.9555918
0.7105724891288914	157857980.38756612
0.7114607047403024	181255975.06652632
0.7123500306212278	176354769.10443303
0.7132404681595043	138682377.24962014
0.7141320187447037	119846190.06440708
0.7150246837681346	133797270.71076718
0.7159184646228446	149783497.32359645
0.7168133627036232	160604951.61513922
0.7177093794070027	177393184.65517956
0.7186065161312616	201408405.06273422
0.7195047742764256	210686581.81052893
0.7204041552442711	197863965.15727532
0.7213046604383263	194881974.14805484
0.7222062912638743	214572100.31888732
0.723109049127954	238920345.34948292
0.7240129354393641	266261545.4471657
0.7249179516086632	305144167.24917716
0.725824099048174	343099031.1763054
0.7267313791719842	359332238.82128316
0.7276397933959492	361771347.07859075
0.728549343137694	381660302.8915458
0.7294600298166162	425874712.97430176
0.730371854853887	474847677.2704684
0.7312848196724542	522834843.72766
0.7321989256970448	572022604.6113106
0.7331141743541661	607876847.825374
0.7340305670721088	597398026.1292703
0.7349481052809489	566516831.690825
0.7358667904125501	590485144.8448391
0.7367866239005658	650664810.0911499
0.7377076071804415	664137388.6659877
0.738629741689417	632873705.4605914
0.7395530288665286	618222112.888933
0.7404774701526119	602124393.5811414
0.7414030669903027	562215617.253445
0.7423298208240404	544387774.4371783
0.7432577331000705	563985462.4587898
0.7441868052664457	555206135.7072575
0.7451170387730286	504852025.9471109
0.7460484350714948	486050086.31767714
0.7469809956153342	498891273.43401706
0.7479147218598534	509049757.42726016
0.7488496152621781	531514691.37355053
0.7497856772812559	562595758.0584828
0.7507229093778575	559531460.6845081
0.7516613130145797	547704655.2661825
0.7526008896558479	580339726.6779346
0.7535416407679177	625859147.8191081
0.7544835678188776	657535087.7277012
0.7554266722786511	709152569.842176
0.7563709556189995	765068758.6323637
0.7573164193135232	767340661.1891072
0.758263064837665	716206429.3840973
0.7592108936687122	628926659.523568
0.760159907285798	576285789.792264
0.7611101071699052	612345879.7543797
0.7620614948038675	646224813.7151487
0.7630140716723723	589198828.9250371
0.7639678392619629	530280951.83161527
0.7649227990610402	559014654.0240071
0.7658789525598665	577981155.7603816
0.7668363012505663	496679108.35083175
0.7677948466271296	402804778.0403661
0.7687545901854135	395595422.05903697
0.7697155334231451	428669838.5283779
0.7706776778399241	436975220.10316014
0.771641024937224	434442818.04314697
0.7726055762183955	465451535.12861294
0.7735713331886686	510467804.3136382
0.7745382973551542	501836858.01777864
0.7755064702268482	451397022.7465412
0.7764758533146318	441379443.19609207
0.7774464481312751	465682207.7666366
0.7784182561914391	476500635.7935883
0.7793912790116784	492045474.79597044
0.780365518110443	533953022.25596124
0.781340975008081	579583134.0552145
0.782317651226841	579332106.0953338
0.7832955482908746	540457776.2912704
0.7842746677262382	532015336.9136508
0.7852550110608959	564364945.106005
0.7862365798247221	591769979.5658352
0.7872193755495029	615721822.8784263
0.7882033997689398	663610093.2107782
0.7891886540186509	700658952.9227471
0.7901751398361742	691940555.07859
0.7911628587609694	656100140.8202364
0.7921518123344207	632540360.7568451
0.7931420020998386	645942935.3438172
0.7941334296024635	680221529.3635925
0.7951260963894664	719827982.7860727
0.7961200040099533	754545808.5391461
0.7971151540149657	758149761.9071074
0.7981115479574844	741731531.5111536
0.7991091873924312	736078982.0805892
0.8001080738766717	750123717.655067
0.8011082089690176	773186368.6060838
0.8021095942302288	802119704.4709706
0.8031122312230166	838763906.0427438
0.8041161215120453	861236215.8839757
0.8051212666639354	869647818.1456695
0.8061276682472652	898001374.05912
0.8071353278325744	944586320.1399971
0.808144246992365	1001855873.669467
0.8091544273011054	1079421010.989649
0.8101658703352317	1150908106.1985285
0.8111785776731507	1202246523.1649654
0.8121925508952421	1267077798.1326404
0.8132077915838613	1369711342.8695118
0.8142243013233411	1478948853.7588236
0.8152420816999951	1566897701.64253
0.8162611343021202	1649155190.4387639
0.8172814607199979	1731232885.5996597
0.8183030625458978	1763701347.9460273
0.8193259413740802	1660303417.0428739
0.8203500988007977	1437403978.2110436
0.8213755364242987	1304037238.8556936
0.8224022558448291	1354788802.8043416
0.8234302586646352	1462344118.2477598
0.8244595464879658	1516431462.609329
0.8254901209210758	1490044751.2491136
0.8265219835722272	1421488549.429022
0.8275551360516924	1325604338.2745793
0.8285895799717569	1244113186.4493392
0.8296253169467216	1205185147.4016252
0.830662348592905	1186310058.826512
0.8317006765286461	1230861785.3615649
0.8327403023743069	1300393412.964042
0.8337812277522748	1276148641.49696
0.834823454286965	1196010697.7143965
0.8358669836048238	1180150571.7155082
0.8369118173343297	1203881937.810338
0.8379579571059977	1189071616.405303
0.8390054045523802	1168153964.8944309
0.8400541613080706	1205610774.8105195
0.8411042290097056	1259299912.8974347
0.8421556092959678	1222451676.6168625
0.8432083038075878	1047754682.1715113
0.8442623141873472	791064389.59087
0.8453176420800813	593948584.5831316
0.8463742891326813	523276989.7231377
0.8474322569940972	530126714.9862008
0.8484915473153398	568771119.3689662
0.8495521617494839	603019080.8884594
0.8506141019516709	608460695.446126
0.8516773695791103	596282317.9021723
0.8527419662910842	589450575.0231059
0.853807893748948	600249362.1795502
0.8548751536161342	638159980.6849939
0.8559437475581545	687856847.2764558
0.857013677242602	718940239.3137448
0.8580849443391553	719528754.3756549
0.8591575505195791	698516801.8855387
0.8602314974577286	695039056.6006584
0.8613067868295508	735619449.1004559
0.8623834203130877	784006428.3147609
0.8634613995884791	800161633.3116977
0.8645407263379646	799953270.7247463
0.8656214022458871	794687424.8131553
0.8667034289986943	784614705.7199495
0.8677868082849427	783118617.8500975
0.8688715417952989	807404701.2432368
0.869957631222543	848516935.2634257
0.8710450782615712	890388852.0367211
0.872133884609398	934850761.8348669
0.8732240519651597	974600211.1820843
0.8743155820301162	997012543.1097083
0.8754084765076539	1025375218.4420098
0.8765027371032884	1075626200.3427002
0.8775983655246675	1132325803.7553055
0.8786953634815732	1227422822.7525983
0.8797937326859253	1352095745.742362
0.8808934748517826	1425488512.5053804
0.8819945916953473	1435644465.8481925
0.8830970849349664	1487083699.8082635
0.8842009562911352	1602507533.9557624
0.8853062074864991	1577221074.6911426
0.8864128402458572	1297017606.1113064
0.8875208562961645	1051720231.4717988
0.8886302573665347	1052979475.0790168
0.8897410451882428	1171020004.2489302
0.8908532214947281	1299875596.7051451
0.8919667880215966	1408667017.011855
0.8930817465066233	1433554109.9706023
0.8941980986897567	1344199909.864815
0.8953158463131189	1272289545.3388567
0.8964349911210102	1321539503.5083733
0.8975555348599115	1439730644.7523398
0.8986774792784863	1564966526.1255634
0.8998008261275845	1650605598.1503642
0.9009255771602438	1667499569.9616687
0.9020517341316941	1646028513.0712585
0.9031792987993587	1666451993.1978562
0.9043082729228579	1752807153.7019513
0.9054386582640114	1856440560.2352128
0.9065704565868414	1954946700.478511
0.907703669657575	2039617059.4774284
0.908838299244647	2090276092.1161923
0.9099743471187027	2123582603.3128002
0.9111118150526011	2177435708.6762953
0.9122507048214169	2257823032.490532
0.9133910182024435	2344214486.334089
0.9145327569751966	2425635082.3092666
0.9156759229214156	2501194963.2524643
0.9168205178250673	2559560355.4853616
0.9179665434723485	2606868223.4225554
0.919114001651689	2612310383.67043
0.9202628941537536	2446205071.5304317
0.9214132227714458	2067137105.3024883
0.92256498929991	1679729317.0255811
0.9237181955365349	1466259080.8532085
0.9248728432809555	1422212459.7773707
0.9260289343350568	1484283644.8543408
0.9271864705029755	1540234663.6275353
0.9283454535911042	1468278413.5012767
0.9295058854080931	1322548945.1903923
0.9306677677648533	1247550487.1650295
0.9318311024745591	1259251490.5887456
0.9329958913526524	1319523039.5601666
0.9341621362168431	1389244215.6551201
0.9353298388871142	1402078105.6470554
0.936499001185723	1357655886.1879487
0.9376696249372052	1333090086.5914204
0.9388417119683766	1366867905.8547404
0.9400152641083371	1438233412.8929245
0.9411902831884725	1514631918.3038177
0.942366771042458	1557515321.6449778
0.9435447295062611	1548379161.8031268
0.9447241604181439	1525960169.9547904
0.9459050656186665	1549276215.3702736
0.9470874469506899	1633093615.3967128
0.9482713062593783	1742908188.5789094
0.9494566453922024	1823270642.988349
0.9506434661989427	1840514952.4109414
0.9518317705316914	1831968893.537444
0.9530215602448558	1850845729.1617534
0.9542128371951619	1909761270.8170419
0.9554056032416559	2001064348.7184365
0.9565998602457079	2095068189.0754557
0.957795610071015	2160648801.973345
0.9589928545836038	2194848107.2100897
0.9601915956518332	2209168453.8611145
0.961391835146398	2247455489.8517423
0.9625935749403309	2315346939.7946634
0.9637968169090064	2356723192.5660515
0.9650015629301427	2377793087.7100863
0.9662078148838052	2416625744.6892014
0.9674155746524099	2467752311.6327457
0.9686248441207255	2541442276.0448594
0.9698356251758764	2623660508.5153513
0.9710479197073462	2651604976.630347
0.9722617296069803	2538213620.256934
0.9734770567689891	2324024669.980128
0.9746939030899503	2221839028.988451
0.9759122704688127	2273998952.2319374
0.9771321608068987	2352676257.8793383
0.9783535760079072	2416497075.849624
0.9795765179779171	2488909585.1095724
0.9808009886253894	2472429040.133087
0.9820269898611712	2339622586.0384345
0.9832545235984976	2265889783.220562
0.9844835917529957	2317336409.429399
0.985714196242687	2427811351.748516
0.9869463389879902	2544447131.9751754
0.9881800219117253	2620475102.908732
0.989415246939115	2563284335.2724776
0.9906520159977886	2394017442.834726
0.9918903310177859	2295543895.614433
0.9931301939315581	2343133092.351425
0.9943716066739725	2471645746.3726707
0.995614571182315	2598343305.5726724
0.996859089396293	2672088326.353541
0.9981051632580382	2673058912.5171933
0.9993527947121108	2626982892.787769
1.0006019857055009	2586987685.1926427
1.0018527381876328	2544103345.6544423
1.0031050541103672	2481276521.794291
1.0043589354280051	2468242748.2158937
1.0056143840972902	2515323814.688591
1.0068714020774117	2570780844.699958
1.0081299913300084	2625549625.2866135
1.009390153819171	2683634350.6148987
1.0106518915114449	2733470771.7080884
1.011915206375834	2750371682.159722
1.013180100383804	2693038059.430206
1.0144465755092837	2575563088.9560184
1.0157146337286702	2522840498.3472695
1.016984277020831	2552873683.9463234
1.0182555073671071	2579673827.605342
1.0195283267513158	2599169216.1122117
1.020802737159755	2633392312.637815
1.0220787405812046	2657270928.1705036
1.0233563390069311	2667419620.0614285
1.0246355344306899	2654565704.929511
1.025916328848728	2597305366.482055
1.027198724259789	2564213482.233396
1.0284827226651139	2584295691.835928
1.0297683260684452	2609067528.4975286
1.0310555364760305	2626443815.768486
1.0323443558966257	2637874370.3017735
1.0336347863414963	2637942659.024904
1.0349268298244232	2664160656.566116
1.0362204883617037	2728750819.975798
1.0375157639721557	2737435359.951029
1.0388126586771211	2687515009.588344
1.0401111745004674	2679280536.7047596
1.041411313468593	2719217134.32821
1.0427130776104288	2768023671.4073772
1.0440164689574416	2830291478.4061937
1.0453214895436385	2861666373.2618265
1.046628141405568	2828383528.1890717
1.0479364265823248	2801572565.4935637
1.0492463471155529	2820471439.8674946
1.0505579050494471	2850966610.8028045
1.051871102430759	2880603615.799543
1.0531859413087974	2923998788.03724
1.0545024237354332	2944490445.785835
1.0558205517651027	2928830921.4967475
1.0571403274548088	2921475435.5854516
1.0584617528641274	2943292878.948733
1.0597848300552075	2985003472.38964
1.0611095610927765	3020185288.8907638
1.0624359480441425	3058928133.428917
1.0637639929791975	3083764689.692015
1.0650936979704217	3066047400.8067985
1.0664250650928846	3056399897.832069
1.0677580964242506	3086145280.766958
1.069092794044781	3129903311.7529583
1.0704291600373368	3158165673.393373
1.0717671964873836	3163500019.3182116
1.0731069054829927	3167567274.5215406
1.0744482891148466	3208007372.5469
1.0757913494762399	3263842017.128441
1.0771360886630854	3288188287.265866
1.078482508773914	3275055827.4820137
1.0798306119098815	3232103364.182186
1.081180400174769	3209194745.9774594
1.0825318756749873	3247839418.7129555
1.0838850405195808	3304336771.3768315
1.0852398968202304	3330324674.6379967
1.0865964466912557	3317246030.3782926
1.0879546922496197	3287290588.30054
1.0893146356149317	3274216377.519241
1.0906762789094504	3275746935.7465987
1.0920396242580872	3286166445.893282
1.0934046737884098	3323163747.4589157
1.0947714296306452	3343783379.603972
1.0961398939176834	3298666895.9973407
1.0975100687850805	3257036747.1114817
1.098881956371062	3265157993.0028973
1.1002555588165257	3277900737.262106
1.1016308782650464	3217478560.430582
1.1030079168628775	2988685132.4449096
1.104386676758956	2726815110.8045893
1.1057671601049048	2651870396.6989136
1.1071493690550358	2702501961.2598453
1.1085333057663547	2761581712.3841834
1.1099189723985625	2809099504.6232705
1.1113063711140607	2854372546.398496
1.1126955040779534	2918190350.2575655
1.1140863734580506	2956204270.8723116
1.1154789814248731	2917843384.684755
1.1168733301516542	2876267115.154923
1.1182694218143439	2885388913.240916
1.1196672585916116	2910671498.538411
1.1210668426648513	2956845332.1976333
1.122468176218182	3008803093.921086
1.123871261438455	3027477002.7863717
1.125276100515253	3020154183.511572
1.126682695640897	3039925435.9289083
1.128091049010448	3073648660.441115
1.129501162821711	3070719043.816852
1.1309130392752382	3080798872.5811954
1.1323266805743324	3121345326.8243
1.13374208892505	3136652005.229239
1.1351592665362065	3143101112.1908793
1.1365782156193767	3145773198.3630085
1.1379989383889009	3105942056.2131443
1.139421437061887	3089848208.6030693
1.1408457138582142	3124547344.265987
1.142271771000537	3161544483.274101
1.1436996107142876	3184520156.8889446
1.1451292352276803	3212628888.2212005
1.146560646771715	3234369122.7408996
1.1479938475801796	3238174419.1330004
1.1494288398896548	3260547046.468502
1.150865625939517	3279824404.5974045
1.1523042079719412	3279830558.987557
1.1537445882319062	3283085628.741077
1.155186768967196	3293180459.3023686
1.156630752428405	3293185007.182045
1.1580765408689404	3277342391.7622375
1.1595241365450264	3243013037.3791485
1.1609735417157079	3212179616.819857
1.1624247586428524	3226822580.3259726
1.163877789591156	3250963471.9859133
1.165332636828145	3275730732.861347
1.16678930262418	3293819768.8527956
1.1682477892524603	3260706773.091415
1.1697080989890258	3237160287.962606
1.1711702341127619	3265325310.5226417
1.1726341969054028	3288385054.106817
1.1740999896515347	3287445685.6304836
1.1755676146385992	3263043109.3204026
1.1770370741568972	3197423102.8675537
1.1785083704995933	3165126487.7786736
1.1799815059627177	3214635949.1331234
1.1814564828451712	3247252837.2659583
1.1829333034487275	3232661312.4893527
1.1844119700780384	3245682549.868646
1.185892485040636	3271018659.6309924
1.1873748506469368	3234831723.6358714
1.1888590692102454	3171642457.037854
1.1903451430467582	3191486554.4403434
1.1918330744755665	3255874321.276035
1.193322865818661	3272880282.6366744
1.1948145194009343	3242480925.733424
1.1963080375501856	3190424043.264244
1.197803422597123	3166988889.3577356
1.1993006768753696	3212749977.9712124
1.2007998027214637	3268518807.643761
1.2023008024748656	3275074327.4116707
1.203803678477959	3280423381.85535
1.2053084330760564	3304144670.1096754
1.2068150686174015	3306492811.9985237
1.2083235874531733	3290363723.4661593
1.2098339919374896	3301408361.35449
1.2113462844274117	3321174621.3871064
1.2128604672829457	3330138607.226302
1.2143765428670494	3347432601.2618732
1.2158945135456332	3355076691.296772
1.2174143816875653	3357256548.3296294
1.2189361496646747	3368402465.7297835
1.2204598198517553	3370578349.4405136
1.2219853946265702	3362569828.8718987
1.2235128763698533	3358806332.6201787
1.2250422674653156	3364519766.4208746
1.2265735702996472	3372427988.776059
1.2281067872625218	3379414890.2516184
1.2296419207465998	3379938344.654326
1.231178973147533	3368350251.0214844
1.2327179468639673	3359892076.693224
1.2342588442975473	3364878192.8816705
1.2358016678529193	3373348066.183527
1.2373464199377353	3379401710.4368677
1.2388931029626575	3370673317.612445
1.2404417193413606	3307768576.729132
1.2419922714905374	3164472134.0084434
1.2435447618299005	3048373348.3318934
1.245099192782188	3055042240.0832086
1.2466555667731656	3104033414.7208405
1.248213886231632	3128788739.62936
1.2497741535894216	3144706977.813752
1.2513363712814083	3146897519.0740376
1.25290054174551	3148312235.6496696
1.2544666674226919	3161114518.2396703
1.2560347507569702	3113901772.4971685
1.2576047941954165	3038640972.4802976
1.2591768001881607	3018949743.3951154
1.2607507711883958	3036353587.8602343
1.2623267096523811	3065916682.9344974
1.2639046180394466	3088334218.483198
1.265484498811996	3106923059.728215
1.267066354435511	3122680891.2690763
1.2686501873785552	3138018439.5040097
1.2702360001127784	3144041140.8770204
1.2718237951129194	3118698867.952345
1.2734135748568105	3080401596.369549
1.2750053418253815	3068918800.3860636
1.2765990985026632	3098363475.233358
1.2781948473757916	3133622573.963223
1.2797925909350112	3147279859.0356665
1.28139233167368	3110886760.0666027
1.282994072088272	3067390047.9480953
1.2845978146783823	3087942920.741704
1.2862035619467302	3130527754.6431274
1.2878113163991636	3141008025.107865
1.2894210805446624	3119173365.383659
1.2910328568953433	3108052710.4748545
1.2926466479664624	3140425342.555354
1.2942624562764204	3184776943.4985833
1.295880284346766	3210419721.77753
1.2975001347021995	3215870478.2549577
1.2991220098705771	3210848964.8526106
1.3007459123829153	3201824499.9272604
1.3023718447733938	3206441214.215912
1.3039998095793606	3226849211.8729734
1.3056298093413348	3235059071.948883
1.3072618466030115	3222306964.198377
1.3088959239112652	3208619148.4010963
1.3105320438161543	3192618489.7817106
1.3121702088709244	3141390255.0586686
1.313810421632013	3106689992.433374
1.315452684659053	3132038625.448399
1.3170970005148768	3188445614.590086
1.3187433717655204	3223544309.0436354
1.3203918009802271	3212394989.710473
1.3220422907314524	3196580938.3912473
1.3236948435948666	3189354261.808445
1.3253494621493602	3166450907.9484715
1.327006148977047	3132153594.6637053
1.3286649066632683	3088797660.8447886
1.3303257377965971	3007757712.0564218
1.331988644968843	2872912282.536594
1.333653630775054	2707695718.4151163
1.3353206978135228	2547375377.878894
1.3369898486857896	2482045228.2167554
1.3386610859966468	2530645628.4568276
1.3403344123541427	2566259308.635875
1.342009830369585	2517836449.2223434
1.3436873426575473	2477256985.473947
1.345366951835869	2500841153.8163443
1.347048660525664	2510182339.935826
1.348732471351321	2505836716.6330853
1.35041838694051	2480702658.060409
1.3521064099241855	2452954462.291348
1.3537965429365908	2442874436.237553
1.3554887886152616	2439171616.4993906
1.3571831496010305	2452658595.0368123
1.3588796285380318	2445945734.6680536
1.3605782280737042	2419781583.194235
1.3622789508587965	2394923859.9571877
1.36398179954737	2408626130.6487436
1.3656867767968042	2453693223.4414043
1.3673938852678	2474660024.1399603
1.3691031276243848	2467411231.452894
1.3708145065339152	2450172670.4733286
1.3725280246670826	2455369405.0448265
1.3742436846979165	2482889992.2167664
1.3759614893037886	2508256303.892509
1.3776814411654184	2526473944.3019357
1.3794035429668752	2545377209.634107
1.3811277973955836	2551452256.4220676
1.382854207142328	2529687303.090978
1.384582774901256	2513086327.7203317
1.3863135033698826	2498182160.4729514
1.388046395249095	2463119703.7597747
1.389781453243156	2331950125.2992744
1.3915186800597101	2132481187.1873598
1.3932580784097848	2101636285.90698
1.3949996510077969	2214469194.0702853
1.3967434005715567	2252345357.5759096
1.3984893298222711	2216454334.048899
1.4002374414845487	2203766070.807246
1.4019877382864046	2241577949.8631673
1.4037402229592626	2282999267.1212835
1.4054948982379614	2287752934.509687
1.4072517668607587	2250386520.625222
1.4090108315693348	2204987088.064043
1.4107720951087963	2182344181.6158333
1.4125355602276823	2156425433.7447143
1.414301229677967	2142179576.795826
1.4160691062150645	2129606092.3379376
1.4178391925978333	2074903055.5422664
1.4196114915885802	2074176913.7635984
1.421386005953066	2121994179.127554
1.4231627384605074	2094901672.8058593
1.424941691883583	2044618780.6234102
1.4267228689984375	2031010123.8212185
1.4285062725846855	2053584465.1303616
1.4302919054254162	2112648671.254512
1.4320797703071981	2122500520.651182
1.4338698700200818	2060076069.551447
1.435662207357607	2031260189.0842519
1.4374567851168039	2060319937.372217
1.4392536060981997	2078509208.9054227
1.4410526731058226	2083038993.583829
1.4428539889472047	2114259137.4978213
1.444657556433389	2126692917.8690405
1.4464633783789307	2117136104.2526557
1.4482714576019042	2134819395.6363735
1.4500817969239066	2137427056.232737
1.4518943991700615	2137307078.7797384
1.453709267169024	2153712991.6900706
1.4555264037529851	2138017747.266844
1.4573458117576763	2138180192.72682
1.4591674940223736	2117873069.8159773
1.4609914533899013	2000415299.8447888
1.4628176927066388	1954643973.687465
1.464646214822522	2026817917.2255325
1.4664770225910502	2045043596.547121
1.4683101188692889	1996147323.2642517
1.4701455065178752	1985648850.1951075
1.4719831884010226	2034322111.2391157
1.473823167386524	2048318447.6298475
1.475665446345757	2026039196.941291
1.4775100281536893	2036734299.4940188
1.4793569156888815	2051185665.597132
1.4812061118334923	2059840183.4752622
1.4830576194732843	2106470526.09742
1.4849114414976257	2138262256.128028
1.4867675807994976	2096746756.6539564
1.4886260402754972	2056579977.9516685
1.4904868228258412	2096479535.0584188
1.4923499313543735	2150914024.9878325
1.4942153687685666	2176203748.209982
1.4960831379795272	2218336677.2360535
1.4979532419020016	2249056396.0538673
1.499825683454379	2200143360.29368
1.501700465558697	2115907759.392304
1.5035775911406453	2096092419.7422872
1.505457063129571	2128923109.8638344
1.5073388844584832	2179970688.582563
1.509223058064056	2229337801.814587
1.5111095868866362	2241027890.4807625
1.5129984738702444	2233062638.1287656
1.5148897219625823	2251804256.745935
1.5167833341150354	2266836399.027487
1.5186793132826792	2286909760.406305
1.5205776624242824	2350975565.0383153
1.5224783845023127	2382793465.6301537
1.5243814824829407	2337343426.130994
1.5262869593360442	2277887932.786541
1.5281948180352143	2287263354.4053173
1.530105061557758	2350990783.9825773
1.5320176928847054	2366253589.0274916
1.5339327150008113	2372114207.334359
1.5358501308945622	2377539291.1357226
1.5377699435581802	2278645171.601228
1.539692155987628	2195735425.7715244
1.5416167711826123	2217519851.3957834
1.5435437921465909	2302976948.0629797
1.5454732218867737	2417940233.3789487
1.5474050634141323	2463388703.7301497
1.5493393197434	2452485944.4640064
1.5512759938930791	2456907631.4368415
1.5532150888854455	2462165957.5583797
1.5551566077465522	2426466748.6040955
1.5571005535062357	2360904091.1313157
1.5590469291981182	2349789605.2022815
1.5609957378596158	2421781440.0250726
1.5629469825319402	2486316320.7608976
1.5649006662601053	2501255979.407763
1.5668567920929302	2545710600.4546833
1.5688153630830464	2595574348.262572
1.5707763822869003	2588277088.0004506
1.5727398527647587	2566891743.5898776
1.5747057775807147	2542325342.696343
1.5766741598026903	2481577051.7457647
1.5786450025024439	2470396545.2295275
1.5806183087555719	2551401419.401396
1.582594081641516	2595200685.5510726
1.5845723242435679	2624317222.3402343
1.5865530396488725	2679676712.7737074
1.5885362309484334	2637556272.479003
1.5905219012371192	2589812017.130195
1.5925100536136656	2695447595.1223087
1.5945006911806823	2825542031.1704593
1.5964938170446583	2812115862.081476
1.5984894343159641	2709541455.8307037
1.6004875461088588	2684415550.740322
1.602488155541495	2722853875.0714827
1.6044912657359218	2737796845.1921463
1.6064968798180916	2754373159.833805
1.608505000917864	2826313292.6914153
1.6105156321690117	2917168009.513752
1.612528776709223	2931863678.9293923
1.6145444376801092	2887334339.6773996
1.6165626182272093	2862619557.965305
1.6185833214999934	2751006830.7333674
1.6206065506518683	2568154630.354745
1.622632308840183	2563724140.760191
1.624660599226233	2694667623.9638677
1.626691424975266	2843788820.9058123
1.6287247892564851	2966419012.676919
1.6307606952430556	2990943348.9571495
1.6327991461121094	2996900907.1501565
1.6348401450447496	3002331087.586698
1.6368836952260553	2977457252.137629
1.638929799845088	2928082418.006987
1.6409784620948942	2886491624.4467583
1.6430296851725128	2896141217.5504956
1.6450834722789784	2906397422.089496
1.647139826619327	2958623914.152267
1.6491987514026012	3058491699.6530676
1.6512602498418545	3110067654.047807
1.6533243251541565	3098898336.3090982
1.655390980560599	3122435802.276049
1.6574602192863002	3163018784.912695
1.6595320445604078	3106251542.4677606
1.6616064596161082	2985007094.3803325
1.6636834676906282	2915723289.5692935
1.6657630720252417	2924240585.63743
1.667845275865273	2975421650.1524677
1.6699300824601049	3001008258.6599483
1.6720174950631799	2959755281.7930536
1.6741075169320085	2949785499.59323
1.6762001513281735	3011520996.846565
1.678295401517334	3132520341.2621245
1.6803932707692304	3201158841.8814726
1.6824937623576919	3133790749.1398478
1.6845968795606392	3014049700.714026
1.6867026256600899	2911611757.4860697
1.6888110039421647	2850384705.2345147
1.6909220176970923	2881392487.781035
1.6930356702192138	2998475844.5581894
1.695151964806988	3047821341.7886357
1.6972709047629964	2997387806.6287975
1.6993924933939502	2938407070.789614
1.7015167340106927	2915175578.808122
1.7036436299282058	2910723948.441844
1.705773184465616	2833504599.599849
1.707905400946198	2692386634.6532216
1.7100402826973808	2553687014.5220456
1.7121778330507527	2534571199.9708414
1.7143180553420658	2647229913.0864215
1.7164609529112433	2654431515.3177123
1.7186065291023824	2569722928.4037247
1.7207547872637603	2552363787.6480494
1.72290573074784	2538879658.3768687
1.725059362911275	2519043934.0932436
1.7272156871149138	2526724429.8108892
1.7293747067238074	2504587042.6153803
1.731536425107212	2420965541.8441863
1.733700845638596	2337649597.681464
1.7358679716956442	2340544450.5582905
1.7380378066602638	2366192329.4435883
1.7402103539185891	2337142110.090197
1.7423856168609873	2309971144.541356
1.7445635988820634	2330977497.327526
1.746744303380666	2344930876.838402
1.7489277337598916	2303074252.0532794
1.7511138934270916	2246466947.466436
1.7533027857938754	2202625435.652808
1.7554944142761177	2143635530.2188551
1.7576887822939626	2097920073.1106827
1.75988589327183	2073729137.9141295
1.76208575063842	2061314795.6633089
1.764288357826718	2081907877.330792
1.7664937182740013	2060882491.9251692
1.7687018354218438	2008752633.4441583
1.770912712716121	1984050441.6214242
1.773126353607016	1955037417.9072921
1.7753427615490247	1912789309.1517406
1.7775619400009608	1863730727.8241584
1.7797838924259624	1838765227.7082837
1.7820086222914944	1825113476.2921686
1.7842361330693588	1791260608.572323
1.7864664282356955	1761455282.7800508
1.78869951127099	1787321617.58688
1.790935385660079	1805785222.3115819
1.793174054892154	1770730188.1308365
1.7954155224607689	1762409689.1034112
1.7976597918638448	1761657171.014661
1.7999068666036746	1680722007.6250865
1.8021567501869293	1588634009.1299145
1.804409446124663	1583685097.337885
1.8066649579323186	1606846055.1829698
1.8089232891297338	1604931955.8500605
1.8111844432411461	1589783394.8400748
1.8134484237951976	1627243429.8068383
1.8157152343249414	1673159373.2190163
1.8179848783678474	1614280295.1400173
1.8202573594658071	1537361202.2831576
1.8225326811651397	1573902385.3435788
1.824810847016596	1602842371.330545
1.8270918605753668	1528757972.4245496
1.8293757254010856	1495033862.3561194
1.831662445057837	1510970475.1639822
1.8339520231141593	1523038304.4142098
1.836244463143052	1536263119.7530317
1.8385397687219809	1507260870.91844
1.840837943432883	1443486482.111138
1.8431389908621743	1387149219.9867425
1.8454429146007518	1358860413.0488632
1.8477497182440028	1347357142.5870337
1.8500594053918078	1365145541.9477835
1.8523719796485476	1386439112.2746212
1.8546874446231079	1345687688.7512462
1.857005803928887	1248063479.2086084
1.8593270611837978	1180330800.058669
1.8616512200102777	1208013430.0466259
1.8639782840352905	1262832297.7516835
1.8663082568903346	1295854073.5871332
1.8686411422114473	1328903466.5675027
1.8709769436392114	1326733623.757836
1.8733156648187608	1286883328.3126032
1.875657309399784	1271613876.9502053
1.8780018810365335	1263533098.1887965
1.8803493833878293	1301907476.1195881
1.882699820117064	1371528731.8321874
1.8850531948922105	1358471012.0591395
1.8874095113858254	1329223467.0278957
1.8897687732750577	1309355792.3946378
1.8921309842416516	1257408022.601873
1.8944961479719535	1266810991.423058
1.8968642681569183	1323887257.1005816
1.8992353484921145	1356710926.0373285
1.9016093926777295	1367397721.6228187
1.9039864044185768	1336032707.6068835
1.9063663874241	1310988214.7341821
1.90874934540838	1304116793.0797884
1.9111352820901404	1301660148.2432153
1.913524201192753	1346279345.8303587
1.9159161064442438	1352359632.0203784
1.918311001577299	1324372112.8818457
1.9207088903292706	1333834335.1235957
1.9231097764421823	1333749305.5880466
1.925513663662735	1324473622.3663363
1.9279205557423134	1308239042.7989755
1.9303304564369912	1248638035.1857731
1.9327433695075371	1228600215.3768396
1.9351592987194217	1295691988.042683
1.9375782478428212	1320338706.120419
1.9400002206526246	1289098136.7708404
1.9424252209284403	1263418782.5755987
1.9448532524546007	1219061228.5172515
1.947284319020169	1203549901.8080509
1.949718424418944	1220637420.5092847
1.9521555724494677	1224981478.9893289
1.9545957669150293	1253218835.1122448
1.957039011623673	1308414531.9853473
1.9594853103882026	1328340314.0463383
1.961934667026188	1280887115.1958978
1.9643870853599705	1255989509.9881845
1.9668425692166707	1287621123.00265
1.969301122428191	1308880852.1818795
1.9717627488312266	1281144886.5015187
1.9742274522672654	1208093557.5995467
1.9766952365825994	1125116178.2414637
1.9791661056283276	1104331107.8551123
1.981640063260363	1147621857.1030166
1.9841171133394384	1157361977.0383885
1.9865972597311126	1130571310.7424514
1.9890805063057764	1134383811.8207314
1.9915668569386586	1143741682.98596
1.9940563155098319	1143420697.7145991
1.9965488859042193	1137998828.5021
1.9990445720115995	1131815146.5376475
2.001543377726614	1146564702.662978
2.0040453069487723	1160897498.0466979
2.006550363582458	1163585605.5818603
2.009058551536936	1151598669.5909832
2.0115698747263573	1135153329.20491
2.014084337069765	1130230864.1330855
2.016601942491102	1115068744.243992
2.0191226949192163	1094979097.8181605
2.021646598287865	1110108103.159625
2.0241736565357247	1128190456.9799938
2.0267038736063943	1105946493.7970207
2.029237253448402	1097296158.5063407
2.0317738000152126	1124065866.5653176
2.0343135172652316	1127602241.6860538
2.036856409161813	1114622092.440638
2.039402479673265	1109592826.3670394
2.041951732772857	1104955047.753946
2.0445041724388227	1099095916.7053583
2.0470598026543714	1097990321.4962144
2.0496186274076895	1100723838.4866679
2.0521806506919487	1095374421.98788
2.0547458765053137	1085900850.2442472
2.057314308850945	1098918744.113631
2.0598859517370087	1109308579.1974316
2.06246080917668	1073136731.0813103
2.065038885188151	1050950560.1983547
2.067620183794636	1077761657.385293
2.0702047090243796	1096165967.046278
2.0727924649106595	1083328157.8959398
2.075383455491798	1081502111.9631443
2.0779776848111626	1096980643.9162629
2.0805751569171766	1099396275.2718236
2.083175875863323	1087761736.1113298
2.085779845708152	1081127280.6106267
2.0883870705152874	1088745150.626968
2.0909975543534314	1107404076.2966504
2.093611301296373	1107347588.9943435
2.0962283154229935	1092037721.2937396
2.098848600817272	1099683434.6199439
2.1014721615682936	1116151532.1234748
2.104099001770254	1120566942.189487
2.1067291255224667	1112057948.8314092
2.10936253692937	1104992022.620505
2.1119992401005314	1116060732.139016
2.114639239150657	1126550969.2007358
2.1172825381995954	1115666283.4676416
2.119929141372345	1113889962.4026651
2.1225790527990602	1131076736.4218853
2.125232276615059	1136394014.0053601
2.1278888169608274	1130704490.4818058
2.130548677982029	1140514474.1598387
2.1332118638295063	1158197601.5653365
2.1358783786592928	1158692318.5168898
2.1385482266326172	1151957069.0673301
2.141221411915908	1156817888.884868
2.1438979386808024	1180817467.4892502
2.1465778111041534	1192972558.687157
2.1492610333680338	1174131113.4329116
2.1519476096597434	1161192499.9904132
2.1546375441718184	1171107821.8473976
2.157330841102033	1185661473.2807014
2.1600275046534105	1194155052.9494696
2.1627275390342273	1199155874.2464588
2.16543094845802	1204711001.7899425
2.168137737143592	1212453760.1489408
2.1708479093150217	1210792970.7077672
2.1735614692016654	1199012906.7678754
2.1762784210381674	1183150437.8988621
2.178998769064465	1172855637.4318306
2.1817225175257957	1180856955.7534153
2.184449670672703	1192693631.067077
2.187180232761044	1195967763.0695155
2.1899142080519947	1197145786.4075656
2.19265160081206	1207780206.442512
2.1953924153130746	1220274505.5519187
2.198136655832216	1222430434.485792
2.200884326652006	1213769473.5686743
2.203635432060321	1194818806.4088364
2.2063899763503967	1175883864.170462
2.2091479638208344	1183395859.6118214
2.2119093987756107	1214975072.0752804
2.21467428552408	1235408887.1724524
2.217442628380985	1231334206.3654785
2.2202144316664616	1216895425.863881
2.2229896997060443	1216841450.421385
2.225768436830677	1210869891.599425
2.2285506473767147	1187141876.385725
2.2313363356859357	1188770478.0327978
2.2341255061055434	1205239998.093014
2.236918162988175	1213372908.50501
2.23971431069191	1219284009.2380886
2.2425139535802754	1220067491.5440145
2.24531709602225	1220806917.7407022
2.248123742392278	1224638610.232051
2.2509338970702686	1225345520.3946543
2.253747564441606	1220413855.5928876
2.256564748897158	1216105162.9781897
2.2593854548332795	1205095145.984683
2.262209686651821	1177360625.8280551
2.2650374487601357	1166540300.6307497
2.2678687455710858	1184395068.947886
2.27070358150305	1196082747.2194107
2.2735419609799283	1198471401.9012694
2.276383888431153	1197273963.8582847
2.279229368291692	1181841806.0577786
2.2820784050020566	1168593637.316406
2.2849310030083094	1179132560.364209
2.2877871667620697	1193304173.5494843
2.290646900720522	1151179633.4032042
2.293510209346423	1015781104.4602708
2.2963770971081057	922346405.9818153
2.299247568479491	965595286.0902766
2.3021216279400902	1026669217.7104819
2.304999279975015	1041221006.154863
2.3078805290749838	1040382451.5892614
2.3107653797363277	1032874573.3454114
2.3136538364609978	1023014258.784065
2.316545903756574	1022173121.2435889
2.3194415861362696	1000282804.3169576
2.32234088811894	913045088.7121981
2.3252438142290885	845111732.8694595
2.3281503689968748	863766524.2010269
2.331060556958121	899609086.6115253
2.3339743826543184	918947648.7064973
2.3368918506326364	915706329.6592685
2.339812965445927	905624821.1288851
2.342737731652734	901645683.3382262
2.3456661538173003	893600346.7257551
2.348598236509572	875195618.7601221
2.3515339843052088	806914761.0560771
2.35447340178559	741463431.3300909
2.357416493537822	756075983.6508979
2.3603632641547443	795211179.9771138
2.3633137182349375	819649123.7443174
2.366267860382731	835713846.5248706
2.3692256952082094	844802193.7199368
2.37218722732722	841769153.5778145
2.375152461361379	819228041.5776912
2.3781214019380803	794510912.9842286
2.381094053690503	751341235.0091166
2.384070421257616	692461366.3745538
2.387050509284188	680842042.2129074
2.390034322420793	703166867.4389005
2.393021865323819	720650521.076448
2.3960131426554736	732116314.8509858
2.399008159083793	725741683.7855684
2.402006919282648	709805162.438246
2.405009427931751	691089742.5275196
2.408015689716666	669415669.7352931
2.411025709328811	649356746.4664342
2.414039491465472	619203272.4514835
2.417057040829804	604079176.2740492
2.420078362130841	622659268.8617586
2.423103460083505	635232643.577594
2.426132339408609	629182485.2292163
2.42916500483287	622584035.6744366
2.432201461088911	614881733.90968
2.4352417129152717	599517748.5816137
2.438285765056416	591256002.4881623
2.441333622262736	586178994.784081
2.444385289290565	567420997.0350235
2.447440770902178	545820659.0294353
2.4505000718658057	530065153.6707022
2.4535631969556375	521368935.00512904
2.456630150951832	528367872.4590869
2.459700938640522	535503866.3376238
2.4627755648138225	538781727.7412
2.4658540342698396	538438207.7800244
2.468936351812677	522127627.0342783
2.4720225222524426	502490014.9000255
2.475112550405258	492807224.9665839
2.4782064410932647	484085641.97161925
2.481304199144631	465477362.0579011
2.484405829393562	432716719.94235504
2.4875113366803037	381422739.3291716
2.490620725851154	349721791.95854586
2.4937340017584684	327660656.27258974
2.4968511692606663	262197157.68732685
