#wavelength (micron)	surface_flux (erg / (cm2 micron s))
0.7	3957639024.1038556
0.7008749999999999	5929547089.877777
0.70175109375	7057243343.852968
0.7026282826171873	7293520845.362195
0.7035065679704589	7580564712.013342
0.7043859511804219	7954071491.058722
0.7052664336193974	7973177903.174115
0.7061480166614217	7618443396.616318
0.7070307016822485	7520969061.048856
0.7079144900593511	7594431485.96082
0.7087993831719255	7372593536.050633
0.7096853824008903	7110513535.858241
0.7105724891288914	7135402487.291909
0.7114607047403024	7248614009.488755
0.7123500306212278	7116148313.524816
0.7132404681595043	6702894763.964805
0.7141320187447037	6348031747.807902
0.7150246837681346	6282782891.890254
0.7159184646228446	6585986227.850769
0.7168133627036232	6965527171.2209
0.7177093794070027	7158190681.350565
0.7186065161312616	7293840811.256704
0.7195047742764256	7285327616.302959
0.7204041552442711	7081039955.129467
0.7213046604383263	7110078076.733067
0.7222062912638743	7467480572.105633
0.723109049127954	7718476442.420423
0.7240129354393641	7763614978.201569
0.7249179516086632	7787148262.206477
0.725824099048174	7928943328.409164
0.7267313791719842	8062054007.468244
0.7276397933959492	8075345543.143048
0.728549343137694	8156265915.732009
0.7294600298166162	8323549314.018094
0.730371854853887	8397002672.793869
0.7312848196724542	8334437209.038991
0.7321989256970448	8138196481.092324
0.7331141743541661	8095656996.86159
0.7340305670721088	8336175847.660934
0.7349481052809489	8432306867.956414
0.7358667904125501	8340901962.445034
0.7367866239005658	8402306059.592398
0.7377076071804415	8577148066.314109
0.738629741689417	8621926655.317173
0.7395530288665286	8581384712.156391
0.7404774701526119	8601642677.049921
0.7414030669903027	8655797532.439392
0.7423298208240404	8687815295.748295
0.7432577331000705	8698474710.515001
0.7441868052664457	8685843188.892324
0.7451170387730286	8669498835.843725
0.7460484350714948	8677620874.36283
0.7469809956153342	8727627970.632332
0.7479147218598534	8796885305.816706
0.7488496152621781	8796037655.069618
0.7497856772812559	8764754161.268278
0.7507229093778575	8794984835.841745
0.7516613130145797	8838783137.410534
0.7526008896558479	8880013106.294083
0.7535416407679177	8910525936.007212
0.7544835678188776	8945552066.10342
0.7554266722786511	8970676386.840403
0.7563709556189995	8967197817.221218
0.7573164193135232	8975965488.226841
0.758263064837665	8927368854.978336
0.7592108936687122	8841910214.044004
0.760159907285798	8812294316.184906
0.7611101071699052	8791057700.065924
0.7620614948038675	8785800205.368053
0.7630140716723723	8778664903.441557
0.7639678392619629	8732343495.922365
0.7649227990610402	8685380785.198435
0.7658789525598665	8478365460.764124
0.7668363012505663	8204113176.167412
0.7677948466271296	8264617004.592577
0.7687545901854135	8407840315.459574
0.7697155334231451	8286779385.507053
0.7706776778399241	8222998770.106431
0.771641024937224	8353134491.493663
0.7726055762183955	8476915568.785146
0.7735713331886686	8543683604.60977
0.7745382973551542	8506541220.249813
0.7755064702268482	8427745936.567785
0.7764758533146318	8459177453.132855
0.7774464481312751	8519548165.821052
0.7784182561914391	8517851706.938119
0.7793912790116784	8525969204.07459
0.780365518110443	8585995404.505004
0.781340975008081	8637290567.129635
0.782317651226841	8612069625.86268
0.7832955482908746	8534787162.116817
0.7842746677262382	8519399281.397262
0.7852550110608959	8575799660.680966
0.7862365798247221	8633277118.623516
0.7872193755495029	8681985469.941486
0.7882033997689398	8724692003.821367
0.7891886540186509	8758898130.436464
0.7901751398361742	8755760784.920898
0.7911628587609694	8705206660.657736
0.7921518123344207	8699977114.570955
0.7931420020998386	8728619999.959047
0.7941334296024635	8700765160.66263
0.7951260963894664	8705029724.8804
0.7961200040099533	8802205712.90364
0.7971151540149657	8864520481.042227
0.7981115479574844	8853461558.817196
0.7991091873924312	8845913247.432423
0.8001080738766717	8855852737.457552
0.8011082089690176	8891801292.203966
0.8021095942302288	8910242991.61563
0.8031122312230166	8903353996.25761
0.8041161215120453	8902062421.071505
0.8051212666639354	8900319034.043774
0.8061276682472652	8915541581.303083
0.8071353278325744	8902230828.280031
0.808144246992365	8901526631.693558
0.8091544273011054	8953005505.31739
0.8101658703352317	8990972642.188982
0.8111785776731507	8996999806.612906
0.8121925508952421	8991388788.454918
0.8132077915838613	9007438723.370188
0.8142243013233411	9035244321.420382
0.8152420816999951	9045152144.230286
0.8162611343021202	9035344129.91933
0.8172814607199979	8957481473.325932
0.8183030625458978	8704802243.627728
0.8193259413740802	8462417258.296776
0.8203500988007977	8554308154.595542
0.8213755364242987	8797684885.77918
0.8224022558448291	8903037649.733862
0.8234302586646352	8936350313.868713
0.8244595464879658	8958426165.989462
0.8254901209210758	8965600748.618795
0.8265219835722272	8973554650.429663
0.8275551360516924	8969824736.89441
0.8285895799717569	8950784843.560575
0.8296253169467216	8921775785.26271
0.830662348592905	8886898658.411423
0.8317006765286461	8802731868.593765
0.8327403023743069	8648330050.538982
0.8337812277522748	8645282747.939562
0.834823454286965	8759957199.490932
0.8358669836048238	8745713990.148539
0.8369118173343297	8647616999.279875
0.8379579571059977	8431425094.640248
0.8390054045523802	8266430244.054289
0.8400541613080706	8431760240.728897
0.8411042290097056	8600548963.54495
0.8421556092959678	8486182429.353758
0.8432083038075878	8239000317.776691
0.8442623141873472	8207011614.178067
0.8453176420800813	8386576754.028647
0.8463742891326813	8401188896.489044
0.8474322569940972	8371053912.734766
0.8484915473153398	8444693528.162817
0.8495521617494839	8394838102.072685
0.8506141019516709	8286219976.442973
0.8516773695791103	8281811222.082312
0.8527419662910842	8307583301.446626
0.853807893748948	8129255216.581537
0.8548751536161342	8024877720.307367
0.8559437475581545	8341499099.9709215
0.857013677242602	8597857359.142735
0.8580849443391553	8620642564.651604
0.8591575505195791	8630412637.602476
0.8602314974577286	8629329086.841784
0.8613067868295508	8594633782.818287
0.8623834203130877	8603095545.706696
0.8634613995884791	8657019269.180857
0.8645407263379646	8633786244.355534
0.8656214022458871	8377650814.411565
0.8667034289986943	8104759014.391381
0.8677868082849427	8088785236.156143
0.8688715417952989	8112276288.147413
0.869957631222543	8275304276.71807
0.8710450782615712	8554541935.215907
0.872133884609398	8646003192.247963
0.8732240519651597	8639555998.159815
0.8743155820301162	8637135117.626848
0.8754084765076539	8624812586.576101
0.8765027371032884	8592589005.210693
0.8775983655246675	8599659942.40056
0.8786953634815732	8639814527.687212
0.8797937326859253	8547163221.0996
0.8808934748517826	8348602198.671279
0.8819945916953473	8302084418.686797
0.8830970849349664	8397843277.920439
0.8842009562911352	8537848355.0451975
0.8853062074864991	8627692944.210741
0.8864128402458572	8577098154.708768
0.8875208562961645	8513218875.750844
0.8886302573665347	8520066111.892532
0.8897410451882428	8544788776.557466
0.8908532214947281	8557667598.978761
0.8919667880215966	8560421614.385155
0.8930817465066233	8552957963.637803
0.8941980986897567	8531852933.330805
0.8953158463131189	8519665916.636889
0.8964349911210102	8527743704.993346
0.8975555348599115	8528065575.911997
0.8986774792784863	8499845138.636314
0.8998008261275845	8418727002.601892
0.9009255771602438	8372121320.521305
0.9020517341316941	8408878278.89718
0.9031792987993587	8468222786.195355
0.9043082729228579	8527760400.937028
0.9054386582640114	8553211907.003836
0.9065704565868414	8552158342.810903
0.907703669657575	8519018195.491981
0.908838299244647	8419521438.949376
0.9099743471187027	8373240220.707501
0.9111118150526011	8441833616.275101
0.9122507048214169	8518075156.027032
0.9133910182024435	8552819831.561599
0.9145327569751966	8558651552.889463
0.9156759229214156	8555831979.467079
0.9168205178250673	8548483726.352285
0.9179665434723485	8546411120.706149
0.919114001651689	8552080094.959454
0.9202628941537536	8536420506.95165
0.9214132227714458	8503187935.463842
0.92256498929991	8479060041.5676155
0.9237181955365349	8458497100.505614
0.9248728432809555	8427126188.463918
0.9260289343350568	8406569986.109181
0.9271864705029755	8410820483.192101
0.9283454535911042	8381850141.044025
0.9295058854080931	8330750983.237135
0.9306677677648533	8338989949.758016
0.9318311024745591	8368261374.181918
0.9329958913526524	8372869940.113713
0.9341621362168431	8368652277.740402
0.9353298388871142	8349286415.980894
0.936499001185723	8328927929.011103
0.9376696249372052	8327895513.173794
0.9388417119683766	8327804321.592135
0.9400152641083371	8316523683.344226
0.9411902831884725	8304629173.638809
0.942366771042458	8304390387.737412
0.9435447295062611	8293117611.997719
0.9447241604181439	8253921628.650389
0.9459050656186665	8253489015.544409
0.9470874469506899	8291988768.689773
0.9482713062593783	8310767681.479475
0.9494566453922024	8311332158.946799
0.9506434661989427	8300788349.56284
0.9518317705316914	8288747626.468303
0.9530215602448558	8261827459.845866
0.9542128371951619	8190070324.763885
0.9554056032416559	8156611444.814225
0.9565998602457079	8195941054.87205
0.957795610071015	8215540333.665908
0.9589928545836038	8186358042.024121
0.9601915956518332	8132396680.052892
0.961391835146398	8153359601.4818125
0.9625935749403309	8140729947.444257
0.9637968169090064	7936768183.917976
0.9650015629301427	7850575722.205637
0.9662078148838052	7949206461.030461
0.9674155746524099	7911054116.269819
0.9686248441207255	7867568905.064873
0.9698356251758764	7918849987.037631
0.9710479197073462	7912172987.327658
0.9722617296069803	7880961404.045665
0.9734770567689891	7847697002.153947
0.9746939030899503	7871192086.823263
0.9759122704688127	7972231449.142617
0.9771321608068987	7953610944.667466
0.9783535760079072	7815032055.327383
0.9795765179779171	7852358847.095075
0.9808009886253894	8023946658.530157
0.9820269898611712	8080588958.526193
0.9832545235984976	8054702771.65186
0.9844835917529957	8056521844.529234
0.985714196242687	8075454740.44682
0.9869463389879902	8076515305.75933
0.9881800219117253	8063316378.635871
0.989415246939115	7996957688.459397
0.9906520159977886	7858035961.136203
0.9918903310177859	7756952582.895466
0.9931301939315581	7770843880.969353
0.9943716066739725	7835900726.6152725
0.995614571182315	7875130037.623621
0.996859089396293	7871705296.186273
0.9981051632580382	7847638933.90485
0.9993527947121108	7826421660.802582
1.0006019857055009	7819092366.644054
1.0018527381876328	7828856249.2339115
1.0031050541103672	7829927342.806606
1.0043589354280051	7793065245.128823
1.0056143840972902	7737459597.445066
1.0068714020774117	7741889266.206923
1.0081299913300084	7800302758.015351
1.009390153819171	7827176307.941083
1.0106518915114449	7820035053.005021
1.011915206375834	7802218650.80071
1.013180100383804	7781457434.690913
1.0144465755092837	7752554462.313742
1.0157146337286702	7733275375.787845
1.016984277020831	7736517139.2961855
1.0182555073671071	7733427524.550225
1.0195283267513158	7720432087.282066
1.020802737159755	7706937121.65939
1.0220787405812046	7697577729.480017
1.0233563390069311	7712860307.257965
1.0246355344306899	7713901886.605899
1.025916328848728	7661801339.943779
1.027198724259789	7618648875.197102
1.0284827226651139	7611820892.4002075
1.0297683260684452	7624179798.574369
1.0310555364760305	7641743149.095811
1.0323443558966257	7611357200.314984
1.0336347863414963	7467555755.335684
1.0349268298244232	7366332148.196049
1.0362204883617037	7488086452.542168
1.0375157639721557	7603106237.43365
1.0388126586771211	7555854755.693308
1.0401111745004674	7500619885.151976
1.041411313468593	7523738588.325805
1.0427130776104288	7556648320.291409
1.0440164689574416	7577027944.990924
1.0453214895436385	7592766049.772479
1.046628141405568	7564061782.138366
1.0479364265823248	7523674700.042229
1.0492463471155529	7487800447.741676
1.0505579050494471	7469387553.735947
1.051871102430759	7490251418.703588
1.0531859413087974	7520128235.289902
1.0545024237354332	7528340036.108676
1.0558205517651027	7512673986.63689
1.0571403274548088	7475016633.955505
1.0584617528641274	7423512751.65514
1.0597848300552075	7406540326.482147
1.0611095610927765	7423403293.45735
1.0624359480441425	7447563347.543239
1.0637639929791975	7455965353.228901
1.0650936979704217	7404836771.997455
1.0664250650928846	7338313887.687061
1.0677580964242506	7337974261.038522
1.069092794044781	7373125865.480319
1.0704291600373368	7387400586.489836
1.0717671964873836	7362807894.169115
1.0731069054829927	7312150620.357782
1.0744482891148466	7313742365.480966
1.0757913494762399	7349262368.388395
1.0771360886630854	7351090455.77237
1.078482508773914	7327700006.391599
1.0798306119098815	7285705422.965787
1.081180400174769	7246916214.612683
1.0825318756749873	7253678280.29151
1.0838850405195808	7284682166.373925
1.0852398968202304	7293238692.556824
1.0865964466912557	7279623392.258413
1.0879546922496197	7270975543.44971
1.0893146356149317	7270955071.532282
1.0906762789094504	7258501252.914805
1.0920396242580872	7248945837.165666
1.0934046737884098	7257044952.498473
1.0947714296306452	7249213075.606479
1.0961398939176834	7210428204.074253
1.0975100687850805	7186667108.492199
1.098881956371062	7193259880.37112
1.1002555588165257	7193052727.54091
1.1016308782650464	7174553450.878831
1.1030079168628775	7157117914.429056
1.104386676758956	7142255323.444826
1.1057671601049048	7127726364.327476
1.1071493690550358	7123079926.030935
1.1085333057663547	7125474163.241776
1.1099189723985625	7119707372.98631
1.1113063711140607	7091855768.680196
1.1126955040779534	7066590696.336527
1.1140863734580506	7064149318.520983
1.1154789814248731	7060766217.349704
1.1168733301516542	7058681756.679815
1.1182694218143439	7055271841.464297
1.1196672585916116	7032907253.720523
1.1210668426648513	7021349473.31405
1.122468176218182	7021457344.4226465
1.123871261438455	6965573747.68817
1.125276100515253	6856013267.302761
1.126682695640897	6859758242.289477
1.128091049010448	6944372404.616266
1.129501162821711	6949415757.223386
1.1309130392752382	6935931355.368235
1.1323266805743324	6944610921.147134
1.13374208892505	6937223132.644163
1.1351592665362065	6925008164.918064
1.1365782156193767	6884083773.289511
1.1379989383889009	6779980494.535105
1.139421437061887	6698850437.768345
1.1408457138582142	6692423199.69523
1.142271771000537	6739625237.577694
1.1436996107142876	6781549939.864989
1.1451292352276803	6804835581.661707
1.146560646771715	6822262264.901743
1.1479938475801796	6810384714.894008
1.1494288398896548	6811185629.253036
1.150865625939517	6826729728.584895
1.1523042079719412	6824864972.516395
1.1537445882319062	6808677885.68169
1.155186768967196	6792899574.383796
1.156630752428405	6783956793.265333
1.1580765408689404	6752714874.053652
1.1595241365450264	6661538878.637602
1.1609735417157079	6581456960.848698
1.1624247586428524	6604595886.53488
1.163877789591156	6636014019.766688
1.165332636828145	6654720547.434538
1.16678930262418	6681406558.946632
1.1682477892524603	6632276357.166874
1.1697080989890258	6587125619.204157
1.1711702341127619	6629009620.239906
1.1726341969054028	6664570868.916613
1.1740999896515347	6654343008.467975
1.1755676146385992	6621950858.670115
1.1770370741568972	6535589856.467053
1.1785083704995933	6469751481.365062
1.1799815059627177	6506463213.472327
1.1814564828451712	6487392595.511228
1.1829333034487275	6366375749.467156
1.1844119700780384	6393961222.256011
1.185892485040636	6507090075.782037
1.1873748506469368	6447161854.762629
1.1888590692102454	6330559824.795291
1.1903451430467582	6387501286.3652115
1.1918330744755665	6497877824.963637
1.193322865818661	6499561981.309943
1.1948145194009343	6424814623.260009
1.1963080375501856	6298782183.8572445
1.197803422597123	6219317455.836424
1.1993006768753696	6299004302.958048
1.2007998027214637	6411671681.497691
1.2023008024748656	6417952594.134068
1.203803678477959	6395631938.899112
1.2053084330760564	6398712930.866544
1.2068150686174015	6372036920.780929
1.2083235874531733	6298647846.79344
1.2098339919374896	6293861556.138295
1.2113462844274117	6349390461.318536
1.2128604672829457	6369859541.981928
1.2143765428670494	6367384257.0082
1.2158945135456332	6358670088.418244
1.2174143816875653	6347759555.442283
1.2189361496646747	6338846287.736635
1.2204598198517553	6329331634.654925
1.2219853946265702	6319762036.269787
1.2235128763698533	6310491136.872717
1.2250422674653156	6301342455.559768
1.2265735702996472	6289728580.075317
1.2281067872625218	6278625565.333706
1.2296419207465998	6270367489.929468
1.231178973147533	6257407449.085711
1.2327179468639673	6242504745.205428
1.2342588442975473	6233311492.9303465
1.2358016678529193	6225729836.807015
1.2373464199377353	6216063810.468982
1.2388931029626575	6202536771.535969
1.2404417193413606	6182375178.201912
1.2419922714905374	6152273971.329094
1.2435447618299005	6128222895.3015785
1.245099192782188	6132236842.432744
1.2466555667731656	6140418912.957949
1.248213886231632	6134295172.626203
1.2497741535894216	6122073181.378225
1.2513363712814083	6093941922.44533
1.25290054174551	6066084413.943528
1.2544666674226919	6070863280.842495
1.2560347507569702	6078904657.829773
1.2576047941954165	6070407491.472473
1.2591768001881607	6057494953.68694
1.2607507711883958	6043606095.142564
1.2623267096523811	6035950613.822909
1.2639046180394466	6027675589.781484
1.265484498811996	6014994869.849606
1.267066354435511	5991155592.783585
1.2686501873785552	5973671146.483492
1.2702360001127784	5982555900.348653
1.2718237951129194	5986182769.483993
1.2734135748568105	5963701102.306369
1.2750053418253815	5943242369.056706
1.2765990985026632	5943728379.810954
1.2781948473757916	5943815280.8116455
1.2797925909350112	5917280656.107181
1.28139233167368	5831299771.774033
1.282994072088272	5752357434.954883
1.2845978146783823	5773020054.03715
1.2862035619467302	5834425246.515955
1.2878113163991636	5849351306.278156
1.2894210805446624	5800019933.711873
1.2910328568953433	5762097170.986468
1.2926466479664624	5791592580.334592
1.2942624562764204	5823414800.227421
1.295880284346766	5820680315.767426
1.2975001347021995	5803925124.939459
1.2991220098705771	5792728748.250136
1.3007459123829153	5786280479.795781
1.3023718447733938	5775674236.586927
1.3039998095793606	5768483132.128244
1.3056298093413348	5762246844.23159
1.3072618466030115	5745772075.173379
1.3088959239112652	5725331300.669311
1.3105320438161543	5656239607.703287
1.3121702088709244	5488418064.423736
1.313810421632013	5389546532.619194
1.315452684659053	5439129661.639033
1.3170970005148768	5562206264.68771
1.3187433717655204	5660225173.370516
1.3203918009802271	5667892008.663344
1.3220422907314524	5656299912.537359
1.3236948435948666	5650261125.377369
1.3253494621493602	5635762033.839838
1.327006148977047	5607151579.81703
1.3286649066632683	5563162289.50637
1.3303257377965971	5506986238.1212635
1.331988644968843	5448065343.176496
1.333653630775054	5427154591.431664
1.3353206978135228	5426186733.84942
1.3369898486857896	5418716688.0332985
1.3386610859966468	5418932896.013061
1.3403344123541427	5407799998.311788
1.342009830369585	5388120145.198534
1.3436873426575473	5381774131.565605
1.345366951835869	5387717893.222511
1.347048660525664	5382902710.463128
1.348732471351321	5369990588.291427
1.35041838694051	5354643241.650535
1.3521064099241855	5345087881.198034
1.3537965429365908	5339142867.005385
1.3554887886152616	5330738917.614173
1.3571831496010305	5327523374.257843
1.3588796285380318	5316983780.14747
1.3605782280737042	5287656305.51
1.3622789508587965	5245763767.028327
1.36398179954737	5229936614.516629
1.3656867767968042	5255624419.06858
1.3673938852678	5276386542.974847
1.3691031276243848	5272909998.335229
1.3708145065339152	5264732728.150528
1.3725280246670826	5260911766.247879
1.3742436846979165	5258803226.944752
1.3759614893037886	5254559528.233075
1.3776814411654184	5246001698.326236
1.3794035429668752	5238208265.659086
1.3811277973955836	5232030965.993452
1.382854207142328	5215473221.934134
1.384582774901256	5182109393.847598
1.3863135033698826	5147572986.339678
1.388046395249095	5132726235.525234
1.389781453243156	5076341264.974103
1.3915186800597101	4966137964.631794
1.3932580784097848	4938859652.444381
1.3949996510077969	4988522544.823427
1.3967434005715567	5003630838.426158
1.3984893298222711	4987320122.511366
1.4002374414845487	4978155034.582993
1.4019877382864046	4992627423.824973
1.4037402229592626	5005788081.479586
1.4054948982379614	5002415012.485069
1.4072517668607587	4992306460.356256
1.4090108315693348	4974935820.731847
1.4107720951087963	4958736231.031195
1.4125355602276823	4940629953.386711
1.414301229677967	4930309452.399753
1.4160691062150645	4925023567.092583
1.4178391925978333	4904919479.467691
1.4196114915885802	4902818538.988458
1.421386005953066	4910764873.572107
1.4231627384605074	4878510655.7983
1.424941691883583	4811572804.510621
1.4267228689984375	4760090237.006748
1.4285062725846855	4783417458.657641
1.4302919054254162	4845178707.47198
1.4320797703071981	4862856487.537471
1.4338698700200818	4833060497.585968
1.435662207357607	4811371467.426589
1.4374567851168039	4817773522.995563
1.4392536060981997	4810562216.893442
1.4410526731058226	4798659442.23416
1.4428539889472047	4807505399.070361
1.444657556433389	4807277533.728441
1.4464633783789307	4796467669.96093
1.4482714576019042	4792750245.257588
1.4500817969239066	4777098360.628036
1.4518943991700615	4760184131.332347
1.453709267169024	4759661667.109811
1.4555264037529851	4742139931.217093
1.4573458117576763	4726142626.246141
1.4591674940223736	4699129089.701355
1.4609914533899013	4615256439.63357
1.4628176927066388	4576367483.578696
1.464646214822522	4607197488.709595
1.4664770225910502	4616027430.287948
1.4683101188692889	4598537963.641662
1.4701455065178752	4588713154.040362
1.4719831884010226	4606435253.83234
1.473823167386524	4617390905.576128
1.475665446345757	4599439293.351869
1.4775100281536893	4580872136.062237
1.4793569156888815	4569839578.683373
1.4812061118334923	4571156055.453139
1.4830576194732843	4582461677.144143
1.4849114414976257	4567068350.735951
1.4867675807994976	4476678248.269273
1.4886260402754972	4401658640.478537
1.4904868228258412	4464057065.188312
1.4923499313543735	4551823642.261158
1.4942153687685666	4576056848.357579
1.4960831379795272	4585053784.265037
1.4979532419020016	4581132888.283289
1.499825683454379	4513664377.859289
1.501700465558697	4330838111.00126
1.5035775911406453	4151443193.7796335
1.505457063129571	4196270831.0818677
1.5073388844584832	4393797023.53715
1.509223058064056	4509311418.114973
1.5111095868866362	4518162655.802241
1.5129984738702444	4486697177.077524
1.5148897219625823	4461911996.1969795
1.5167833341150354	4466329862.817774
1.5186793132826792	4486233917.206343
1.5205776624242824	4507119822.32822
1.5224783845023127	4510476754.795825
1.5243814824829407	4487950962.993791
1.5262869593360442	4446327371.5678
1.5281948180352143	4416880971.39665
1.530105061557758	4427495455.332186
1.5320176928847054	4428967270.270583
1.5339327150008113	4413387460.630144
1.5358501308945622	4414087047.253936
1.5377699435581802	4375996197.800681
1.539692155987628	4319666813.806904
1.5416167711826123	4300897372.833828
1.5435437921465909	4329360022.32182
1.5454732218867737	4385016108.687301
1.5474050634141323	4406227513.403496
1.5493393197434	4393729722.432169
1.5512759938930791	4375428869.4346485
1.5532150888854455	4346453841.941538
1.5551566077465522	4303479675.676016
1.5571005535062357	4294625231.589894
1.5590469291981182	4335114468.646586
1.5609957378596158	4356390251.51653
1.5629469825319402	4339441353.972466
1.5649006662601053	4329678156.421506
1.5668567920929302	4346545931.395927
1.5688153630830464	4355898010.509707
1.5707763822869003	4312232866.21419
1.5727398527647587	4234164321.9726167
1.5747057775807147	4159670285.572315
1.5766741598026903	4123208529.1107125
1.5786450025024439	4197179914.5741897
1.5806183087555719	4303522254.990475
1.582594081641516	4321215594.615299
1.5845723242435679	4312466503.251977
1.5865530396488725	4302986904.732246
1.5885362309484334	4237342352.6616354
1.5905219012371192	4196937936.05098
1.5925100536136656	4252324685.319158
1.5945006911806823	4309073965.319117
1.5964938170446583	4315579626.0045805
1.5984894343159641	4310368898.888207
1.6004875461088588	4307481304.298282
1.602488155541495	4281638515.4124427
1.6044912657359218	4228895548.927961
1.6064968798180916	4189483336.511359
1.608505000917864	4209384828.407885
1.6105156321690117	4246547094.346386
1.612528776709223	4208374486.456774
1.6145444376801092	4088995267.4734282
1.6165626182272093	4028302316.9114013
1.6185833214999934	4023420946.5317883
1.6206065506518683	3985246813.2332325
1.622632308840183	4025171741.802089
1.624660599226233	4099592547.542782
1.626691424975266	4136137350.6130643
1.6287247892564851	4176389154.4176817
1.6307606952430556	4182198652.92866
1.6327991461121094	4162028046.283909
1.6348401450447496	4128616972.396411
1.6368836952260553	4103730040.745917
1.638929799845088	4117896085.63841
1.6409784620948942	4135775237.967559
1.6430296851725128	4117150060.4193425
1.6450834722789784	4069530804.4034696
1.647139826619327	4060801863.334874
1.6491987514026012	4088387089.5193524
1.6512602498418545	4086682562.1113253
1.6533243251541565	4059155227.563863
1.655390980560599	4058859810.575182
1.6574602192863002	4067995054.2216287
1.6595320445604078	4048425835.2715473
1.6616064596161082	4030074351.1924877
1.6636834676906282	4011464794.7613554
1.6657630720252417	3981374734.686327
1.667845275865273	3969632531.8878236
1.6699300824601049	3927040309.449954
1.6720174950631799	3824836066.9375014
1.6741075169320085	3757798510.1904674
1.6762001513281735	3775012050.9940777
1.678295401517334	3868170598.175749
1.6803932707692304	3940283963.944173
1.6824937623576919	3940300188.8196597
1.6845968795606392	3916204098.598258
1.6867026256600899	3863934844.6129894
1.6888110039421647	3797373170.7431874
1.6909220176970923	3778392658.59649
1.6930356702192138	3819239833.4063134
1.695151964806988	3845296616.452608
1.6972709047629964	3832216334.787567
1.6993924933939502	3811082917.6766367
1.7015167340106927	3792926246.1303415
1.7036436299282058	3771587996.381809
1.705773184465616	3729898270.8905196
1.707905400946198	3656459868.948328
1.7100402826973808	3526565248.047211
1.7121778330507527	3477466936.805644
1.7143180553420658	3581925132.163129
1.7164609529112433	3643467457.3084574
1.7186065291023824	3623091299.0778875
1.7207547872637603	3602596910.7778125
1.72290573074784	3577259862.0905094
1.725059362911275	3561392490.505754
1.7272156871149138	3568366212.4842377
1.7293747067238074	3559674643.0980015
1.731536425107212	3514354848.6719394
1.733700845638596	3473591845.441718
1.7358679716956442	3475151857.286609
1.7380378066602638	3484199701.2429566
1.7402103539185891	3465141292.4063373
1.7423856168609873	3439545594.563258
1.7445635988820634	3437430743.743499
1.746744303380666	3439094452.9454503
1.7489277337598916	3416221594.1795316
1.7511138934270916	3383672143.2811494
1.7533027857938754	3351460739.0612907
1.7554944142761177	3329453079.618127
1.7576887822939626	3320425048.2213874
1.75988589327183	3298918727.074341
1.76208575063842	3278325282.1370783
1.764288357826718	3278379445.9656005
1.7664937182740013	3268609072.559776
1.7687018354218438	3248307648.4426208
1.770912712716121	3237377273.9759507
1.773126353607016	3224966020.990079
1.7753427615490247	3199073474.000593
1.7775619400009608	3167184149.372139
1.7797838924259624	3147771399.1493316
1.7820086222914944	3125645085.036543
1.7842361330693588	3098856786.229313
1.7864664282356955	3086378146.5484023
1.78869951127099	3093166604.437378
1.790935385660079	3096940129.968217
1.793174054892154	3081067290.5545363
1.7954155224607689	3065074101.531957
1.7976597918638448	3053394375.6760736
1.7999068666036746	3020554677.3074183
1.8021567501869293	2970738064.429601
1.804409446124663	2950457618.2835126
1.8066649579323186	2966165680.5507836
1.8089232891297338	2976459477.862459
1.8111844432411461	2958280880.244277
1.8134484237951976	2948099481.781149
1.8157152343249414	2950228251.118099
1.8179848783678474	2924794227.4653144
1.8202573594658071	2889169882.9880576
1.8225326811651397	2891877700.0175457
1.824810847016596	2895226584.8477736
1.8270918605753668	2858690635.1859913
1.8293757254010856	2843574559.217971
1.831662445057837	2854083680.516466
1.8339520231141593	2851367087.4875035
1.836244463143052	2840517559.400214
1.8385397687219809	2822928395.1519766
1.840837943432883	2793521775.763695
1.8431389908621743	2757102271.2074227
1.8454429146007518	2714678528.0576296
1.8477497182440028	2686311342.549772
1.8500594053918078	2704120201.2642355
1.8523719796485476	2719440944.1760225
1.8546874446231079	2693587802.6465697
1.857005803928887	2649499320.4498935
1.8593270611837978	2624540780.955793
1.8616512200102777	2638607946.6926675
1.8639782840352905	2658801286.5715895
1.8663082568903346	2666799138.467291
1.8686411422114473	2668765002.7721415
1.8709769436392114	2646059521.811207
1.8733156648187608	2611329546.098834
1.875657309399784	2602722709.8540573
1.8780018810365335	2601662732.945385
1.8803493833878293	2609060444.4810214
1.882699820117064	2616279332.020071
1.8850531948922105	2586398593.232468
1.8874095113858254	2564069429.5625696
1.8897687732750577	2559412141.3567085
1.8921309842416516	2543988892.609477
1.8944961479719535	2547213540.4050083
1.8968642681569183	2556953787.4059606
1.8992353484921145	2553164285.0500746
1.9016093926777295	2549578960.7644286
1.9039864044185768	2530936590.1970487
1.9063663874241	2509906214.067166
1.90874934540838	2503308516.924737
1.9111352820901404	2499537558.3022923
1.913524201192753	2507211134.9777756
1.9159161064442438	2506783646.4746146
1.918311001577299	2495615359.3303833
1.9207088903292706	2488867549.482591
1.9231097764421823	2476417130.4517193
1.925513663662735	2461680464.7140822
1.9279205557423134	2413392736.2441387
1.9303304564369912	2293757576.390568
1.9327433695075371	2251602247.666614
1.9351592987194217	2348389957.047015
1.9375782478428212	2408240975.7043314
1.9400002206526246	2392855198.6028223
1.9424252209284403	2320311560.661204
1.9448532524546007	2176150697.826561
1.947284319020169	2120738059.0723217
1.949718424418944	2161395096.8227277
1.9521555724494677	2200079957.459508
1.9545957669150293	2281695667.9223742
1.957039011623673	2347377858.233311
1.9594853103882026	2352769419.991785
1.961934667026188	2330747963.3097763
1.9643870853599705	2319494401.021599
1.9668425692166707	2326633752.0694385
1.969301122428191	2323037969.674659
1.9717627488312266	2295315235.149768
1.9742274522672654	2211878489.3640127
1.9766952365825994	2045294900.1366057
1.9791661056283276	1966896986.6698344
1.981640063260363	2067512572.3818114
1.9841171133394384	2103747956.7956119
1.9865972597311126	2042366276.1894188
1.9890805063057764	2074281452.1289332
1.9915668569386586	2116050248.8282928
1.9940563155098319	2100761317.0680912
1.9965488859042193	2118940583.0300946
1.9990445720115995	2157737633.474316
2.001543377726614	2182066848.068163
2.0040453069487723	2187690646.8543
2.006550363582458	2180648694.0414
2.009058551536936	2164442244.6826024
2.0115698747263573	2148184694.271199
2.014084337069765	2140727599.1933393
2.016601942491102	2133420301.7762668
2.0191226949192163	2121322484.7007895
2.021646598287865	2118385498.5344906
2.0241736565357247	2116439310.8950331
2.0267038736063943	2097726093.799219
2.029237253448402	2083653038.5330565
2.0317738000152126	2088522958.0586016
2.0343135172652316	2087932529.680538
2.036856409161813	2078356991.089745
2.039402479673265	2072442003.6637158
2.041951732772857	2065862842.189301
2.0445041724388227	2053367052.6944876
2.0470598026543714	2042483468.0794466
2.0496186274076895	2038162960.0765126
2.0521806506919487	2030162290.2603025
2.0547458765053137	2016236329.854335
2.057314308850945	2012339480.1720493
2.0598859517370087	2009241355.92365
2.06246080917668	1984538850.279038
2.065038885188151	1967322363.0632806
2.067620183794636	1977718447.3801458
2.0702047090243796	1985790408.6426833
2.0727924649106595	1975629624.485452
2.075383455491798	1966389770.570388
2.0779776848111626	1963974313.9492311
2.0805751569171766	1957356344.463327
2.083175875863323	1945681450.632091
2.085779845708152	1933899873.2128062
2.0883870705152874	1928290638.5840607
2.0909975543534314	1929738856.805409
2.093611301296373	1922276323.4190524
2.0962283154229935	1905140439.3289483
2.098848600817272	1898911190.118566
2.1014721615682936	1901148679.7128282
2.104099001770254	1898909359.3724508
2.1067291255224667	1889180220.896128
2.10936253692937	1875812048.6062276
2.1119992401005314	1870593914.4475393
2.114639239150657	1864760932.4474857
2.1172825381995954	1851291918.78672
2.119929141372345	1851847152.1210608
2.1225790527990602	1859175839.9380643
2.125232276615059	1854447237.24422
2.1278888169608274	1845373855.2366166
2.130548677982029	1842659544.362903
2.1332118638295063	1841771682.3471613
2.1358783786592928	1833845443.8169975
2.1385482266326172	1824272839.4143302
2.141221411915908	1820251790.52085
2.1438979386808024	1822307702.5583978
2.1465778111041534	1820648241.3845818
2.1492610333680338	1809617984.2079482
2.1519476096597434	1799662601.900411
2.1546375441718184	1796745137.8417504
2.157330841102033	1795013916.807154
2.1600275046534105	1791017096.9611845
2.1627275390342273	1786987672.4370866
2.16543094845802	1783064189.0399492
2.168137737143592	1778562313.3337276
2.1708479093150217	1772126376.6780367
2.1735614692016654	1763563102.1939259
2.1762784210381674	1750010563.3934848
2.178998769064465	1735888538.34753
2.1817225175257957	1735084309.661808
2.184449670672703	1738402652.4385798
2.187180232761044	1731734900.1047382
2.1899142080519947	1721271822.258434
2.19265160081206	1720587589.411328
2.1953924153130746	1723523973.4634323
2.198136655832216	1717047481.5478575
2.200884326652006	1705193347.6399384
2.203635432060321	1685718983.4776783
2.2063899763503967	1660243087.57138
2.2091479638208344	1657521984.9375212
2.2119093987756107	1677161934.4254553
2.21467428552408	1686732491.5204751
2.217442628380985	1681992325.1560295
2.2202144316664616	1670204549.7553055
2.2229896997060443	1659006217.600692
2.225768436830677	1650859285.959994
2.2285506473767147	1641520052.9168513
2.2313363356859357	1639002122.4610052
2.2341255061055434	1642158978.3237307
2.236918162988175	1642230302.3940196
2.23971431069191	1639408697.8650534
2.2425139535802754	1634024781.2472944
2.24531709602225	1628072278.2572742
2.248123742392278	1624026381.9549267
2.2509338970702686	1620032239.3792028
2.253747564441606	1613887182.193423
2.256564748897158	1606732903.9248133
2.2593854548332795	1595458761.556698
2.262209686651821	1579000533.6075947
2.2650374487601357	1569873214.563934
2.2678687455710858	1572508702.6378052
2.27070358150305	1575041916.6821957
2.2735419609799283	1572950294.0410006
2.276383888431153	1567877298.0275664
2.279229368291692	1558359119.6990757
2.2820784050020566	1547870954.9075713
2.2849310030083094	1545166311.1755583
2.2877871667620697	1545920003.2260695
2.290646900720522	1528701651.6531434
2.293510209346423	1483627125.2348917
2.2963770971081057	1453272316.1473062
2.299247568479491	1462433615.7841187
2.3021216279400902	1475780444.7263777
2.304999279975015	1477717826.2326136
2.3078805290749838	1474971402.902371
2.3107653797363277	1469697558.6685135
2.3136538364609978	1464402926.444049
2.316545903756574	1460710339.4014149
2.3194415861362696	1446559114.054503
2.32234088811894	1408328104.7980707
2.3252438142290885	1380884444.2268786
2.3281503689968748	1386931075.2724237
2.331060556958121	1396217753.6509151
2.3339743826543184	1393994664.9814506
2.3368918506326364	1384665258.019148
2.339812965445927	1381402589.8389115
2.342737731652734	1385630628.6190987
2.3456661538173003	1387377395.352104
2.348598236509572	1379819845.605289
2.3515339843052088	1347690374.2099335
2.35447340178559	1316034564.2240186
2.357416493537822	1318583036.5919878
2.3603632641547443	1331384797.0673585
2.3633137182349375	1336565914.119036
2.366267860382731	1337025267.6386898
2.3692256952082094	1334874684.330137
2.37218722732722	1333527755.699449
2.375152461361379	1329741391.753773
2.3781214019380803	1320165167.4145093
2.381094053690503	1294669037.148286
2.384070421257616	1261677591.2516723
2.387050509284188	1251693192.3341165
2.390034322420793	1258949766.6597753
2.393021865323819	1263421943.1551664
2.3960131426554736	1262530828.5055516
2.399008159083793	1256291128.1114628
2.402006919282648	1247777271.1129541
2.405009427931751	1238342915.8662534
2.408015689716666	1228180101.7594492
2.411025709328811	1215508714.232009
2.414039491465472	1197049796.1656835
2.417057040829804	1185945658.28484
2.420078362130841	1186334668.927596
2.423103460083505	1183735162.368477
2.426132339408609	1176229651.2245889
2.42916500483287	1169684878.069097
2.432201461088911	1164225796.9649625
2.4352417129152717	1156312187.2531197
2.438285765056416	1150240258.2131567
2.441333622262736	1143208448.1727314
2.444385289290565	1129536431.431435
2.447440770902178	1115987110.6952088
2.4505000718658057	1104093650.5795367
2.4535631969556375	1094191657.405977
2.456630150951832	1094314243.409704
2.459700938640522	1090519891.2816374
2.4627755648138225	1084337001.878526
2.4658540342698396	1082866093.4056659
2.468936351812677	1076306405.621127
2.4720225222524426	1065996002.8475505
2.475112550405258	1054210590.7555424
2.4782064410932647	1043196503.2708527
2.481304199144631	1024749127.9404501
2.484405829393562	989231677.8842064
2.4875113366803037	941540597.6572299
2.490620725851154	914570415.9144815
2.4937340017584684	855389486.2239983
2.4968511692606663	679524240.6317049
