#wavelength (micron)	surface_flux (erg / (cm2 micron s))
0.7	2197710698.153958
0.7008749999999999	3282407035.4614496
0.70175109375	3883416431.7853165
0.7026282826171873	3966185937.105214
0.7035065679704589	4088319986.3306437
0.7043859511804219	4312896859.902414
0.7052664336193974	4380382999.062841
0.7061480166614217	4229013376.93862
0.7070307016822485	4171612134.909705
0.7079144900593511	4239359466.0882072
0.7087993831719255	4159673161.583921
0.7096853824008903	4022359627.2840776
0.7105724891288914	3948364022.488723
0.7114607047403024	3911270941.6668444
0.7123500306212278	3920484705.120807
0.7132404681595043	3870912709.4606023
0.7141320187447037	3881400319.6686926
0.7150246837681346	3963155126.8839912
0.7159184646228446	4041903899.939725
0.7168133627036232	4175927298.6071296
0.7177093794070027	4243968508.572871
0.7186065161312616	4147955160.3133717
0.7195047742764256	4107001363.2633967
0.7204041552442711	4190232892.353792
0.7213046604383263	4285195332.63312
0.7222062912638743	4448292102.056389
0.723109049127954	4590817198.154711
0.7240129354393641	4575507965.688164
0.7249179516086632	4483610148.088512
0.725824099048174	4429369610.839512
0.7267313791719842	4444747573.35831
0.7276397933959492	4474698779.777532
0.728549343137694	4439477563.729665
0.7294600298166162	4423791244.869706
0.730371854853887	4467274137.487473
0.7312848196724542	4475180073.117538
0.7321989256970448	4468791746.376921
0.7331141743541661	4523101293.714241
0.7340305670721088	4615418874.247381
0.7349481052809489	4578525162.918018
0.7358667904125501	4444158251.2234335
0.7367866239005658	4568681093.588903
0.7377076071804415	4811553784.693365
0.738629741689417	4746496185.316024
0.7395530288665286	4623509571.275614
0.7404774701526119	4672138030.120434
0.7414030669903027	4640296481.502132
0.7423298208240404	4596021409.848272
0.7432577331000705	4692056401.949377
0.7441868052664457	4744076217.28342
0.7451170387730286	4757659832.71284
0.7460484350714948	4777144464.452295
0.7469809956153342	4761527052.582986
0.7479147218598534	4788532053.201767
0.7488496152621781	4779309559.470485
0.7497856772812559	4742684135.863182
0.7507229093778575	4825843186.270086
0.7516613130145797	4942030274.5091915
0.7526008896558479	5014001383.739418
0.7535416407679177	5082646498.223927
0.7544835678188776	5130319994.379024
0.7554266722786511	5109052948.66509
0.7563709556189995	5082877019.981392
0.7573164193135232	5094287299.255135
0.758263064837665	5042856019.771374
0.7592108936687122	5002097027.744024
0.760159907285798	5046197804.770688
0.7611101071699052	4985654644.159172
0.7620614948038675	4913582885.694422
0.7630140716723723	5072912440.186433
0.7639678392619629	5225192241.493983
0.7649227990610402	5136361560.588795
0.7658789525598665	4865009215.134464
0.7668363012505663	4772097269.707493
0.7677948466271296	5017750913.365299
0.7687545901854135	5165873187.896021
0.7697155334231451	5091721828.515243
0.7706776778399241	5011249219.913632
0.771641024937224	4971408149.75423
0.7726055762183955	4996741260.053937
0.7735713331886686	5068034724.039642
0.7745382973551542	5016802570.894402
0.7755064702268482	5012216446.289705
0.7764758533146318	5168228848.679951
0.7774464481312751	5236942993.985688
0.7784182561914391	5181333244.837028
0.7793912790116784	5115518998.521652
0.780365518110443	5138256966.683528
0.781340975008081	5209011369.731835
0.782317651226841	5207734559.734901
0.7832955482908746	5103323470.137821
0.7842746677262382	5014340076.666355
0.7852550110608959	5015607285.000158
0.7862365798247221	5081849183.62176
0.7872193755495029	5072447490.275464
0.7882033997689398	4922009677.049158
0.7891886540186509	4771288958.928729
0.7901751398361742	4653885480.259468
0.7911628587609694	4565487693.020809
0.7921518123344207	4563132377.872798
0.7931420020998386	4571067374.810553
0.7941334296024635	4460003577.001418
0.7951260963894664	4424342735.170929
0.7961200040099533	4590520193.082722
0.7971151540149657	4753518815.010752
0.7981115479574844	4821298747.482451
0.7991091873924312	4829613048.936664
0.8001080738766717	4801929605.366296
0.8011082089690176	4840241070.056807
0.8021095942302288	4856368509.970972
0.8031122312230166	4806939905.400797
0.8041161215120453	4797939542.482239
0.8051212666639354	4752852134.455574
0.8061276682472652	4695805373.209866
0.8071353278325744	4596938889.383688
0.808144246992365	4533883905.045964
0.8091544273011054	4520478916.540022
0.8101658703352317	4470532519.993642
0.8111785776731507	4482000746.787198
0.8121925508952421	4537593651.638324
0.8132077915838613	4598744620.450821
0.8142243013233411	4657721330.518922
0.8152420816999951	4699252742.634412
0.8162611343021202	4744223663.813624
0.8172814607199979	4775278066.125681
0.8183030625458978	4715159683.173626
0.8193259413740802	4617426226.52369
0.8203500988007977	4551936367.225822
0.8213755364242987	4587857921.979637
0.8224022558448291	4727463352.386781
0.8234302586646352	4805063529.314038
0.8244595464879658	4803399837.481719
0.8254901209210758	4824080734.245158
0.8265219835722272	4879403576.658532
0.8275551360516924	4902183883.308192
0.8285895799717569	4861771889.315943
0.8296253169467216	4743211624.812414
0.830662348592905	4594994227.518369
0.8317006765286461	4567483603.169974
0.8327403023743069	4567899966.558809
0.8337812277522748	4534051997.250986
0.834823454286965	4535585202.6306925
0.8358669836048238	4534529993.654172
0.8369118173343297	4562331837.335599
0.8379579571059977	4546930083.528234
0.8390054045523802	4506714993.850906
0.8400541613080706	4623914143.487365
0.8411042290097056	4712801888.007407
0.8421556092959678	4601132069.4828005
0.8432083038075878	4496821242.366618
0.8442623141873472	4544539007.009353
0.8453176420800813	4661697427.995506
0.8463742891326813	4706065025.7798815
0.8474322569940972	4763251747.634981
0.8484915473153398	4839497297.60117
0.8495521617494839	4726371532.918947
0.8506141019516709	4610582836.767519
0.8516773695791103	4637811314.544427
0.8527419662910842	4654617733.897614
0.853807893748948	4452020703.439778
0.8548751536161342	4334863096.0859995
0.8559437475581545	4651848325.176141
0.857013677242602	4885969057.626765
0.8580849443391553	4882108951.170495
0.8591575505195791	4908545561.529492
0.8602314974577286	4916389744.998653
0.8613067868295508	4874570348.251529
0.8623834203130877	4899741293.600207
0.8634613995884791	4975530487.256497
0.8645407263379646	4967813924.126968
0.8656214022458871	4755787825.750447
0.8667034289986943	4502047206.102868
0.8677868082849427	4468276589.044105
0.8688715417952989	4531550563.437304
0.869957631222543	4669806458.490398
0.8710450782615712	4851868157.870275
0.872133884609398	4936786921.81287
0.8732240519651597	4957952703.046192
0.8743155820301162	4949711690.672085
0.8754084765076539	4933376751.595891
0.8765027371032884	4897084285.531701
0.8775983655246675	4901386398.19378
0.8786953634815732	4970094975.636454
0.8797937326859253	4957670861.50889
0.8808934748517826	4888610839.971834
0.8819945916953473	4895082062.693216
0.8830970849349664	4928594966.253478
0.8842009562911352	4987671864.301157
0.8853062074864991	5086271869.261131
0.8864128402458572	5082332219.583117
0.8875208562961645	5039652581.254255
0.8886302573665347	5103411377.307492
0.8897410451882428	5176526890.302639
0.8908532214947281	5173271930.5029545
0.8919667880215966	5085882828.008789
0.8930817465066233	4987059033.879439
0.8941980986897567	4954951887.441279
0.8953158463131189	5006807490.76532
0.8964349911210102	5050427311.7180395
0.8975555348599115	4992109431.5221815
0.8986774792784863	4947105656.986453
0.8998008261275845	4922625038.264307
0.9009255771602438	4809179207.79911
0.9020517341316941	4738375632.752408
0.9031792987993587	4853400005.413779
0.9043082729228579	5027608355.379608
0.9054386582640114	5122793988.08885
0.9065704565868414	5143002731.454591
0.907703669657575	5053982210.216445
0.908838299244647	4851802087.86458
0.9099743471187027	4761220902.699579
0.9111118150526011	4792909851.698805
0.9122507048214169	4848859250.519846
0.9133910182024435	4875970186.747127
0.9145327569751966	4733940392.897333
0.9156759229214156	4576201146.124497
0.9168205178250673	4434358495.339947
0.9179665434723485	4352721896.4820595
0.919114001651689	4381403604.985066
0.9202628941537536	4333137022.070376
0.9214132227714458	4313012530.719344
0.92256498929991	4415466482.253462
0.9237181955365349	4443047220.803625
0.9248728432809555	4385019857.863931
0.9260289343350568	4407692183.289651
0.9271864705029755	4477150322.496512
0.9283454535911042	4483892654.322041
0.9295058854080931	4477286566.300434
0.9306677677648533	4551329595.5276985
0.9318311024745591	4637800501.437424
0.9329958913526524	4683005166.561371
0.9341621362168431	4682312594.943691
0.9353298388871142	4574800509.859924
0.936499001185723	4463678629.572472
0.9376696249372052	4473710264.687129
0.9388417119683766	4491973395.136364
0.9400152641083371	4430845686.7978
0.9411902831884725	4344856116.783029
0.942366771042458	4337712657.060112
0.9435447295062611	4361851471.280932
0.9447241604181439	4339935075.471376
0.9459050656186665	4376672764.203911
0.9470874469506899	4467788493.500581
0.9482713062593783	4508526127.937729
0.9494566453922024	4529583716.232094
0.9506434661989427	4554080364.656069
0.9518317705316914	4583689691.224966
0.9530215602448558	4608239978.08596
0.9542128371951619	4541014356.3049555
0.9554056032416559	4462340734.742998
0.9565998602457079	4465152946.059718
0.957795610071015	4494089162.974621
0.9589928545836038	4546332053.60413
0.9601915956518332	4572635153.508816
0.961391835146398	4588527219.032792
0.9625935749403309	4590336475.365107
0.9637968169090064	4493235435.964586
0.9650015629301427	4399333664.220376
0.9662078148838052	4385458808.015352
0.9674155746524099	4383777296.535422
0.9686248441207255	4397987471.4985895
0.9698356251758764	4443558952.117842
0.9710479197073462	4455493558.513885
0.9722617296069803	4402643548.604731
0.9734770567689891	4343728361.803724
0.9746939030899503	4378308595.573835
0.9759122704688127	4472842292.845806
0.9771321608068987	4481074577.575599
0.9783535760079072	4422158467.642674
0.9795765179779171	4478049864.652024
0.9808009886253894	4606372816.372288
0.9820269898611712	4631188726.272666
0.9832545235984976	4615690453.476919
0.9844835917529957	4670350306.720921
0.985714196242687	4727893061.6904955
0.9869463389879902	4735532530.860343
0.9881800219117253	4706362322.489908
0.989415246939115	4664864075.479995
0.9906520159977886	4638869584.42795
0.9918903310177859	4620874132.665184
0.9931301939315581	4601631392.572945
0.9943716066739725	4604862156.934942
0.995614571182315	4642776977.542531
0.996859089396293	4672584233.545159
0.9981051632580382	4665709927.76689
0.9993527947121108	4631868323.2361355
1.0006019857055009	4599087363.487395
1.0018527381876328	4636700380.955991
1.0031050541103672	4665765829.288403
1.0043589354280051	4612257890.817235
1.0056143840972902	4536181349.494952
1.0068714020774117	4520045324.160144
1.0081299913300084	4562151162.168786
1.009390153819171	4608818381.104511
1.0106518915114449	4634759712.225531
1.011915206375834	4658021645.238893
1.013180100383804	4704331599.179299
1.0144465755092837	4678674698.531084
1.0157146337286702	4620140405.870726
1.016984277020831	4626211551.756926
1.0182555073671071	4627427538.715975
1.0195283267513158	4583242237.29375
1.020802737159755	4579026127.160586
1.0220787405812046	4619708442.594844
1.0233563390069311	4678507905.493728
1.0246355344306899	4723010503.742637
1.025916328848728	4712690712.896129
1.027198724259789	4697517051.973616
1.0284827226651139	4695358913.468522
1.0297683260684452	4692213841.259661
1.0310555364760305	4695374837.737789
1.0323443558966257	4632337542.904328
1.0336347863414963	4520317676.094987
1.0349268298244232	4536980953.676229
1.0362204883617037	4630469146.122335
1.0375157639721557	4628935434.557254
1.0388126586771211	4559775946.033443
1.0401111745004674	4527295173.41377
1.041411313468593	4565981809.378044
1.0427130776104288	4605187838.387762
1.0440164689574416	4656864842.37451
1.0453214895436385	4694770769.4568615
1.046628141405568	4644687827.102375
1.0479364265823248	4610513352.658727
1.0492463471155529	4610029362.562838
1.0505579050494471	4613720896.227671
1.051871102430759	4644529270.9152565
1.0531859413087974	4654308101.093095
1.0545024237354332	4638018566.181212
1.0558205517651027	4630883951.053838
1.0571403274548088	4592170429.438309
1.0584617528641274	4514663681.675713
1.0597848300552075	4484490949.440576
1.0611095610927765	4507820029.064212
1.0624359480441425	4571660202.01356
1.0637639929791975	4635698573.492808
1.0650936979704217	4599143747.136886
1.0664250650928846	4499787571.012571
1.0677580964242506	4464631162.487861
1.069092794044781	4494372508.575087
1.0704291600373368	4528453421.667031
1.0717671964873836	4506977373.711141
1.0731069054829927	4423417265.138896
1.0744482891148466	4418907001.021126
1.0757913494762399	4487845664.009844
1.0771360886630854	4497455263.233341
1.078482508773914	4434516423.676109
1.0798306119098815	4416099241.071414
1.081180400174769	4410187231.489371
1.0825318756749873	4382161802.094704
1.0838850405195808	4427073678.862187
1.0852398968202304	4479151537.707743
1.0865964466912557	4407580111.874193
1.0879546922496197	4264475780.565373
1.0893146356149317	4240726288.624134
1.0906762789094504	4309533057.19012
1.0920396242580872	4287379118.571815
1.0934046737884098	4178302551.2445984
1.0947714296306452	4106810939.676731
1.0961398939176834	3992526006.85833
1.0975100687850805	3831514469.4605246
1.098881956371062	3789424168.37513
1.1002555588165257	3796827200.8468494
1.1016308782650464	3807596917.4774976
1.1030079168628775	3871975360.975047
1.104386676758956	3946592720.400885
1.1057671601049048	3990280325.1518908
1.1071493690550358	4005466906.363288
1.1085333057663547	4012706797.0207605
1.1099189723985625	4014230833.6482873
1.1113063711140607	4019660596.3068223
1.1126955040779534	4038994002.5876336
1.1140863734580506	4066047483.873097
1.1154789814248731	4082357517.9021425
1.1168733301516542	4087385446.287712
1.1182694218143439	4076646054.3886642
1.1196672585916116	4064309648.3107953
1.1210668426648513	4094977686.6456666
1.122468176218182	4119970902.7861414
1.123871261438455	4072501990.3027687
1.125276100515253	3995349520.687581
1.126682695640897	4024067842.8318768
1.128091049010448	4096980437.9737124
1.129501162821711	4084005756.0194488
1.1309130392752382	4075403581.2723374
1.1323266805743324	4093345810.7835693
1.13374208892505	4078549173.518997
1.1351592665362065	4070280631.9794087
1.1365782156193767	4052078005.537402
1.1379989383889009	3980186784.008118
1.139421437061887	3948994403.875012
1.1408457138582142	3988757410.004089
1.142271771000537	4024161819.7750454
1.1436996107142876	4043790406.3679075
1.1451292352276803	4093456302.756338
1.146560646771715	4130880551.7453585
1.1479938475801796	4114269557.219666
1.1494288398896548	4128681387.5590534
1.150865625939517	4164579084.6108847
1.1523042079719412	4164026980.924472
1.1537445882319062	4171482378.111618
1.155186768967196	4199047900.9193764
1.156630752428405	4210019608.993037
1.1580765408689404	4156283830.175841
1.1595241365450264	4032886869.4376554
1.1609735417157079	3954575758.013542
1.1624247586428524	4001092874.548402
1.163877789591156	4065478997.381627
1.165332636828145	4107153560.516164
1.16678930262418	4132189978.394731
1.1682477892524603	4088755488.547461
1.1697080989890258	4062938573.680588
1.1711702341127619	4116270245.699157
1.1726341969054028	4165704426.775537
1.1740999896515347	4171319743.1388326
1.1755676146385992	4149160141.9218783
1.1770370741568972	4069772914.018634
1.1785083704995933	4003019207.735751
1.1799815059627177	4049118826.9863677
1.1814564828451712	4088683201.834909
1.1829333034487275	4055769305.4968486
1.1844119700780384	4082061734.107142
1.185892485040636	4132472924.4817452
1.1873748506469368	4047295589.9116387
1.1888590692102454	3923566317.491764
1.1903451430467582	3986593726.3971786
1.1918330744755665	4113196446.6645265
1.193322865818661	4127377597.6619644
1.1948145194009343	4069377495.0474606
1.1963080375501856	3970377704.5754848
1.197803422597123	3883998257.4955983
1.1993006768753696	3910380938.5542645
1.2007998027214637	3999102961.76488
1.2023008024748656	4026970880.307631
1.203803678477959	4017884483.4147296
1.2053084330760564	4031164571.9088287
1.2068150686174015	4029743985.1058087
1.2083235874531733	3991813905.3831816
1.2098339919374896	3991716610.3370223
1.2113462844274117	4023684902.155243
1.2128604672829457	4055659928.4491653
1.2143765428670494	4084647477.560773
1.2158945135456332	4091348173.8210235
1.2174143816875653	4080475563.564778
1.2189361496646747	4061181342.8204584
1.2204598198517553	4047864330.205093
1.2219853946265702	4046480602.4254594
1.2235128763698533	4048175847.7102647
1.2250422674653156	4047616565.370891
1.2265735702996472	4037806873.0654793
1.2281067872625218	4042118979.038159
1.2296419207465998	4062664055.1247783
1.231178973147533	4057945994.917888
1.2327179468639673	4018519712.900961
1.2342588442975473	3975201236.743538
1.2358016678529193	3966047831.989835
1.2373464199377353	3988861834.2977734
1.2388931029626575	3989987913.9790277
1.2404417193413606	3971049185.885987
1.2419922714905374	3959670681.6641035
1.2435447618299005	3960067724.825406
1.245099192782188	3995648094.675394
1.2466555667731656	4027383949.814309
1.248213886231632	4022338100.314468
1.2497741535894216	4001593779.475855
1.2513363712814083	3943106093.658273
1.25290054174551	3891431525.2627673
1.2544666674226919	3922470010.5584593
1.2560347507569702	3953791694.318645
1.2576047941954165	3958412650.20605
1.2591768001881607	3977294097.3799973
1.2607507711883958	3979546318.4392676
1.2623267096523811	3975514651.6329927
1.2639046180394466	3965220724.6619353
1.265484498811996	3957351120.2432675
1.267066354435511	3951308916.8314896
1.2686501873785552	3951106043.927623
1.2702360001127784	3983855097.683115
1.2718237951129194	3996683223.033401
1.2734135748568105	3948005790.962875
1.2750053418253815	3927712011.8541136
1.2765990985026632	3979228512.183014
1.2781948473757916	4002108864.5786386
1.2797925909350112	3949628898.7851133
1.28139233167368	3826248561.464767
1.282994072088272	3746836188.931585
1.2845978146783823	3819535311.651664
1.2862035619467302	3925282608.3717804
1.2878113163991636	3932021765.5257907
1.2894210805446624	3861064496.927448
1.2910328568953433	3803601722.3322253
1.2926466479664624	3809279731.393808
1.2942624562764204	3858041228.0813847
1.295880284346766	3901184995.6945715
1.2975001347021995	3901733149.1737514
1.2991220098705771	3889466163.843192
1.3007459123829153	3878491200.8147526
1.3023718447733938	3876338837.657489
1.3039998095793606	3897162096.9592056
1.3056298093413348	3916170968.345298
1.3072618466030115	3918050189.7745767
1.3088959239112652	3907752563.483254
1.3105320438161543	3885492508.4974475
1.3121702088709244	3845097951.647302
1.313810421632013	3818115214.921605
1.315452684659053	3824655283.249624
1.3170970005148768	3875702335.171987
1.3187433717655204	3904948050.266839
1.3203918009802271	3867746033.6678963
1.3220422907314524	3855146070.9633617
1.3236948435948666	3897043058.273397
1.3253494621493602	3902032111.663769
1.327006148977047	3839892248.5998483
1.3286649066632683	3754478789.514347
1.3303257377965971	3724904032.0519085
1.331988644968843	3755109673.4668756
1.333653630775054	3810314736.9132485
1.3353206978135228	3871709094.9539313
1.3369898486857896	3878230465.142795
1.3386610859966468	3821094565.0247416
1.3403344123541427	3783994879.432074
1.342009830369585	3832816727.8921494
1.3436873426575473	3899963591.681476
1.345366951835869	3914615952.2653794
1.347048660525664	3906109079.0826497
1.348732471351321	3894157928.71445
1.35041838694051	3874461990.9675903
1.3521064099241855	3885212743.132422
1.3537965429365908	3888686013.7148585
1.3554887886152616	3848529650.2292624
1.3571831496010305	3832407394.387155
1.3588796285380318	3832112599.5046515
1.3605782280737042	3813453541.018422
1.3622789508587965	3809893900.7672663
1.36398179954737	3807180059.6380396
1.3656867767968042	3810113238.2548013
1.3673938852678	3824528747.1749864
1.3691031276243848	3831750065.869244
1.3708145065339152	3839543092.785033
1.3725280246670826	3836102652.3900585
1.3742436846979165	3835533491.6286974
1.3759614893037886	3846395165.2932496
1.3776814411654184	3845520415.734062
1.3794035429668752	3859785076.783968
1.3811277973955836	3882412575.8850346
1.382854207142328	3868274032.812877
1.384582774901256	3815702331.114997
1.3863135033698826	3777302513.5743814
1.388046395249095	3792065768.189438
1.389781453243156	3767614417.2891455
1.3915186800597101	3697089411.4546123
1.3932580784097848	3701801639.135463
1.3949996510077969	3733967338.730517
1.3967434005715567	3709530333.7933207
1.3984893298222711	3664915734.3151994
1.4002374414845487	3645738317.7147846
1.4019877382864046	3685128930.256686
1.4037402229592626	3723560765.2400966
1.4054948982379614	3663129564.297082
1.4072517668607587	3547388946.235484
1.4090108315693348	3514345918.214374
1.4107720951087963	3503290260.605824
1.4125355602276823	3393483091.208733
1.414301229677967	3330782549.1113925
1.4160691062150645	3381374209.684076
1.4178391925978333	3394949939.180223
1.4196114915885802	3353336333.9992504
1.421386005953066	3349321401.6727834
1.4231627384605074	3344993213.6408453
1.424941691883583	3309393828.102309
1.4267228689984375	3314741281.795652
1.4285062725846855	3360092741.860802
1.4302919054254162	3390963328.352132
1.4320797703071981	3424927940.5477076
1.4338698700200818	3457367645.0566745
1.435662207357607	3467820387.687297
1.4374567851168039	3486027838.5077486
1.4392536060981997	3492609117.919963
1.4410526731058226	3460380134.052565
1.4428539889472047	3407244686.783027
1.444657556433389	3402831884.2652707
1.4464633783789307	3468057748.0787535
1.4482714576019042	3509532140.5443482
1.4500817969239066	3476580164.6802716
1.4518943991700615	3409482864.043949
1.453709267169024	3331146490.280327
1.4555264037529851	3283947174.010827
1.4573458117576763	3303964113.1544366
1.4591674940223736	3276834207.237849
1.4609914533899013	3196539715.6682897
1.4628176927066388	3210328193.346938
1.464646214822522	3225078559.87884
1.4664770225910502	3180686240.65781
1.4683101188692889	3204969785.17164
1.4701455065178752	3242419405.657643
1.4719831884010226	3233963213.1979074
1.473823167386524	3227511517.6018863
1.475665446345757	3241247320.252201
1.4775100281536893	3284328105.749597
1.4793569156888815	3335948832.2607384
1.4812061118334923	3357829411.711231
1.4830576194732843	3372503392.1578674
1.4849114414976257	3367654404.9721847
1.4867675807994976	3289879942.8236694
1.4886260402754972	3252220761.122222
1.4904868228258412	3323119193.398027
1.4923499313543735	3407360531.717137
1.4942153687685666	3446540973.0891685
1.4960831379795272	3449371289.718694
1.4979532419020016	3464438832.86
1.499825683454379	3460063501.2799807
1.501700465558697	3354446041.923171
1.5035775911406453	3243236344.2422447
1.505457063129571	3260156999.5471234
1.5073388844584832	3367399145.775693
1.509223058064056	3415306008.957712
1.5111095868866362	3383031571.0618167
1.5129984738702444	3353694630.8432193
1.5148897219625823	3348149162.753647
1.5167833341150354	3353626761.3881397
1.5186793132826792	3353789848.8878584
1.5205776624242824	3364295955.052816
1.5224783845023127	3394219610.2358203
1.5243814824829407	3436163767.8568807
1.5262869593360442	3433842768.0691514
1.5281948180352143	3396720652.727458
1.530105061557758	3413531445.276889
1.5320176928847054	3463559004.5546265
1.5339327150008113	3483810104.31838
1.5358501308945622	3496375522.7365794
1.5377699435581802	3463412740.357969
1.539692155987628	3396172400.805817
1.5416167711826123	3404524701.8726015
1.5435437921465909	3488359164.2463775
1.5454732218867737	3574617176.876757
1.5474050634141323	3585085410.080013
1.5493393197434	3537645495.7088084
1.5512759938930791	3508899531.197425
1.5532150888854455	3472830554.833334
1.5551566077465522	3382177600.0423093
1.5571005535062357	3213573119.8518586
1.5590469291981182	3049685732.585257
1.5609957378596158	3100315990.821544
1.5629469825319402	3248446629.434798
1.5649006662601053	3309832197.7731595
1.5668567920929302	3328113932.5784006
1.5688153630830464	3345089323.0623865
1.5707763822869003	3378191857.6285477
1.5727398527647587	3384816374.414043
1.5747057775807147	3337824727.317363
1.5766741598026903	3144720441.403721
1.5786450025024439	2912204256.2707543
1.5806183087555719	2910867785.418378
1.582594081641516	3039054843.7864056
1.5845723242435679	3168693114.7963104
1.5865530396488725	3231227028.577092
1.5885362309484334	3135474508.561915
1.5905219012371192	3094614597.354196
1.5925100536136656	3267058303.762792
1.5945006911806823	3432241495.78155
1.5964938170446583	3333377481.76618
1.5984894343159641	3028182295.974421
1.6004875461088588	2874098939.274517
1.602488155541495	2991496470.5783715
1.6044912657359218	3135544333.665098
1.6064968798180916	3197459774.1781783
1.608505000917864	3243186085.4765615
1.6105156321690117	3297237908.455526
1.612528776709223	3338044837.226537
1.6145444376801092	3340847284.5139456
1.6165626182272093	3249274479.184836
1.6185833214999934	2967010851.9806943
1.6206065506518683	2706208595.699448
1.622632308840183	2763267251.649223
1.624660599226233	2963074124.720576
1.626691424975266	3163937052.3074336
1.6287247892564851	3316149175.688456
1.6307606952430556	3350240548.068794
1.6327991461121094	3356182734.1647267
1.6348401450447496	3374101645.0358324
1.6368836952260553	3329551774.151864
1.638929799845088	3133611083.753258
1.6409784620948942	2918642163.8366375
1.6430296851725128	2903629491.176428
1.6450834722789784	3003499736.225866
1.647139826619327	3085750880.04868
1.6491987514026012	3180253982.011359
1.6512602498418545	3268071322.093537
1.6533243251541565	3266433753.811715
1.655390980560599	3252316749.9189262
1.6574602192863002	3281879545.771842
1.6595320445604078	3208934413.072818
1.6616064596161082	2963776738.412438
1.6636834676906282	2778247155.7632003
1.6657630720252417	2814743163.5012107
1.667845275865273	2945303249.001357
1.6699300824601049	3073291566.1902275
1.6720174950631799	3132585632.060398
1.6741075169320085	3141897242.5998545
1.6762001513281735	3171158375.769879
1.678295401517334	3230286679.9824405
1.6803932707692304	3220743650.2244315
1.6824937623576919	3065136213.8577337
1.6845968795606392	2862503671.568279
1.6867026256600899	2792341809.9955406
1.6888110039421647	2871063638.6812882
1.6909220176970923	2988425348.920664
1.6930356702192138	3105030696.8511353
1.695151964806988	3163019311.67954
1.6972709047629964	3132933114.4741826
1.6993924933939502	3053133872.377858
1.7015167340106927	3015375312.309224
1.7036436299282058	3063621743.560988
1.705773184465616	3024624570.096371
1.707905400946198	2889906940.4579663
1.7100402826973808	2838700768.9716597
1.7121778330507527	2890980727.8895755
1.7143180553420658	2990687181.1207595
1.7164609529112433	3047408196.4206553
1.7186065291023824	3053749282.860785
1.7207547872637603	3044114543.8846955
1.72290573074784	3018188330.2586284
1.725059362911275	3016400080.0760045
1.7272156871149138	3008223868.0551453
1.7293747067238074	2903877997.4734635
1.731536425107212	2778925553.4121747
1.733700845638596	2772676922.5620813
1.7358679716956442	2846939430.290965
1.7380378066602638	2885065512.526961
1.7402103539185891	2860702026.5491033
1.7423856168609873	2847386692.398409
1.7445635988820634	2893032296.7198315
1.746744303380666	2931698207.875494
1.7489277337598916	2941850751.5708876
1.7511138934270916	2919243853.7422566
1.7533027857938754	2840963321.837388
1.7554944142761177	2801424950.7817307
1.7576887822939626	2836551127.1722293
1.75988589327183	2835674761.832665
1.76208575063842	2802416404.8493896
1.764288357826718	2810864536.3796744
1.7664937182740013	2817788461.2924814
1.7687018354218438	2799856971.329687
1.770912712716121	2784030988.63966
1.773126353607016	2784390292.110876
1.7753427615490247	2770994027.5814466
1.7775619400009608	2719498902.7196727
1.7797838924259624	2702492178.3290935
1.7820086222914944	2719165337.8601155
1.7842361330693588	2707227387.6526246
1.7864664282356955	2721627506.054904
1.78869951127099	2776206706.1862407
1.790935385660079	2780174673.9478607
1.793174054892154	2740999345.163842
1.7954155224607689	2749012537.7615576
1.7976597918638448	2767863987.7160907
1.7999068666036746	2732964146.736286
1.8021567501869293	2650349630.877096
1.804409446124663	2584450539.6258154
1.8066649579323186	2599799067.529275
1.8089232891297338	2623558096.47556
1.8111844432411461	2617518309.526007
1.8134484237951976	2638019014.9856
1.8157152343249414	2646690444.868977
1.8179848783678474	2634940050.424292
1.8202573594658071	2657456222.3340735
1.8225326811651397	2668130670.9201784
1.824810847016596	2657678088.052925
1.8270918605753668	2613514290.557499
1.8293757254010856	2534543225.82018
1.831662445057837	2536337040.7098675
1.8339520231141593	2577590097.882063
1.836244463143052	2562284843.864629
1.8385397687219809	2524781450.4401503
1.840837943432883	2478272825.2378006
1.8431389908621743	2463583743.7341213
1.8454429146007518	2498884993.2253876
1.8477497182440028	2526264543.4609795
1.8500594053918078	2526339865.427748
1.8523719796485476	2492896530.676539
1.8546874446231079	2460302417.3827176
1.857005803928887	2454662866.616228
1.8593270611837978	2467196858.2865486
1.8616512200102777	2474829969.185967
1.8639782840352905	2454777525.703544
1.8663082568903346	2442379030.3667774
1.8686411422114473	2459031624.337206
1.8709769436392114	2457642998.843728
1.8733156648187608	2412855174.693699
1.875657309399784	2376929640.333875
1.8780018810365335	2393549238.440776
1.8803493833878293	2428709942.9998827
1.882699820117064	2420444699.7286243
1.8850531948922105	2366769795.5645466
1.8874095113858254	2309865506.26132
1.8897687732750577	2269851316.157377
1.8921309842416516	2246172675.4353733
1.8944961479719535	2251757950.7828555
1.8968642681569183	2278990693.683258
1.8992353484921145	2306236436.7885633
1.9016093926777295	2320163923.3326406
1.9039864044185768	2315616239.8695116
1.9063663874241	2314594976.28136
1.90874934540838	2307898026.754184
1.9111352820901404	2282845735.051477
1.913524201192753	2276616149.140636
1.9159161064442438	2287728116.084771
1.918311001577299	2284390599.3400683
1.9207088903292706	2271762494.936535
1.9231097764421823	2267233170.038142
1.925513663662735	2247352935.1686163
1.9279205557423134	2218886065.9940214
1.9303304564369912	2198969956.9556303
1.9327433695075371	2181575946.5764008
1.9351592987194217	2195654152.188082
1.9375782478428212	2217204487.7007656
1.9400002206526246	2199688614.5393167
1.9424252209284403	2152849006.564833
1.9448532524546007	2098754995.0774288
1.947284319020169	2072175168.8572297
1.949718424418944	2065239701.5494163
1.9521555724494677	2082152619.4956856
1.9545957669150293	2134919540.3540013
1.957039011623673	2152154185.8720555
1.9594853103882026	2106918518.119384
1.961934667026188	2046835578.81294
1.9643870853599705	2033004479.6550963
1.9668425692166707	2072756707.3025744
1.969301122428191	2083754601.0592773
1.9717627488312266	2025343257.8512785
1.9742274522672654	1962791586.0601869
1.9766952365825994	1937814856.4347043
1.9791661056283276	1946116956.4018369
1.981640063260363	1981027376.9443526
1.9841171133394384	1973678743.7714846
1.9865972597311126	1923852027.5001712
1.9890805063057764	1925391989.88411
1.9915668569386586	1925981579.353828
1.9940563155098319	1895543978.0285654
1.9965488859042193	1891319444.985259
1.9990445720115995	1910103852.5498877
2.001543377726614	1923211481.4576144
2.0040453069487723	1914210806.2309465
2.006550363582458	1909266549.9610279
2.009058551536936	1916348842.5255857
2.0115698747263573	1919625428.0325367
2.014084337069765	1910528896.6290288
2.016601942491102	1885049269.3034418
2.0191226949192163	1849936171.9969704
2.021646598287865	1821556195.4553635
2.0241736565357247	1816495448.9270296
2.0267038736063943	1823990493.3343446
2.029237253448402	1824065180.5923965
2.0317738000152126	1828785662.5948026
2.0343135172652316	1821735394.237935
2.036856409161813	1802840499.6396687
2.039402479673265	1801904716.3299878
2.041951732772857	1803662166.1221972
2.0445041724388227	1795989046.9270706
2.0470598026543714	1793820920.3425488
2.0496186274076895	1799239872.9113681
2.0521806506919487	1787753199.9161947
2.0547458765053137	1756294312.8101516
2.057314308850945	1721014786.754196
2.0598859517370087	1696816631.4444613
2.06246080917668	1689240748.4704409
2.065038885188151	1693712119.5983076
2.067620183794636	1690850629.1053743
2.0702047090243796	1671473712.5463636
2.0727924649106595	1663502437.212008
2.075383455491798	1666465446.9773483
2.0779776848111626	1664002079.76397
2.0805751569171766	1658398569.508346
2.083175875863323	1646390277.566305
2.085779845708152	1643280542.827169
2.0883870705152874	1650115922.2842722
2.0909975543534314	1651597000.134152
2.093611301296373	1649034549.591403
2.0962283154229935	1636694919.3909836
2.098848600817272	1626779921.9504075
2.1014721615682936	1632244342.0264301
2.104099001770254	1642027948.3670092
2.1067291255224667	1627654627.8823364
2.10936253692937	1604287383.0000565
2.1119992401005314	1602100186.7227588
2.114639239150657	1594738453.4237652
2.1172825381995954	1572051539.681046
2.119929141372345	1557803437.1124463
2.1225790527990602	1558285945.0369093
2.125232276615059	1559364780.2022276
2.1278888169608274	1562251147.8234255
2.130548677982029	1566201178.572871
2.1332118638295063	1560194065.7509532
2.1358783786592928	1557399460.4721928
2.1385482266326172	1560703756.4958947
2.141221411915908	1555720050.8452287
2.1438979386808024	1537328554.3728983
2.1465778111041534	1518750943.4420502
2.1492610333680338	1517209337.951283
2.1519476096597434	1516230480.197855
2.1546375441718184	1502229774.1625621
2.157330841102033	1491101791.7133613
2.1600275046534105	1488701270.8608282
2.1627275390342273	1484530352.9468603
2.16543094845802	1471715668.090096
2.168137737143592	1461987105.0047913
2.1708479093150217	1461634008.1811538
2.1735614692016654	1454239783.232661
2.1762784210381674	1431105011.5703604
2.178998769064465	1414623097.8942225
2.1817225175257957	1422791640.4035344
2.184449670672703	1431593497.008688
2.187180232761044	1417811341.7407146
2.1899142080519947	1406860609.7046766
2.19265160081206	1419389031.6418056
2.1953924153130746	1428997913.7412732
2.198136655832216	1424506525.5252373
2.200884326652006	1407924410.8019445
2.203635432060321	1381321597.0209236
2.2063899763503967	1348186801.398961
2.2091479638208344	1347290887.5029902
2.2119093987756107	1380205592.4839108
2.21467428552408	1394024579.8467102
2.217442628380985	1389402218.050147
2.2202144316664616	1373088297.68435
2.2229896997060443	1351172287.070741
2.225768436830677	1330464267.6542573
2.2285506473767147	1317761473.44148
2.2313363356859357	1330753940.5163264
2.2341255061055434	1348741766.106661
2.236918162988175	1337855989.5746849
2.23971431069191	1313125536.3198323
2.2425139535802754	1305451459.230488
2.24531709602225	1307282074.212566
2.248123742392278	1309558122.3269875
2.2509338970702686	1307670623.1063411
2.253747564441606	1294885691.333128
2.256564748897158	1289976611.6424577
2.2593854548332795	1285161890.8817763
2.262209686651821	1260095343.566771
2.2650374487601357	1251177837.6844523
2.2678687455710858	1268950265.6610885
2.27070358150305	1277885023.0107086
2.2735419609799283	1271750005.1611648
2.276383888431153	1263450603.2613595
2.279229368291692	1251046608.6699233
2.2820784050020566	1234239890.770552
2.2849310030083094	1233539374.9495838
2.2877871667620697	1238987133.743785
2.290646900720522	1189471975.2173584
2.293510209346423	1025519136.9225181
2.2963770971081057	899681244.8171574
2.299247568479491	955896984.6389719
2.3021216279400902	1047300090.9084616
2.304999279975015	1068223574.8176559
2.3078805290749838	1061426242.5023241
2.3107653797363277	1060492769.91583
2.3136538364609978	1061642322.291284
2.316545903756574	1058973923.4466789
2.3194415861362696	1027569752.7344381
2.32234088811894	910507499.398398
2.3252438142290885	806183883.8116091
2.3281503689968748	835052051.9158885
2.331060556958121	914554910.1444641
2.3339743826543184	963812003.77021
2.3368918506326364	963899387.6090294
2.339812965445927	939098162.37575
2.342737731652734	914634967.2435676
2.3456661538173003	882445691.7373401
2.348598236509572	856847161.4601439
2.3515339843052088	789278097.2437514
2.35447340178559	700092817.0488046
2.357416493537822	708696088.1258333
2.3603632641547443	771582070.9706564
2.3633137182349375	810894398.7291064
2.366267860382731	848536121.5628381
2.3692256952082094	873463660.9435991
2.37218722732722	849344500.6824462
2.375152461361379	804148341.018475
2.3781214019380803	784011529.6732409
2.381094053690503	751055190.6795213
2.384070421257616	682669969.6993204
2.387050509284188	669772284.6628276
2.390034322420793	715739104.3091524
2.393021865323819	751754746.8416841
2.3960131426554736	781123794.7685196
2.399008159083793	804745514.9640281
2.402006919282648	804325529.1678632
2.405009427931751	777213436.3690377
2.408015689716666	759784293.5054935
2.411025709328811	745481681.0904946
2.414039491465472	679604633.6451931
2.417057040829804	632691573.2904363
2.420078362130841	668880489.949674
2.423103460083505	714897680.7175938
2.426132339408609	735003982.0617002
2.42916500483287	746364618.5010289
2.432201461088911	742741703.801681
2.4352417129152717	716973579.4951804
2.438285765056416	700266003.3592201
2.441333622262736	710573302.5484494
2.444385289290565	696412261.5386398
2.447440770902178	644982254.787486
2.4505000718658057	629441672.5212206
2.4535631969556375	655574254.5834944
2.456630150951832	681874558.7651205
2.459700938640522	701751484.8453891
2.4627755648138225	702718472.0267128
2.4658540342698396	694655383.5415728
2.468936351812677	697125407.3001809
2.4720225222524426	703395828.189197
2.475112550405258	700111539.8119813
2.4782064410932647	663829483.4646374
2.481304199144631	611792213.7262976
2.484405829393562	590956952.5669118
2.4875113366803037	588781881.4851503
2.490620725851154	589148703.0832304
2.4937340017584684	554010647.2705836
2.4968511692606663	438699450.6634455
