#wavelength (micron)	surface_flux (erg / (cm2 micron s))
0.7	472390691.21724516
0.7008749999999999	714159876.1049122
0.70175109375	863802843.9620764
0.7026282826171873	906121048.9380141
0.7035065679704589	940931824.2509123
0.7043859511804219	955936734.6125503
0.7052664336193974	874803313.7436675
0.7061480166614217	728255070.6269014
0.7070307016822485	682103540.8108102
0.7079144900593511	710382326.6130421
0.7087993831719255	657410226.883991
0.7096853824008903	570502997.2553823
0.7105724891288914	579988558.4013978
0.7114607047403024	640803848.3503873
0.7123500306212278	618757657.4423997
0.7132404681595043	513817954.2330213
0.7141320187447037	476930713.30866027
0.7150246837681346	543515944.5128052
0.7159184646228446	615160047.6131197
0.7168133627036232	665547425.2029601
0.7177093794070027	721505890.1261934
0.7186065161312616	785906433.1570425
0.7195047742764256	818678808.8739692
0.7204041552442711	808337068.638182
0.7213046604383263	821567738.1099339
0.7222062912638743	880024456.8818161
0.723109049127954	932458742.9479648
0.7240129354393641	960655874.2851346
0.7249179516086632	985327983.3104852
0.725824099048174	1021302691.764925
0.7267313791719842	1051643965.7903267
0.7276397933959492	1064626245.6649263
0.728549343137694	1082891563.6028473
0.7294600298166162	1109544621.1111553
0.730371854853887	1126993223.3134716
0.7312848196724542	1136781701.9572334
0.7321989256970448	1146504728.2887826
0.7331141743541661	1158722869.9522705
0.7340305670721088	1166475065.7058241
0.7349481052809489	1164271867.3984313
0.7358667904125501	1161130940.7439926
0.7367866239005658	1171246738.118309
0.7377076071804415	1191075330.1224265
0.738629741689417	1200981702.182381
0.7395530288665286	1203931273.5552664
0.7404774701526119	1212090100.0696528
0.7414030669903027	1220208577.4232466
0.7423298208240404	1223968990.2492254
0.7432577331000705	1227169974.6098983
0.7441868052664457	1232965151.9934058
0.7451170387730286	1239891943.693073
0.7460484350714948	1244794877.3865857
0.7469809956153342	1249224218.5692914
0.7479147218598534	1256300617.2532935
0.7488496152621781	1263783852.1390293
0.7497856772812559	1269873447.6228352
0.7507229093778575	1276934078.0834022
0.7516613130145797	1283342550.075025
0.7526008896558479	1289146198.3645723
0.7535416407679177	1293957730.992239
0.7544835678188776	1299994075.024164
0.7554266722786511	1306620158.0005355
0.7563709556189995	1311498563.8585582
0.7573164193135232	1317184481.932636
0.758263064837665	1309703067.8378592
0.7592108936687122	1284059281.1089065
0.760159907285798	1269908163.7577655
0.7611101071699052	1276457612.8089228
0.7620614948038675	1281639798.2990484
0.7630140716723723	1268211061.1566236
0.7639678392619629	1255138329.6330035
0.7649227990610402	1263844172.803113
0.7658789525598665	1260016902.7913651
0.7668363012505663	1223640990.900853
0.7677948466271296	1205262661.159138
0.7687545901854135	1216385354.445148
0.7697155334231451	1218398593.9324946
0.7706776778399241	1227046452.9794865
0.771641024937224	1256525022.321192
0.7726055762183955	1287183232.5046885
0.7735713331886686	1309482177.1475353
0.7745382973551542	1312779355.802421
0.7755064702268482	1302516285.1339962
0.7764758533146318	1306517831.839295
0.7774464481312751	1325222446.1965141
0.7784182561914391	1340016653.9967515
0.7793912790116784	1350988492.2210488
0.780365518110443	1366754810.3448777
0.781340975008081	1384221815.0899146
0.782317651226841	1391576043.4044805
0.7832955482908746	1388998169.0599418
0.7842746677262382	1389260502.2349443
0.7852550110608959	1396109390.1761034
0.7862365798247221	1408056872.017286
0.7872193755495029	1422529604.5357711
0.7882033997689398	1434736299.9003594
0.7891886540186509	1444685488.6864226
0.7901751398361742	1447104011.0937693
0.7911628587609694	1439269257.606875
0.7921518123344207	1444170642.960755
0.7931420020998386	1462951426.3679128
0.7941334296024635	1471823243.9788058
0.7951260963894664	1475629168.0431643
0.7961200040099533	1487164961.3636115
0.7971151540149657	1497574704.2201972
0.7981115479574844	1501482261.2018375
0.7991091873924312	1507374913.6317718
0.8001080738766717	1515314191.0202777
0.8011082089690176	1522410431.3648696
0.8021095942302288	1527178691.812043
0.8031122312230166	1531144180.18723
0.8041161215120453	1533277471.3171139
0.8051212666639354	1533897918.9216926
0.8061276682472652	1539500806.0952158
0.8071353278325744	1542397170.8845654
0.808144246992365	1547446251.1770484
0.8091544273011054	1560026137.6036785
0.8101658703352317	1567905967.9562852
0.8111785776731507	1570759965.7009614
0.8121925508952421	1574205525.202473
0.8132077915838613	1580400177.4536521
0.8142243013233411	1587148182.5285382
0.8152420816999951	1592759847.272387
0.8162611343021202	1597055116.8944335
0.8172814607199979	1598113403.8468688
0.8183030625458978	1587989878.2708638
0.8193259413740802	1575064289.6985083
0.8203500988007977	1579985155.281901
0.8213755364242987	1596807121.1526945
0.8224022558448291	1609293214.3191025
0.8234302586646352	1616110307.1758146
0.8244595464879658	1621212583.7234612
0.8254901209210758	1625774877.2895913
0.8265219835722272	1630103430.7368734
0.8275551360516924	1633640446.6186094
0.8285895799717569	1635591776.1796052
0.8296253169467216	1635240329.9851782
0.830662348592905	1632892675.1346815
0.8317006765286461	1631221830.3539166
0.8327403023743069	1625743584.3350272
0.8337812277522748	1627758673.883597
0.834823454286965	1637016669.6141384
0.8358669836048238	1632619402.469853
0.8369118173343297	1619439546.6783931
0.8379579571059977	1591818545.5773554
0.8390054045523802	1580195186.6929402
0.8400541613080706	1611642061.1693811
0.8411042290097056	1636421203.2818365
0.8421556092959678	1622372802.039339
0.8432083038075878	1569345482.4266527
0.8442623141873472	1530180870.2491307
0.8453176420800813	1527207920.6330814
0.8463742891326813	1520421650.3579836
0.8474322569940972	1527681952.0958128
0.8484915473153398	1558964415.8353097
0.8495521617494839	1573595025.2180724
0.8506141019516709	1576065178.254682
0.8516773695791103	1591084332.4724338
0.8527419662910842	1610056377.0509882
0.853807893748948	1609804431.2738762
0.8548751536161342	1616421508.5788107
0.8559437475581545	1661282804.5251524
0.857013677242602	1696943506.2864382
0.8580849443391553	1708027874.144724
0.8591575505195791	1717143164.5737011
0.8602314974577286	1725731123.387717
0.8613067868295508	1732394558.333535
0.8623834203130877	1741270560.9910095
0.8634613995884791	1752146035.9147494
0.8645407263379646	1756027414.0892572
0.8656214022458871	1735868450.1727982
0.8667034289986943	1709205320.1850014
0.8677868082849427	1703745546.8704853
0.8688715417952989	1709983174.3902862
0.869957631222543	1739271464.5235693
0.8710450782615712	1777034373.9557288
0.872133884609398	1790456857.208991
0.8732240519651597	1790385822.352353
0.8743155820301162	1793832663.4879286
0.8754084765076539	1800811354.2241886
0.8765027371032884	1802762141.9331925
0.8775983655246675	1808096645.5631633
0.8786953634815732	1818669395.9451864
0.8797937326859253	1820067234.792907
0.8808934748517826	1814488614.7154436
0.8819945916953473	1810859659.5101466
0.8830970849349664	1814139255.8442357
0.8842009562911352	1828092824.5660677
0.8853062074864991	1834372716.5979326
0.8864128402458572	1823167619.2769775
0.8875208562961645	1814068264.6676717
0.8886302573665347	1817504799.6507168
0.8897410451882428	1826493754.9274302
0.8908532214947281	1833396539.4852
0.8919667880215966	1836394630.7871697
0.8930817465066233	1839619542.0629957
0.8941980986897567	1844464108.0541697
0.8953158463131189	1849779455.1793683
0.8964349911210102	1855677282.7378607
0.8975555348599115	1860836316.189849
0.8986774792784863	1863715388.9626682
0.8998008261275845	1863625745.6457973
0.9009255771602438	1867966065.6581116
0.9020517341316941	1876207226.8579977
0.9031792987993587	1882355549.9211109
0.9043082729228579	1889724244.3894758
0.9054386582640114	1895960139.2127433
0.9065704565868414	1899589382.0860064
0.907703669657575	1900639403.8970795
0.908838299244647	1897308037.1609187
0.9099743471187027	1900901728.980842
0.9111118150526011	1911317067.268359
0.9122507048214169	1915939928.393487
0.9133910182024435	1917280146.9759386
0.9145327569751966	1920448810.8697202
0.9156759229214156	1923951893.2325268
0.9168205178250673	1926309283.773107
0.9179665434723485	1928751338.0523574
0.919114001651689	1931625305.5476158
0.9202628941537536	1931840705.8961227
0.9214132227714458	1926896136.9956968
0.92256498929991	1919295467.6748428
0.9237181955365349	1912544796.5470634
0.9248728432809555	1908946201.3492007
0.9260289343350568	1903514223.185523
0.9271864705029755	1880305828.3990686
0.9283454535911042	1850070208.0342326
0.9295058854080931	1847651622.0679362
0.9306677677648533	1864737354.9888108
0.9318311024745591	1875148376.266469
0.9329958913526524	1880775645.5910547
0.9341621362168431	1888560712.9933689
0.9353298388871142	1899116399.0026672
0.936499001185723	1909783145.192203
0.9376696249372052	1917754383.8126156
0.9388417119683766	1923296475.9444835
0.9400152641083371	1930306250.754673
0.9411902831884725	1936998003.3719957
0.942366771042458	1939286758.739138
0.9435447295062611	1938755282.594824
0.9447241604181439	1939054731.8372378
0.9459050656186665	1943323004.0797958
0.9470874469506899	1948784686.0553725
0.9482713062593783	1952765206.6733959
0.9494566453922024	1955359384.2230787
0.9506434661989427	1958375228.3307586
0.9518317705316914	1964072305.3253803
0.9530215602448558	1966293806.3754933
0.9542128371951619	1950595248.389527
0.9554056032416559	1937736869.9566758
0.9565998602457079	1953298935.3832822
0.957795610071015	1970794267.4293287
0.9589928545836038	1962742472.204603
0.9601915956518332	1944285025.753839
0.961391835146398	1951917271.0344071
0.9625935749403309	1959674701.5949228
0.9637968169090064	1925043703.5996277
0.9650015629301427	1903885909.4950995
0.9662078148838052	1921943185.0708642
0.9674155746524099	1918489220.6641526
0.9686248441207255	1906014050.9438238
0.9698356251758764	1915838594.1889763
0.9710479197073462	1925638895.7780044
0.9722617296069803	1925678170.2005022
0.9734770567689891	1923890388.1928596
0.9746939030899503	1933917819.2966325
0.9759122704688127	1955008360.2332318
0.9771321608068987	1945712894.4178603
0.9783535760079072	1908099374.6506987
0.9795765179779171	1923921328.492045
0.9808009886253894	1977689055.5552597
0.9820269898611712	1999625307.796564
0.9832545235984976	2001038187.168637
0.9844835917529957	2005109423.6805937
0.985714196242687	2013054714.4387555
0.9869463389879902	2018473089.4176652
0.9881800219117253	2021066933.8288722
0.989415246939115	2015961764.3722177
0.9906520159977886	1994616838.5652134
0.9918903310177859	1977688706.5506663
0.9931301939315581	1984741982.3283262
0.9943716066739725	2001876269.6626825
0.995614571182315	2012279917.2249217
0.996859089396293	2015898154.301025
0.9981051632580382	2017619903.823671
0.9993527947121108	2018710293.0374134
1.0006019857055009	2020875659.4848418
1.0018527381876328	2025858742.8528025
1.0031050541103672	2028621864.9399247
1.0043589354280051	2025712807.6832151
1.0056143840972902	2019530095.1706378
1.0068714020774117	2022666898.769699
1.0081299913300084	2037275875.6140046
1.009390153819171	2047570074.2382436
1.0106518915114449	2050226073.7471583
1.011915206375834	2048437271.9636505
1.013180100383804	2044548899.2786725
1.0144465755092837	2039680828.5916042
1.0157146337286702	2039667183.9005418
1.016984277020831	2045073672.389598
1.0182555073671071	2047159872.2453246
1.0195283267513158	2047942952.177875
1.020802737159755	2053448092.302109
1.0220787405812046	2058811927.0997841
1.0233563390069311	2061967327.4232888
1.0246355344306899	2064036769.9495254
1.025916328848728	2059165247.2115161
1.027198724259789	2055275084.551732
1.0284827226651139	2060243475.05054
1.0297683260684452	2067982970.3870964
1.0310555364760305	2073744210.5024495
1.0323443558966257	2074019608.2162707
1.0336347863414963	2067359645.015599
1.0349268298244232	2065205203.9235675
1.0362204883617037	2078004446.4598815
1.0375157639721557	2087309461.5445945
1.0388126586771211	2074012688.7408557
1.0401111745004674	2059428260.296043
1.041411313468593	2070576275.5970721
1.0427130776104288	2085253060.9552104
1.0440164689574416	2092339581.4306421
1.0453214895436385	2100352797.0043507
1.046628141405568	2100750452.120987
1.0479364265823248	2095908535.6481874
1.0492463471155529	2083672441.427342
1.0505579050494471	2076591639.763529
1.051871102430759	2088329385.1223724
1.0531859413087974	2103450501.4980154
1.0545024237354332	2111331411.0966387
1.0558205517651027	2112127306.4229758
1.0571403274548088	2102017902.9831593
1.0584617528641274	2085511838.4432728
1.0597848300552075	2087022135.4375951
1.0611095610927765	2100536091.9267879
1.0624359480441425	2111423783.3848133
1.0637639929791975	2117726237.5870273
1.0650936979704217	2106122490.5986528
1.0664250650928846	2088229085.7061849
1.0677580964242506	2090027637.627438
1.069092794044781	2105115351.1243114
1.0704291600373368	2111972293.531761
1.0717671964873836	2101146346.3457046
1.0731069054829927	2084574945.0754569
1.0744482891148466	2095978483.7229125
1.0757913494762399	2117628835.2137413
1.0771360886630854	2118299414.5658236
1.078482508773914	2115995987.4782572
1.0798306119098815	2119749590.0669045
1.081180400174769	2122638377.8897069
1.0825318756749873	2126042341.8024533
1.0838850405195808	2129298217.5939562
1.0852398968202304	2128011335.8125374
1.0865964466912557	2123931106.171356
1.0879546922496197	2118483660.2392912
1.0893146356149317	2112146244.474514
1.0906762789094504	2105717319.2377222
1.0920396242580872	2096842166.3758402
1.0934046737884098	2087628742.9977148
1.0947714296306452	2079517172.3098319
1.0961398939176834	2069827215.5596313
1.0975100687850805	2063875536.2260149
1.098881956371062	2061796713.6966047
1.1002555588165257	2055033378.3833206
1.1016308782650464	2048192289.6123757
1.1030079168628775	2044576413.4144845
1.104386676758956	2038742029.2712967
1.1057671601049048	2033170389.2634473
1.1071493690550358	2030643536.4041197
1.1085333057663547	2024658651.9161174
1.1099189723985625	2004335238.0041637
1.1113063711140607	1988285451.1884432
1.1126955040779534	1994009770.3484337
1.1140863734580506	2000889897.1518188
1.1154789814248731	2001140219.8207786
1.1168733301516542	2001261570.5747902
1.1182694218143439	2000230852.2543857
1.1196672585916116	1991738551.731445
1.1210668426648513	1991774272.5672345
1.122468176218182	2004086776.08228
1.123871261438455	2012035154.2612426
1.125276100515253	2015823216.5686822
1.126682695640897	2020816186.6307256
1.128091049010448	2021145469.5420632
1.129501162821711	2012786855.350171
1.1309130392752382	2002732230.7382736
1.1323266805743324	1983762026.3634555
1.13374208892505	1948407829.4129288
1.1351592665362065	1933282671.718716
1.1365782156193767	1954294423.1484718
1.1379989383889009	1972581389.1673129
1.139421437061887	1980760981.0589066
1.1408457138582142	1980165107.761705
1.142271771000537	1967639569.5547912
1.1436996107142876	1956549241.872379
1.1451292352276803	1965347226.1402721
1.146560646771715	1984343629.9573479
1.1479938475801796	1995416291.8987107
1.1494288398896548	2000510698.8491402
1.150865625939517	1994033802.0565846
1.1523042079719412	1977800264.29406
1.1537445882319062	1972335332.8010035
1.155186768967196	1981316810.491134
1.156630752428405	1984869235.5136564
1.1580765408689404	1979503548.1667767
1.1595241365450264	1966112568.8301272
1.1609735417157079	1953335665.8636112
1.1624247586428524	1959263578.3805337
1.163877789591156	1968055014.7954216
1.165332636828145	1968616877.8951285
1.16678930262418	1970530754.7147384
1.1682477892524603	1964720872.4602795
1.1697080989890258	1960624436.2388144
1.1711702341127619	1974334392.2422512
1.1726341969054028	1981715861.4463995
1.1740999896515347	1973004782.3023145
1.1755676146385992	1962974987.2806706
1.1770370741568972	1956228842.5014243
1.1785083704995933	1955719266.595212
1.1799815059627177	1965098469.7790482
1.1814564828451712	1971390016.231147
1.1829333034487275	1968979259.7081785
1.1844119700780384	1972116928.886388
1.185892485040636	1974836822.2043822
1.1873748506469368	1960386013.5745327
1.1888590692102454	1940339390.1124692
1.1903451430467582	1949297365.8769822
1.1918330744755665	1973266819.3566103
1.193322865818661	1979534539.681337
1.1948145194009343	1974287980.0863185
1.1963080375501856	1962656896.7716746
1.197803422597123	1952380387.1017158
1.1993006768753696	1965978902.8777316
1.2007998027214637	1988761344.2676787
1.2023008024748656	1992299636.7656229
1.203803678477959	1991749622.529349
1.2053084330760564	2000129048.3602033
1.2068150686174015	2002860836.6174726
1.2083235874531733	1999436819.291077
1.2098339919374896	2003475617.7882276
1.2113462844274117	2004843401.9299622
1.2128604672829457	2002715857.1698875
1.2143765428670494	2010319996.59305
1.2158945135456332	2015073845.830653
1.2174143816875653	2014580657.1750526
1.2189361496646747	2020057681.1352396
1.2204598198517553	2022113496.6493993
1.2219853946265702	2018098134.3478432
1.2235128763698533	2018699808.55452
1.2250422674653156	2022231389.0703826
1.2265735702996472	2022711109.3910573
1.2281067872625218	2023396037.173338
1.2296419207465998	2024886095.2786748
1.231178973147533	2024422538.0361898
1.2327179468639673	2023207021.8090715
1.2342588442975473	2022747456.1787937
1.2358016678529193	2023518196.3415563
1.2373464199377353	2025580383.2008374
1.2388931029626575	2027385632.9762208
1.2404417193413606	2026781201.9631987
1.2419922714905374	2025664008.245276
1.2435447618299005	2027518232.069081
1.245099192782188	2029828755.29833
1.2466555667731656	2028940935.5059178
1.248213886231632	2027566683.590011
1.2497741535894216	2030426062.2476976
1.2513363712814083	2033025983.1551323
1.25290054174551	2031330624.9279103
1.2544666674226919	2030237946.1457207
1.2560347507569702	2029572202.5880284
1.2576047941954165	2025941166.8524292
1.2591768001881607	2021838492.1750975
1.2607507711883958	2020449486.4225636
1.2623267096523811	2020530261.2728364
1.2639046180394466	2019785866.6563673
1.265484498811996	2019222497.7423413
1.267066354435511	2018925234.3545952
1.2686501873785552	2018939280.7498844
1.2702360001127784	2019676591.550263
1.2718237951129194	2020162591.7364504
1.2734135748568105	2017947837.3356998
1.2750053418253815	2015822938.5333655
1.2765990985026632	2017433774.8448923
1.2781948473757916	2017946028.2533982
1.2797925909350112	2014490676.0474124
1.28139233167368	2003361791.2133214
1.282994072088272	1987678841.9037905
1.2845978146783823	1984976421.9987187
1.2862035619467302	1996388883.2946577
1.2878113163991636	2004481504.4193919
1.2894210805446624	2000948549.3035839
1.2910328568953433	1996806817.7680926
1.2926466479664624	2002668010.4472122
1.2942624562764204	2008737220.9412017
1.295880284346766	2006505614.1587944
1.2975001347021995	2001341916.2760653
1.2991220098705771	1998450536.9466543
1.3007459123829153	1997009912.5875962
1.3023718447733938	1997021557.782254
1.3039998095793606	1997548182.496793
1.3056298093413348	1992242137.8922687
1.3072618466030115	1979945212.4794886
1.3088959239112652	1970236878.2766674
1.3105320438161543	1967727801.315787
1.3121702088709244	1963604720.149296
1.313810421632013	1955498303.3526714
1.315452684659053	1950044058.7413557
1.3170970005148768	1947096920.8041942
1.3187433717655204	1944118121.0660658
1.3203918009802271	1941548364.2996485
1.3220422907314524	1933978141.433319
1.3236948435948666	1915036994.2473183
1.3253494621493602	1890248019.064996
1.327006148977047	1871839302.9896088
1.3286649066632683	1851105353.5927725
1.3303257377965971	1789551986.4979074
1.331988644968843	1673592321.9615707
1.333653630775054	1527304203.4932303
1.3353206978135228	1371059262.3229604
1.3369898486857896	1292368728.5358596
1.3386610859966468	1326174300.9398694
1.3403344123541427	1363805426.7548058
1.342009830369585	1332263034.1881976
1.3436873426575473	1291790883.0495214
1.345366951835869	1293787527.1444995
1.347048660525664	1287608381.1721017
1.348732471351321	1277711549.9066892
1.35041838694051	1260883479.3324385
1.3521064099241855	1237053926.1848083
1.3537965429365908	1218714122.7700584
1.3554887886152616	1210297795.66329
1.3571831496010305	1225844381.3651917
1.3588796285380318	1236899340.8898969
1.3605782280737042	1233012653.725482
1.3622789508587965	1227816970.6043332
1.36398179954737	1248025635.6109378
1.3656867767968042	1278112660.301438
1.3673938852678	1286662469.610393
1.3691031276243848	1273903942.8823457
1.3708145065339152	1256227739.8911097
1.3725280246670826	1263453594.3781047
1.3742436846979165	1288271741.3971617
1.3759614893037886	1309812733.3727634
1.3776814411654184	1330576961.33235
1.3794035429668752	1343664549.0411975
1.3811277973955836	1328591282.850623
1.382854207142328	1301826018.0782905
1.384582774901256	1304156362.9111445
1.3863135033698826	1310256960.480663
1.388046395249095	1295633833.156349
1.389781453243156	1240353476.1743722
1.3915186800597101	1157510134.57006
1.3932580784097848	1138198540.301582
1.3949996510077969	1166995155.322534
1.3967434005715567	1162571995.5069842
1.3984893298222711	1135565928.5227845
1.4002374414845487	1131376596.2460518
1.4019877382864046	1155452367.4310434
1.4037402229592626	1175026583.2347298
1.4054948982379614	1174964329.4440908
1.4072517668607587	1151017713.2011905
1.4090108315693348	1115879756.1320195
1.4107720951087963	1095972461.551672
1.4125355602276823	1086825273.952323
1.414301229677967	1085989769.6410534
1.4160691062150645	1077398140.854947
1.4178391925978333	1041190906.4601045
1.4196114915885802	1042016027.1649115
1.421386005953066	1074527022.7780077
1.4231627384605074	1054904829.710336
1.424941691883583	1026820403.3955712
1.4267228689984375	1021937882.0514202
1.4285062725846855	1025896923.3513992
1.4302919054254162	1060901762.097335
1.4320797703071981	1070952908.7953669
1.4338698700200818	1045403672.0890727
1.435662207357607	1052403212.8348225
1.4374567851168039	1072811917.734409
1.4392536060981997	1069122292.700743
1.4410526731058226	1064453640.5290731
1.4428539889472047	1083565447.5193489
1.444657556433389	1084185361.3691401
1.4464633783789307	1074525784.04564
1.4482714576019042	1089525564.3131585
1.4500817969239066	1096841267.2893794
1.4518943991700615	1112905564.8768904
1.453709267169024	1130852517.7381282
1.4555264037529851	1118126425.9857278
1.4573458117576763	1125062867.4008658
1.4591674940223736	1144711649.2397232
1.4609914533899013	1107239334.3989313
1.4628176927066388	1068545571.310429
1.464646214822522	1097787914.878339
1.4664770225910502	1109005211.0078194
1.4683101188692889	1063069111.7035798
1.4701455065178752	1054728845.834795
1.4719831884010226	1096225295.874458
1.473823167386524	1100764895.210582
1.475665446345757	1084747905.0050237
1.4775100281536893	1098430289.9559064
1.4793569156888815	1104468561.0059497
1.4812061118334923	1097014690.5255246
1.4830576194732843	1113018700.8234837
1.4849114414976257	1132630256.0332842
1.4867675807994976	1128188787.9865317
1.4886260402754972	1111322952.8144495
1.4904868228258412	1115653842.167165
1.4923499313543735	1131720322.0105588
1.4942153687685666	1133375317.248131
1.4960831379795272	1147005083.8498104
1.4979532419020016	1169566362.443045
1.499825683454379	1158093250.8912666
1.501700465558697	1134702704.1389093
1.5035775911406453	1152623627.019588
1.505457063129571	1176922024.5058808
1.5073388844584832	1177052302.7130039
1.509223058064056	1182089973.7518208
1.5111095868866362	1188233262.5025938
1.5129984738702444	1186554254.0636628
1.5148897219625823	1194629166.8252883
1.5167833341150354	1195720103.2395208
1.5186793132826792	1200447471.7995832
1.5205776624242824	1232411150.6961524
1.5224783845023127	1251619312.2516663
1.5243814824829407	1228694119.1047993
1.5262869593360442	1198621784.9618707
1.5281948180352143	1210406862.8172545
1.530105061557758	1238461771.6041977
1.5320176928847054	1232778662.9683197
1.5339327150008113	1234563222.9385526
1.5358501308945622	1251502253.9009647
1.5377699435581802	1240183684.6402528
1.539692155987628	1219620343.5298254
1.5416167711826123	1209693567.5403435
1.5435437921465909	1226278319.6974647
1.5454732218867737	1263075452.1822102
1.5474050634141323	1277282565.6922855
1.5493393197434	1273955207.4868047
1.5512759938930791	1279977317.2558074
1.5532150888854455	1286124743.8408039
1.5551566077465522	1276425279.544349
1.5571005535062357	1265912905.09046
1.5590469291981182	1283666652.7940502
1.5609957378596158	1309580191.9737873
1.5629469825319402	1315930209.4073353
1.5649006662601053	1310286540.207317
1.5668567920929302	1325551391.8722143
1.5688153630830464	1346531351.8762827
1.5707763822869003	1338073014.54239
1.5727398527647587	1328497038.4656487
1.5747057775807147	1337698173.0103664
1.5766741598026903	1347120660.5904624
1.5786450025024439	1359275662.5539782
1.5806183087555719	1377579385.4219882
1.582594081641516	1381136881.9522674
1.5845723242435679	1379390136.6059241
1.5865530396488725	1387259091.2365818
1.5885362309484334	1375120769.4332545
1.5905219012371192	1356878276.8392267
1.5925100536136656	1377021958.9890995
1.5945006911806823	1410342361.9912758
1.5964938170446583	1425565345.0711005
1.5984894343159641	1428677583.975053
1.6004875461088588	1431257984.89955
1.602488155541495	1424656431.9814785
1.6044912657359218	1403990628.1061273
1.6064968798180916	1392359478.8353631
1.608505000917864	1408752707.0070472
1.6105156321690117	1430882088.3273764
1.612528776709223	1439178910.531122
1.6145444376801092	1448301624.4127944
1.6165626182272093	1458694103.7370536
1.6185833214999934	1445164690.7700808
1.6206065506518683	1420249161.3479648
1.622632308840183	1416125641.79869
1.624660599226233	1417674445.781553
1.626691424975266	1425291532.5750525
1.6287247892564851	1446095426.4400046
1.6307606952430556	1452827899.8751905
1.6327991461121094	1448880163.3588352
1.6348401450447496	1440542051.4503057
1.6368836952260553	1439648705.55951
1.638929799845088	1458395473.1798425
1.6409784620948942	1468674761.821795
1.6430296851725128	1459607609.9495862
1.6450834722789784	1444414685.0541437
1.647139826619327	1446326326.3003159
1.6491987514026012	1460208592.8117087
1.6512602498418545	1458339635.6353538
1.6533243251541565	1448877551.5982966
1.655390980560599	1457691966.6921425
1.6574602192863002	1466824997.6911054
1.6595320445604078	1456040709.4808936
1.6616064596161082	1452522934.1496582
1.6636834676906282	1457993140.6259167
1.6657630720252417	1449063904.3788097
1.667845275865273	1442653617.162909
1.6699300824601049	1439233420.3696823
1.6720174950631799	1427738414.9056542
1.6741075169320085	1431594470.5457613
1.6762001513281735	1445464352.1179721
1.678295401517334	1454207649.1847088
1.6803932707692304	1456372057.6346867
1.6824937623576919	1451846490.4255645
1.6845968795606392	1440173379.0083826
1.6867026256600899	1411655393.8807049
1.6888110039421647	1376898894.3620203
1.6909220176970923	1367581794.871161
1.6930356702192138	1384550867.541778
1.695151964806988	1391665128.8637354
1.6972709047629964	1379052535.1209843
1.6993924933939502	1368118813.582914
1.7015167340106927	1363676098.1057813
1.7036436299282058	1349042585.8558033
1.705773184465616	1320038099.8046594
1.707905400946198	1289619546.5187345
1.7100402826973808	1259015054.0082393
1.7121778330507527	1242302860.8594682
1.7143180553420658	1241592955.8266234
1.7164609529112433	1225085898.2316632
1.7186065291023824	1197661543.9372485
1.7207547872637603	1190536190.0379121
1.72290573074784	1187154115.543298
1.725059362911275	1174238349.1300077
1.7272156871149138	1163655504.1348062
1.7293747067238074	1155834450.150969
1.731536425107212	1134907805.0228493
1.733700845638596	1104861035.2827032
1.7358679716956442	1094031691.3389895
1.7380378066602638	1091770679.6183388
1.7402103539185891	1075337056.6527815
1.7423856168609873	1059976401.3712355
1.7445635988820634	1050026128.7890261
1.746744303380666	1037725366.6549895
1.7489277337598916	1025269076.2201433
1.7511138934270916	1011057752.5519171
1.7533027857938754	992904801.941113
1.7554944142761177	955156813.5971112
1.7576887822939626	929478154.0553294
1.75988589327183	931565852.1143365
1.76208575063842	926990171.4682451
1.764288357826718	929712428.1941202
1.7664937182740013	918596193.7734828
1.7687018354218438	885394078.6917317
1.770912712716121	871721972.0535192
1.773126353607016	861439279.0476341
1.7753427615490247	842604534.6550623
1.7775619400009608	827275742.5374576
1.7797838924259624	815891706.5164095
1.7820086222914944	805522640.2088282
1.7842361330693588	788264135.8816376
1.7864664282356955	766743461.1670852
1.78869951127099	770836515.9385414
1.790935385660079	774256168.0879405
1.793174054892154	760060086.3904897
1.7954155224607689	760967870.7637521
1.7976597918638448	765390484.4667059
1.7999068666036746	732767791.0010879
1.8021567501869293	701288741.1587019
1.804409446124663	707252324.0554311
1.8066649579323186	705317892.4202995
1.8089232891297338	698036809.1937661
1.8111844432411461	693859349.8721621
1.8134484237951976	713125817.2468972
1.8157152343249414	731712241.8730627
1.8179848783678474	698366005.6670697
1.8202573594658071	663744848.3341464
1.8225326811651397	685961793.8845143
1.824810847016596	710156947.6879543
1.8270918605753668	688964219.8558156
1.8293757254010856	681589882.8250889
1.831662445057837	681327344.9676389
1.8339520231141593	673577392.000342
1.836244463143052	674894648.3341771
1.8385397687219809	665365495.5343755
1.840837943432883	645841798.4308878
1.8431389908621743	619520762.4169207
1.8454429146007518	597650575.8688085
1.8477497182440028	586859048.7426902
1.8500594053918078	597346650.9118388
1.8523719796485476	611099828.8039548
1.8546874446231079	588605565.1781886
1.857005803928887	540185396.7649329
1.8593270611837978	507535503.8983333
1.8616512200102777	521606166.28187925
1.8639782840352905	547928314.5059661
1.8663082568903346	563222700.8651342
1.8686411422114473	582709230.5182085
1.8709769436392114	588126631.1395177
1.8733156648187608	577188214.4006883
1.875657309399784	574128937.5430894
1.8780018810365335	570126321.9577549
1.8803493833878293	582867678.5538723
1.882699820117064	614100108.4444342
1.8850531948922105	618951870.1833627
1.8874095113858254	614414617.4216175
1.8897687732750577	605656773.0688032
1.8921309842416516	581847631.6212281
1.8944961479719535	585741641.3385756
1.8968642681569183	610414094.0447876
1.8992353484921145	626321141.7729133
1.9016093926777295	635349246.0488569
1.9039864044185768	628737247.1287192
1.9063663874241	620322947.9535669
1.90874934540838	619861832.8987844
1.9111352820901404	617573726.7523475
1.913524201192753	627327846.5126263
1.9159161064442438	628398361.47357
1.918311001577299	617635605.8889097
1.9207088903292706	615605942.2384168
1.9231097764421823	612604734.4385412
1.925513663662735	614297119.5870956
1.9279205557423134	618046351.1743072
1.9303304564369912	607097449.7693889
1.9327433695075371	600945383.4812841
1.9351592987194217	610748481.5626613
1.9375782478428212	598560166.1733284
1.9400002206526246	572385062.689234
1.9424252209284403	575769848.1756976
1.9448532524546007	594326469.482174
1.947284319020169	598861686.5577874
1.949718424418944	594770817.918542
1.9521555724494677	583440499.2918009
1.9545957669150293	569915326.1228551
1.957039011623673	580871707.0276607
1.9594853103882026	591769011.9862019
1.961934667026188	574890622.2809727
1.9643870853599705	566499281.7836128
1.9668425692166707	572499666.038394
1.969301122428191	577265053.081443
1.9717627488312266	571899958.6629168
1.9742274522672654	551087981.0096536
1.9766952365825994	542243875.7935499
1.9791661056283276	548648742.1380272
1.981640063260363	543043789.9998548
1.9841171133394384	539855625.9411243
1.9865972597311126	543142644.4322586
1.9890805063057764	530406966.78988963
1.9915668569386586	523587186.08301234
1.9940563155098319	535749328.58376753
1.9965488859042193	531062237.88867456
1.9990445720115995	517919859.62858015
2.001543377726614	525685300.8473482
2.0040453069487723	535784396.0132231
2.006550363582458	530866716.80007243
2.009058551536936	518219616.9530607
2.0115698747263573	514636585.8784524
2.014084337069765	521219716.73057646
2.016601942491102	518729042.3490275
2.0191226949192163	513500471.5223443
2.021646598287865	526425876.7794715
2.0241736565357247	534388977.2023573
2.0267038736063943	519569690.1089176
2.029237253448402	516063645.4045311
2.0317738000152126	530672296.5454583
2.0343135172652316	536441254.62206745
2.036856409161813	536143705.269721
2.039402479673265	536054001.04619765
2.041951732772857	533611420.59855556
2.0445041724388227	529854308.0977821
2.0470598026543714	531171246.58686596
2.0496186274076895	536547816.46197915
2.0521806506919487	537828687.7647566
2.0547458765053137	538745024.5707024
2.057314308850945	549147868.1519771
2.0598859517370087	552699035.8211322
2.06246080917668	536331522.5653434
2.065038885188151	531427096.96429634
2.067620183794636	546000375.9588797
2.0702047090243796	553856335.8886068
2.0727924649106595	547532607.6716266
2.075383455491798	546594007.7039874
2.0779776848111626	554232517.6302379
2.0805751569171766	557131137.5663458
2.083175875863323	555422046.0568099
2.085779845708152	554904027.3611698
2.0883870705152874	557417126.2560843
2.0909975543534314	564585528.3939935
2.093611301296373	566879956.5442802
2.0962283154229935	563143252.9253602
2.098848600817272	564868533.6324673
2.1014721615682936	569919348.2133723
2.104099001770254	572629891.691441
2.1067291255224667	572459277.3243496
2.10936253692937	572653033.5889623
2.1119992401005314	575607314.9509549
2.114639239150657	578877670.0968025
2.1172825381995954	577161263.2638052
2.119929141372345	577720070.1982344
2.1225790527990602	583620422.6368797
2.125232276615059	583949308.2527245
2.1278888169608274	578837776.3983473
2.130548677982029	580477484.6930627
2.1332118638295063	587873238.1962678
2.1358783786592928	589226195.0411428
2.1385482266326172	584703354.3230736
2.141221411915908	583822789.375905
2.1438979386808024	592996224.0948827
2.1465778111041534	597865420.3382597
2.1492610333680338	589762404.1943026
2.1519476096597434	585112734.4166663
2.1546375441718184	589392400.4879808
2.157330841102033	593459419.9956967
2.1600275046534105	593784641.2129316
2.1627275390342273	592623822.6578021
2.16543094845802	593610607.7181827
2.168137737143592	596173258.7418346
2.1708479093150217	594410814.9344301
2.1735614692016654	589822263.7064617
2.1762784210381674	586237793.1756421
2.178998769064465	585006733.0098392
2.1817225175257957	586691780.2165835
2.184449670672703	586959044.3799131
2.187180232761044	586495449.1992447
2.1899142080519947	586528312.53825
2.19265160081206	585685844.387648
2.1953924153130746	585745742.052287
2.198136655832216	586331301.54553
2.200884326652006	583714747.2920321
2.203635432060321	579768051.4333085
2.2063899763503967	579395766.2257233
2.2091479638208344	580464326.2638856
2.2119093987756107	580824780.2443305
2.21467428552408	579873812.9419713
2.217442628380985	575342349.5240891
2.2202144316664616	570779737.4885801
2.2229896997060443	573239784.7679148
2.225768436830677	575373917.0395237
2.2285506473767147	571472194.1748234
2.2313363356859357	569399438.1001043
2.2341255061055434	566306461.4557905
2.236918162988175	564274016.4956014
2.23971431069191	566409713.064357
2.2425139535802754	564939766.1364996
2.24531709602225	562780456.8284714
2.248123742392278	561938666.2937448
2.2509338970702686	559293805.1613916
2.253747564441606	556640364.7236146
2.256564748897158	555115418.8012322
2.2593854548332795	553952625.9857281
2.262209686651821	550462598.3008645
2.2650374487601357	547234063.6397862
2.2678687455710858	546737898.7638856
2.27070358150305	544572162.2983966
2.2735419609799283	543309259.0157863
2.276383888431153	543161137.6625314
2.279229368291692	538488228.9079918
2.2820784050020566	535403364.9175837
2.2849310030083094	537292544.4081848
2.2877871667620697	538921267.4644248
2.290646900720522	528599365.29225457
2.293510209346423	501676514.51692647
2.2963770971081057	485226702.9943106
2.299247568479491	489124689.97516614
2.3021216279400902	494092463.188993
2.304999279975015	495222301.11115354
2.3078805290749838	493782947.4941803
2.3107653797363277	489361563.3154877
2.3136538364609978	484990714.49129903
2.316545903756574	483494325.96048206
2.3194415861362696	480247806.26206934
2.32234088811894	467291694.87146115
2.3252438142290885	457041434.9394889
2.3281503689968748	456397368.34761375
2.331060556958121	457051645.135445
2.3339743826543184	459100857.8931291
2.3368918506326364	458347875.4242235
2.339812965445927	453067313.69576645
2.342737731652734	448906093.0052128
2.3456661538173003	450665112.11450344
2.348598236509572	450811968.8484633
2.3515339843052088	436063438.0996192
2.35447340178559	422325995.6851291
2.357416493537822	420233661.41126806
2.3603632641547443	421364850.34684783
2.3633137182349375	426949212.0365423
2.366267860382731	428077850.98097706
2.3692256952082094	426234902.15109146
2.37218722732722	429861144.91108596
2.375152461361379	427602705.99640423
2.3781214019380803	418699909.52003616
2.381094053690503	408014827.7911834
2.384070421257616	395519276.083074
2.387050509284188	389257873.1551542
2.390034322420793	391765420.1857356
2.393021865323819	395137834.4105154
2.3960131426554736	393224398.2295854
2.399008159083793	385488191.35504484
2.402006919282648	376571032.7707118
2.405009427931751	368201415.94509083
2.408015689716666	357273013.4884976
2.411025709328811	350414659.4282593
2.414039491465472	348440020.076965
2.417057040829804	344825102.93006575
2.420078362130841	342366286.37466925
2.423103460083505	339333246.9366158
2.426132339408609	332985414.17967886
2.42916500483287	327614803.3475658
2.432201461088911	321389898.1813744
2.4352417129152717	313241125.28149027
2.438285765056416	310922223.2125657
2.441333622262736	308562672.87874484
2.444385289290565	300983940.46423674
2.447440770902178	296992885.5380817
2.4505000718658057	289459796.2204425
2.4535631969556375	279168202.42403764
2.456630150951832	285099696.0147357
2.459700938640522	288193784.1183616
2.4627755648138225	284817484.839197
2.4658540342698396	284108607.80051714
2.468936351812677	273235043.7064795
2.4720225222524426	259081067.35231856
2.475112550405258	252417344.6318855
2.4782064410932647	253507684.44903037
2.481304199144631	254676875.41294438
2.484405829393562	254647353.4547115
2.4875113366803037	242754177.56679493
2.490620725851154	230944996.05890855
2.4937340017584684	221824643.641617
2.4968511692606663	180675223.43179354
