#wavelength (micron)	surface_flux (erg / (cm2 micron s))
0.7	427706168.26135784
0.7008749999999999	663880983.7752707
0.70175109375	844067081.644583
0.7026282826171873	939089484.2714636
0.7035065679704589	1049789717.5675813
0.7043859511804219	1174489634.5466628
0.7052664336193974	1105541405.314332
0.7061480166614217	821224790.4570692
0.7070307016822485	696661673.8522432
0.7079144900593511	738595490.0594009
0.7087993831719255	650256518.6016221
0.7096853824008903	492990703.0120414
0.7105724891288914	479046286.8129539
0.7114607047403024	559772802.9228616
0.7123500306212278	535405197.0582916
0.7132404681595043	391241505.747237
0.7141320187447037	315782808.9149052
0.7150246837681346	354316918.89885426
0.7159184646228446	402789591.373464
0.7168133627036232	439538382.7126302
0.7177093794070027	498861376.5139992
0.7186065161312616	576317013.6645768
0.7195047742764256	586360437.5247493
0.7204041552442711	517125779.4431643
0.7213046604383263	505743029.6214525
0.7222062912638743	586407685.7430369
0.723109049127954	667511071.8635094
0.7240129354393641	735484210.033971
0.7249179516086632	833352443.184129
0.725824099048174	939612902.602196
0.7267313791719842	978867780.9334043
0.7276397933959492	966307322.0180837
0.728549343137694	1017121013.6011312
0.7294600298166162	1138461221.3195307
0.730371854853887	1242898632.3958719
0.7312848196724542	1309468419.0041883
0.7321989256970448	1353688859.225803
0.7331141743541661	1421164202.118341
0.7340305670721088	1505187644.040756
0.7349481052809489	1543868726.7640948
0.7358667904125501	1577436924.687863
0.7367866239005658	1659317679.7761877
0.7377076071804415	1738781695.6261287
0.738629741689417	1775196683.5474148
0.7395530288665286	1804378967.6730058
0.7404774701526119	1840640147.2502782
0.7414030669903027	1857265730.005513
0.7423298208240404	1862175244.159979
0.7432577331000705	1884429004.0907705
0.7441868052664457	1897722048.3791802
0.7451170387730286	1885219793.203252
0.7460484350714948	1894105294.8703263
0.7469809956153342	1929328271.1447573
0.7479147218598534	1949542598.2218742
0.7488496152621781	1948341326.8049624
0.7497856772812559	1970375019.9077344
0.7507229093778575	2011694975.972474
0.7516613130145797	2024547710.472804
0.7526008896558479	2025563425.4279377
0.7535416407679177	2047774810.7581942
0.7544835678188776	2114336522.3551924
0.7554266722786511	2172493812.952062
0.7563709556189995	2170126051.447753
0.7573164193135232	2149201799.40278
0.758263064837665	2079862496.3556218
0.7592108936687122	1875427599.6170497
0.760159907285798	1702853271.4153073
0.7611101071699052	1716593600.258392
0.7620614948038675	1758313411.7263663
0.7630140716723723	1628608786.6618295
0.7639678392619629	1464928490.1486921
0.7649227990610402	1447798412.3679018
0.7658789525598665	1360481252.3307028
0.7668363012505663	1112492879.7655716
0.7677948466271296	990898828.4160492
0.7687545901854135	1043390175.6994824
0.7697155334231451	1049559603.4044842
0.7706776778399241	1041221759.2599392
0.771641024937224	1117781720.8929806
0.7726055762183955	1247663536.6416993
0.7735713331886686	1351827900.7175462
0.7745382973551542	1319265774.9835415
0.7755064702268482	1190180789.680453
0.7764758533146318	1163774798.6676939
0.7774464481312751	1225865252.7756565
0.7784182561914391	1245669559.680196
0.7793912790116784	1273193686.7729366
0.780365518110443	1365897697.0616486
0.781340975008081	1459656762.9502282
0.782317651226841	1450143406.546684
0.7832955482908746	1359110117.5183756
0.7842746677262382	1338086721.384785
0.7852550110608959	1408334564.7225919
0.7862365798247221	1468004497.6661305
0.7872193755495029	1524523038.1769187
0.7882033997689398	1626112570.107542
0.7891886540186509	1711348699.9785166
0.7901751398361742	1705234005.264275
0.7911628587609694	1634499002.2913098
0.7921518123344207	1620433106.8812952
0.7931420020998386	1696492314.688697
0.7941334296024635	1773502371.1455722
0.7951260963894664	1836848190.5839224
0.7961200040099533	1920190869.1709812
0.7971151540149657	1978245754.6615698
0.7981115479574844	1984087629.8391812
0.7991091873924312	1983870957.1265745
0.8001080738766717	2021021443.8424623
0.8011082089690176	2089926593.7544348
0.8021095942302288	2150100328.8667774
0.8031122312230166	2194557535.7220964
0.8041161215120453	2238281997.3923554
0.8051212666639354	2283930578.0128465
0.8061276682472652	2329326353.8270726
0.8071353278325744	2360865726.852535
0.808144246992365	2406428237.7819815
0.8091544273011054	2476396249.593525
0.8101658703352317	2527511598.2646184
0.8111785776731507	2555030132.2983227
0.8121925508952421	2590090459.205684
0.8132077915838613	2650228605.0241866
0.8142243013233411	2710037151.829444
0.8152420816999951	2746357263.8914127
0.8162611343021202	2764443177.502332
0.8172814607199979	2728144406.086889
0.8183030625458978	2557085285.663485
0.8193259413740802	2346709060.2784224
0.8203500988007977	2295595306.166768
0.8213755364242987	2382440707.0622344
0.8224022558448291	2480015157.3554716
0.8234302586646352	2556035552.199747
0.8244595464879658	2595815482.797027
0.8254901209210758	2584322359.335287
0.8265219835722272	2540970466.83641
0.8275551360516924	2472421447.037614
0.8285895799717569	2409376745.0285883
0.8296253169467216	2369138299.7453885
0.830662348592905	2346013315.238683
0.8317006765286461	2359742614.7436447
0.8327403023743069	2369335994.793386
0.8337812277522748	2352207703.022041
0.834823454286965	2332077668.926307
0.8358669836048238	2315674389.842573
0.8369118173343297	2292217805.6207466
0.8379579571059977	2212840284.9050465
0.8390054045523802	2164616451.124863
0.8400541613080706	2244313242.9406233
0.8411042290097056	2309346759.130113
0.8421556092959678	2222654297.6975026
0.8432083038075878	1963760903.916015
0.8442623141873472	1625417853.1518748
0.8453176420800813	1372820960.2753053
0.8463742891326813	1272068284.9905522
0.8474322569940972	1300154884.625902
0.8484915473153398	1397990060.1497006
0.8495521617494839	1467505306.2086146
0.8506141019516709	1455617413.9265993
0.8516773695791103	1418376175.822145
0.8527419662910842	1431935779.2941637
0.853807893748948	1493350861.8842366
0.8548751536161342	1590325455.5641515
0.8559437475581545	1704465351.9465284
0.857013677242602	1778247076.1706994
0.8580849443391553	1814634023.0290596
0.8591575505195791	1842478755.7199607
0.8602314974577286	1892367588.9435349
0.8613067868295508	1978961934.4770565
0.8623834203130877	2072373568.2307446
0.8634613995884791	2140765630.9933393
0.8645407263379646	2175607557.102937
0.8656214022458871	2171034502.7220306
0.8667034289986943	2163995675.200113
0.8677868082849427	2181857852.854637
0.8688715417952989	2209389631.129795
0.869957631222543	2296408632.7729106
0.8710450782615712	2415162511.767501
0.872133884609398	2487377298.516737
0.8732240519651597	2524737723.82231
0.8743155820301162	2557114515.6665425
0.8754084765076539	2603853889.0066066
0.8765027371032884	2650876911.6795807
0.8775983655246675	2699149472.251269
0.8786953634815732	2761461062.716115
0.8797937326859253	2795343726.8694167
0.8808934748517826	2788537396.551216
0.8819945916953473	2784966845.684051
0.8830970849349664	2817871195.1912723
0.8842009562911352	2873161686.912475
0.8853062074864991	2776625549.0985966
0.8864128402458572	2458336623.0326734
0.8875208562961645	2211550629.159156
0.8886302573665347	2208606469.376359
0.8897410451882428	2315390548.649642
0.8908532214947281	2420821193.2719083
0.8919667880215966	2494826798.5842047
0.8930817465066233	2505200623.381315
0.8941980986897567	2439742800.049338
0.8953158463131189	2392458071.4843607
0.8964349911210102	2433008223.3052936
0.8975555348599115	2513361270.365224
0.8986774792784863	2586808758.190724
0.8998008261275845	2633751355.144944
0.9009255771602438	2655714579.901417
0.9020517341316941	2656708689.1135254
0.9031792987993587	2671147058.5339117
0.9043082729228579	2725225589.1846776
0.9054386582640114	2775937725.7799916
0.9065704565868414	2815371226.525565
0.907703669657575	2851263950.072476
0.908838299244647	2859965405.711939
0.9099743471187027	2870334888.299527
0.9111118150526011	2915186195.395349
0.9122507048214169	2967489382.212271
0.9133910182024435	3000705868.261069
0.9145327569751966	3024304885.7548423
0.9156759229214156	3051001390.4627824
0.9168205178250673	3072143994.1909275
0.9179665434723485	3086993765.1767173
0.919114001651689	3091966092.3661876
0.9202628941537536	3032015245.5151525
0.9214132227714458	2876742934.4544435
0.92256498929991	2698170280.2771344
0.9237181955365349	2582865987.1929436
0.9248728432809555	2551712558.7904983
0.9260289343350568	2570562828.4243445
0.9271864705029755	2569233584.983594
0.9283454535911042	2490409990.382837
0.9295058854080931	2390277257.0293665
0.9306677677648533	2353251838.44493
0.9318311024745591	2370920291.4884286
0.9329958913526524	2417940915.1004643
0.9341621362168431	2473054675.2636747
0.9353298388871142	2492119311.9350247
0.936499001185723	2475588631.7249985
0.9376696249372052	2464465709.5067096
0.9388417119683766	2480623503.407944
0.9400152641083371	2529641869.813162
0.9411902831884725	2589954714.843675
0.942366771042458	2624324226.376127
0.9435447295062611	2622965924.9796233
0.9447241604181439	2610729162.0056415
0.9459050656186665	2628449169.9046426
0.9470874469506899	2682890423.0445423
0.9482713062593783	2746358330.5812664
0.9494566453922024	2791550121.065027
0.9506434661989427	2805311676.2895126
0.9518317705316914	2809343550.981766
0.9530215602448558	2815267582.00897
0.9542128371951619	2801676694.6809506
0.9554056032416559	2813132278.972635
0.9565998602457079	2879241157.1033506
0.957795610071015	2931872492.5837326
0.9589928545836038	2919741734.6901712
0.9601915956518332	2876134210.7575693
0.961391835146398	2901555864.2294717
0.9625935749403309	2916405070.468463
0.9637968169090064	2799473200.575867
0.9650015629301427	2765614585.6952586
0.9662078148838052	2862263626.9297595
0.9674155746524099	2847787709.3742666
0.9686248441207255	2817894875.821016
0.9698356251758764	2862559602.767043
0.9710479197073462	2869381849.3472595
0.9722617296069803	2831877659.845287
0.9734770567689891	2773953668.0488744
0.9746939030899503	2767809991.6133604
0.9759122704688127	2834354538.0389113
0.9771321608068987	2839852736.0279946
0.9783535760079072	2775844560.1006966
0.9795765179779171	2823575754.4182296
0.9808009886253894	2929505079.2110095
0.9820269898611712	2940454461.0697246
0.9832545235984976	2915123795.2783546
0.9844835917529957	2929985695.6999183
0.985714196242687	2974866796.8286524
0.9869463389879902	3013393690.1137934
0.9881800219117253	3032345441.02809
0.989415246939115	2978004667.6906633
0.9906520159977886	2829418765.1230054
0.9918903310177859	2722604764.4593706
0.9931301939315581	2751257585.2993517
0.9943716066739725	2847466940.92577
0.995614571182315	2916367690.6230397
0.996859089396293	2925201760.06214
0.9981051632580382	2900648503.0845795
0.9993527947121108	2885664261.4677076
1.0006019857055009	2892234417.901377
1.0018527381876328	2896765991.607623
1.0031050541103672	2882772660.647443
1.0043589354280051	2858475279.0152626
1.0056143840972902	2835770495.782079
1.0068714020774117	2860732065.5274477
1.0081299913300084	2923408729.7217693
1.009390153819171	2959833150.6609945
1.0106518915114449	2971526415.131884
1.011915206375834	2971371742.229024
1.013180100383804	2958365331.038201
1.0144465755092837	2934374804.8260865
1.0157146337286702	2925705646.8088937
1.016984277020831	2935179444.0829654
1.0182555073671071	2939547676.6670814
1.0195283267513158	2950092385.0350623
1.020802737159755	2964757065.43741
1.0220787405812046	2961641171.2082877
1.0233563390069311	2966691954.7409587
1.0246355344306899	2962042790.009245
1.025916328848728	2908451730.8795557
1.027198724259789	2872310652.7390213
1.0284827226651139	2882315453.8070474
1.0297683260684452	2910892053.211731
1.0310555364760305	2939921796.12329
1.0323443558966257	2934041390.612025
1.0336347863414963	2864460209.3888354
1.0349268298244232	2821718356.6599984
1.0362204883617037	2910476267.406908
1.0375157639721557	2989693675.6639504
1.0388126586771211	2958538400.8819847
1.0401111745004674	2927396421.872442
1.041411313468593	2953376098.332733
1.0427130776104288	2988555892.509773
1.0440164689574416	3025500052.9428
1.0453214895436385	3056707598.535051
1.046628141405568	3041803742.5081186
1.0479364265823248	3015654272.253387
1.0492463471155529	3000749743.0747814
1.0505579050494471	2998432311.770251
1.051871102430759	3025184069.4132934
1.0531859413087974	3064750184.217542
1.0545024237354332	3084297654.2458453
1.0558205517651027	3076275851.1000476
1.0571403274548088	3054438625.582023
1.0584617528641274	3031963538.3735843
1.0597848300552075	3038294749.0874963
1.0611095610927765	3064594212.7911916
1.0624359480441425	3089251897.921548
1.0637639929791975	3100778898.1341724
1.0650936979704217	3067796161.476063
1.0664250650928846	3023191595.456185
1.0677580964242506	3032686629.999201
1.069092794044781	3076173924.5159173
1.0704291600373368	3104207241.426011
1.0717671964873836	3093600718.481917
1.0731069054829927	3059329250.481542
1.0744482891148466	3073759817.615669
1.0757913494762399	3115685612.569202
1.0771360886630854	3127837615.81925
1.078482508773914	3127873164.0137796
1.0798306119098815	3114770215.36574
1.081180400174769	3105412803.0931425
1.0825318756749873	3126003915.0570903
1.0838850405195808	3143013631.3545623
1.0852398968202304	3131611161.6393776
1.0865964466912557	3121980320.1631975
1.0879546922496197	3126488869.298427
1.0893146356149317	3122255852.190638
1.0906762789094504	3104142969.862545
1.0920396242580872	3085592231.69961
1.0934046737884098	3075878393.761493
1.0947714296306452	3059122218.464477
1.0961398939176834	3024880695.2589297
1.0975100687850805	3006886004.610247
1.098881956371062	3009873636.822251
1.1002555588165257	3001693086.7490478
1.1016308782650464	2978036609.917681
1.1030079168628775	2933212795.968437
1.104386676758956	2876736993.325691
1.1057671601049048	2850212619.0887847
1.1071493690550358	2854711924.530196
1.1085333057663547	2866312908.7748094
1.1099189723985625	2863741833.9433055
1.1113063711140607	2851146748.1536283
1.1126955040779534	2861513652.3956184
1.1140863734580506	2876211243.34241
1.1154789814248731	2873190084.040239
1.1168733301516542	2871459505.1817718
1.1182694218143439	2867481033.4305115
1.1196672585916116	2851549755.5506096
1.1210668426648513	2859940086.219477
1.122468176218182	2889795063.268097
1.123871261438455	2897288869.1680284
1.125276100515253	2883116962.926001
1.126682695640897	2887706861.9960938
1.128091049010448	2902955741.5485697
1.129501162821711	2895859347.752116
1.1309130392752382	2884698001.8315754
1.1323266805743324	2867666095.079902
1.13374208892505	2829752886.139868
1.1351592665362065	2812321679.338259
1.1365782156193767	2808738805.746381
1.1379989383889009	2757649241.8155565
1.139421437061887	2702883160.4317493
1.1408457138582142	2692592215.4906216
1.142271771000537	2742172363.738376
1.1436996107142876	2794161860.5547404
1.1451292352276803	2811186126.5295777
1.146560646771715	2833296299.242287
1.1479938475801796	2849141765.087873
1.1494288398896548	2858332246.332692
1.150865625939517	2855179803.977009
1.1523042079719412	2838732982.5617757
1.1537445882319062	2832737851.60279
1.155186768967196	2843999635.93251
1.156630752428405	2853976590.8763065
1.1580765408689404	2845407581.145737
1.1595241365450264	2809092181.6655154
1.1609735417157079	2777328477.956027
1.1624247586428524	2795433457.81053
1.163877789591156	2820374686.5162115
1.165332636828145	2826333544.7834105
1.16678930262418	2828619646.0359373
1.1682477892524603	2800565999.1384897
1.1697080989890258	2776922122.3234096
1.1711702341127619	2805835798.0255136
1.1726341969054028	2827763574.109243
1.1740999896515347	2809927814.4675074
1.1755676146385992	2770555792.5582366
1.1770370741568972	2708000465.517163
1.1785083704995933	2695991995.815189
1.1799815059627177	2752708226.4603014
1.1814564828451712	2774271812.5614977
1.1829333034487275	2757262630.734906
1.1844119700780384	2768279430.1116385
1.185892485040636	2782930375.1929593
1.1873748506469368	2749467568.4050455
1.1888590692102454	2702729921.4531574
1.1903451430467582	2721804528.9631114
1.1918330744755665	2770226331.286467
1.193322865818661	2774623264.21908
1.1948145194009343	2743410818.847376
1.1963080375501856	2699955327.19364
1.197803422597123	2680081777.49627
1.1993006768753696	2717391123.79974
1.2007998027214637	2763829099.938643
1.2023008024748656	2768182392.7599225
1.203803678477959	2770237052.2791157
1.2053084330760564	2787586569.286208
1.2068150686174015	2788586578.979589
1.2083235874531733	2775939122.2086325
1.2098339919374896	2780034122.945487
1.2113462844274117	2784241345.8641734
1.2128604672829457	2785741121.4503365
1.2143765428670494	2804861974.577052
1.2158945135456332	2814765188.0557914
1.2174143816875653	2813128510.498557
1.2189361496646747	2818720923.940353
1.2204598198517553	2816976040.336808
1.2219853946265702	2808999888.1683145
1.2235128763698533	2813299339.557548
1.2250422674653156	2823454527.9810886
1.2265735702996472	2825655640.815048
1.2281067872625218	2824721313.046182
1.2296419207465998	2822577222.6762137
1.231178973147533	2814711997.693339
1.2327179468639673	2806169465.2581177
1.2342588442975473	2804681647.543206
1.2358016678529193	2809210519.706423
1.2373464199377353	2813867576.079013
1.2388931029626575	2811211179.3049073
1.2404417193413606	2790968445.229618
1.2419922714905374	2751034700.021964
1.2435447618299005	2724822694.048696
1.245099192782188	2741896696.678438
1.2466555667731656	2765259037.9152493
1.248213886231632	2769391229.5612006
1.2497741535894216	2772866656.213398
1.2513363712814083	2763462726.119864
1.25290054174551	2747433213.133611
1.2544666674226919	2758652213.3494964
1.2560347507569702	2766858884.659992
1.2576047941954165	2752602705.371812
1.2591768001881607	2742076997.941592
1.2607507711883958	2743765166.072344
1.2623267096523811	2747692741.883452
1.2639046180394466	2745385996.2693043
1.265484498811996	2746589289.2500706
1.267066354435511	2745105775.192437
1.2686501873785552	2742838738.4642167
1.2702360001127784	2751020310.857899
1.2718237951129194	2757565187.32135
1.2734135748568105	2750765060.7929816
1.2750053418253815	2746032948.8673997
1.2765990985026632	2754265294.483609
1.2781948473757916	2757909984.949183
1.2797925909350112	2747451803.0178084
1.28139233167368	2704411045.949355
1.282994072088272	2657065901.1973147
1.2845978146783823	2665464822.154839
1.2862035619467302	2706777084.690524
1.2878113163991636	2729525159.3795295
1.2894210805446624	2720448464.2924414
1.2910328568953433	2709997945.3673906
1.2926466479664624	2725435534.4713926
1.2942624562764204	2744652592.9692283
1.295880284346766	2746579313.612012
1.2975001347021995	2736769672.3507776
1.2991220098705771	2729158373.242742
1.3007459123829153	2726965978.139509
1.3023718447733938	2727594819.7258153
1.3039998095793606	2728893638.655971
1.3056298093413348	2720134489.7324586
1.3072618466030115	2694444973.154338
1.3088959239112652	2670471826.4430223
1.3105320438161543	2651627901.2085867
1.3121702088709244	2605356481.9635324
1.313810421632013	2570122776.604314
1.315452684659053	2579939107.5584383
1.3170970005148768	2611785606.473914
1.3187433717655204	2635928027.004213
1.3203918009802271	2635063735.45108
1.3220422907314524	2622705491.0390153
1.3236948435948666	2601072603.4368935
1.3253494621493602	2569265273.660488
1.327006148977047	2537861848.656359
1.3286649066632683	2503886636.8609796
1.3303257377965971	2431207531.79931
1.331988644968843	2305029471.2101355
1.333653630775054	2151337320.619448
1.3353206978135228	2006399081.6414838
1.3369898486857896	1955918070.7823658
1.3386610859966468	2000134991.7391946
1.3403344123541427	2017620575.519696
1.342009830369585	1956840986.3509529
1.3436873426575473	1913694764.5596929
1.345366951835869	1935739160.9720433
1.347048660525664	1943252416.4931376
1.348732471351321	1935443949.5509236
1.35041838694051	1914437988.8537323
1.3521064099241855	1890083073.912851
1.3537965429365908	1882029828.1501634
1.3554887886152616	1882825305.1512465
1.3571831496010305	1886392613.9118195
1.3588796285380318	1872496011.6733265
1.3605782280737042	1849366123.7825172
1.3622789508587965	1822905057.5724895
1.36398179954737	1820462439.8757906
1.3656867767968042	1845421486.5730932
1.3673938852678	1854515947.7055438
1.3691031276243848	1836879670.2198634
1.3708145065339152	1810292556.680507
1.3725280246670826	1807210768.670045
1.3742436846979165	1824392384.3822572
1.3759614893037886	1842520666.7589703
1.3776814411654184	1860712135.356767
1.3794035429668752	1874149266.300126
1.3811277973955836	1880125776.9536085
1.382854207142328	1872808314.541499
1.384582774901256	1862997290.6137981
1.3863135033698826	1852915485.925711
1.388046395249095	1834087908.9089642
1.389781453243156	1783869500.997003
1.3915186800597101	1718820773.3493903
1.3932580784097848	1702281485.1768777
1.3949996510077969	1722016694.2954428
1.3967434005715567	1715454855.0687351
1.3984893298222711	1683315398.3617694
1.4002374414845487	1674262479.157471
1.4019877382864046	1693241124.0855227
1.4037402229592626	1707795704.1049125
1.4054948982379614	1701479035.6756842
1.4072517668607587	1673278401.1406412
1.4090108315693348	1638274976.026123
1.4107720951087963	1618144091.504766
1.4125355602276823	1608410298.777114
1.414301229677967	1593989542.9548013
1.4160691062150645	1572407867.661394
1.4178391925978333	1545718076.986869
1.4196114915885802	1550699069.3893192
1.421386005953066	1572978500.3899522
1.4231627384605074	1558312413.610582
1.424941691883583	1536442673.2747188
1.4267228689984375	1525082848.6280942
1.4285062725846855	1524585121.7127948
1.4302919054254162	1550562555.834381
1.4320797703071981	1560164780.3819156
1.4338698700200818	1543351102.2269635
1.435662207357607	1541935292.5206413
1.4374567851168039	1553932950.6783156
1.4392536060981997	1556650307.2916467
1.4410526731058226	1554518497.8774312
1.4428539889472047	1568502122.3959198
1.444657556433389	1572182964.360298
1.4464633783789307	1561994004.7660291
1.4482714576019042	1566034921.5419128
1.4500817969239066	1573046149.876769
1.4518943991700615	1583440890.2476988
1.453709267169024	1589086702.247361
1.4555264037529851	1574194194.7154953
1.4573458117576763	1571469068.8825312
1.4591674940223736	1583432345.70589
1.4609914533899013	1563353178.3321726
1.4628176927066388	1536005837.709497
1.464646214822522	1547023853.9972568
1.4664770225910502	1544514245.656806
1.4683101188692889	1504332313.0062249
1.4701455065178752	1491279706.8507228
1.4719831884010226	1512219012.7973223
1.473823167386524	1510593588.4187067
1.475665446345757	1499137987.922486
1.4775100281536893	1507234680.3825848
1.4793569156888815	1509459538.3112466
1.4812061118334923	1502208739.500509
1.4830576194732843	1509642140.8307955
1.4849114414976257	1519955170.2140229
1.4867675807994976	1521295757.134015
1.4886260402754972	1517544382.6995542
1.4904868228258412	1515734586.5072143
1.4923499313543735	1516416826.6676931
1.4942153687685666	1517248102.6955445
1.4960831379795272	1531029923.4312043
1.4979532419020016	1545797705.4198418
1.499825683454379	1533322573.6867628
1.501700465558697	1513987810.7913213
1.5035775911406453	1524674071.9464846
1.505457063129571	1541832806.5083132
1.5073388844584832	1545585616.3225043
1.509223058064056	1550680252.9209037
1.5111095868866362	1552206047.8361015
1.5129984738702444	1548795649.1829648
1.5148897219625823	1553894876.2905934
1.5167833341150354	1550954348.054502
1.5186793132826792	1551754723.2761745
1.5205776624242824	1573836257.5082958
1.5224783845023127	1584894148.9374797
1.5243814824829407	1561821251.033799
1.5262869593360442	1537443137.923368
1.5281948180352143	1551056065.610588
1.530105061557758	1567493785.446738
1.5320176928847054	1550990403.0304766
1.5339327150008113	1547332232.6223655
1.5358501308945622	1564381263.9821365
1.5377699435581802	1563243055.4624186
1.539692155987628	1549364486.4885073
1.5416167711826123	1540128289.1175308
1.5435437921465909	1550656296.1029618
1.5454732218867737	1571634974.916218
1.5474050634141323	1574490413.6424766
1.5493393197434	1568103734.520254
1.5512759938930791	1572799452.9084272
1.5532150888854455	1577992900.8906758
1.5551566077465522	1572184016.6488273
1.5571005535062357	1565247971.0172317
1.5590469291981182	1573118656.5383625
1.5609957378596158	1588839294.8946385
1.5629469825319402	1595902658.0306861
1.5649006662601053	1588478854.012339
1.5668567920929302	1594978172.8556867
1.5688153630830464	1610524202.4661527
1.5707763822869003	1606298843.1453454
1.5727398527647587	1604654267.7983787
1.5747057775807147	1614795892.407906
1.5766741598026903	1621406307.38268
1.5786450025024439	1629042610.1422172
1.5806183087555719	1639663625.9500692
1.582594081641516	1639565572.6636178
1.5845723242435679	1636662362.1855953
1.5865530396488725	1646890953.6739104
1.5885362309484334	1647436353.1986465
1.5905219012371192	1634522573.1041706
1.5925100536136656	1639105412.217467
1.5945006911806823	1657475414.853232
1.5964938170446583	1671725937.879522
1.5984894343159641	1675674934.0825033
1.6004875461088588	1675668246.2970326
1.602488155541495	1674013384.6579278
1.6044912657359218	1666362262.3955534
1.6064968798180916	1664431163.6547391
1.608505000917864	1671427304.2574825
1.6105156321690117	1673741181.5796804
1.612528776709223	1672072955.4438574
1.6145444376801092	1670773033.4835527
1.6165626182272093	1676557899.138801
1.6185833214999934	1674186306.0937417
1.6206065506518683	1663401833.2116487
1.622632308840183	1674977787.625714
1.624660599226233	1687894572.9656246
1.626691424975266	1690981169.0974493
1.6287247892564851	1698867864.380997
1.6307606952430556	1700333415.6020389
1.6327991461121094	1699294724.2847996
1.6348401450447496	1700501695.7835698
1.6368836952260553	1705268469.3490152
1.638929799845088	1714784730.155294
1.6409784620948942	1716718987.0952218
1.6430296851725128	1716288629.9181852
1.6450834722789784	1720213227.9711761
1.647139826619327	1725877127.7784019
1.6491987514026012	1726904606.497635
1.6512602498418545	1721419899.4086857
1.6533243251541565	1721726650.1193726
1.655390980560599	1733520607.5796058
1.6574602192863002	1738982210.897014
1.6595320445604078	1729199174.2308133
1.6616064596161082	1727745859.671968
1.6636834676906282	1739157540.5329976
1.6657630720252417	1738675763.0794218
1.667845275865273	1731914222.0816154
1.6699300824601049	1729545430.7324784
1.6720174950631799	1724995046.1318443
1.6741075169320085	1726615791.278734
1.6762001513281735	1731538926.9713724
1.678295401517334	1737242577.0434422
1.6803932707692304	1742219175.7898214
1.6824937623576919	1740471782.9243333
1.6845968795606392	1732621632.6488128
1.6867026256600899	1713932979.254453
1.6888110039421647	1693576790.8445942
1.6909220176970923	1686904680.7373614
1.6930356702192138	1688553379.0479321
1.695151964806988	1682278490.1682734
1.6972709047629964	1666658790.7439253
1.6993924933939502	1655226978.8950431
1.7015167340106927	1650172543.3296294
1.7036436299282058	1635876528.199122
1.705773184465616	1611772131.9779942
1.707905400946198	1588266862.8759046
1.7100402826973808	1564676576.0832534
1.7121778330507527	1545415302.126913
1.7143180553420658	1531522218.6967282
1.7164609529112433	1509480772.7327933
1.7186065291023824	1483990288.165619
1.7207547872637603	1479860142.7753606
1.72290573074784	1482628548.9352129
1.725059362911275	1474382891.6255405
1.7272156871149138	1465259839.5927703
1.7293747067238074	1461261156.199488
1.731536425107212	1446187631.9656866
1.733700845638596	1415633372.626712
1.7358679716956442	1400096021.9015574
1.7380378066602638	1398965129.9888172
1.7402103539185891	1391678186.2344532
1.7423856168609873	1382260784.6626332
1.7445635988820634	1370456543.0502214
1.746744303380666	1354883665.115525
1.7489277337598916	1339819468.3746
1.7511138934270916	1327800730.804871
1.7533027857938754	1314920872.3987925
1.7554944142761177	1284016271.3797674
1.7576887822939626	1261992734.3552048
1.75988589327183	1264027459.0280333
1.76208575063842	1260724914.2825742
1.764288357826718	1260027335.9761007
1.7664937182740013	1250543187.9741254
1.7687018354218438	1225846660.6758814
1.770912712716121	1209958872.1125736
1.773126353607016	1192318443.8413146
1.7753427615490247	1172816401.410282
1.7775619400009608	1160186381.5000474
1.7797838924259624	1151038010.3371131
1.7820086222914944	1147736754.5623446
1.7842361330693588	1142266658.4091337
1.7864664282356955	1123020551.0043073
1.78869951127099	1114531113.4693031
1.790935385660079	1112612634.190619
1.793174054892154	1098417540.5887816
1.7954155224607689	1092477748.541349
1.7976597918638448	1092801359.4526596
1.7999068666036746	1070850349.4798131
1.8021567501869293	1049901280.1056368
1.804409446124663	1052582568.4640865
1.8066649579323186	1050041945.4409239
1.8089232891297338	1040900422.0138617
1.8111844432411461	1035557058.2365398
1.8134484237951976	1049127837.5768303
1.8157152343249414	1060106055.357892
1.8179848783678474	1032358839.6159254
1.8202573594658071	1004540916.0919378
1.8225326811651397	1018943143.9349718
1.824810847016596	1032741193.8730209
1.8270918605753668	1019921272.141287
1.8293757254010856	1016766258.1095576
1.831662445057837	1008867336.9715492
1.8339520231141593	997699642.6944103
1.836244463143052	998855980.2009209
1.8385397687219809	992059862.756093
1.840837943432883	976938084.0150683
1.8431389908621743	954406557.4850324
1.8454429146007518	932003783.5971882
1.8477497182440028	919673745.8566374
1.8500594053918078	928808044.4118502
1.8523719796485476	943380367.4248226
1.8546874446231079	925233222.7155144
1.857005803928887	880711360.4988639
1.8593270611837978	850759970.9969577
1.8616512200102777	861963878.5455918
1.8639782840352905	886537670.9263291
1.8663082568903346	899241579.0185485
1.8686411422114473	908973313.1088793
1.8709769436392114	907580328.8441665
1.8733156648187608	893716948.8105605
1.875657309399784	888528405.500984
1.8780018810365335	884730349.4260164
1.8803493833878293	895494090.5685331
1.882699820117064	922389451.6938077
1.8850531948922105	926206029.0612849
1.8874095113858254	919848804.0139675
1.8897687732750577	910110336.676498
1.8921309842416516	887201774.9183561
1.8944961479719535	885569633.1398551
1.8968642681569183	904567059.1883166
1.8992353484921145	917196407.0806485
1.9016093926777295	921210571.8346217
1.9039864044185768	915137114.8212727
1.9063663874241	910263207.5591052
1.90874934540838	906822193.5211691
1.9111352820901404	901568639.4435046
1.913524201192753	910068849.8239799
1.9159161064442438	908595037.4020785
1.918311001577299	897195943.2952204
1.9207088903292706	897658559.2245717
1.9231097764421823	894053515.6058927
1.925513663662735	888884084.510732
1.9279205557423134	882708898.1533155
1.9303304564369912	859916145.3165708
1.9327433695075371	854663415.0210263
1.9351592987194217	881313578.2096051
1.9375782478428212	886667623.4302082
1.9400002206526246	872235579.4071995
1.9424252209284403	859622832.6159663
1.9448532524546007	837537234.898017
1.947284319020169	830788446.5413231
1.949718424418944	838278142.9025697
1.9521555724494677	839507128.5106454
1.9545957669150293	849618196.6213398
1.957039011623673	869030072.8041649
1.9594853103882026	877677152.4988532
1.961934667026188	866025308.5007077
1.9643870853599705	858908021.9714218
1.9668425692166707	863497995.2948301
1.969301122428191	866628552.9787004
1.9717627488312266	859546602.4598206
1.9742274522672654	833348677.628253
1.9766952365825994	794669607.3760074
1.9791661056283276	780223246.8434324
1.981640063260363	798762493.0881916
1.9841171133394384	806935897.757291
1.9865972597311126	796804963.761172
1.9890805063057764	795362572.6626838
1.9915668569386586	801920136.8765076
1.9940563155098319	809174071.4033328
1.9965488859042193	808255659.8423766
1.9990445720115995	800343584.4182477
2.001543377726614	802070348.3863206
2.0040453069487723	806821567.9799604
2.006550363582458	805470257.3042198
2.009058551536936	797033246.2481402
2.0115698747263573	788932460.1549836
2.014084337069765	789193472.4380445
2.016601942491102	787587576.289513
2.0191226949192163	783658931.5939472
2.021646598287865	790425243.2033972
2.0241736565357247	793513723.4749258
2.0267038736063943	781359264.0273907
2.029237253448402	778728637.1018249
2.0317738000152126	788348696.6407764
2.0343135172652316	787279790.2682317
2.036856409161813	780918583.9507318
2.039402479673265	777875661.6399806
2.041951732772857	775608619.2884454
2.0445041724388227	773470830.4991472
2.0470598026543714	773845293.7243117
2.0496186274076895	776196327.2405028
2.0521806506919487	777054924.1104519
2.0547458765053137	776015950.793123
2.057314308850945	780233069.1894563
2.0598859517370087	780860304.0294138
2.06246080917668	765914524.2164348
2.065038885188151	759152682.5726726
2.067620183794636	768939197.4914969
2.0702047090243796	775016317.1162405
2.0727924649106595	768938993.3645254
2.075383455491798	765553591.8102503
2.0779776848111626	769394223.450824
2.0805751569171766	770553675.5747958
2.083175875863323	768939910.0602295
2.085779845708152	767706570.4209212
2.0883870705152874	768059924.6459363
2.0909975543534314	773207292.5633346
2.093611301296373	774512797.2103908
2.0962283154229935	770542218.4166073
2.098848600817272	771699689.0796027
2.1014721615682936	774614584.8600763
2.104099001770254	774881572.1326071
2.1067291255224667	773511241.482485
2.10936253692937	773134873.9588282
2.1119992401005314	775174862.6223165
2.114639239150657	778440087.6589683
2.1172825381995954	777840441.6470556
2.119929141372345	777404376.8425964
2.1225790527990602	781222223.3902295
2.125232276615059	780389129.8758948
2.1278888169608274	774613532.5507694
2.130548677982029	775882379.0142664
2.1332118638295063	782478906.0172095
2.1358783786592928	783412783.0166744
2.1385482266326172	779662524.8404832
2.141221411915908	780035169.3921379
2.1438979386808024	789385564.0255783
2.1465778111041534	792837281.3832287
2.1492610333680338	783741774.067551
2.1519476096597434	779733872.2376255
2.1546375441718184	784789855.5013077
2.157330841102033	789276536.6688247
2.1600275046534105	790537493.2069715
2.1627275390342273	790203346.637587
2.16543094845802	791497814.467616
2.168137737143592	794134941.6755273
2.1708479093150217	791953564.6656684
2.1735614692016654	787442487.3971274
2.1762784210381674	783979530.8537521
2.178998769064465	782389722.3323698
2.1817225175257957	784767768.9762957
2.184449670672703	787141511.6768203
2.187180232761044	788261251.9627162
2.1899142080519947	787724235.1413676
2.19265160081206	787100519.2236933
2.1953924153130746	789358709.8080907
2.198136655832216	791675305.9706724
2.200884326652006	789400580.2901071
2.203635432060321	782897465.7610985
2.2063899763503967	778318162.361972
2.2091479638208344	780084271.4178039
2.2119093987756107	786280621.7765099
2.21467428552408	789291679.6404451
2.217442628380985	785497298.0359869
2.2202144316664616	781187244.7086909
2.2229896997060443	784771081.787702
2.225768436830677	788393471.5408343
2.2285506473767147	784700401.1977357
2.2313363356859357	783183049.67533
2.2341255061055434	781511281.695912
2.236918162988175	781007211.3385758
2.23971431069191	784784102.6324847
2.2425139535802754	783751392.0947369
2.24531709602225	782159548.9534768
2.248123742392278	783019326.7192713
2.2509338970702686	780869084.9314607
2.253747564441606	777327589.8237002
2.256564748897158	774678486.7339742
2.2593854548332795	772228045.9164212
2.262209686651821	769415895.4986584
2.2650374487601357	769021666.5381705
2.2678687455710858	770085666.8184148
2.27070358150305	767729885.358079
2.2735419609799283	766218564.6281104
2.276383888431153	766315764.0542043
2.279229368291692	762282001.1730198
2.2820784050020566	759018016.0090247
2.2849310030083094	760247327.0770873
2.2877871667620697	762507864.3582388
2.290646900720522	752721217.0753152
2.293510209346423	723761822.1151204
2.2963770971081057	706134549.5679052
2.299247568479491	711881033.2903558
2.3021216279400902	717607619.3253013
2.304999279975015	718507607.1854502
2.3078805290749838	717206546.7868723
2.3107653797363277	711335503.8077271
2.3136538364609978	705128489.3440982
2.316545903756574	703150965.4819535
2.3194415861362696	698703639.5246423
2.32234088811894	682778622.1851152
2.3252438142290885	670888159.8478734
2.3281503689968748	670823506.4132857
2.331060556958121	670433133.104836
2.3339743826543184	669331525.3477055
2.3368918506326364	666406165.534281
2.339812965445927	662083085.0124688
2.342737731652734	660280574.6923262
2.3456661538173003	661843872.3999028
2.348598236509572	658180997.7280834
2.3515339843052088	638327147.6485229
2.35447340178559	623207297.2967682
2.357416493537822	624915352.4008013
2.3603632641547443	627787190.6751357
2.3633137182349375	632047888.7298602
2.366267860382731	633711392.0099132
2.3692256952082094	632517236.4926475
2.37218722732722	635079643.5407777
2.375152461361379	631400146.9170979
2.3781214019380803	620836226.4935167
2.381094053690503	606564478.558643
2.384070421257616	590933450.3163906
2.387050509284188	583113371.4403995
2.390034322420793	582620542.413014
2.393021865323819	584335930.4182659
2.3960131426554736	583094858.1106706
2.399008159083793	575468644.1572373
2.402006919282648	565963561.7285419
2.405009427931751	555489018.237552
2.408015689716666	542783815.516572
2.411025709328811	535794486.8222883
2.414039491465472	534326956.08473045
2.417057040829804	532834942.32676226
2.420078362130841	531590601.99066216
2.423103460083505	526747905.30198485
2.426132339408609	517298711.4439679
2.42916500483287	509938782.7846946
2.432201461088911	504974176.79388934
2.4352417129152717	498541568.9624207
2.438285765056416	495349250.40863574
2.441333622262736	491832859.0266634
2.444385289290565	485470607.5966777
2.447440770902178	482408137.0482754
2.4505000718658057	473553091.60959405
2.4535631969556375	461842516.8493977
2.456630150951832	462860352.4906461
2.459700938640522	461139177.511808
2.4627755648138225	457175822.54810005
2.4658540342698396	457715696.1299124
2.468936351812677	450931650.68320566
2.4720225222524426	440599945.565485
2.475112550405258	433682203.866473
2.4782064410932647	430842017.127766
2.481304199144631	428636097.4384114
2.484405829393562	428777355.11252826
2.4875113366803037	419687243.61937445
2.490620725851154	408128288.7012771
2.4937340017584684	385201370.96683997
2.4968511692606663	310019314.4163008
