#wavelength (micron)	surface_flux (erg / (cm2 micron s))
0.7	3010715896.6817765
0.7008749999999999	4469051748.260972
0.70175109375	5209687094.692896
0.7026282826171873	5248852156.464078
0.7035065679704589	5304241364.982323
0.7043859511804219	5402440125.816091
0.7052664336193974	5430951642.313274
0.7061480166614217	5362926647.053408
0.7070307016822485	5352036967.015924
0.7079144900593511	5399911615.902975
0.7087993831719255	5373085409.892803
0.7096853824008903	5334994883.7249365
0.7105724891288914	5307204920.36208
0.7114607047403024	5272281370.228421
0.7123500306212278	5279764567.948988
0.7132404681595043	5252984060.842698
0.7141320187447037	5225777036.872788
0.7150246837681346	5240229291.042028
0.7159184646228446	5282233104.650778
0.7168133627036232	5340921580.8960705
0.7177093794070027	5315783276.568174
0.7186065161312616	5178175017.44408
0.7195047742764256	5128794381.482605
0.7204041552442711	5175808366.32647
0.7213046604383263	5200428072.329898
0.7222062912638743	5308734226.838666
0.723109049127954	5449802031.060641
0.7240129354393641	5461118196.034163
0.7249179516086632	5363584405.367803
0.725824099048174	5307400886.107162
0.7267313791719842	5356712926.591656
0.7276397933959492	5415465961.8305235
0.728549343137694	5386911489.03662
0.7294600298166162	5357067027.556143
0.730371854853887	5392274839.161128
0.7312848196724542	5396854527.870079
0.7321989256970448	5375627223.307079
0.7331141743541661	5401599389.226242
0.7340305670721088	5454478534.928746
0.7349481052809489	5415289819.606904
0.7358667904125501	5299487403.487188
0.7367866239005658	5363893311.662311
0.7377076071804415	5526495298.951436
0.738629741689417	5482447697.0677805
0.7395530288665286	5388087012.681645
0.7404774701526119	5384516079.265323
0.7414030669903027	5329872791.91577
0.7423298208240404	5316064928.959336
0.7432577331000705	5420776493.453188
0.7441868052664457	5466869052.203927
0.7451170387730286	5466844032.120861
0.7460484350714948	5487918965.78332
0.7469809956153342	5508511948.262209
0.7479147218598534	5548006166.00453
0.7488496152621781	5507624656.793225
0.7497856772812559	5432494424.535074
0.7507229093778575	5471388898.418852
0.7516613130145797	5537595955.598391
0.7526008896558479	5572490423.794509
0.7535416407679177	5627371672.86404
0.7544835678188776	5673323525.319903
0.7554266722786511	5658032309.2134695
0.7563709556189995	5627703617.1212635
0.7573164193135232	5612410233.897453
0.758263064837665	5566901253.615561
0.7592108936687122	5563565608.653248
0.760159907285798	5622038148.167814
0.7611101071699052	5592481642.21927
0.7620614948038675	5534963025.9487915
0.7630140716723723	5615475817.622076
0.7639678392619629	5704286944.803214
0.7649227990610402	5642929410.982321
0.7658789525598665	5440040601.560677
0.7668363012505663	5363250521.7944355
0.7677948466271296	5546484974.49495
0.7687545901854135	5655746130.208123
0.7697155334231451	5595623084.301854
0.7706776778399241	5537377366.234784
0.771641024937224	5507012885.530978
0.7726055762183955	5521324969.944164
0.7735713331886686	5576777888.176859
0.7745382973551542	5539617954.902602
0.7755064702268482	5523943880.453574
0.7764758533146318	5625014850.033604
0.7774464481312751	5662797228.240869
0.7784182561914391	5611699847.581774
0.7793912790116784	5577540342.393499
0.780365518110443	5613228606.464645
0.781340975008081	5662935194.947621
0.782317651226841	5653729151.681251
0.7832955482908746	5594537794.747844
0.7842746677262382	5569464052.971699
0.7852550110608959	5589579215.375473
0.7862365798247221	5631683899.176009
0.7872193755495029	5656579334.765049
0.7882033997689398	5619641128.638548
0.7891886540186509	5583405265.069847
0.7901751398361742	5545810297.05274
0.7911628587609694	5467488501.265169
0.7921518123344207	5440373927.075839
0.7931420020998386	5434339300.12388
0.7941334296024635	5350339808.823104
0.7951260963894664	5342376684.186433
0.7961200040099533	5469800217.809281
0.7971151540149657	5550106462.308805
0.7981115479574844	5536968044.675298
0.7991091873924312	5511212140.42157
0.8001080738766717	5504684797.4192
0.8011082089690176	5543671990.041911
0.8021095942302288	5543943685.391786
0.8031122312230166	5497113930.843803
0.8041161215120453	5475273655.636983
0.8051212666639354	5452371620.215315
0.8061276682472652	5447876781.127513
0.8071353278325744	5388428130.884928
0.808144246992365	5350997512.492509
0.8091544273011054	5401579364.937232
0.8101658703352317	5440279956.482925
0.8111785776731507	5468091813.029054
0.8121925508952421	5487686993.801052
0.8132077915838613	5510094175.26673
0.8142243013233411	5530103464.80927
0.8152420816999951	5537976573.953953
0.8162611343021202	5542883695.691344
0.8172814607199979	5538143291.322562
0.8183030625458978	5467435688.727141
0.8193259413740802	5369959491.153755
0.8203500988007977	5329958401.322158
0.8213755364242987	5359926939.025131
0.8224022558448291	5427969558.689841
0.8234302586646352	5457167162.0104885
0.8244595464879658	5462178720.688233
0.8254901209210758	5503447370.785229
0.8265219835722272	5557568496.330901
0.8275551360516924	5583842276.016008
0.8285895799717569	5568123686.119617
0.8296253169467216	5500655267.266309
0.830662348592905	5403983807.163258
0.8317006765286461	5363072535.683889
0.8327403023743069	5336985563.230301
0.8337812277522748	5307139853.312907
0.834823454286965	5306449771.59201
0.8358669836048238	5281877637.8633995
0.8369118173343297	5264728414.795939
0.8379579571059977	5197259211.233789
0.8390054045523802	5129919220.461359
0.8400541613080706	5232035471.05902
0.8411042290097056	5323619708.896772
0.8421556092959678	5243814186.429466
0.8432083038075878	5136222071.077368
0.8442623141873472	5180553774.583946
0.8453176420800813	5327753045.803736
0.8463742891326813	5372232165.776511
0.8474322569940972	5383488844.277486
0.8484915473153398	5419143929.9591875
0.8495521617494839	5307285219.586337
0.8506141019516709	5194279092.694578
0.8516773695791103	5212409302.555265
0.8527419662910842	5242211954.864298
0.853807893748948	5070254811.295796
0.8548751536161342	4955532441.468992
0.8559437475581545	5238742189.659766
0.857013677242602	5456631712.620022
0.8580849443391553	5447939506.792847
0.8591575505195791	5456801332.365421
0.8602314974577286	5460696343.811779
0.8613067868295508	5411069589.214935
0.8623834203130877	5407903180.895719
0.8634613995884791	5473186634.114256
0.8645407263379646	5472195101.320388
0.8656214022458871	5263394769.23066
0.8667034289986943	5025998534.758977
0.8677868082849427	5020181753.060761
0.8688715417952989	5102454993.139606
0.869957631222543	5226057252.916026
0.8710450782615712	5368192124.431042
0.872133884609398	5407801360.213421
0.8732240519651597	5393955859.697276
0.8743155820301162	5379705352.512768
0.8754084765076539	5361615804.670989
0.8765027371032884	5331281523.614962
0.8775983655246675	5353863821.180431
0.8786953634815732	5406250215.466436
0.8797937326859253	5373027746.052303
0.8808934748517826	5297242275.259848
0.8819945916953473	5293579997.81693
0.8830970849349664	5321081059.901284
0.8842009562911352	5365119626.669863
0.8853062074864991	5431022063.297668
0.8864128402458572	5423206631.626021
0.8875208562961645	5401693842.768445
0.8886302573665347	5446508722.806017
0.8897410451882428	5483180754.305979
0.8908532214947281	5475569191.44021
0.8919667880215966	5428365794.942548
0.8930817465066233	5378271927.188656
0.8941980986897567	5359552219.950161
0.8953158463131189	5380693208.118142
0.8964349911210102	5406606105.411819
0.8975555348599115	5371768453.189047
0.8986774792784863	5326906030.841181
0.8998008261275845	5284156869.090448
0.9009255771602438	5212746831.636245
0.9020517341316941	5195533256.968786
0.9031792987993587	5275996050.581619
0.9043082729228579	5377242000.659216
0.9054386582640114	5424961916.077806
0.9065704565868414	5423854686.674706
0.907703669657575	5357861224.956381
0.908838299244647	5222882229.053227
0.9099743471187027	5194364146.240221
0.9111118150526011	5268247691.611406
0.9122507048214169	5307925810.694357
0.9133910182024435	5330112377.330284
0.9145327569751966	5306567118.98716
0.9156759229214156	5262822448.481063
0.9168205178250673	5214601913.3333025
0.9179665434723485	5185464485.007237
0.919114001651689	5197222160.679156
0.9202628941537536	5170537875.029575
0.9214132227714458	5135659448.123404
0.92256498929991	5155207560.348748
0.9237181955365349	5160392489.47653
0.9248728432809555	5111978654.891937
0.9260289343350568	5097859110.080479
0.9271864705029755	5146749079.134912
0.9283454535911042	5164889651.97203
0.9295058854080931	5150829521.69219
0.9306677677648533	5183557349.035483
0.9318311024745591	5224651823.122723
0.9329958913526524	5236895493.478199
0.9341621362168431	5230358447.238386
0.9353298388871142	5172845199.295331
0.936499001185723	5110890406.974407
0.9376696249372052	5131259530.980309
0.9388417119683766	5174714219.156784
0.9400152641083371	5156664987.479435
0.9411902831884725	5096571911.600197
0.942366771042458	5079998200.298802
0.9435447295062611	5089821038.4268675
0.9447241604181439	5080246193.590972
0.9459050656186665	5115117679.367027
0.9470874469506899	5167317864.127859
0.9482713062593783	5178251096.216068
0.9494566453922024	5175302380.284913
0.9506434661989427	5172175785.235609
0.9518317705316914	5171318738.493563
0.9530215602448558	5164567195.461241
0.9542128371951619	5108589855.700977
0.9554056032416559	5061579470.070546
0.9565998602457079	5076100982.467568
0.957795610071015	5095616263.781426
0.9589928545836038	5105190060.681042
0.9601915956518332	5098210924.941542
0.961391835146398	5117885738.385932
0.9625935749403309	5123431658.488133
0.9637968169090064	5027717143.038812
0.9650015629301427	4948502526.375903
0.9662078148838052	4954267988.645657
0.9674155746524099	4951166675.978745
0.9686248441207255	4951128690.869324
0.9698356251758764	4982530477.402955
0.9710479197073462	4979272239.104089
0.9722617296069803	4938672787.467382
0.9734770567689891	4893360361.035756
0.9746939030899503	4901352411.89345
0.9759122704688127	4973738716.159281
0.9771321608068987	4973791980.289149
0.9783535760079072	4901090080.316996
0.9795765179779171	4942833539.178781
0.9808009886253894	5056578233.337959
0.9820269898611712	5083306313.112032
0.9832545235984976	5065550483.589702
0.9844835917529957	5089180213.878515
0.985714196242687	5116737795.975149
0.9869463389879902	5114306126.406043
0.9881800219117253	5097642698.194097
0.989415246939115	5078487310.3514
0.9906520159977886	5068734783.312206
0.9918903310177859	5053776560.41467
0.9931301939315581	5032907455.063681
0.9943716066739725	5033306869.803261
0.995614571182315	5052650354.1074295
0.996859089396293	5066217384.410873
0.9981051632580382	5057771799.301841
0.9993527947121108	5021956005.85749
1.0006019857055009	4988721758.328467
1.0018527381876328	5001867121.646932
1.0031050541103672	5002538363.2459135
1.0043589354280051	4957063556.159892
1.0056143840972902	4916463398.669368
1.0068714020774117	4921567156.669946
1.0081299913300084	4968096158.380868
1.009390153819171	5000563340.684582
1.0106518915114449	4998537448.894159
1.011915206375834	4994745512.4467
1.013180100383804	5002755108.653441
1.0144465755092837	4977076252.005055
1.0157146337286702	4937068811.941564
1.016984277020831	4938201306.470323
1.0182555073671071	4944619271.981732
1.0195283267513158	4928633366.903337
1.020802737159755	4922198496.733806
1.0220787405812046	4928279925.212866
1.0233563390069311	4955072676.964815
1.0246355344306899	4976488290.385571
1.025916328848728	4967380196.534063
1.027198724259789	4957154469.245837
1.0284827226651139	4949543583.403539
1.0297683260684452	4946386203.600044
1.0310555364760305	4944866283.073616
1.0323443558966257	4892870182.622491
1.0336347863414963	4805388919.912429
1.0349268298244232	4808996056.3483
1.0362204883617037	4877330003.2527
1.0375157639721557	4877308439.879213
1.0388126586771211	4823407097.401591
1.0401111745004674	4798118253.593616
1.041411313468593	4832247326.816177
1.0427130776104288	4865419350.789522
1.0440164689574416	4887770631.632483
1.0453214895436385	4897540573.107322
1.046628141405568	4867485705.937664
1.0479364265823248	4845850854.737372
1.0492463471155529	4827075115.995346
1.0505579050494471	4823288141.575322
1.051871102430759	4849578604.293275
1.0531859413087974	4858417679.5286875
1.0545024237354332	4856567461.254184
1.0558205517651027	4859701503.488944
1.0571403274548088	4827015744.24678
1.0584617528641274	4751502627.596646
1.0597848300552075	4709917728.389697
1.0611095610927765	4726699872.706874
1.0624359480441425	4777546678.778009
1.0637639929791975	4818125323.225697
1.0650936979704217	4784606918.069676
1.0664250650928846	4708860225.399459
1.0677580964242506	4690165751.622557
1.069092794044781	4722034637.862778
1.0704291600373368	4749093431.933378
1.0717671964873836	4729985125.451355
1.0731069054829927	4664422782.886746
1.0744482891148466	4661033414.277237
1.0757913494762399	4708563360.403206
1.0771360886630854	4708853293.297298
1.078482508773914	4663220501.258973
1.0798306119098815	4657526207.432254
1.081180400174769	4662863787.736349
1.0825318756749873	4645224800.769125
1.0838850405195808	4672231719.974124
1.0852398968202304	4706832350.909207
1.0865964466912557	4673102978.080712
1.0879546922496197	4616424441.937998
1.0893146356149317	4617054295.9517145
1.0906762789094504	4637568585.677145
1.0920396242580872	4629569235.16415
1.0934046737884098	4615213961.494992
1.0947714296306452	4593224618.474556
1.0961398939176834	4523783450.837011
1.0975100687850805	4450248169.074207
1.098881956371062	4445580312.068299
1.1002555588165257	4468142443.719904
1.1016308782650464	4466425044.149656
1.1030079168628775	4478154301.137945
1.104386676758956	4508621998.749608
1.1057671601049048	4522732849.173465
1.1071493690550358	4522102119.918465
1.1085333057663547	4517739085.666884
1.1099189723985625	4513676375.290695
1.1113063711140607	4498683316.626044
1.1126955040779534	4484124420.827695
1.1140863734580506	4491352907.577634
1.1154789814248731	4496537579.473198
1.1168733301516542	4503219506.122264
1.1182694218143439	4502533814.52342
1.1196672585916116	4481828511.221707
1.1210668426648513	4490699403.444923
1.122468176218182	4510576690.95849
1.123871261438455	4476369471.632148
1.125276100515253	4414114170.025479
1.126682695640897	4433245566.33026
1.128091049010448	4484023351.859211
1.129501162821711	4464454137.987554
1.1309130392752382	4453009324.884356
1.1323266805743324	4477287686.680919
1.13374208892505	4480713833.374103
1.1351592665362065	4475108326.73968
1.1365782156193767	4452151808.767046
1.1379989383889009	4393414432.368511
1.139421437061887	4369490563.254022
1.1408457138582142	4386502680.213448
1.142271771000537	4391121387.632157
1.1436996107142876	4394203676.4814
1.1451292352276803	4430344439.850528
1.146560646771715	4460682486.339752
1.1479938475801796	4449471835.225556
1.1494288398896548	4451269191.512237
1.150865625939517	4468244664.635567
1.1523042079719412	4468845995.998619
1.1537445882319062	4468985679.919024
1.155186768967196	4473450767.453662
1.156630752428405	4470673101.1395235
1.1580765408689404	4436136142.72077
1.1595241365450264	4352381899.528495
1.1609735417157079	4295678113.282656
1.1624247586428524	4329193591.314644
1.163877789591156	4364726087.9259
1.165332636828145	4389869599.690929
1.16678930262418	4416187228.352737
1.1682477892524603	4383670429.60136
1.1697080989890258	4357809672.475391
1.1711702341127619	4393343511.962021
1.1726341969054028	4424778486.387639
1.1740999896515347	4424070827.235187
1.1755676146385992	4407368659.495275
1.1770370741568972	4348606757.663819
1.1785083704995933	4287778244.9798546
1.1799815059627177	4309431077.42053
1.1814564828451712	4332992898.374528
1.1829333034487275	4300072880.137283
1.1844119700780384	4320395765.607323
1.185892485040636	4365125950.880833
1.1873748506469368	4299819306.188181
1.1888590692102454	4197297428.8804045
1.1903451430467582	4243298519.3856463
1.1918330744755665	4346362612.691732
1.193322865818661	4357130394.577487
1.1948145194009343	4309720812.187335
1.1963080375501856	4235805923.9226637
1.197803422597123	4163023254.6199846
1.1993006768753696	4178555393.7033925
1.2007998027214637	4266232400.272779
1.2023008024748656	4289255890.5167975
1.203803678477959	4264290767.6794767
1.2053084330760564	4280307135.2751346
1.2068150686174015	4288432213.6577554
1.2083235874531733	4244127660.4248834
1.2098339919374896	4226648541.3099256
1.2113462844274117	4256522316.4216833
1.2128604672829457	4290025863.011747
1.2143765428670494	4306161333.582562
1.2158945135456332	4302010202.304664
1.2174143816875653	4290770534.373833
1.2189361496646747	4280006196.6506143
1.2204598198517553	4275471604.6221237
1.2219853946265702	4273850288.5810847
1.2235128763698533	4270504757.767515
1.2250422674653156	4263858480.4130898
1.2265735702996472	4243778015.8689785
1.2281067872625218	4236447669.656999
1.2296419207465998	4254691120.082789
1.231178973147533	4261888390.143057
1.2327179468639673	4249964407.694845
1.2342588442975473	4233735111.8634796
1.2358016678529193	4227237194.8331714
1.2373464199377353	4227362796.4690633
1.2388931029626575	4212191112.7093163
1.2404417193413606	4198363039.640964
1.2419922714905374	4193653567.5519967
1.2435447618299005	4189185096.28763
1.245099192782188	4203752858.9149227
1.2466555667731656	4217135239.8339734
1.248213886231632	4211839963.042637
1.2497741535894216	4201491824.9505205
1.2513363712814083	4174090183.0485044
1.25290054174551	4147373281.101407
1.2544666674226919	4154343156.9067063
1.2560347507569702	4160891957.8252926
1.2576047941954165	4161262486.471694
1.2591768001881607	4164715885.3146553
1.2607507711883958	4157269095.79994
1.2623267096523811	4154085374.4563055
1.2639046180394466	4145855628.2750874
1.265484498811996	4136753787.116112
1.267066354435511	4134195953.5678573
1.2686501873785552	4138570871.6029134
1.2702360001127784	4154070889.625631
1.2718237951129194	4154174007.6317296
1.2734135748568105	4125582894.093883
1.2750053418253815	4110472067.03086
1.2765990985026632	4131916239.0385017
1.2781948473757916	4143457505.1402893
1.2797925909350112	4110774442.5600123
1.28139233167368	4024709636.92063
1.282994072088272	3963564406.3510427
1.2845978146783823	4000195022.46891
1.2862035619467302	4066801409.3683167
1.2878113163991636	4077426079.306795
1.2894210805446624	4036125438.830342
1.2910328568953433	4011995124.5955124
1.2926466479664624	4035590963.8185406
1.2942624562764204	4066092883.7429705
1.295880284346766	4071639262.5141616
1.2975001347021995	4057791241.199761
1.2991220098705771	4051798700.8809733
1.3007459123829153	4049168530.6897993
1.3023718447733938	4046664971.6582522
1.3039998095793606	4058869844.240623
1.3056298093413348	4066081032.3560157
1.3072618466030115	4057023654.7601643
1.3088959239112652	4049408946.2887964
1.3105320438161543	4041759695.779549
1.3121702088709244	4008254896.3589516
1.313810421632013	3978942032.4081354
1.315452684659053	3979677523.0803585
1.3170970005148768	4007022076.409081
1.3187433717655204	4029921536.3504686
1.3203918009802271	4021791391.597224
1.3220422907314524	4016357997.163938
1.3236948435948666	4031265861.6559
1.3253494621493602	4034353427.2269144
1.327006148977047	3996314402.5100904
1.3286649066632683	3928032958.916023
1.3303257377965971	3900333978.9924994
1.331988644968843	3914723078.3544936
1.333653630775054	3950088079.6287284
1.3353206978135228	3997200218.333951
1.3369898486857896	4007551110.617149
1.3386610859966468	3979482294.1824627
1.3403344123541427	3950506915.202311
1.342009830369585	3961490243.793091
1.3436873426575473	3994795776.527722
1.345366951835869	4010066178.853297
1.347048660525664	4008019702.7992983
1.348732471351321	3995505515.494694
1.35041838694051	3978485444.4169574
1.3521064099241855	3980956583.598952
1.3537965429365908	3980834049.885912
1.3554887886152616	3960808869.672529
1.3571831496010305	3951919502.5886292
1.3588796285380318	3941046352.582581
1.3605782280737042	3917164650.132507
1.3622789508587965	3904321069.584601
1.36398179954737	3900315557.358133
1.3656867767968042	3913705367.5880322
1.3673938852678	3931294664.7133045
1.3691031276243848	3939253217.346329
1.3708145065339152	3952603485.859303
1.3725280246670826	3957973090.931753
1.3742436846979165	3952892534.701583
1.3759614893037886	3948929325.6798935
1.3776814411654184	3947767655.308362
1.3794035429668752	3954402854.2855034
1.3811277973955836	3961008403.9171705
1.382854207142328	3947373701.249004
1.384582774901256	3902479626.8823004
1.3863135033698826	3873243916.820116
1.388046395249095	3893609170.2539907
1.389781453243156	3854535108.981346
1.3915186800597101	3741132527.8894677
1.3932580784097848	3723266664.5227137
1.3949996510077969	3786829115.7724853
1.3967434005715567	3820603829.235797
1.3984893298222711	3815368316.798554
1.4002374414845487	3792720732.239238
1.4019877382864046	3810468324.439104
1.4037402229592626	3847915950.5261993
1.4054948982379614	3852275458.41628
1.4072517668607587	3839396133.6845517
1.4090108315693348	3836000375.221505
1.4107720951087963	3830107293.9622407
1.4125355602276823	3799095137.0397234
1.414301229677967	3793718221.5126204
1.4160691062150645	3820184717.3749604
1.4178391925978333	3825249025.227174
1.4196114915885802	3814797339.758726
1.421386005953066	3798148645.6929984
1.4231627384605074	3771383058.1000385
1.424941691883583	3754030465.085053
1.4267228689984375	3757432122.560258
1.4285062725846855	3766459197.3117814
1.4302919054254162	3777104846.366133
1.4320797703071981	3799929257.7354693
1.4338698700200818	3810040569.7608433
1.435662207357607	3805147423.658465
1.4374567851168039	3816193292.194081
1.4392536060981997	3816477494.157553
1.4410526731058226	3801898778.909065
1.4428539889472047	3798467042.9489484
1.444657556433389	3802042425.105955
1.4464633783789307	3818081542.050707
1.4482714576019042	3834336813.033826
1.4500817969239066	3817382181.2784104
1.4518943991700615	3793451572.831901
1.453709267169024	3790038731.6533413
1.4555264037529851	3774984500.381867
1.4573458117576763	3776874591.73381
1.4591674940223736	3748942857.2290883
1.4609914533899013	3646189383.7929144
1.4628176927066388	3623712784.3708854
1.464646214822522	3667407908.1192646
1.4664770225910502	3683969873.2830462
1.4683101188692889	3702859435.3771243
1.4701455065178752	3699899606.918437
1.4719831884010226	3702974750.9979434
1.473823167386524	3730676652.108956
1.475665446345757	3743695327.865275
1.4775100281536893	3753720388.2481155
1.4793569156888815	3762281449.3041263
1.4812061118334923	3770704800.98626
1.4830576194732843	3789665233.4600773
1.4849114414976257	3795437808.952358
1.4867675807994976	3737095761.4893622
1.4886260402754972	3686909289.218249
1.4904868228258412	3741128008.9189744
1.4923499313543735	3824119097.456072
1.4942153687685666	3860732077.354291
1.4960831379795272	3863972611.1622553
1.4979532419020016	3862861464.3881884
1.499825683454379	3831340227.138667
1.501700465558697	3736489478.2998614
1.5035775911406453	3649756355.9940085
1.505457063129571	3667859573.7460375
1.5073388844584832	3769166664.428378
1.509223058064056	3841128443.82406
1.5111095868866362	3842720635.060953
1.5129984738702444	3796377284.5087843
1.5148897219625823	3779633530.1016335
1.5167833341150354	3832157920.012446
1.5186793132826792	3858960146.9121146
1.5205776624242824	3845585656.278532
1.5224783845023127	3848950127.0558085
1.5243814824829407	3857605089.839732
1.5262869593360442	3828241526.2450213
1.5281948180352143	3795240555.078725
1.530105061557758	3830840936.484001
1.5320176928847054	3870205647.5035157
1.5339327150008113	3856867280.3882184
1.5358501308945622	3848731740.304179
1.5377699435581802	3800315348.447471
1.539692155987628	3728844257.8813095
1.5416167711826123	3722920863.698417
1.5435437921465909	3786464906.9708962
1.5454732218867737	3890003217.4353046
1.5474050634141323	3942038262.0190716
1.5493393197434	3926060540.2105594
1.5512759938930791	3900430667.4175453
1.5532150888854455	3857370550.688519
1.5551566077465522	3774331812.8377743
1.5571005535062357	3702379993.047584
1.5590469291981182	3700722006.0070567
1.5609957378596158	3757213893.731496
1.5629469825319402	3793700578.1753387
1.5649006662601053	3816651012.261879
1.5668567920929302	3860553791.7160554
1.5688153630830464	3875040237.921994
1.5707763822869003	3830603488.2040524
1.5727398527647587	3767944377.747177
1.5747057775807147	3729220729.410115
1.5766741598026903	3648484074.7282715
1.5786450025024439	3590458702.307943
1.5806183087555719	3661488113.297447
1.582594081641516	3732747782.6648664
1.5845723242435679	3784010908.070245
1.5865530396488725	3778800286.7612677
1.5885362309484334	3638442158.715262
1.5905219012371192	3612822945.517678
1.5925100536136656	3793378866.973331
1.5945006911806823	3915474887.274165
1.5964938170446583	3835603969.859829
1.5984894343159641	3667344272.859439
1.6004875461088588	3622948113.3187227
1.602488155541495	3695753551.511139
1.6044912657359218	3715708890.3735604
1.6064968798180916	3694955432.1357603
1.608505000917864	3736232806.159907
1.6105156321690117	3801538811.5819907
1.612528776709223	3841059278.968814
1.6145444376801092	3840413769.5286474
1.6165626182272093	3773704396.2039475
1.6185833214999934	3603906221.6680775
1.6206065506518683	3449189438.12663
1.622632308840183	3488399480.3946886
1.624660599226233	3599624213.3724318
1.626691424975266	3706623895.5495353
1.6287247892564851	3808602011.9712048
1.6307606952430556	3826316092.4716883
1.6327991461121094	3802708011.571197
1.6348401450447496	3772617101.398493
1.6368836952260553	3707911657.843973
1.638929799845088	3596078279.6740537
1.6409784620948942	3504194846.5292635
1.6430296851725128	3516867101.5891232
1.6450834722789784	3559111974.888496
1.647139826619327	3611097078.531571
1.6491987514026012	3683406404.6248894
1.6512602498418545	3707829034.0560865
1.6533243251541565	3678679087.5738354
1.655390980560599	3671052567.2380986
1.6574602192863002	3688701406.6882467
1.6595320445604078	3644880072.413173
1.6616064596161082	3526891704.8725114
1.6636834676906282	3436696047.012911
1.6657630720252417	3438102706.05564
1.667845275865273	3489797748.2265196
1.6699300824601049	3523256071.111305
1.6720174950631799	3506277932.707429
1.6741075169320085	3497248438.7495008
1.6762001513281735	3523250502.4402304
1.678295401517334	3563732082.737749
1.6803932707692304	3551528232.142487
1.6824937623576919	3478123256.139888
1.6845968795606392	3409419076.8662004
1.6867026256600899	3364745547.669943
1.6888110039421647	3335526608.7934723
1.6909220176970923	3353308904.667538
1.6930356702192138	3435652538.8680096
1.695151964806988	3488145307.5320683
1.6972709047629964	3474233576.898666
1.6993924933939502	3434068117.891209
1.7015167340106927	3406410926.8123097
1.7036436299282058	3406936266.6818786
1.705773184465616	3359834937.57502
1.707905400946198	3268505747.041634
1.7100402826973808	3195507900.7305293
1.7121778330507527	3211830421.0362477
1.7143180553420658	3309489964.6261725
1.7164609529112433	3349807541.1988645
1.7186065291023824	3332552646.554158
1.7207547872637603	3302396822.0589533
1.72290573074784	3258606874.9255905
1.725059362911275	3253009404.3230314
1.7272156871149138	3273727002.875753
1.7293747067238074	3231974219.9141035
1.731536425107212	3139681452.9607944
1.733700845638596	3093891963.395793
1.7358679716956442	3119830795.46466
1.7380378066602638	3156853662.7304797
1.7402103539185891	3154179550.0231934
1.7423856168609873	3135808837.373357
1.7445635988820634	3148949811.598323
1.746744303380666	3160876271.386609
1.7489277337598916	3155712307.5386868
1.7511138934270916	3138079519.211158
1.7533027857938754	3092125221.4518723
1.7554944142761177	3073595109.3899016
1.7576887822939626	3085269515.312242
1.75988589327183	3055573088.3822236
1.76208575063842	3017217727.6433105
1.764288357826718	3027051452.056422
1.7664937182740013	3040318209.026403
1.7687018354218438	3035811601.5801806
1.770912712716121	3034190949.4148703
1.773126353607016	3028387080.141486
1.7753427615490247	2998692422.1852818
1.7775619400009608	2952798817.0137415
1.7797838924259624	2942112845.231076
1.7820086222914944	2938659303.210367
1.7842361330693588	2915780149.941972
1.7864664282356955	2920876690.5944996
1.78869951127099	2948711492.7599063
1.790935385660079	2952578328.191867
1.793174054892154	2929822069.584555
1.7954155224607689	2922375116.511747
1.7976597918638448	2922128432.6605606
1.7999068666036746	2890509975.521376
1.8021567501869293	2826947553.2713714
1.804409446124663	2789893035.029935
1.8066649579323186	2813460492.6501718
1.8089232891297338	2835713724.950184
1.8111844432411461	2823704846.836096
1.8134484237951976	2807182432.6166725
1.8157152343249414	2788640211.374848
1.8179848783678474	2766808593.7521286
1.8202573594658071	2763370432.10998
1.8225326811651397	2769298151.8996625
1.824810847016596	2759681107.3686485
1.8270918605753668	2714990079.534598
1.8293757254010856	2681207663.636984
1.831662445057837	2706737203.0386295
1.8339520231141593	2728026429.229859
1.836244463143052	2708735876.7142086
1.8385397687219809	2673841816.5269227
1.840837943432883	2631656776.7369404
1.8431389908621743	2612822060.3164873
1.8454429146007518	2627873042.2117863
1.8477497182440028	2637439038.0959067
1.8500594053918078	2631519434.3423343
1.8523719796485476	2608189203.6076064
1.8546874446231079	2581187011.838861
1.857005803928887	2572366058.486047
1.8593270611837978	2580942316.072213
1.8616512200102777	2582245039.4970584
1.8639782840352905	2567738259.261427
1.8663082568903346	2561765068.883862
1.8686411422114473	2562350533.4654126
1.8709769436392114	2539685025.9922304
1.8733156648187608	2485849675.4744496
1.875657309399784	2445556779.0090528
1.8780018810365335	2460667904.3285413
1.8803493833878293	2498252430.1582074
1.882699820117064	2493827806.839787
1.8850531948922105	2447122199.6418924
1.8874095113858254	2417020732.84767
1.8897687732750577	2403214917.7189536
1.8921309842416516	2384388251.47637
1.8944961479719535	2389275465.895535
1.8968642681569183	2401397396.3136683
1.8992353484921145	2401045084.0225806
1.9016093926777295	2398399857.51542
1.9039864044185768	2383302998.041102
1.9063663874241	2371804737.9644594
1.90874934540838	2365882360.046085
1.9111352820901404	2347667338.0019245
1.913524201192753	2341642330.4206624
1.9159161064442438	2346897116.2350397
1.918311001577299	2342424675.0382314
1.9207088903292706	2333662123.5592475
1.9231097764421823	2331378478.376051
1.925513663662735	2321365196.1538177
1.9279205557423134	2294552730.2576876
1.9303304564369912	2259034988.402973
1.9327433695075371	2235292288.2193007
1.9351592987194217	2244172824.1512847
1.9375782478428212	2257217348.887612
1.9400002206526246	2246743055.1713634
1.9424252209284403	2210524750.6013875
1.9448532524546007	2161752906.830333
1.947284319020169	2148549045.343856
1.949718424418944	2148132672.2988043
1.9521555724494677	2149729043.136621
1.9545957669150293	2181840208.4772735
1.957039011623673	2199218548.351781
1.9594853103882026	2180477927.842596
1.961934667026188	2147541069.823707
1.9643870853599705	2136866269.165644
1.9668425692166707	2153865728.466418
1.969301122428191	2154464941.965623
1.9717627488312266	2122856770.8606496
1.9742274522672654	2091791001.633213
1.9766952365825994	2065755109.624848
1.9791661056283276	2052072869.5397677
1.981640063260363	2070087838.4017131
1.9841171133394384	2065710223.7272465
1.9865972597311126	2033373056.5649126
1.9890805063057764	2032814089.9980922
1.9915668569386586	2025647615.724581
1.9940563155098319	2000157818.9348924
1.9965488859042193	1999838325.203476
1.9990445720115995	2013554073.0337567
2.001543377726614	2018761919.410052
2.0040453069487723	2010931821.3493156
2.006550363582458	2006647571.402539
2.009058551536936	2006759512.5626278
2.0115698747263573	2001646099.2262678
2.014084337069765	1991715103.99503
2.016601942491102	1978206009.4057186
2.0191226949192163	1959158375.5348096
2.021646598287865	1943032582.9472525
2.0241736565357247	1940132085.1659427
2.0267038736063943	1933491792.3210807
2.029237253448402	1914909129.5675325
2.0317738000152126	1908089487.6421378
2.0343135172652316	1903803372.142137
2.036856409161813	1890866519.2492418
2.039402479673265	1887756653.5516279
2.041951732772857	1892163385.736766
2.0445041724388227	1892841469.9753993
2.0470598026543714	1887487131.5488276
2.0496186274076895	1877186989.1005843
2.0521806506919487	1859742491.1678843
2.0547458765053137	1844056852.979212
2.057314308850945	1835160393.4550712
2.0598859517370087	1820687387.5986528
2.06246080917668	1799916246.2107391
2.065038885188151	1794088419.3602312
2.067620183794636	1801223702.1905982
2.0702047090243796	1796036021.1789818
2.0727924649106595	1789124494.071562
2.075383455491798	1788821119.389343
2.0779776848111626	1782879990.2311952
2.0805751569171766	1769780677.3865762
2.083175875863323	1753790790.3758662
2.085779845708152	1745792098.5640037
2.0883870705152874	1745462458.9834497
2.0909975543534314	1738235815.5546136
2.093611301296373	1727173585.3940444
2.0962283154229935	1720667625.1493526
2.098848600817272	1716875575.5662837
2.1014721615682936	1714672137.0624447
2.104099001770254	1711891701.2046616
2.1067291255224667	1702259634.9091408
2.10936253692937	1688850019.1786554
2.1119992401005314	1683504661.5645232
2.114639239150657	1676268592.3250098
2.1172825381995954	1659206567.096218
2.119929141372345	1648688993.2927518
2.1225790527990602	1645885249.8703823
2.125232276615059	1642968595.677383
2.1278888169608274	1641514447.85456
2.130548677982029	1639459262.529512
2.1332118638295063	1631496165.1932962
2.1358783786592928	1618890158.438496
2.1385482266326172	1614038970.896743
2.141221411915908	1613181199.0593154
2.1438979386808024	1605722936.619492
2.1465778111041534	1598069500.0094755
2.1492610333680338	1592890636.3259146
2.1519476096597434	1584630107.102698
2.1546375441718184	1575363928.5229983
2.157330841102033	1569345954.1757512
2.1600275046534105	1563598009.7295623
2.1627275390342273	1553999935.9868958
2.16543094845802	1537596585.2343178
2.168137737143592	1528854822.331297
2.1708479093150217	1531766557.687604
2.1735614692016654	1527779907.706068
2.1762784210381674	1507917164.5283382
2.178998769064465	1487986037.328332
2.1817225175257957	1488562668.0181575
2.184449670672703	1492721101.540681
2.187180232761044	1479143119.3539019
2.1899142080519947	1465964196.0814369
2.19265160081206	1472988666.1423986
2.1953924153130746	1480062088.2215188
2.198136655832216	1471742736.2155244
2.200884326652006	1457834986.0575647
2.203635432060321	1440942038.1441457
2.2063899763503967	1419237194.6309218
2.2091479638208344	1417421151.1901333
2.2119093987756107	1433751863.5094411
2.21467428552408	1436991926.7459652
2.217442628380985	1429097312.2933598
2.2202144316664616	1414833893.5997849
2.2229896997060443	1397233659.1326747
2.225768436830677	1382598983.6289036
2.2285506473767147	1374885475.44058
2.2313363356859357	1378616572.6731708
2.2341255061055434	1385715355.3336356
2.236918162988175	1380893530.4445763
2.23971431069191	1369391847.2004113
2.2425139535802754	1363896350.0955484
2.24531709602225	1359474403.7557707
2.248123742392278	1355224289.9623747
2.2509338970702686	1350925824.4247108
2.253747564441606	1340840906.738424
2.256564748897158	1334726033.8610716
2.2593854548332795	1329553213.7846646
2.262209686651821	1313943105.0967634
2.2650374487601357	1306444966.4812505
2.2678687455710858	1311725155.2349408
2.27070358150305	1312581052.7175426
2.2735419609799283	1307901922.6193602
2.276383888431153	1301917973.6434274
2.279229368291692	1290781223.3565505
2.2820784050020566	1277514791.2439797
2.2849310030083094	1275566150.90247
2.2877871667620697	1275897901.1314526
2.290646900720522	1225201526.4562247
2.293510209346423	1074023918.347292
2.2963770971081057	965527835.472811
2.299247568479491	1018336153.2895389
2.3021216279400902	1097618302.0049763
2.304999279975015	1117275662.2747116
2.3078805290749838	1114048424.601868
2.3107653797363277	1114312227.0045843
2.3136538364609978	1117188393.1935914
2.316545903756574	1119739865.1903894
2.3194415861362696	1090064227.2613373
2.32234088811894	973611369.4159485
2.3252438142290885	874418536.9519354
2.3281503689968748	904224468.055533
2.331060556958121	980509756.1711819
2.3339743826543184	1027331996.9432533
2.3368918506326364	1032129612.0590054
2.339812965445927	1018204545.4270577
2.342737731652734	1010058196.5337291
2.3456661538173003	1005694041.4102985
2.348598236509572	990951812.2758509
2.3515339843052088	905349871.2101922
2.35447340178559	802475484.4034686
2.357416493537822	813450079.248104
2.3603632641547443	875097202.8418106
2.3633137182349375	905206186.4746771
2.366267860382731	933862318.0201954
2.3692256952082094	954094891.6156169
2.37218722732722	942386993.2562115
2.375152461361379	925847310.7755789
2.3781214019380803	923150996.6471101
2.381094053690503	878457714.7099705
2.384070421257616	787582956.0503154
2.387050509284188	765236419.8829542
2.390034322420793	808970305.0556769
2.393021865323819	839282363.7842474
2.3960131426554736	865423259.6763309
2.399008159083793	891003351.489198
2.402006919282648	900535871.201296
2.405009427931751	896155886.5239491
2.408015689716666	893253230.3487992
2.411025709328811	867593432.7093643
2.414039491465472	783121372.6393663
2.417057040829804	729589543.4799644
2.420078362130841	762861099.5290484
2.423103460083505	805007889.9685683
2.426132339408609	826929952.5312834
2.42916500483287	841463308.4668815
2.432201461088911	844629619.5943495
2.4352417129152717	835928477.2674695
2.438285765056416	832104246.3722572
2.441333622262736	834797145.4605558
2.444385289290565	803322716.0974427
2.447440770902178	741726969.9025735
2.4505000718658057	726357465.6919588
2.4535631969556375	754030906.2074541
2.456630150951832	775651352.9963948
2.459700938640522	790808037.7296004
2.4627755648138225	799544546.2502552
2.4658540342698396	803599222.7114288
2.468936351812677	805865551.9054116
2.4720225222524426	805751296.4092638
2.475112550405258	799400591.7149056
2.4782064410932647	758461890.6520411
2.481304199144631	698505266.5414124
2.484405829393562	662520845.5147861
2.4875113366803037	639451178.1326885
2.490620725851154	628759015.7246926
2.4937340017584684	589682797.5639437
2.4968511692606663	467053569.65894794
