#wavelength	surface_flux
0.6450077295303345	1609710908.3287442
0.6472567915916443	2414469261.788033
0.6494921445846558	2894535319.050091
0.6517150402069092	3076883732.286971
0.6539263725280762	3256605472.181805
0.6561272740364075	3353222512.9270945
0.6583186388015747	3408308977.968427
0.6605015397071838	3450718753.1676717
0.6626768708229065	3477475862.8261847
0.6648455858230591	3480742231.3859873
0.6670085787773132	3457014435.311732
0.6691668033599854	3334131500.1650887
0.6713210344314575	3088996967.978874
0.6734722256660461	2864943202.756878
0.6756211519241333	2671196113.045328
0.6777685880661011	2444070216.8305507
0.6799154281616211	2219692353.556209
0.6820623278617859	1967410332.2892783
0.6842101216316223	1662226281.6823876
0.6863595843315125	1415060651.1339371
0.688511312007904	1299705550.0592706
0.6906660795211792	1364300495.171988
0.6928245425224304	1648124561.1483433
0.6949873566627502	1957756530.9314332
0.6971551775932312	2078931336.572799
0.6993286609649658	2124754166.0788553
0.7015084028244019	2366233895.051343
0.7036949396133423	2913066994.283141
0.7058889269828796	3455896267.818266
0.7080909013748169	3677621058.794444
0.710301399230957	3703866303.688149
0.712520956993103	3660664841.9321733
0.7147500514984131	3603254117.1247563
0.7169892191886902	3689055082.028653
0.7192389369010925	3823759503.7433605
0.7214996814727783	3890027171.6907325
0.723771870136261	3958313825.812985
0.7260559797286987	4000973283.0355988
0.7283523678779602	4028253315.4133654
0.7306615710258484	4045569955.5802836
0.7329838871955872	4020361443.904084
0.7353196740150452	3991248056.249406
0.7376693487167358	3985341025.166278
0.7400332689285278	3998910216.9863296
0.7424117922782898	4020543448.5442166
0.7448052167892456	4044770827.07894
0.7472138404846191	4078446180.402123
0.7496379613876343	4119205608.82575
0.7520779371261597	4160385057.2330027
0.7545340061187744	4202570882.3472357
0.7570064663887024	4253039102.988524
0.7594954967498779	4304545450.062033
0.7620013952255249	4328160547.482537
0.7645244002342224	4222253796.9853096
0.7670646905899048	4059417762.2261877
0.7696225643157959	4089719007.1475177
0.7721980810165405	4283842288.0051575
0.7747915983200073	4440875115.837746
0.7774031162261963	4505022771.029456
0.7800329327583313	4518024263.369478
0.7826811671257019	4512331707.4808035
0.7853479981422424	4517817059.095683
0.7880334854125977	4540752333.444961
0.7907378077507019	4561415480.81927
0.7934610247612	4581000047.994593
0.7962033748626709	4606008320.346306
0.7989648580551147	4629280970.93233
0.801745593547821	4645125572.233809
0.8045456409454346	4654744908.508272
0.8073651194572449	4664785784.036313
0.8102040886878967	4678225515.230745
0.8130625486373901	4683069303.360862
0.8159406185150146	4607121757.419894
0.8188382983207703	4470998714.028757
0.8217556476593018	4514704933.400247
0.8246926665306091	4673419617.009467
0.8276493549346924	4726264143.020407
0.8306257724761963	4712273161.782815
0.8336219191551208	4674822425.22775
0.8366377949714661	4596441547.56306
0.8396733403205872	4498319850.711162
0.8427285552024841	4459763198.343751
0.8458034992218018	4541085287.327482
0.8488980531692505	4639054848.202114
0.8520121574401855	4640068001.223781
0.8551458716392517	4645172763.262056
0.8582990765571594	4717577336.192006
0.8614717125892639	4751131679.782993
0.8646637797355652	4680110015.260023
0.8678751587867737	4604765034.542129
0.8711057901382446	4635028323.452108
0.8743556141853333	4709727302.02371
0.87762451171875	4733887868.264951
0.8809124231338501	4722392948.144123
0.8842192888259888	4730745870.768267
0.8875449895858765	4759852559.088396
0.8908893465995789	4775823887.523682
0.894252359867096	4786980658.618636
0.8976338505744934	4794395591.26403
0.9010337591171265	4796750135.309242
0.9044519662857056	4802548305.329466
0.9078882932662964	4807918810.983786
0.9113426208496094	4815631169.370836
0.914814829826355	4826877793.697144
0.9183048605918884	4842819572.910416
0.9218124747276306	4880806498.23701
0.925337553024292	4915784277.773559
0.9288799166679382	4917695725.315762
0.9324395060539246	4911346880.022827
0.9360161423683167	4911545257.63188
0.9396095871925354	4910417808.14291
0.943219780921936	4907745641.969421
0.9468464851379395	4905641509.497795
0.9504896402359009	4895413298.64159
0.9541489481925964	4867166867.408187
0.9578243494033813	4826744440.428642
0.9615156054496765	4745304642.843603
0.9652225375175476	4639145845.490928
0.9689450263977051	4593220008.334666
0.9726828336715698	4610948120.231341
0.9764357805252075	4644726335.435784
0.9802037477493286	4704724586.475348
0.983986496925354	4779838827.021789
0.9877838492393494	4758519496.461417
0.9915955662727356	4645541238.097852
0.9954215884208679	4599896582.318876
0.9992615580558777	4623046037.077832
1.0031154155731201	4629310218.100569
1.0069829225540161	4630065978.866188
1.0108637809753418	4638065104.761989
1.0147579908370972	4636717066.407112
1.018665075302124	4628467252.169949
1.022585153579712	4616070250.975003
1.0265177488327026	4588626372.40527
1.0304628610610962	4561860714.996446
1.0344202518463135	4545161887.086794
1.0383895635604858	4545139559.187365
1.0423706769943237	4561482120.402431
1.0463634729385376	4568426742.492913
1.0503677129745483	4561019991.548713
1.0543830394744873	4555521698.468644
1.058409333229065	4548072785.851229
1.0624464750289917	4540216407.37203
1.0664942264556885	4530201389.16055
1.0705522298812866	4519363138.791283
1.0746204853057861	4518203247.334315
1.0786986351013184	4521018438.383924
1.0827864408493042	4520720022.987604
1.086883783340454	4513312263.533467
1.0909905433654785	4500476522.396351
1.0951062440872192	4481874780.71551
1.0992310047149658	4462110007.104324
1.10336434841156	4445775775.422118
1.1075061559677124	4430163514.517561
1.1116561889648438	4414032929.717376
1.115814208984375	4401408302.523728
1.1199802160263062	4389547791.639362
1.124153733253479	4377204698.53406
1.1283347606658936	4364137038.200762
1.1325229406356812	4336190215.633441
1.1367181539535522	4273128035.3091593
1.1409201622009277	4224623903.2040076
1.145128846168518	4250100629.382357
1.1493438482284546	4284030422.429221
1.1535650491714478	4277540904.151138
1.1577922105789185	4253769234.9681144
1.1620250940322876	4229366901.5178156
1.1662636995315552	4214199461.755178
1.170507550239563	4202485457.107714
1.174756646156311	4183938486.8018174
1.1790107488632202	4157344523.135077
1.1832695007324219	4134777982.5447335
1.1875330209732056	4119132568.087217
1.191800832748413	4105520921.2948275
1.1960728168487549	4084975118.0740156
1.2003488540649414	4075944502.0356336
1.2046287059783936	4085007174.3911743
1.2089121341705322	4082949540.161864
1.2131990194320679	4073066327.4209666
1.2174891233444214	4063274131.5564995
1.2217823266983032	4051144689.7806826
1.2260783910751343	4038361931.5209694
1.230377197265625	4024308714.409656
1.2346785068511963	4007700694.450744
1.238982081413269	3988481075.8992834
1.2432878017425537	3970277604.573021
1.2475954294204712	3956765271.2224307
1.2519049644470215	3943518504.2268696
1.256216049194336	3930114533.522451
1.2605286836624146	3916922755.1862683
1.2648425102233887	3902474163.870438
1.2691574096679688	3888828164.2100353
1.2734732627868652	3874796333.679611
1.2777899503707886	3854266879.534542
1.2821072340011597	3823710021.619547
1.2864248752593994	3802583898.641021
1.2907428741455078	3797356714.261497
1.2950609922409058	3792094257.8966246
1.2993791103363037	3781472039.5335073
1.303696870803833	3764756338.831565
1.3080145120620728	3736176052.4512944
1.3123314380645752	3697527499.497474
1.3166478872299194	3679181141.493954
1.3209635019302368	3676933485.1753807
1.3252781629562378	3653224227.6822295
1.3295916318893433	3584614415.679898
1.3339040279388428	3463652409.5728674
1.3382149934768677	3354240544.734283
1.3425244092941284	3303561775.881454
1.3468321561813354	3282281350.996597
1.3511382341384888	3266823301.221016
1.3554422855377197	3256400022.9866133
1.3597444295883179	3252423348.04648
1.3640443086624146	3252864354.5142746
1.3683418035507202	3257585242.460048
1.3726370334625244	3260881266.0744486
1.3769296407699585	3259631921.743084
1.381219506263733	3243766603.086365
1.3855066299438477	3207679379.8721724
1.3897908926010132	3155276774.909702
1.3940720558166504	3105038161.1505194
1.3983501195907593	3077822184.7454224
1.4026249647140503	3067872084.0100737
1.4068963527679443	3047026661.33042
1.4111642837524414	3002964690.387428
1.4154287576675415	2962282392.0890007
1.419689416885376	2937196599.234957
1.4239463806152344	2916231692.5242643
1.4281994104385376	2901644526.2906203
1.4324485063552856	2896060081.882578
1.436693549156189	2887883789.9226184
1.440934419631958	2877203955.3541365
1.4451709985733032	2867600591.329525
1.449403166770935	2857331934.3750396
1.453631043434143	2847114490.8806205
1.4578542709350586	2833361399.317237
1.4620729684829712	2811975786.3219886
1.4662868976593018	2786178264.9921427
1.4704961776733398	2765302755.932521
1.4747005701065063	2752965352.0908327
1.4788999557495117	2740912814.7450786
1.4830944538116455	2728496211.953133
1.4872838258743286	2718383826.4818773
1.491468071937561	2708717957.6317706
1.4956470727920532	2700610132.9692197
1.4998208284378052	2687243570.7794347
1.5039892196655273	2672555482.606922
1.5081522464752197	2665871990.12987
1.5123097896575928	2657933087.988067
1.5164618492126465	2645838126.2661934
1.5206083059310913	2636596540.1359243
1.5247491598129272	2623956480.94694
1.5288842916488647	2607355069.033133
1.5330137014389038	2593027436.605194
1.5371372699737549	2578949083.0147
1.541254997253418	2562360989.5582776
1.545366883277893	2549015612.403021
1.5494728088378906	2538408840.938939
1.5535727739334106	2523704221.461371
1.5576666593551636	2509911434.2357664
1.561754584312439	2499281688.1046147
1.5658363103866577	2488059799.90904
1.5699119567871094	2474868613.5760007
1.5739814043045044	2462030548.993895
1.5780447721481323	2451392193.4293404
1.582101821899414	2440207233.418587
1.5861525535583496	2425883809.3971696
1.5901970863342285	2410207083.6327715
1.5942351818084717	2397330191.1091876
1.5982669591903687	2385869342.542106
1.6022924184799194	2370615695.8227596
1.606311559677124	2353938852.7385364
1.6103241443634033	2338960381.11773
1.6143304109573364	2324154068.370427
1.6183301210403442	2308036072.481591
1.6223233938217163	2292521009.3651605
1.6263102293014526	2279018670.522797
1.6302905082702637	2265399427.4584384
1.634264349937439	2250610104.4993467
1.638231635093689	2235917829.4817777
1.6421923637390137	2221188543.510591
1.646146535873413	2205896272.176787
1.6500942707061768	2190561497.0926514
1.6540353298187256	2175906645.307641
1.6579699516296387	2161297901.5745783
1.661897897720337	2146020922.4331498
1.6658192873001099	2130961240.5491016
1.6697341203689575	2116336898.827105
1.6736423969268799	2102303876.428936
1.677544116973877	2088553427.444555
1.6814392805099487	2073995141.1174138
1.6853278875350952	2057681430.750635
1.6892099380493164	2040270519.652177
1.6930854320526123	2023350603.0725806
1.696954369544983	2006528511.4537222
1.7008168697357178	1989703564.164255
1.7046726942062378	1971791691.82602
1.708522081375122	1951403875.1931934
1.712364912033081	1930615369.4843488
1.7162011861801147	1910410792.7757642
1.7200311422348022	1892466429.8543985
1.723854422569275	1877148476.5193324
1.7276713848114014	1860537556.756679
1.731481909751892	1841864196.763432
1.7352858781814575	1822968900.6417174
1.7390835285186768	1804635952.4809132
1.7428747415542603	1787003118.2363594
1.7466596364974976	1769393482.9145515
1.7504380941390991	1750513628.1114311
1.7542102336883545	1729681498.5608494
1.7579760551452637	1710473120.5146804
1.7617355585098267	1695163988.2315829
1.7654887437820435	1678309879.2620385
1.7692357301712036	1657850495.63869
1.7729763984680176	1638935446.129849
1.776710867881775	1622080616.173999
1.7804391384124756	1604732936.763512
1.7841613292694092	1586096763.7310934
1.7878772020339966	1570298676.3985403
1.7915871143341064	1558224946.9543078
1.7952908277511597	1544725740.598291
1.7989884614944458	1528052434.0137086
1.8026801347732544	1512831499.7232914
1.806365728378296	1503278871.240153
1.8100452423095703	1494554949.7661052
1.8137187957763672	1486643092.9335737
1.817386507987976	1473580657.4402528
1.8210482597351074	1460450861.0141003
1.8247040510177612	1458117180.6951962
1.828354001045227	1453701046.689094
1.8319982290267944	1443426800.4571013
1.8356364965438843	1432563848.1467223
1.8392690420150757	1420912861.917565
1.8428958654403687	1403048425.4942958
1.8465168476104736	1382373288.025045
1.8501322269439697	1371369167.4034023
1.8537418842315674	1357423728.23772
1.8573459386825562	1329810500.7579718
1.860944390296936	1316498904.6434999
1.864537239074707	1326281732.7091634
1.8681244850158691	1333234986.1608708
1.871706247329712	1325228329.0729027
1.8752825260162354	1314670378.7344885
1.8788533210754395	1314078247.2627356
1.8824186325073242	1319493191.0799387
1.8859784603118896	1319106074.9227905
1.8895330429077148	1308785839.6063275
1.8930821418762207	1299584112.313414
1.8966259956359863	1299616315.504624
1.9001644849777222	1300507536.2811384
1.9036977291107178	1294529080.1109798
1.9072256088256836	1286428503.018462
1.9107483625411987	1281204359.300348
1.9142658710479736	1277607385.675076
1.9177782535552979	1270047668.0455027
1.9212853908538818	1259181033.4321382
1.9247875213623047	1249660538.9609556
1.9282845258712769	1232540735.104321
1.9317764043807983	1213442288.9410098
1.9352631568908691	1214872279.5043828
1.9387450218200684	1215441898.8262947
1.942221760749817	1194022031.5819798
1.9456936120986938	1166761217.297213
1.9491604566574097	1158049906.5429657
1.952622413635254	1165178700.2209444
1.956079363822937	1172552535.7192597
1.959531545639038	1174655135.3768032
1.962978720664978	1169578582.0736806
1.966421127319336	1166246105.1553931
1.9698586463928223	1160360373.3189385
1.9732913970947266	1137420548.9955592
1.9767193794250488	1097527248.5545576
1.9801424741744995	1083175841.3561544
1.9835609197616577	1097947436.9527087
1.9869745969772339	1099175674.5853968
1.990383505821228	1094726080.0162535
1.9937876462936401	1097948202.7693098
1.9971871376037598	1097228272.3170114
2.000581979751587	1093494587.2652156
2.003972291946411	1091914840.0351906
2.007357597351074	1084901497.7909377
2.0107386112213135	1074551679.0535243
2.0141148567199707	1070482653.3169644
2.017486572265625	1067623153.2341657
2.0208535194396973	1064752855.089685
2.0242159366607666	1061018333.3941517
2.027573823928833	1051972369.5108176
2.0309269428253174	1047992894.7920506
2.034275770187378	1047948966.4084169
2.0376198291778564	1043622374.7793547
2.040959596633911	1038798799.5156386
2.044294595718384	1033765894.9293197
2.0476250648498535	1029173415.0212948
2.0509510040283203	1026024415.4000129
2.054272413253784	1022657635.4269377
2.057589530944824	1020667572.1995469
2.0609018802642822	1015581438.9613492
2.0642096996307373	1007962066.4962506
2.0675129890441895	1006065290.6600302
2.0708119869232178	1004401979.3026412
2.074106216430664	999148931.3407128
2.0773961544036865	995898105.1599525
2.080681324005127	992914129.5041393
2.0839622020721436	988065373.2539487
2.087238311767578	983785026.2688509
2.090510129928589	981320048.5842373
2.0937774181365967	978319684.2942963
2.0970399379730225	973493063.4316341
2.1002981662750244	969846556.6861994
2.1035518646240234	966980418.1394823
2.1068007946014404	963176266.1470542
2.1100454330444336	959396694.3539113
2.1132853031158447	956116909.3777975
2.116520881652832	952298226.9894005
2.1197516918182373	948724055.5765473
2.1229779720306396	945591004.5894982
2.12619948387146	940872702.039504
2.1294167041778564	936140711.4084638
2.132629156112671	933406993.2242705
2.1358368396759033	930117693.8577273
2.139039993286133	925259587.0621268
2.1422386169433594	921951418.0099169
2.145432472229004	919921526.3121427
2.1486217975616455	915430145.3836442
2.151806354522705	910303370.4151207
2.1549863815307617	907268021.583844
2.1581614017486572	904332058.9943142
2.16133189201355	900395867.5131023
2.1644976139068604	896597461.5802786
2.167658567428589	893265063.769012
2.1708147525787354	889270157.9863662
2.173966407775879	884716948.2696434
2.1771130561828613	880292861.0354356
2.1802549362182617	876429031.5245469
2.183391809463501	873148396.8320549
2.1865241527557373	869736477.8671923
2.1896514892578125	866021953.1647806
2.1927738189697266	862410900.7184575
2.1958916187286377	859079202.6627151
2.1990041732788086	855487354.0635728
2.2021119594573975	851244952.8298554
2.2052149772644043	846965654.3247352
2.208312749862671	843452250.1347709
2.2114057540893555	840552479.8487039
2.214493751525879	837398553.9441906
2.217576742172241	833504315.0427958
2.2206547260284424	829634855.0914266
2.2237277030944824	826608577.4558756
2.2267956733703613	823371361.1225766
2.2298583984375	819673794.2154516
2.2329163551330566	816079304.025185
2.235969066619873	812584375.8517143
2.2390167713165283	809551727.7863259
2.2420592308044434	806315376.6896745
2.2450966835021973	802872294.3059016
2.248128890991211	799571227.3686371
2.2511560916900635	796169064.2164643
2.254178285598755	792874340.613877
2.257194995880127	789681911.4061047
2.260206699371338	786334217.3498974
2.2632133960723877	782855589.289526
2.266214609146118	779812175.0313481
2.2692108154296875	776793424.3407134
2.2722020149230957	773560064.8209575
2.2751877307891846	770722532.645886
2.278168201446533	767545363.852211
2.2811436653137207	764070432.4782507
2.284113883972168	761273257.9779432
2.287078857421875	758856942.9512053
2.290038824081421	755069884.5570076
2.2929933071136475	748877715.6550841
2.295942783355713	743473348.6198008
2.298887014389038	740752302.5850532
2.301826238632202	738687967.1383711
2.304760217666626	736331003.53638
2.3076889514923096	733593270.9426637
2.310612440109253	730598206.4994606
2.3135311603546143	727448058.8665965
2.3164443969726562	724547884.0206857
2.319352865219116	721641254.1743691
2.322256088256836	717205096.6967794
2.3251543045043945	713062583.9033237
2.328047275543213	710664018.7578994
2.330935478210449	708315401.7703748
2.3338186740875244	706086310.6907924
2.3366971015930176	703846735.5988613
2.3395702838897705	700923488.7497345
2.3424389362335205	697876968.2612336
2.3453025817871094	695591610.3779873
2.348161458969116	693698830.1617976
2.351015567779541	689477364.4640563
2.353865146636963	684702312.7259098
2.3567099571228027	681997165.0641917
2.3595502376556396	679780850.9942975
2.3623859882354736	678596324.3478639
2.3652172088623047	677367689.6181167
2.368043899536133	674670751.195209
2.370866537094116	673010968.45514
2.3736846446990967	671423454.8920473
2.3764986991882324	668069759.4931479
2.3793084621429443	664301091.6064705
2.3821144104003906	659722751.6887115
2.384916305541992	655063665.7604337
2.387714147567749	652361728.2105638
2.3905084133148193	651789535.1792909
2.393299102783203	651065889.3089176
2.3960859775543213	648426655.7264496
2.398869514465332	644491536.9060999
2.4016497135162354	639980677.2643471
2.4044265747070312	635779520.1895083
2.407200336456299	631726199.1030217
2.409970998764038	627725930.4262617
2.4127390384674072	624315753.8387791
2.415503978729248	621628542.7495725
2.418266534805298	618770880.9974004
2.4210267066955566	614917443.781872
2.4237842559814453	610787471.2705206
2.426539897918701	606946991.8747616
2.429293394088745	604282071.0068471
2.4320452213287354	601126011.299231
2.4347951412200928	595627868.9791138
2.4375438690185547	592077623.9996557
2.440291166305542	590685482.6273749
2.443037271499634	586474258.7528664
2.445782423019409	582890058.1753398
2.4485268592834473	580691603.5531518
2.451270818710327	573599596.3625702
2.454014539718628	566805695.4753422
2.4567582607269287	570279615.6784743
2.4595019817352295	567507377.9710826
2.4622461795806885	561750447.6752852
2.4649908542633057	563225338.0677314
2.4677364826202393	557854351.8833449
2.4704833030700684	553130425.5436934
2.473231554031372	547037928.2465131
2.4759814739227295	542499206.9836209
2.4787333011627197	543901300.9847932
2.481487512588501	541324488.7776715
2.4842441082000732	541867419.6546066
2.4870035648345947	535910077.79527646
2.4897661209106445	523401701.83167785
2.492532253265381	526203302.4244796
2.495302200317383	530835505.5319585
2.4980762004852295	525533866.8456199
2.500854969024658	522158939.60776085
2.50363826751709	514462031.6290806
2.506427049636841	508777207.79164684
2.509221315383911	515021404.8592026
2.512021541595459	512023353.8007559
2.5148282051086426	503781588.1256023
2.517641544342041	506062744.9705652
2.5204622745513916	507656288.76505864
2.5232906341552734	502427518.6825492
2.5261268615722656	498281035.2366995
2.5289716720581055	500122681.7269646
2.531825542449951	501409510.4632922
2.534688949584961	494326055.83462095
2.537562131881714	487283341.23057884
2.540445566177368	487372232.55601203
2.5433402061462402	488072948.1871014
2.546246290206909	488611073.0243345
2.549164056777954	487629953.03728014
2.5520944595336914	453493515.24424636
2.5550382137298584	359186681.7399883
