#wavelength	surface_flux
0.20002000200020004	0.015779669964366062
0.20202020202020204	0.001618014742542218
0.20404040404040405	5.2146271035093505
0.20608080808080811	6.815292698452324
0.2081416161616162	0.15978718260529431
0.21022303232323236	0.0019658079584477448
0.2123252626464647	0.005059106185224997
0.21444851527292932	0.004077739159555094
0.21659300042565863	0.005604741788281661
0.21875893042991518	0.007893680840576253
0.22094651973421434	0.17396763094573658
0.22315598493155647	0.8407368509585843
0.22538754478087206	0.024819549184343228
0.22764142022868078	0.02980393491694729
0.22991783443096764	0.04178844095130439
0.2322170127752773	0.2746204895468722
0.23453918290303008	10.354919942581262
0.23688457473206034	0.6775053972359774
0.23925342047938097	485.83178213893456
0.24164595468417477	401.70746803691804
0.24406241423101652	2.267432711741142
0.2465030383733267	0.08386009045924031
0.24896806875705996	0.2393030330560134
0.25145774944463056	0.366886909255386
0.2539723269390769	0.4637612326270369
0.2565120502084676	74.38641699050827
0.25907717071055236	3.105700369055029
0.2616679424176579	2.967885539177955
0.26428462184183443	60.001165523408645
0.2669274680602528	259.07072709238764
0.2695967427408553	57.64826826301041
0.2722927101682639	11.433263841527028
0.2750156372699465	7.081386125306452
0.277765793642646	15.313738403487504
0.28054345157907246	24.887076622760546
0.28334888609486314	13.789788874062747
0.2861823749558118	6.021255577893162
0.2890441987053699	16337.33892893629
0.2919346406924236	274.4424201554303
0.29485398709934785	39.1568923748412
0.2978025269703413	47.83799257494305
0.30078055224004474	63.4680399721608
0.3037883577624452	78.34238377957789
0.30682624134006964	243.21854008840407
0.3098945037534704	12508.851251188897
0.31299344879100505	17044.704038677508
0.3161233832789151	84034.47014960904
0.31928461711170425	802.4911783989612
0.32247746328282134	724.7913491655908
0.3257022379156495	3468.581655763699
0.32895926029480604	413.22840961365495
0.33224885289775413	1846.645181094873
0.3355713414267316	83814.67691227658
0.33892705484099894	203768.6055708396
0.3423163253894089	86987.23946182603
0.34573948864330306	1036.3296460462225
0.3491968835297361	1804.333254441641
0.35268885236503345	28346.575021395525
0.3562157408886838	74585.66386422931
0.3597778982975706	14261.14101082305
0.36337567728054637	5798.502905417528
0.3670094340533518	520981.91316615965
0.37067952839388535	7539.81603431092
0.3743863236778242	6026.991028107309
0.37813018691460243	35581.04567518746
0.3819114887837484	15221.10986522106
0.3857306036715859	11256.67489851472
0.3895879097083018	12072.322550077164
0.3934837888053848	117266.47589959044
0.39741862669343864	230686.11978081177
0.4013928129603731	149418.31250004368
0.4054067410899768	30179.43317937243
0.40946080850087657	137963.86510387345
0.41355541658588535	111092.52337739711
0.4176909707517442	122874.62135690318
0.42186788045926166	81981.85063411998
0.4260865592638543	120436.42867331891
0.43034742485649286	119091.89310486359
0.4346508991050578	131197.5181012468
0.43899740809610827	114533.9790625346
0.4433873821770694	141362.29363310258
0.4478212559988401	138755.42856264336
0.4522994685588285	193353.2939777496
0.4568224632444168	232979.0197073629
0.461390687876861	262598.94326554355
0.4660045947556296	249036.30285782646
0.4706646407031859	286887.521284019
0.47537128711021776	351010.9314813177
0.4801249999813199	359583.1207020931
0.4849262499811331	279145.99294430687
0.4897755124809444	254819.65576647985
0.4946732676057539	219789.26463333538
0.4996200002818115	116359.06335484318
0.5046162002846296	41198.19670797581
0.509662362287476	35181.569485505206
0.5147589859103506	25284.636559312254
0.5199065757694541	20657.264792453392
0.5251056415271487	14335.991342627001
0.5303566979424201	10135.251645370057
0.5356602649218444	7157.400167928293
0.5410168675710628	5069.201701521545
0.5464270362467735	3587.47413683862
0.5518913066092412	2537.774689150205
0.5574102196753337	1791.1172493072522
0.562984321872087	1223.7416751438577
0.5686141650908079	787.6220268068436
0.574300306741716	450.2125933536757
0.5800433098091331	208.32876593583222
0.5858437429072244	53.95397611967107
0.5917021803362967	47.67871099467622
0.5976192021396597	389.4588175444913
0.6035953941610562	1436.5001708431942
0.6096313481026668	3920.9510353324426
0.6157276615836935	9085.225288282134
0.6218849381995305	18992.083234644146
0.6281037875815257	36871.71445721681
0.634384825457341	70199.1334319322
0.6407286737119144	128719.28226085207
0.6471359604490335	221282.8501235662
0.653607320053524	361865.39953095006
0.6601433932540591	562219.3098081173
0.6667448271865998	746739.2021447314
0.6734122754584658	880146.6331526785
0.6801463982130505	1720596.414878444
0.6869478621951809	2017626.1284111654
0.6938173408171328	1692766.3125175417
0.7007555142253041	1791437.5340608633
0.7077630693675572	2070772.1201250895
0.7148407000612327	2305026.454376342
0.721989107061845	2397615.8123573437
0.7292089981324635	2223148.5258486737
0.7365010881137881	1680537.9943004092
0.7438660989949261	1203443.383007297
0.7513047599848753	791797.8122368011
0.7588178075847241	386712.22287327773
0.7664059856605713	43903.146374918484
0.7740700455171771	208811.9031356719
0.7818107459723488	842775.1782580619
0.7896288534320723	2015743.855206698
0.797525141966393	2997409.5318162655
0.8055003933860571	5246946.577448428
0.8135553973199174	7740713.133968417
0.8216909512931168	11127590.761708712
0.8299078608060478	14848068.626599729
0.8382069394141084	18694459.20937811
0.8465890088082494	22129610.81896731
0.855054898896332	21583477.825287014
0.8636054478852954	22055326.372938912
0.8722415023641482	22571912.98900533
0.8809639173877897	28887552.184947487
0.8897735565616677	33686428.713322796
0.8986712921272842	38142100.283091374
0.9076580050485573	48730089.10473302
0.9167345850990428	54935490.727583945
0.9259019309500333	47496242.53612493
0.9351609502595335	38392654.46343848
0.9445125597621289	43179832.76788589
0.9539576853597501	44188446.581563935
0.9634972622133476	41570299.58387168
0.9731322348354812	44049755.918514825
0.9828635571838359	50342626.78467818
0.9926921927556744	56840315.92650771
1.0026191146832313	68124515.09683263
1.0126453058300635	85762214.1132579
1.022771758888364	94496535.7286184
1.0329994764772477	104716378.22387104
1.0433294712420202	114912311.37575465
1.0537627659544404	91965575.63587452
1.0643003936139848	96495566.12283625
1.0749433975501248	113878183.03633413
1.085692831525626	135707582.45137903
1.0965497598408822	106626431.86138338
1.107515257439291	93548460.90433171
1.118590410013684	82317730.49845111
1.1297763141138208	83491238.53859001
1.141074077254959	73757366.77428474
1.1524848180275087	79696528.16573384
1.164009666207784	78751507.12541774
1.1756497628698617	69305808.07395688
1.1874062604985602	84280459.51235533
1.1992803231035458	98518242.52946773
1.2112731263345813	121543675.90569162
1.2233858575979273	145934696.14364702
1.2356197161739064	167175064.3736943
1.2479759133356456	165808927.22117412
1.260455672469002	191026898.36538243
1.2730602291936919	209747638.87406597
1.2857908314856288	213836440.6865029
1.2986487398004853	205880952.7876454
1.3116352271984901	186944991.57918155
1.324751579470475	143053560.34790894
1.33799909526518	48935331.39942316
1.3513790862178316	31578504.943009928
1.36489287708001	24377443.284889936
1.37854180585081	23265460.116505504
1.392327223909318	24371582.57268555
1.4062504961484112	21916500.220313367
1.4203130011098954	18948006.39858451
1.4345161311209944	20803587.72884257
1.4488612924322044	26254674.71368829
1.4633499053565264	29801208.367368355
1.4779834044100917	32428332.84726727
1.4927632384541927	38797449.00425771
1.5076908708387347	44506473.03494725
1.522767779547122	53485397.86929931
1.5379954573425931	60271023.48489459
1.553375411916019	70097898.37094672
1.5689091660351793	82511596.61670369
1.584598257695531	96213973.99154878
1.6004442402724866	110297800.58218122
1.6164486826752111	112820962.21483281
1.6326131695019634	117647962.84804381
1.648939301196983	135623678.5461287
1.6654286942089531	136445689.34523973
1.6820829811510425	146403555.75843072
1.6989038109625527	130490798.98281841
1.7158928490721785	106686788.79847662
1.7330517775629002	88157852.01117547
1.7503822953385295	77924697.611692
1.7678861182919146	62161105.8855954
1.785564979474834	49497670.15599699
1.8034206292695822	41809890.760826714
1.8214548355622782	40471375.21819349
1.8396693839179008	34434605.02798573
1.8580660777570799	29227312.01431215
1.8766467385346508	33054701.58186411
1.895413205919997	35119143.97155748
1.9143673379791972	37367272.13470078
1.933511011358989	34458930.543224074
1.952846121472579	35315853.621029854
1.972374582687305	35855419.40263867
1.9920983285141778	36347191.8972974
2.0120193117993197	39806228.48760078
2.032139504917313	45818868.25595492
2.052460899966486	52501945.76319206
2.072985508966151	58962332.608214796
2.0937153640558126	64589968.479340345
2.1146525176963706	70349819.28075947
2.1357990428733347	72326238.06375317
2.1571570333020675	70017358.46942143
2.178728603635088	63063433.57549869
2.2005158896714394	41490374.55511832
2.222521048568154	39962285.71639748
2.2447462590538354	32453173.377828036
2.267193721644374	26837876.396107703
2.2898656588608173	19636735.402928792
2.3127643154494253	21410587.038228065
2.3358919586039195	13189972.40216477
2.3592508781899593	16841596.468412235
2.3828433869718584	14425039.144543609
2.406671820841577	20332055.31865261
2.4307385390499934	19540801.29319435
2.455045924440493	20341839.950604353
2.479596383684898	20195778.11233222
2.504392347521747	19108119.18312395
2.5294362709969644	17356302.183894828
2.554730633706934	15618457.759878034
2.5802779400440037	14936840.93158708
2.6060807194444435	16556152.560482621
2.632141526638888	17503351.69893997
2.658462941905277	17664125.768273074
2.6850475713243296	14328445.87525323
2.711898047037573	14953328.12226879
2.739017027507949	16742598.779731702
2.7664071977830282	16280749.809157902
2.7940712697608587	15910796.697440146
2.8220119824584673	17461371.510629807
2.850232102283052	16831367.956138127
2.8787344233058825	18259562.689840395
2.9075217675389413	17363476.309156913
2.9365969852143308	18489487.85675884
2.965962955066474	19006797.04779294
2.9956225846171387	19327325.483797558
3.02557881046331	18814289.347305436
3.0558345985679436	15613054.704160921
3.086392944553623	11768062.613228172
3.117256873999159	8752912.250975376
3.148429442739151	6627174.255883497
3.179913737166542	5572108.588559697
3.211712874538208	5395088.054505835
3.24383000328359	6099725.2713561775
3.276268303316426	7620826.976416605
3.30903098634959	5493925.932123432
3.342121296213086	3326282.296635267
3.375542509175217	6197725.446536562
3.4092979342669696	6635752.490652465
3.4433909136096386	5946840.269245031
3.477824822745735	6400199.849549167
3.5126030709731926	7201798.761561487
3.547729101682924	7509542.261350158
3.583206392699754	8920093.898436593
3.6190384566267513	10807002.580164375
3.655228841193019	13781278.628821526
3.691781129604949	17746217.37296831
3.7286989409009985	21191536.49181891
3.765985930310009	24152826.967366733
3.803645789613109	26618468.210226588
3.84168224750924	29711309.101112004
3.8800990699843325	30674395.63343555
3.9189000606841757	30948797.45423294
3.958089061291018	29856728.83881596
3.997669951903928	28000182.563624077
4.037646651422967	26207721.681172155
4.078023117937197	23216507.54582647
4.118803349116569	21850462.9620285
4.159991382607735	20657030.409218743
4.201591296433812	17225033.485965587
4.24360720939815	13630741.06402456
4.286043281492132	10738251.434167925
4.328903714307053	9077901.24933271
4.3721927514501235	9340000.053068139
4.415914678964625	9010320.551650463
4.460073825754272	8458492.327600954
4.504674564011814	8186916.329159401
4.549721309651932	7916029.24598204
4.595218522748452	8083733.402064767
4.6411707079759354	8475218.502979934
4.6875824150556955	8750511.326251518
4.734458239206252	8200933.140514102
4.781802821598315	7796950.245996423
4.829620849814298	7862828.368353087
4.877917058312441	7556473.999382395
4.926696228895565	7724747.058173538
4.975963191184522	7877465.266202036
5.025722823096366	7922222.325257786
5.07598005132733	8398759.212288948
5.126739851840604	8095634.578317721
5.17800725035901	8075290.283081819
5.2297873228626	7996326.227601626
5.282085196091226	7850605.916643541
5.334906048052138	7633598.052827439
5.38825510853266	7287985.475110979
5.442137659617987	6599278.561221721
5.496559036214166	6790822.7613513535
5.551524626576308	6272001.693768237
5.607039872842071	6330951.150920748
5.663110271570492	6021563.890384024
5.719741374286197	5742469.156065765
5.776938788029059	5767927.052487412
5.834708175909349	5019719.375468098
5.8930552576684425	5277267.2227633195
5.9519858102451275	5289811.754795587
6.011505668347579	5207798.42592638
6.071620725031054	5072832.980628966
6.1323369322813654	5094998.952143989
6.193660301604179	5127340.346061906
6.25559690462022	5172472.516662667
6.318152873666423	5102967.346832532
6.381334402403088	4454219.587558199
6.445147746427118	3683936.3406915856
6.509599223891389	3557631.81663039
6.574695216130303	3518799.172284411
6.640442168291606	3437511.9195147133
6.706846589974522	3524363.3480380652
6.773915055874268	3339546.138150522
6.84165420643301	3172217.086071348
6.910070748497342	3242434.278695339
6.979171455982314	3078430.8136364343
7.048963170542137	2747347.771547987
7.119452802247559	2505678.657747319
7.190647330270035	2244377.4260274437
7.262553803572735	1998573.0013172594
7.3351793416084625	1830975.2726757335
7.408531135024546	1755859.7920906737
7.482616446374793	1820222.210395638
7.557442610838541	1927579.564685753
7.633017036946926	1906162.5630761723
7.709347207316395	1487630.2798207956
7.7864406793895595	1385163.528241077
7.864305086183456	1496113.8589130887
7.94294813704529	1600993.347097273
8.022377618415742	1640723.0332533598
8.102601394599901	1680011.9069177366
8.183627408545899	1624112.6594702683
8.265463682631358	1635634.7647140129
8.348118319457672	1634137.00970407
8.431599502652249	1674793.155400872
8.51591549767877	1689247.3042935552
8.60107465265556	1735585.2503533808
8.687085399182115	1771034.6389457372
8.773956253173935	1808524.7456460828
8.861695815705676	1854068.4487956825
8.950312773862732	1864172.6610056323
9.03981590160136	1889327.4778481277
9.130214060617373	1919666.998156009
9.221516201223547	1942157.7797309817
9.313731363235782	1924955.0042800233
9.40686867686814	1914380.5726733136
9.50093736363682	1882787.2554371248
9.59594673727319	1898603.9947239559
9.691906204645923	1862333.4080001677
9.788825266692383	1828117.6009822364
9.886713519359306	1741329.909801521
9.985580654552898	1736515.6623634682
10.085436461098427	1688352.0318449265
10.186290825709412	1644304.3527841812
10.288153733966507	1525918.2744122453
10.39103527130617	1422064.9023389632
10.494945624019232	1388316.5734047657
10.599895080259426	1367621.5618478484
10.70589403106202	1369179.2989263367
10.81295297137264	1334429.5654786844
10.921082501086367	1239021.1678128804
11.03029332609723	1204210.9282360498
11.140596259358203	1188881.3802392024
11.252002221951786	1161537.665032899
11.364522244171303	1137950.9696808408
11.478167466613016	1100991.7264290117
11.592949141279146	1030099.2708908183
11.708878632691938	958986.0594818151
11.825967419018857	947643.2133840672
11.944227093209046	928540.2541595852
12.063669364141138	896958.0781743819
12.184306057782548	857644.9524462667
12.306149118360374	810191.2042520288
12.429210609543977	756277.4985939944
12.553502715639418	720375.79001444
12.679037742795812	703182.3108402475
12.80582812022377	687415.9837978556
12.933886401426008	664396.8089745247
13.063225265440268	631934.2104651176
13.193857518094672	593349.9417403421
13.325796093275617	564438.5759051485
13.459054054208375	545075.1656904048
13.59364459475046	529573.393640913
13.729581040697964	501146.2364099957
13.86687685110494	478994.48706292955
14.005545619615992	462529.6428505693
14.145601075812152	437679.92100275145
14.287057086570274	415929.03348966996
14.429927657435975	396585.06121047586
14.574226934010337	378959.25621037645
14.71996920335044	363572.9529722929
14.867168895383944	349158.43341915845
15.015840584337784	335847.19204103376
15.165998990181162	328922.5762636013
15.317658980082975	319730.3187230049
15.470835569883805	303348.31281945837
15.62554392558264	292859.81619023
15.78179936483847	284784.0736002348
15.939617358486855	277359.762552928
16.099013532071723	268756.6894587454
16.26000366739244	258599.21355055674
16.422603704066365	243916.48422042784
16.586829741107028	233863.9450659657
16.752698038518098	233022.3985901099
16.920225018903277	225144.54961771733
17.08942726909231	213718.3537646534
17.260321541783235	204140.9729542988
17.432924757201068	195870.86215282293
17.60725400477308	190137.22653133833
17.78332654482081	184302.29404329477
17.961159810269017	178236.0494105633
18.14077140837171	172603.09412311867
18.322179122455424	166917.53416806992
18.505400913679978	158307.4354301432
18.69045492281678	149665.0907068229
18.877359472044947	146249.5602997324
19.066133066765396	142361.56957220501
19.25679439743305	132899.1015187706
19.449362341407383	124470.98504665785
19.643855964821455	121593.47207805858
19.84029452446967	118882.75027138251
20.038697469714368	115441.10717243675
20.23908444441151	111770.8017305824
20.441475288855624	107611.74157952606
20.64589004174418	103221.9128300304
20.852348942161626	98213.73816451602
21.060872431583242	93443.67716898517
21.271481155899075	90370.50462058152
21.484195967458067	87485.79927131874
21.699037927132647	84326.36292404888
21.916028306403973	81067.89689081449
22.13518858946801	77547.18737465619
22.356540475362692	73886.30366051373
22.58010588011632	71468.86276348802
22.805906938917484	70391.02089360163
23.03396600830666	68758.13211983562
23.264305668389728	65529.53437390051
23.496948725073622	62279.7352493934
23.73191821232436	60236.47481943378
23.969237394447603	58517.172663093
24.20892976839208	56438.103411641176
24.451019066076	53952.28191968634
24.695529256736762	51432.87787503655
24.942484549304126	48841.464856255385
25.191909394797168	46216.95561183451
25.44382848874514	44754.62442568944
25.698266773632593	44439.91687961563
25.95524944136892	43935.09985980882
26.214801935782607	41908.97739782162
26.476949955140434	39530.223373570225
26.741719454691836	37775.58387688536
27.00913664923876	37415.84452116513
27.279228015731146	37096.17734943009
27.552020295888457	35363.433758716965
27.82754049884734	32523.76365120824
28.105815903835815	29758.35317111191
28.386874062874174	28856.877655135064
28.670742803502918	28656.01561824219
28.957450231537948	28378.034661988662
29.24702473385333	27415.248688085656
29.539494981191858	26279.26006334971
29.83488993100378	25115.236724224607
30.133238830313815	23815.335761270486
30.434571218616956	22477.08990300363
30.73891693080312	21221.7308052073
31.04630610011116	20835.147481000757
31.35676916111227	20657.398284708837
31.67033685272339	20447.201304978895
31.987040221250624	19612.44244781237
32.30691062346313	18524.299629728957
32.629979729697766	17425.418389043454
32.95627952699474	16711.15115872625
33.285842322264685	16356.583191272408
33.61870074548734	15998.469544144025
33.95488775294221	15531.294546873078
34.29443663047163	14719.249407489151
34.63738099677634	13873.2251634383
34.98375480674411	13028.678138812978
35.33359235481156	12494.676903461175
35.68692827835967	12108.418751921843
36.043797561143265	11718.298018867119
36.404235536754705	11327.136041562124
36.76827789212225	10943.26853041433
37.13596067104347	10556.69858464541
37.507320277753905	10166.262939418799
37.88239348053145	9795.607073398602
38.26121741533676	9456.900208269628
38.643829589490124	9115.162952377821
39.03026788538503	8769.999718524969
39.42057056423888	8407.442797174908
39.81477626988127	8028.618844086809
40.212924032580084	7646.006651467826
40.61505327290588	7259.572920569275
41.02120380563494	6972.961230243291
41.4314158436913	6785.359443826231
41.84573000212821	6595.881639545
42.26418730214949	6404.509057220959
42.686829175170985	6196.455101892625
43.113697466922694	5957.519022351058
43.54483444159192	5715.446156324762
43.98028278600784	5470.952561638202
44.42008561386792	5229.784813201082
44.864286470006604	5029.519749411937
45.31292933470666	4836.145066587268
45.76605862805373	4640.836636934348
46.22371921433427	4443.575122984899
46.685956406477615	4268.446924986429
47.15281597054239	4129.641042773951
47.62434413024781	3989.9196568022367
48.10058757155029	3848.801056970806
48.581593447265796	3706.33041110503
49.06740938173846	3570.8193153759453
49.55808347555584	3439.905225358618
50.0536643103114	3307.681994441117
50.55420095341451	3174.136531214442
51.059742962948654	3039.3643155684263
51.57034039257814	2932.240340123661
52.08604379650393	2846.6792406862464
52.60690423446896	2760.2625302544584
53.13297327681366	2672.981652718353
53.66430300958179	2584.827966406887
54.20094603967762	2493.052327647132
54.74295550007439	2394.184141470571
55.290385055075134	2294.093490274306
55.84328890562588	2193.0019325660787
56.401721794682146	2090.899459280769
56.96573901262897	1988.6636170188863
57.535396402755254	1917.7786413557596
58.11075036678282	1862.4679323911787
58.69185787045063	1806.6041163369525
59.278776449155146	1750.1816621221842
59.87156421364669	1693.1949833652677
60.47027985578317	1635.3202159113614
61.074982654341	1571.0153676943066
61.68573248088441	1503.8747132128167
62.30258980569325	1436.0626521865127
62.92561570375018	1367.5724705499456
63.554871860787685	1298.3973870970124
64.19042057939556	1228.5305528095496
64.83232478518951	1177.9351490117083
65.4806480330414	1147.4000536897083
66.13545451337183	1116.5611318981653
66.79680905850554	1085.4138208887066
67.46477714909061	1053.9550367691536
68.13942492058152	1022.1816648084052
68.82081916978733	989.9311670579145
69.5090273614852	954.6856549010985
70.20411763510006	918.1339245163707
70.90615881145106	881.2166768277957
71.61522039956557	843.9302566623355
72.33137260356122	806.2709722952209
73.05468632959683	768.2350950844344
73.7852331928928	729.9150467607222
74.52308552482174	700.9335754260011
75.26831638006996	678.134510146648
76.02099954387064	655.1074542145018
76.78120953930936	631.8501277230336
77.54902163470246	608.360227966651
78.32451185104948	584.6354292127045
79.10775696955997	560.6733824712184
79.89883453925557	537.1567690001789
80.69782288464813	520.5924200723825
81.50480111349462	505.7803285846511
82.31984912462956	490.8201161820424
83.14304761587586	475.7103016554075
83.97447809203462	460.4493889835062
84.81422287295497	445.03586718488594
85.66236510168451	429.46821016827965
86.51898875270136	413.744876581507
87.38417864022837	399.11282254024024
88.25802042663065	385.6115719753156
89.14060063089697	371.975382067885
90.03200663720594	358.2028302613802
90.932326703578	344.29255293681047
91.84164997061377	330.24317283899495
92.76006647031991	316.0532989402012
93.68766713502312	301.72152630241953
94.62454380637335	287.24643593826
95.57078924443708	274.99323057490045
96.52649713688146	266.70387785512736
97.49176210825027	258.4034559682061
98.46667972933277	250.02002986241567
99.4513465266261	241.5527694955673
100.44585999189236	233.00083652505037
101.45031859181128	224.36338422482828
102.46482177772941	215.63955740160407
103.4894699955067	206.82849231014757
104.52436469546177	197.92931656777643
105.56960834241639	189.98743331603032
106.62530442584054	184.17301214453624
107.69155747009896	178.3714294877618
108.76847304479993	172.51183100441963
109.85615777524795	166.59363653624405
110.95471935300044	160.61626012338664
112.06426654653043	154.57910994640076
113.18490921199574	148.481588267645
114.3167583041157	142.32309137210171
115.45992588715684	136.103009507603
116.61452514602843	129.8207268244592
117.7806703974887	124.02189779387726
118.9584771014636	120.29094661292174
120.14806187247824	116.73620181739822
121.34954249120301	113.14590957391944
122.56303791611505	109.51971440800583
123.78866829527621	105.85725729043313
125.02655497822894	102.15817560168469
126.27682052801126	98.42210309604877
127.53958873329137	94.64866986535651
128.81498462062427	90.83750230235732
130.10313446683054	86.9882230637281
131.4041658114988	83.1004510327126
132.71820746961382	79.17510287821446
134.04538954430996	76.23680222473621
135.38584343975307	74.1592391216609
136.7397018741506	72.06090038755482
138.1070988928921	69.94157826610768
139.48816988182102	67.80106292344605
140.88305158063923	65.63914242735787
142.29188209644562	63.455602726308754
143.7148009174101	61.25022762824914
145.1519489265842	59.02279877920893
146.60346841585002	56.77309564167834
148.06950310000855	54.50089547277241
149.5501981310086	52.20597330217742
151.0457001123187	49.88810190987653
152.55615711344188	47.54705180365263
154.08171868457632	45.440599735318145
155.6225358714221	44.186231165614565
157.1787612301363	42.990895449232646
158.75054884243767	41.78360637568688
160.33805433086204	40.56424441140567
161.94143487417065	39.33268882748164
163.56084922291237	38.08881768771838
165.1964577151415	36.83250783655747
166.84842229229292	35.56363488688496
168.51690651521585	34.282073207715726
170.20207558036802	32.9876959117548
171.9040963361717	31.68037484283426
173.6231372995334	30.359980563224536
175.35936867252875	29.026382340818692
177.11296235925403	27.6794481361888
178.88409198284657	26.31904458951261
180.67293290267503	24.94503700736965
182.47966223170178	23.86781482988433
184.3044588540188	23.28957926167279
186.14750344255899	22.712975524148153
188.0089784769846	22.130605749248282
189.88906826175443	21.5424122765994
191.78795894437198	20.948336869224033
193.70583853381572	20.348320707774914
195.64289691915386	19.742304384711307
197.59932588834542	19.130227898417058
199.57531914722887	18.51203064725987
201.57107233870116	17.8876514235911
203.58678306208816	17.257028407685652
205.62265089270903	16.62009916162115
207.67887740163613	15.976800623096004
209.75566617565252	15.327069099185602
211.85322283740905	14.6708402600361
213.97175506578313	14.008049132495103
216.11147261644095	13.338630093678692
218.27258734260536	12.662516864474124
220.4553132160314	11.979642502977512
222.65986634819174	11.400811520652917
224.8864650116737	11.138605044777474
227.13532966179042	10.894344859575364
229.40668295840828	10.647642072521235
231.70074978799238	10.398472257596563
234.0177572858723	10.146810744522641
236.35793485873106	9.892632616317982
238.72151420731834	9.635912706831279
241.10872934939155	9.376625598249705
243.51981664288544	9.11474561858232
245.95501480931432	8.850246839118254
248.41456495740746	8.583103071859552
250.89871060698152	8.313287866928263
253.40769771305136	8.04077450994766
255.9417746901819	7.765536019397253
258.5011924370837	7.487545143941337
261.0862043614545	7.206774359730863
263.69706640506905	6.92319586767829
266.3340370691198	6.636781590705189
268.997377439811	6.347503170962354
271.68735121420906	6.055331967022093
274.4042247263512	5.760239051042428
277.1482669736147	5.462195205902969
279.9197496433508	5.161170922312116
282.71894713978435	4.857136395885348
285.5461366111822	4.57284121014071
288.40159797729405	4.459749397390533
291.28561395706697	4.381807776791959
294.1984700966376	4.3030867399874
297.14045479760404	4.223578492814793
300.11185934558006	4.143275163170464
303.1129779390359	4.0621688002296885
306.1441077184262	3.980251373659506
309.20554879561047	3.8975147728236212
312.2976042835666	3.813950805979379
315.4205803264023	3.7295511994666954
318.5747861296663	3.6443075968888814
321.760533990963	3.5582115582852913
324.9781393308726	3.471254559295665
328.22792072418133	3.3834279903161426
331.51019993142313	3.294723155646825
334.8253019307374	3.205131272630815
338.1735549500447	3.114643470784644
341.5552904995452	3.0232507909200113
344.97084340454063	2.9309441842567323
348.42055183858605	2.83771451152682
351.9047573569719	2.74355254206961
355.4238049305416	2.6484489529178266
358.9780429798471	2.552394327874525
362.56782340964554	2.455379156580792
366.193501643742	2.3573938335741214
369.8554366601794	2.258428657337383
373.5539910267812	2.158473829338278
377.289530937049	2.0575194530591814
381.06242624641953	1.9555555330172945
384.8730505088837	1.8525719737749875
388.7217810139726	1.7485585789402571
392.6089988241123	1.6435050501571815
396.5350888123534	1.5374009860862752
400.50043970047693	1.4478895370846974
404.50544409748176	1.4234126832347838
408.55049853845657	1.4049445083906358
412.6360035238411	1.386291651798047
416.7623635590795	1.367452266639532
420.9299871946704	1.3484244876294316
425.13928706661704	1.329206430829231
429.3906799372832	1.3097961934610274
433.68458673665606	1.2901918537191421
438.0214326040226	1.2703914705798385
442.40164693006284	1.2503930836091415
446.82566339936346	1.2301947127687372
451.29392003335715	1.209794358219929
455.8068592336907	1.1891900001256328
460.36492782602755	1.1683795984503942
464.9685771042879	1.1473610927584024
469.61826287533074	1.126132402009491
474.31444550408406	1.1046914243530905
479.0575899591249	1.0830360369201262
483.84816585871613	1.0611640956128319
488.68664751730336	1.0390734348924646
493.5735139924764	1.0167618675648935
498.5092491324012	0.994227184564047
503.4943416237252	0.971467154733192
508.5292850399624	0.9484795246040285
513.614577890362	0.9252620181735732
518.7507236692657	0.9018123366788137
523.9382309059583	0.8781281583691064
529.1776132150179	0.8542071382763016
534.4693893471681	0.8300469079825695
539.8140832406398	0.8056450753858998
545.2122240730462	0.7809992244632636
550.6643463137766	0.7561069150314006
556.1709897769144	0.7309656825052193
561.7326996746835	0.7055730376537758
567.3500266714304	0.6799264663538183
573.0235269381448	0.6540234293408609
578.7537622075262	0.627861361957774
584.5412998296015	0.6014376739008562
590.3867128278974	0.5747497489633693
596.2905799561764	0.5477949447765075
602.2534857557382	0.5205705925477772
608.2760206132956	0.49307399679675973
614.3587808194285	0.4653024350882316
620.5023686276229	0.4372531577626185
626.707392313899	0.40892338766374936
632.9744662370381	0.38031031986389086
639.3042108994085	0.3514111213860345
645.6972530084025	0.3222229309233995
652.1542255384866	0.292742858556138
658.6757677938715	0.26296798546520384
665.2625254718101	0.23412266130219628
671.9151507265283	0.22567153418001384
678.6343022337936	0.22453776830575434
685.4206452561316	0.22339266477275221
692.2748517086928	0.22223611020442016
699.1976002257798	0.22106799009040473
706.1895762280376	0.2198881887752491
713.251471990318	0.21869658944694198
720.3839867102212	0.21749307412535177
727.5878265773234	0.21627752365054562
734.8637048430967	0.2150498176709915
742.2123418915276	0.21380983463164177
749.6344653104428	0.2125574517618985
757.1308099635473	0.2112925450634579
764.7021180631828	0.21001498929803286
772.3491392438146	0.20872465797495351
780.0726306362528	0.20742142333864347
787.8733569426153	0.20610515635597024
795.7520905120415	0.20477572670347033
803.7096114171619	0.20343300275444537
811.7467075313335	0.20207685156593028
819.8641746066469	0.2007071388655299
828.0628163527133	0.1993237290381256
836.3434445162404	0.1979264851124472
844.7068789614029	0.19651526874751205
853.1539477510169	0.19508994021892748
861.6854872285271	0.19365035840505715
870.3023421008124	0.1921963807730481
879.0053655218205	0.19072786336471897
887.7954191770386	0.18924466078230656
896.673373368809	0.18774662617406998
905.6401071024972	0.186233611219751
914.6965081735223	0.18470546611588887
923.8434732552574	0.18316203956098814
933.08190798781	0.18160317874053838
942.4127270676881	0.18002872931188413
951.836854338365	0.17843853538894336
961.3552228817488	0.17683243952677313
970.9687751105662	0.17521028270598124
980.6784628616717	0.17357190431698147
990.4852474902884	0.17191714214409162
1000.3900999651916	0.1702458323494729
1010.3940009648434	0.16855780945690801
1020.4979409744917	0.16685290633541744
1030.7029203842367	0.165130954182712
1041.009949588079	0.1633917825084795
1051.4200490839598	0.1616352191175047
1061.9342495747994	0.15986109009262006
1072.5535920705474	0.15806921977748667
1083.279127991253	0.15625943075920187
1094.1119192711656	0.15443154385073427
1105.053038463877	0.15258537807318198
1116.103568848516	0.15072075063785415
1127.2646045370013	0.14883747692817303
1138.5372505823714	0.14693537048139513
1149.922623088195	0.14501424297014948
1161.421849319077	0.14307390418379137
1173.0360678122677	0.1411141620095696
1184.7664284903904	0.1391348224136057
1196.6140927752942	0.1371356894216821
1208.5802337030473	0.13511656509983933
1220.6660360400776	0.13307724953477806
1232.8726964004784	0.13101754081406625
1245.2014233644834	0.12893723500614723
1257.6534375981282	0.12683612614014908
1270.2299719741093	0.12471400618549094
1282.9322716938507	0.12257066503128622
1295.761594410789	0.12040589046553944
1308.7192103548969	0.11821946815413518
1321.806402458446	0.11601118161961692
1335.0244664830304	0.11378081221975346
1348.3747111478608	0.11152813912589138
1361.8584582593394	0.10925293930109069
1375.4770428419326	0.10695498747804194
1389.231813270352	0.10463405613676272
1403.1241314030556	0.10228991548207071
1417.1553727170863	0.09992233342083176
1431.3269264442572	0.09753107553898045
1445.6401957086996	0.09511590507831064
1460.0965976657867	0.09267658291303411
1474.6975636424445	0.09021286752610483
1489.444539278869	0.08772451498530624
1504.3389846716577	0.08521127891909969
1519.3823745183743	0.08267291049223105
1534.5761982635581	0.0801091583810937
1549.9219602461937	0.07751976874884499
1565.4211798486556	0.07490448522027379
1581.0753916471422	0.07226304885641695
1596.8861455636136	0.06959519812892148
1612.8550070192498	0.06690066889415106
1628.9835570894422	0.06417919436703293
1645.2733926603369	0.06143050509464362
1661.7261265869402	0.05865432892953042
1678.3433878528094	0.05585039100276612
1695.1268217313375	0.05301841369673417
1712.0780899486508	0.05015811661764186
1729.1988708481374	0.04726921656775864
1746.4908595566187	0.0443514275173766
1763.955768152185	0.04140446057649071
1781.595325833707	0.03842802396619597
1799.411279092044	0.03542182298979832
1817.4053918829645	0.032385560003636675
1835.5794458017942	0.02931893438761341
1853.935240259812	0.026221642515429907
1872.4745926624103	0.023093377724524564
1891.1993385890344	0.01993383028571017
1910.1113319749247	0.016742687372507635
1929.2124452946741	0.013519633030173082
1948.5045697476207	0.010272486155193676
