#wavelength (micron)	surface_flux (erg / (cm2 micron s))
0.40133895199999997	0.0030480756941243395
0.40267674850666674	0.003073525783309282
0.40401900433502225	0.0007167899384600448
0.4053657343494724	0.0008021511366995784
0.4067169534639707	0.005073806892756587
0.40807267664218394	0.020059121456806495
0.4094329188976579	0.05789216696207773
0.41079769529398347	0.13328568591928058
0.41216702094496344	0.2623697037022191
0.41354091101477997	0.46247684865093835
0.4149193807181627	0.740979104650133
0.41630244532055655	1.0918066268644147
0.41769012013829176	1.394110306463992
0.41908242053875283	1.1146326035462912
0.4204793619405487	0.4572848138183048
0.42188095981368384	1.1457943658866456
0.42328722967972954	3.7155199508461827
0.4246981871119953	6.317582084277305
0.42611384773570193	8.546554899622068
0.4275342272281543	10.957798067316894
0.4289593413189149	13.667792098626904
0.43038920578997797	16.76361662460641
0.4318238364759446	20.314194500325694
0.43326324926419774	24.360861606102652
0.4347074600950785	28.961543945702655
0.4361564849620621	34.180348383372454
0.43761033991193565	40.006278513113294
0.4390690410449755	46.372694002650015
0.44053260451512544	53.720251887994905
0.4420010465301759	61.81853799986487
0.44347438335194317	70.95941085521797
0.4449526312964497	81.75599273170651
0.44643580673410455	93.78216149770772
0.44792392608988496	106.93426733187921
0.4494170058435179	121.73517504514142
0.450915062529663	138.49839489444588
0.4524181127380953	155.95543191841043
0.45392617311388894	159.25972305031212
0.45543926035760196	127.3128259893765
0.45695739122546064	102.81673674858689
0.4584805825295456	50.55150011720633
0.46000885113797746	32.30995250136918
0.46154221397510403	29.11932883586458
0.4630806880216877	25.200338621915837
0.4646242903150934	21.552134025317702
0.4661730379494771	18.439430999125296
0.4677269480759754	15.747592969988274
0.4692860379028953	13.279161068980828
0.47085032469590504	11.070129707210992
0.4724198257782247	9.108215212364476
0.47399455853081884	7.394483541394316
0.4755745403925883	6.02414061994796
0.4771597888605636	4.946727612085263
0.47875032149009894	4.147821715253811
0.4803461558950659	3.410743649846578
0.48194730974804956	2.6992222993159034
0.48355380078054305	2.0844971346843377
0.4851656467831449	1.5951246667263344
0.48678286560575545	1.2902981768305686
0.4884054751577746	1.0919313971190265
0.4900334934083006	0.9367454668154874
0.4916669383863283	0.821511830569072
0.4933058281809494	0.7246341121269384
0.4949501809415526	0.6411873370953849
0.4966000148780246	0.5684242633579976
0.4982553482609513	0.4907365005708136
0.4999161994218212	0.42027461693813284
0.5015825867532273	0.35944970954722016
0.5032545287090715	0.31063671280899435
0.5049320438047684	0.29566363109952637
0.506615150617451	0.3165109503649344
0.5083038677861758	0.32970341799958114
0.5099982140121297	0.3432626536887675
0.5116982080588369	0.3591100412580963
0.5134038687523664	0.375272149012707
0.515115214981541	0.3934716528880568
0.5168322656981462	0.4103646242541099
0.5185550399171401	0.43331488273044894
0.5202835567168639	0.4545116707931544
0.5220178352392535	0.4736342994242205
0.5237578946900511	0.49189854910088204
0.525503754339018	0.5121007064069963
0.527255433520148	0.5326816469102643
0.5290129516318819	0.5536233393504799
0.5307763281373216	0.5766952800870688
0.532545582564446	0.60208669347062
0.5343207345063276	0.6277079165715159
0.5361018036213486	0.6523042592507221
0.5378888096334199	0.6788692725648752
0.5396817723321979	0.7041784749146573
0.5414807115733054	0.7291329338995878
0.5432856472785497	0.7635149974260468
0.545096599436145	0.7880675176832876
0.5469135881009322	0.8074272452497488
0.5487366333946019	0.8554907442167855
0.5505657555059172	0.9012072215022274
0.5524009746909371	0.9426999812980206
0.5542423112732402	0.9801937192402032
0.556089785644151	1.0191999771592573
0.557943418262965	1.057419698519845
0.5598032296571749	1.0921769793919485
0.5616692404226988	1.1226378591027624
0.5635414712241079	1.1518939280604403
0.5654199427948549	1.1726236977961426
0.5673046759375044	1.1531232843536507
0.569195691523963	1.129447503840938
0.5710930104957095	1.1513594630219086
0.5729966538640286	1.168886427174667
0.5749066427102419	1.1463216165235655
0.576822998185943	1.0978208384628922
0.5787457415132294	1.0600608877429036
0.5806748939849402	0.9950878446826741
0.58261047696489	0.9038419039573505
0.5845525118881064	0.7773096279848999
0.5865010202610669	0.509921523264495
0.588456023661937	0.17414250066711984
0.5904175437408102	0.15656195441992637
0.5923856022199464	0.5652070231493888
0.5943602208940129	1.1126383935289268
0.5963414216303263	1.63592310951559
0.598329226369094	2.1828619881416165
0.6003236571236578	2.8826157142693907
0.6023247359807368	3.7353682577772855
0.6043324851006725	4.746989058143602
0.6063469267176749	5.905619651038265
0.6083680831400672	7.184991506662604
0.610395976750534	8.64024691503593
0.6124306300063692	10.234977969044674
0.6144720654397238	12.06870658126106
0.6165203056578563	14.081393963576113
0.6185753733433824	16.369049334124227
0.6206372912545272	18.92058659115048
0.6227060822253756	21.73602809640599
0.6247817691661269	24.729972605939878
0.6268643750633474	27.514935314772636
0.6289539229802253	31.285231623821712
0.6310504360568261	36.030809567574565
0.6331539375103489	40.595327807405525
0.6352644506353834	47.034408927364765
0.6373819988041681	52.383028982717235
0.6395066054668487	57.221652531407656
0.6416382941517382	64.84767918873546
0.6437770884655775	70.1488777316273
0.6459230120937961	66.84130452519406
0.6480760888007754	73.73153219871003
0.6502363424301114	93.40802589490426
0.6524037969048785	107.62781172201532
0.6545784762278948	120.54320409047133
0.6567604044819878	132.9655928541819
0.6589496058302612	153.76838647599638
0.6611461045163621	174.39211422584154
0.66334992486475	202.92864165566723
0.6655610912809659	230.77249090334666
0.6677796282519025	267.4755072835946
0.6700055603460756	295.2678240570873
0.6722389122138959	333.8749276507161
0.6744797085879423	387.3454080369485
0.6767279742832354	425.880242997987
0.6789837341975129	456.98684307653315
0.6812470133115047	482.10019466909216
0.6835178366892097	497.9573679151972
0.6857962294781739	492.1539001479804
0.6880822169097679	465.6770453089617
0.6903758242994671	404.2360450388037
0.6926770770471321	299.684937420354
0.6949860006372892	299.67045998544785
0.6973026206394136	359.783707134826
0.6996269627082117	352.3017782605982
0.7019590525839058	304.02005585798554
0.7042989160925188	327.4846568792565
0.7066465791461606	364.08847318027654
0.7090020677433145	379.1742324160775
0.7113654079691256	395.0556403811539
0.7137366259956894	390.90995142796
0.7161157480823418	281.3138567827451
0.7185028005759496	196.1931430670805
0.7208978099112028	223.77165232701262
0.7233008026109069	274.8597658997382
0.7257118052862767	276.3329669362282
0.728130844637231	297.5580461918353
0.7305579474526884	266.63347765301813
0.7329931406108642	270.5802074867954
0.7354364510795671	279.0978667249895
0.7378879059164991	352.53829155396585
0.7403475322695541	467.45048171952646
0.7428153573771193	555.3347278636078
0.7452914085683765	607.5638403624747
0.7477757132636044	680.2446684902312
0.7502682989744831	708.841219765245
0.7527691933043982	738.5705356332392
0.7552784239487462	779.6403407026264
0.7577960186952422	814.0163211090863
0.7603220054242263	812.1991151129599
0.7628564121089738	695.4096001403964
0.7653992668160038	372.1837063478332
0.7679505977053904	217.23876421473668
0.7705104330310751	340.0992158350188
0.7730788011411788	670.738308497288
0.7756557304783162	964.6396870403896
0.7782412495799106	1108.8646569204057
0.7808353870785104	1170.122976699008
0.7834381717021055	1322.9092778523134
0.7860496322744459	1323.802299634271
0.7886697977153608	1471.3200703612636
0.7912986970410787	1835.1447375898888
0.793936359364549	1904.8307994310571
0.7965828138957642	1925.3763057952651
0.7992380899420836	2157.2344753265097
0.8019022169085571	2475.4414184341163
0.8045752242982523	2715.3736504571407
0.80725714171258	2715.345130604497
0.809947998851622	2062.7011569845045
0.8126478255144608	1364.7479087169918
0.8153566515995091	1144.8394332982118
0.8180745071048409	1669.8851494138269
0.8208014221285237	2471.079560323022
0.8235374268689521	2554.2232579891097
0.8262825516251822	3186.3095106487995
0.8290368267972661	3094.4486256933096
0.8318002828865904	2922.5009650449633
0.8345729504962124	2664.173008344469
0.8373548603311998	2817.553723432519
0.8401460431989706	4104.430305757687
0.8429465300096338	4409.893705705741
0.8457563517763327	5111.036824666976
0.8485755396155872	5940.829128945447
0.8514041247476393	6524.598647724767
0.8542421384967981	7396.578479557922
0.8570896122917875	8456.403825646647
0.8599465776660935	9467.955036373918
0.8628130662583139	10092.952868557932
0.8656891098125085	10498.646375907847
0.8685747401785502	10520.872061938706
0.8714699893124788	10452.602067944947
0.8743748892768537	10683.37537795812
0.8772894722411099	10883.981804576566
0.8802137704819137	10335.916218401766
0.8831478163835201	9152.642910229883
0.8860916424381319	6318.924407793695
0.8890452812462591	2345.310470635158
0.89200876551708	599.4116351568852
0.8949821280688037	929.6335513540954
0.8979654018290332	1011.3256642387679
0.90095861983513	1071.2528009905654
0.9039618152345804	2354.604670341094
0.9069750212853626	2334.3267996579407
0.9099982713563137	2755.503995690715
0.9130315989275016	4206.721811373078
0.9160750375905932	4642.387748728168
0.9191286210492287	8282.857729058336
0.9221923831193928	14851.535049758451
0.9252663577297908	11432.726165487562
0.9283505789222235	3414.4488460368357
0.9314450808519644	274.1547362971357
0.9345498977881376	194.81254877057188
0.9376650641140981	799.4485967891567
0.940790614327812	1952.9029816488248
0.9439265830422381	2213.230238871129
0.9470730049857122	2359.7681615600673
0.9502299150023314	1500.894303094559
0.9533973480523392	1309.7774469801295
0.9565753392125138	1607.5664257182857
0.9597639236765556	1388.612249666622
0.9629631367554774	975.7365820233578
0.9661730138779958	4298.434743068312
0.9693935905909224	8942.111235128206
0.972624902559559	9786.52865652288
0.9758669855680909	7549.422966496369
0.9791198755199847	7533.308351528338
0.9823836084383848	6610.24496040393
0.9856582204665127	9148.49444230587
0.9889437478680678	12602.481958498636
0.9922402270276282	12190.323486621948
0.9955476944510537	12378.529586875753
0.9988661867658906	12862.56052206497
1.002195740721777	11744.351062561094
1.0055363931908496	13441.514561300637
1.0088881811681525	15372.918173689426
1.0122511417720463	16819.261014586296
1.01562531224462	10636.707263160928
1.019010729952102	5586.366726009422
1.0224074323852759	6324.071716251325
1.0258154571598936	11225.184249637728
1.0292348420170931	13978.652250924284
1.0326656248238169	11158.832506206694
1.0361078435732296	7963.250807042859
1.0395615363851405	16193.866928142445
1.0430267415064245	31959.325103824776
1.0465034973114462	38738.77997962525
1.0499918423024843	35634.82103905719
1.0534918151101593	55630.74719029278
1.05700345449386	88790.8815884968
1.0605267993421728	104957.17141678938
1.0640618886733135	111858.97606804133
1.067608761635558	109306.9433586431
1.0711674575076766	107827.38776942043
1.0747380156993689	95965.40547566011
1.0783204757517002	79113.98115726057
1.0819148773375393	71892.61332366568
1.085521260261998	62510.68524294846
1.0891396644628712	52807.96710699472
1.092770130011081	37320.84166785777
1.0964126971111179	18911.969416396696
1.1000674061014886	12796.237415187414
1.10373429745516	9559.970319071124
1.1074134117800107	2720.3221278351452
1.1111047898192774	761.3016543261468
1.1148084724520084	494.13457445829306
1.1185245006935154	290.3709721567749
1.1222529156958272	305.46005354790134
1.1259937587481466	314.09922839392107
1.1297470712773072	310.495651872635
1.1335128948482316	151.24601056163746
1.1372912711643925	400.917091833165
1.1410822420682738	939.7337102252528
1.1448858495418348	679.1913437477463
1.1487021357069744	205.79112217645692
1.1525311428259977	58.752658563090336
1.1563729133020846	14.156916197733247
1.1602274896797582	6.540723707977481
1.1640949146453576	106.96992006780822
1.1679752310275089	364.3552274246703
1.1718684817976006	175.14673280018994
1.1757747100702594	54.425764782937925
1.1796939591038271	228.42010778675214
1.1836262723008397	217.76652718637365
1.1875716932085094	150.0013652553003
1.1915302655192046	201.8260327804729
1.1955020330709352	478.7103555842867
1.1994870398478386	1184.7452851897378
1.2034853299806647	1522.7620630992
1.207496947747267	1393.750382895865
1.2115219375730912	1735.729323195328
1.2155603440316685	1984.5710406405517
1.2196122118451074	2700.562997888962
1.2236775858845912	3643.243332579209
1.2277565111708733	9168.88539015885
1.2318490328747762	14819.35266062856
1.2359551963176922	19908.401474615624
1.2400750469720847	36243.857186554495
1.2442086304619917	57974.69926005011
1.248355992563532	71723.5049556539
1.2525171792054102	73634.07047006112
1.2566922364694284	88573.00361339358
1.2608812105909932	123870.91450483481
1.2650841479596302	156738.4541199147
1.2693010951194956	186862.8242172766
1.273532098769894	151740.65208326283
1.2777772057657937	85074.12985544998
1.2820364631183463	50653.971936401365
1.2863099179954076	26578.17489375615
1.2905976177220593	17679.445122252015
1.2948996097811327	16013.587682631978
1.2992159418137368	14443.329479021535
1.3035466616197826	11251.447956878856
1.3078918171585154	8235.471519656268
1.3122514565490437	3721.9720575268884
1.3166256280708741	3711.53470716403
1.3210143801644436	4121.090172583028
1.3254177614316587	3264.3302844477494
1.329835820636431	1488.0636761550286
1.3342686067052192	621.639435818524
1.33871616872757	283.63866083022356
1.343178555956662	68.18710153472078
1.347655817809851	10.5519753764924
1.352148003869217	4.494521538351148
1.3566551638821147	2.134337399439618
1.3611773477617217	0.4377292847935039
1.3657146055875944	0.3528626630247354
1.3702669876062197	0.3832003617022082
1.3748345442315741	1.7452227936466533
1.3794173260456792	2.722978864068137
1.384015383799165	0.731261163874903
1.388628768411829	1.0344147386260285
1.3932575309732018	1.877843965980417
1.3979017227431125	3.1231181404774624
1.4025613951522564	8.914291399834553
1.407236599802764	9.107819080574144
1.4119273884687735	13.060205833710043
1.4166338130970026	10.65224649588148
1.4213559258073263	12.074619313946224
1.4260937788933508	23.048158383584305
1.4308474248229952	27.077125556720414
1.4356169162390722	35.91816940178534
1.4404023059598692	154.1403420107139
1.4452036469797356	277.9869320867247
1.450020992469668	313.1103441347046
1.4548543957779003	268.1905454544651
1.4597039104304934	271.9292763303198
1.4645695901319284	255.1097171494174
1.469451488765702	101.08319436126166
1.4743496603949209	17.224780758055072
1.479264159262904	13.181905671603579
1.4841950397937806	16.308579371414506
1.4891423565930935	25.539783557895554
1.4941061644484037	43.90681594510433
1.4990865183298985	57.50093497912015
1.5040834733909982	46.76363264814316
1.5090970849689684	65.93818131448054
1.5141274085855316	19.909649937759358
1.5191744999474837	34.52800124123675
1.5242384149473087	112.5891629701191
1.5293192096638	300.3060132332636
1.5344169403626793	272.7589509964672
1.5395316634972218	437.0801401759315
1.544663435708879	551.1345619480186
1.5498123138279087	996.9164951344172
1.554978354874002	2011.5080159901747
1.5601616160569156	2726.7964812331397
1.5653621547771055	6648.868480989672
1.5705800286263625	16504.582024916726
1.5758152953884506	24333.481052508672
1.5810680130397454	30743.566351134945
1.5863382397498782	38707.59000013684
1.5916260338823778	56998.10780449263
1.5969314539953192	53730.041167372605
1.6022545588419705	35798.646367901485
1.6075954073714436	20067.552869019906
1.6129540587293487	9031.413677365672
1.6183305722584467	3554.05257143236
1.6237250074993084	1883.4852118895374
1.6291374241909726	1130.0198083012524
1.6345678822716092	864.963558732581
1.6400164418791816	336.70527193174655
1.6454831633521123	375.65033881397113
1.6509681072299527	356.031217670798
1.6564713342540527	933.9974783078944
1.6619929053682332	1799.026701985198
1.6675328817194608	734.2412655108236
1.6730913246585257	142.25619807093503
1.6786682957407209	727.6423741778226
1.6842638567265233	1018.477037059843
1.6898780695822784	480.6786468574756
1.6955109964808863	71.23009757365205
1.7011626998024894	80.58410348539067
1.7068332421351646	300.4692333257527
1.7125226862756153	450.738474353563
1.7182310952298672	730.9960398049982
1.7239585322139668	652.6423184469924
1.7297050606546804	151.95709030669224
1.7354707441901962	259.0397586472911
1.7412556466708302	518.0470419134913
1.747059832159733	822.5329544071672
1.752883364933599	1098.1179477317785
1.7587263094833776	683.3554405232861
1.7645887305149892	472.62559454851146
1.7704706929500391	416.38171969234173
1.7763722619265396	894.7487609897635
1.7822935027996283	868.2915408523163
1.7882344811422937	468.99602584957506
1.7941952627461015	224.9130227221579
1.8001759136219222	153.5946000622122
1.8061765000006618	147.06299557569713
1.8121970883339975	165.7816089069628
1.818237745295111	286.757287558981
1.8242985377794283	500.6898249217463
1.8303795329053596	186.2711096987423
1.8364807980150446	40.19639102361915
1.8426024006750947	151.69279767867772
1.8487444086773455	229.98888887031617
1.8549068900396033	165.81665188795728
1.861089913006402	71.59040895415242
1.8672935460497566	25.126190733271393
1.873517857869923	21.55685816074676
1.879762917396156	196.46824827231703
1.8860287937874767	403.5661414150885
1.8923155564334353	462.36033395741197
1.8986232749548801	386.66890671027454
1.9049520192047298	142.96580547542519
1.9113018592687456	108.76146208311255
1.9176728654663082	60.107374458786026
1.9240651083511964	76.29774342199619
1.9304786587123668	27.046853147517464
1.9369135875747419	4.077646735405169
1.9433699661999908	5.1499810148714635
1.9498478660873244	4.899320512664588
1.9563473589742824	25.435621810079557
1.9628685168375302	117.7164707147693
1.9694114118936552	194.85993240256775
1.9759761165999676	290.1060182359494
1.9825627036553009	334.68460516635673
1.9891712460008188	407.3670424826536
1.9958018168208218	572.4597713897039
2.002454489543558	588.2374571149547
2.0091293378420367	444.03340361389905
2.0158264356348434	339.3211605558372
2.02254585708696	346.46142390978315
2.029287676610583	754.1245688168046
2.036051968865952	870.0974966058548
2.042838808762172	1049.8098118396497
2.049648271458046	1299.1389411220775
2.0564804323629065	1689.1660582614454
2.0633353671374497	2189.6936066511716
2.0702131516945745	2825.4536267022945
2.0771138622002234	2600.9820768506574
2.084037575074224	2535.946824962101
2.0909843669911385	2494.3789338384286
2.097954314881109	2417.0497775238864
2.1049474959307126	2694.060787596025
2.1119639875838154	2980.860037251482
2.1190038675424283	2739.5375155898428
2.12606721376757	2664.5418764299993
2.1331541044801288	2491.902528637938
2.140264618161729	2041.959827686147
2.147398833555602	1832.893143420869
2.154556829667454	1585.5111562816098
2.1617386857663456	1099.0084308465025
2.1689444813855667	1042.2824770392488
2.176174296323519	997.9441829438264
2.1834282106445975	884.1666918987057
2.19070630468008	420.31223483124114
2.1980086590290138	71.82480236165597
2.2053353545591103	56.574430398274146
2.2126864724076407	128.05308091172495
2.220062093982333	72.92619164072356
2.2274623009622747	40.9466617112483
2.2348871752988155	28.026302959182505
2.2423367992164787	13.615214164998026
2.2498112552138667	8.09857620161277
2.25731062606458	7.041024055403106
2.2648349948181288	2.5057009539064645
2.272384444800856	5.335366294476865
2.2799590596168593	13.329920357948367
2.2875589231489153	7.983169960228371
2.295184119559412	6.228378799871273
2.302834733291277	25.79656281274824
2.3105108490689146	54.52698516215157
2.3182125518991445	29.487757250700692
2.325939927072142	6.568220158900537
2.3336930601623824	5.97184643330827
2.341472037029591	2.6039456550362257
2.3492769438196897	3.5352473291240853
2.3571078669657557	33.94228627559804
2.364964893188975	60.25293771925239
2.372848109499605	23.760966653161308
2.380757603197937	29.156225041452004
2.3886934618752638	55.24087718132417
2.396655773414848	35.67289292676614
2.4046446259928977	56.59314704698435
2.412660108079541	161.95206636538623
2.420702308439806	163.1379655466809
2.428771316134606	116.66127246208781
2.4368672205217212	242.55610690333506
2.4449901112567938	424.918242328342
2.4531400782943167	1034.9059124550156
2.4613172118886313	1746.8778830354315
2.469521602594927	1557.6717596189114
2.4777533412702435	1214.5455619251234
2.4860125190744777	890.1222219534112
2.494299227471393	668.6625837891056
2.502613558229631	964.2073947847742
2.51095560342373	813.2416354653931
2.5193254554351427	660.7335196919929
2.5277232069532602	507.13881328399634
2.536148950976438	282.9181037826181
2.544602780813026	177.38698507744488
2.5530847900824027	115.49115718588536
2.561595072716011	103.00835986873079
2.5701337229583983	28.976118053455718
2.5787008353682594	10.434313730098346
2.5872965048194874	4.611734110845868
2.5959208265022196	13.020421493813181
2.6045738959238935	15.439250688436701
2.613255808910307	10.586889319753176
2.621966661606675	44.32638711190448
2.6307065504786973	65.09552956111584
2.6394755723136263	250.84848786737402
2.6482738242213384	575.2498964127285
2.65710140363541	249.10368179109494
2.6659584083141947	9.648136231811028
2.674844936341909	4.3693670244972065
2.6837610861297154	5.010548169613622
2.692706956416815	24.077892933490975
2.701682646271538	117.12039950978907
2.710688255092443	144.30771729534987
2.719723882609418	116.64212831395528
2.728789628884783	395.2056548782012
2.737885594314399	337.6071477275598
2.7470118796287806	338.93413608253405
2.75616858589421	243.7941594479438
2.7653558145138577	68.29132908684002
2.774573667228904	59.69468747826341
2.783822246119667	129.6134414289089
2.7931016536067332	306.4387659355727
2.802411992452089	337.43355568442513
2.811753365760263	319.5396715672088
2.821125876979464	802.3892307254854
2.830529629902729	904.3697999151508
2.839964728669072	437.2108539588396
2.8494312777646353	565.6581311057525
2.8589293820238515	548.887129123685
2.8684591466305975	490.07975319803387
2.8780206771193666	670.5711769364699
2.8876140793764313	751.5220913515298
2.89723945964102	700.8150483125969
2.90689692450649	619.0929716307318
2.916586580921512	1654.5760869317985
2.9263085361912506	1760.0786298941034
2.936062897978555	2111.7963890733786
2.94584977430515	1421.3500855241275
2.955669273552834	1154.029499891522
2.965521504464677	695.771095493256
2.9754065761462263	862.1708383200115
2.9853245980667142	1431.6098134313916
2.99527568006027	787.9985319352387
3.005259932327138	685.6406734725252
3.0152774654348953	2142.253836670537
3.0253283903196784	2645.8743613976194
3.0354128182874107	1923.7943982370246
3.045530861015036	1875.2522717890195
3.055682630551753	5340.301504551498
3.0658682393202588	6559.875949479554
3.076087800117993	3589.5454791881752
3.086341426118387	3212.2958576828373
3.096629230872115	2992.1913195042625
3.106951328308356	2546.114157565389
3.1173078327360506	4104.740114355389
3.127698858845171	5117.595970249666
3.1381245217079883	3248.0922649466456
3.1485849367803485	2145.7531128465894
3.15908021990295	1510.2951977269443
3.1696104873026267	804.7386431286048
3.1801758555936357	535.7376280262328
3.190776441778948	247.89054466833565
3.2014123632515448	178.41465008743694
3.2120837377957168	174.63689409780537
3.2227906835883697	224.18965177110718
3.2335333192003306	94.55260155455908
3.2443117635976657	17.933658566250962
3.2551261361429913	36.58996675652576
3.2659765565968013	122.58019758047355
3.276863145118791	633.1436286400514
3.287786022269188	1115.7869936691793
3.2987453090100853	604.6125204790105
3.3097411267067858	159.24562869607638
3.320773597129142	20.095486304873603
3.3318428424529056	167.88141732052276
3.3429489852610823	528.5882510279351
3.3540921485452864	509.55024902226074
3.365272455707104	217.5820721285956
3.3764900305594616	250.79111618645624
3.387744997327993	197.25391605243448
3.39903748065242	226.06071406745573
3.4103676055879286	382.7150594560584
3.4217354976065555	521.9997161979725
3.433141282598577	958.3361301122446
3.4445850868739063	1222.4275107788592
3.4560670371634865	1290.1062309788756
3.4675872606206983	1623.216729793882
3.4791458848227674	2636.2933260860596
3.490743037772177	3159.367685561631
3.5023788478980844	4562.076978710702
3.514053444057745	3914.9118658457787
3.525766955537937	2925.4061992650136
3.5375195120563974	3003.82266069668
3.5493112437632526	5101.249265975221
3.561142281242464	5613.238142558419
3.5730127555132727	3522.714701297331
3.5849227980316503	4176.137518181163
3.5968725406917557	6300.367294434391
3.6088621158273955	8310.52328382995
3.620891656213487	11378.661882607534
3.632961295067532	19533.83338244246
3.645071166051091	23145.49116715099
3.657221403271261	28814.664509270777
3.6694121412821654	22990.414941128223
3.68164351508644	26845.311838485166
3.6939156601367285	27777.412448801082
3.706228712337184	30933.852631889873
3.7185828080449754	23829.274965310433
3.730978084071792	28053.96674561003
3.7434146776853656	45902.52599747734
3.7558927266109836	62927.07193584189
3.7684123690330207	56103.405413110886
3.7809737435964643	29726.063089587547
3.7935769894084523	31756.03750937042
3.806222246039814	61649.08939563259
3.8189096535266143	102308.59868048635
3.8316393523717034	123787.22601751839
3.8444114835462755	55932.47324886635
3.85722618849143	49083.48757460445
3.870083609119735	69923.583169741
3.8829838878168013	53252.011321350794
3.895927167442858	56728.14518943705
3.9089135913343345	69525.00748941695
3.921943303305449	82111.68073568559
3.9350164476498004	99526.60296824887
3.9481331691419674	107595.77315802943
3.961293613039107	128038.13600878323
3.974497925082571	120884.22365500705
3.9877462514995137	116183.96409400814
4.001038739004512	120777.28260033793
4.014375534801194	141175.7514829275
4.027756786583865	132963.26823052976
4.041182642539145	103884.67221197675
4.0546532513476095	133048.0895575797
4.068168762185435	179171.31657801257
4.081729324726052	186749.35092763495
4.095335089141807	200206.49461610225
4.108986206105613	222003.91496259635
4.122682826792632	270593.3070244087
4.136425102881941	322635.50245572766
4.150213186558215	356652.17559088994
4.164047230513409	421947.306722568
4.177927387948454	438184.97976036894
4.19185381257495	249281.20934048397
4.205826658616867	138289.35280671084
4.219846080812256	191504.87445057253
4.233912234414964	277242.2079241454
4.248025275196348	321288.8900462995
4.2621853594470025	395712.0221370781
4.276392643978492	475788.09753915755
4.290647286125088	486261.8975234517
4.304949443745505	423172.05776293273
4.319299275224657	513486.86232169415
4.333696939475407	553608.5581840489
4.348142595940325	460737.24820156046
4.362636404593459	508825.37354683515
4.377178525942105	563408.4446526344
4.391769121028579	493744.0793143682
4.406408351432008	626683.5693825176
4.421096379270114	571934.8486614528
4.435833367201015	417943.8597103278
4.450619478425019	529662.9898656594
4.465454876686436	451011.45941418177
4.480339726275391	441005.20163968013
4.495274192029643	592026.0394773186
4.5102584393364085	537697.9180166468
4.525292634134197	395334.48630171333
4.540376942914645	606455.3560583746
4.555511532724361	810479.1723255342
4.570696571166776	610397.8927213614
4.585932226403998	674206.2808797762
4.601218667158679	750917.8923727942
4.616556062715875	555604.8735419802
4.631944582924928	455206.32047846145
4.6473843982013445	437530.1718476454
4.662875679528684	359669.2146501238
4.678418598460445	377420.8935151464
4.694013327121981	516637.3084355724
4.709660038212388	438030.57536217745
4.72535890500643	350917.26327765494
4.741110101356451	431747.196004904
4.756913801694306	505614.90734289837
4.772770181033287	389074.81040772994
4.7886794149700656	287615.0727953694
4.804641679686633	373766.4807241446
4.820657151952255	297799.8152929938
4.836726009125431	239637.70035657802
4.8528484291558485	300088.9367640449
4.869024590586369	449014.14204319834
4.88525467255499	290659.37312081683
4.901538854796841	222592.72469155685
4.917877317646163	372279.94321706856
4.934270242038318	316933.4837402635
4.950717809511779	150233.64252163333
4.967220202210152	145171.81757755534
4.983777602884187	248233.91520247454
5.000390194893801	261374.56176376197
5.017058162210114	136598.76556989615
5.033781689417481	149772.0293962146
5.05056096171554	253082.39550856382
5.067396164921259	259313.21216373198
5.0842874854709965	151292.39768182448
5.101235110422567	136073.1304655969
5.118239227457309	146107.45063216906
5.135300024882167	107978.7993454608
5.152417691631775	82550.65182764079
5.1695924172705485	124470.87435668241
5.186824391994784	104327.87591408119
5.2041138066347665	46545.129957432
5.221460852656883	38519.8439764482
5.238865722165739	64569.98478852584
5.256328607906292	79640.80899121841
5.273849703265981	48842.265344583626
5.291429202276868	32852.39071050328
5.309067299617792	60364.384413195796
5.326764190616517	73528.17436402894
5.344520071251906	34239.54279809466
5.362335138156079	26514.469455747145
5.380209588616601	42783.47397734942
5.398143620578656	50409.62435158881
5.416137432647252	22081.659525439638
5.4341912240894095	12283.334684073398
5.452305194836375	14568.086987462466
5.47047954548583	10046.70106954622
5.488714477304117	16216.08154596208
5.507010192228464	18245.70271374024
5.525366892869226	9645.608835444764
5.543784782512124	7195.057370931526
5.562264065120498	7523.785353798446
5.580804945337567	6182.615140120575
5.5994076284886924	9479.883278012512
5.6180723205836545	9873.092781921276
5.636799228318934	5504.391931161357
5.655588559079998	3733.3684551619062
5.674440520943598	4085.530290682452
5.693355322680078	5118.066633869124
5.712333173755678	3982.4154853265172
5.731374284334864	2050.943198870742
5.7504788652826475	1583.5504344519727
5.769647128166923	2131.6334442976786
5.788879285260814	5376.66087130945
5.808175549545017	3623.3939708248686
5.827536134710167	1739.129295694466
5.846961255159202	2953.7895072878646
5.866451126009732	1926.2701831462273
5.886005963096433	940.0411730375503
5.9056259829734215	1123.9442313539116
5.925311402916666	1606.1099069027334
5.945062440926389	1809.674643425801
5.964879315729477	2684.4445980340497
5.9847622467819095	2598.4240781006984
6.004711454271183	2017.6030966430917
6.024727159118754	3323.7970605836936
6.0448095829824835	2457.482217673878
6.0649589482590915	1458.82924602619
6.085175478086623	2217.2655827677236
6.105459396346912	2159.006049892075
6.125810927668069	1946.4938550427717
6.146230297426963	1385.943228560707
6.16671773175172	784.7827553634446
6.187273457524226	1226.6512451351894
6.207897702382641	2638.828695601529
6.228590694723916	4125.197118179844
6.24935266370633	7997.484217009044
6.270183839252018	7150.151199054484
6.291084452049526	6141.932456629084
6.312054733556359	15223.16923115172
6.333094916001547	9061.7452781953
6.354205232388219	3308.68418423665
6.37538591649618	3629.831007123267
6.3966372028845	2822.417654646994
6.417959326894116	1476.0230323769158
6.43935252465043	2168.8614315718155
6.460817033065933	2554.1734088011544
6.48235308984282	1328.940283090643
6.5039609334756285	1350.1064335940152
6.525640803253881	1590.1317061304667
6.547392939264729	2034.1299866912711
6.569217582395612	2313.662897741143
6.591114974336931	2212.7502730557253
6.613085357584721	2393.6386781192564
6.635128975443338	2841.434116393807
6.657246072028149	4597.531568296669
6.679436892268243	3894.6318639405467
6.701701681909138	4330.010100561366
6.724040687515503	6948.100778103515
6.746454156473888	11214.228478654306
6.768942336995468	10556.694050010474
6.791505478118787	4814.2436902536365
6.814143829712517	6245.836251652788
6.8368576424782255	9649.777679613519
6.859647167953153	7004.305821347171
6.882512658512998	8045.961547634177
6.905454367374709	15998.064141463672
6.928472548599291	25836.426306044403
6.951567457094623	20185.568121054697
6.974739348618272	12043.855817877966
6.997988479780334	13511.703141245362
7.021315108046268	14936.096554714582
7.044719491739756	11421.923717278585
7.068201890045556	17429.09057011118
7.0917625630123755	23263.508665903562
7.11540177155575	18552.924747370267
7.1391197774609365	16117.285678228402
7.162916843385807	11923.057606479604
7.18679323286376	15725.890285001258
7.2107492103066395	16935.882170988036
7.234785041007663	19824.189528101597
7.258900991144356	13217.298503435237
7.283097327781505	10267.144436513428
7.30737431887411	9200.131183052394
7.331732233270357	5143.086897414403
7.356171340714592	3877.1801684748834
7.380691911850308	2941.4432957445183
7.405294218223143	3725.594573802609
7.429978532283888	3803.415850551614
7.454745127391502	2462.662438720408
7.47959427781614	2574.1584721567174
7.504526258742194	3279.8490309094814
7.529541346271335	3477.822548784041
7.554639817425574	5944.074686004983
7.579821950150326	9894.44545933907
7.605088023317496	11552.411352422749
7.630438316728554	8101.006516305529
7.65587311111765	3297.642758243597
7.681392688154709	1187.2091809483577
7.706997330448558	2017.5057809736682
7.7326873215500544	2782.3645619450062
7.7584629459552215	4279.760071034459
7.784324489108407	6223.299405330541
7.810272237405435	6625.563535277342
7.836306478196787	5962.082009424305
7.862427499790777	4728.330215755384
7.888635591456747	4017.931066268399
7.914931043428269	4133.11314684117
7.9413141469063655	5807.936604185163
7.967785194062721	9077.039813034047
7.994344478042929	10857.724586537246
8.020992292969739	8956.05617842888
8.047728933946306	9047.55987166157
8.074554697059462	8572.604518238315
8.101469879382993	14029.728130177999
8.128474778980937	19490.260368025876
8.155569694910874	26314.142286070386
8.182754927227245	17697.431637260794
8.21003077698467	18050.435195617632
8.237397546241287	26117.47754916452
8.264855538062092	30994.667883858405
8.292405056522298	48260.14833549506
8.320046406710707	40078.4211731105
8.347779894733076	32194.674854843535
8.375605827715521	23968.838281345583
8.403524513807906	32763.834986204667
8.431536262187267	40986.02346611154
8.459641383061225	50016.55086996218
8.487840187671429	39045.271061498504
8.516132988297002	32701.89703757876
8.544520098257992	44553.17887561729
8.573001831918852	45489.26767312992
8.601578504691917	54409.25939023526
8.63025043304089	31817.1747851843
8.65901793448436	29489.217794830398
8.687881327599309	42316.37623670795
8.71684093202464	43691.949266089505
8.745897068464723	36796.450292060035
8.775050058692939	21239.868512801473
8.80430022555525	26294.25966756823
8.833647892973769	36776.69394424097
8.863093385950348	41139.445896571866
8.892637030570183	30075.41815846913
8.922279154005418	21463.517106087646
8.95202008451877	19244.860831747694
8.981860151467167	19664.979548549833
9.011799685305393	24994.768284203365
9.041839017589743	20061.744989018876
9.07197848098171	18492.394604822333
9.10221840925165	27913.744696829628
9.132559137282488	18189.230263475205
9.16300100107343	15937.490971365234
9.193544337743676	15326.240752709156
9.224189485536156	13810.901788289668
9.254936783821277	26284.101689516076
9.285786573100683	20760.824499534294
9.316739195011019	8827.752889098674
9.347794992327723	10514.233415568911
9.378954308968815	10556.112036424323
9.410217489998713	22152.970614336562
9.441584881632043	26736.55688544567
9.473056831237484	15653.685566357504
9.50463368734161	7117.63062240917
9.53631579963275	7500.718434064381
9.56810351896486	12408.11046694367
9.599997197361409	27909.563190240275
9.631997188019282	32306.794570889993
9.66410384531268	15961.619312084244
9.696317524797056	5716.853345328649
9.728638583213046	10551.096969134653
9.761067378490424	24784.354051608105
9.793604269752059	44644.93935544359
9.8262496173179	48954.53201417159
9.859003782708962	24453.971658173406
9.891867128651326	7278.247424128055
9.924840019080163	11168.987933848874
9.957922819143764	34506.87266980696
9.99111589520758	56125.311834828826
10.024419614858271	50126.486468085524
10.0578343469078	23202.747876373025
10.091360461397493	13889.811087000331
10.124998329602152	35529.27650622892
10.158748324034159	60965.9030213385
10.192610818447609	65949.5027667894
10.226586187842432	57024.80919544524
10.260674808468575	36062.1245536431
10.294877057830139	13809.709579854458
10.329193314689574	4571.382635846409
10.363623959071873	1459.776521009456
10.39816937226878	3144.1851561012686
10.43282993684301	8455.210029172196
10.467606036632487	16251.708668688594
10.502498056754597	11503.447914786517
10.537506383610445	8847.53274637634
10.57263140488915	16856.218942729196
10.607873509572112	23919.78939285549
10.643233087937354	18047.14080126201
10.678710531563812	8736.97865951601
10.714306233335694	2537.5215977189364
10.750020587446814	1136.9139724715128
10.78585398940497	2446.8571805705274
10.82180683603632	6577.470986151957
10.857879525489777	10758.865690826164
10.894072457241409	15439.021079904995
10.93038603209888	20231.560960955565
10.966820652205879	19682.74092834949
11.003376721046566	14220.968056704858
11.040054643450055	18960.884568332873
11.07685482559489	36670.583759880166
11.113777675013539	45697.92518862272
11.150823600596919	44568.863998879446
11.187993012598909	28603.458435641158
11.225286322640908	12893.048464084342
11.262703943716378	15257.41062425396
11.300246290195433	32475.64668082515
11.337913777829419	45619.45967416244
11.375706823755518	49566.13359069958
11.41362584650137	46250.68172032946
11.45167126598971	26531.984027650196
11.489843503543009	14004.149595338013
11.528142981888152	14709.337864100276
11.566570125161114	28695.295480638655
11.605125358911653	41699.82738969552
11.643809110108025	45374.844301932084
11.68262180714172	30356.452758005882
11.721563879832193	11003.698076824327
11.760635759431635	9489.7565639892
11.79983787862974	13996.204610652416
11.839170671558508	24586.846631026074
11.878634573797038	35316.40408140924
11.918230022376362	44655.58246065329
11.957957455784284	30364.217079227612
11.99781731397023	12004.816039770792
12.037810038350134	11763.592964539406
12.077936071811303	11984.035738211101
12.11819585871734	18433.52062106018
12.158589844913067	27620.843143804705
12.199118477729444	29286.883422891064
12.239782205988542	19464.730667508604
12.280581480008506	12338.433249043619
12.321516751608534	18302.847853293224
12.362588474113897	16200.574653187585
12.403797102360945	14076.29021701095
12.44514309270215	28941.976411780826
12.486626903011157	33107.05827388856
12.528248992687862	21673.53244541114
12.570009822663488	17367.116933265024
12.611909855405703	23377.802284926576
12.653949554923722	22615.759971608117
12.696129386773467	14767.950045793514
12.738449818062714	15752.778443138306
12.780911317456257	26057.287161261444
12.823514355181112	20982.921369376694
12.866259403031716	19426.202175606242
12.909146934375158	22072.156619506626
12.95217742415641	24544.081677235597
12.995351348903599	21599.008753518046
13.038669186733278	18648.793819555136
13.082131417355722	18947.348197990505
13.125738522080242	21658.183059394873
13.169490983820511	23955.858993879297
13.213389287099913	28559.908704271995
13.257433918056915	28775.717496380712
13.30162536445044	28826.949645601693
13.345964115665275	24521.860918971863
13.390450662717493	20274.953777575
13.435085498259886	16561.92150335221
13.479869116587421	24131.6414897281
13.524802013642711	30320.20536454376
13.569884687021522	25520.965133603455
13.615117635978262	27616.316530884167
13.660501361431525	29100.50901695118
13.70603636596963	25902.30497208382
13.751723153856197	19963.040522132982
13.797562231035718	22621.59573562842
13.843554105139171	24353.168023076145
13.889699285489636	32524.40180642022
13.935998283107937	36889.92643936919
13.982451610718297	33812.94146752982
14.029059782754025	26611.69401687938
14.075823315363209	24549.429587858856
14.12274272641442	27295.143865491373
14.169818535502468	27144.735052359953
14.217051263954144	28622.968572023732
14.264441434833993	30271.05816516033
14.311989572950106	31043.814583867217
14.359696204859942	30269.88384797921
14.407561858876143	25062.994621711587
14.455587065072399	18922.90485534475
14.503772355289305	20951.07745201232
14.552118263140272	28013.41778735357
14.600625324017408	31582.582215515416
14.649294075097467	32651.227719138617
14.698125055347793	32372.970393660104
14.747118805532287	29321.32670972174
14.796275868217396	31813.151039906596
14.84559678777812	31844.554838580985
14.895082110404049	26855.39345042156
14.944732384105398	24643.540770636504
14.994548158719082	28333.143001461292
15.044529985914814	28479.669812065953
15.0946784192012	27083.08385244875
15.144994013931871	28178.98312424066
15.195477327311643	27976.111063110067
15.246128918402684	30277.341626338246
15.296949348130694	28962.678700987904
15.347939179291131	24869.31976905744
15.399098976555436	23593.840481964293
15.45042930647729	24187.569878313607
15.501930737498881	23456.437021975944
15.553603839957212	23010.47250798621
15.605449186090402	21344.261603599538
15.657467350044039	21003.428629057034
15.709658907877522	19412.090602711236
15.762024437570448	18868.37131391473
15.814564519029018	17561.381421756323
15.867279734092449	14662.723037706739
15.920170666539423	13152.320682953668
15.973237902094557	14971.579683014725
16.026482028434874	16625.32917623217
16.079903635196324	20012.580687304137
16.133503313980313	21526.063795572507
16.18728165836025	20347.647235585107
16.241239263888115	18304.348561765353
16.29537672810108	20328.32386196863
16.349694650528082	22435.313839712144
16.40419363269651	24079.57406185558
16.458874278138833	24083.38672927546
16.513737192399297	23051.775175445386
16.56878298304063	21055.013255227663
16.624012259650765	21403.39478542306
16.679425633849604	21408.492173898354
16.73502371929577	22561.00590597903
16.790807131693427	21375.166798481772
16.846776488799073	18439.93832078769
16.902932410428402	15109.874169666724
16.959275518463166	17765.024786583057
17.015806436858046	22963.485655128832
17.07252579164757	22256.532140404976
17.129434210953065	20361.67215018655
17.186532324989575	19099.29556823635
17.24382076607288	18943.984290411932
17.301300168626454	20615.13989739924
17.358971169188546	17096.85983110693
17.416834406419174	20066.111419818688
17.474890521107238	20595.910911227325
17.5331401561776	17257.86029493835
17.59158395669819	16465.412677696128
17.650222569887184	18600.42541599627
17.709056645120146	20088.96111068933
17.76808683393721	20091.303287674207
17.827313790050336	21775.741624069997
17.886738169350508	20334.268333664662
17.946360629915013	19157.076422491373
18.00618183201473	18259.115323379632
18.066202438121447	15662.34258219599
18.126423112915187	16831.094884492326
18.18684452329157	15332.908588576927
18.247467338369212	15076.14400322022
18.30829222949711	14738.441208150014
18.369319870262103	17772.61428117281
18.43055093649631	20953.674736620836
18.491986106284635	19664.60405947353
18.55362605997225	18897.613513147073
18.615471480172157	16759.4774119232
18.677523051772734	15732.900713794334
18.73978146194531	17685.189645375307
18.8022474001518	17669.7575440766
18.864921558152304	17974.401195848124
18.92780463001281	15153.528785343029
18.990897312112857	13258.285190883204
19.054200303153234	14544.44794217234
19.117714304163748	18169.194370171754
19.181440018510962	15598.556777451475
19.245378151906	10998.07044698556
19.309529412412356	10328.849687435992
19.37389451045373	11704.688284476917
19.43847415882191	14544.410255249373
19.503269072684652	15672.499326544452
19.5682799695936	13587.284898496808
19.63350756949225	14457.174426282187
19.69895259472389	13193.949145348159
19.76461577003964	12468.828284076575
19.83049782260644	13090.222758186079
19.89659948201513	10711.959543962912
19.962921480288514	10599.580954317704
20.02946455188948	37611.316215489715
20.09622943372911	68896.45970697374
20.163216865174878	93436.46465629942
20.230427588058795	10399.868095913062
20.29786234668566	12352.731188603126
20.36552188784128	11702.987414228688
20.433406960800752	13388.161541653471
20.501518317336757	13538.72840248211
20.56985671172788	11970.682589711065
20.638422900766972	9896.2071841302
20.707217643769532	11798.523801536965
20.776241702582098	13296.128871733843
20.845495841590708	14316.807357230484
20.914980827729345	14962.871178050196
20.984697430488445	12697.666173813668
21.054646421923408	11811.280834051331
21.124828576663155	9218.674994601848
21.1952446719187	8028.391727088286
21.26589548749176	10197.592914180303
21.336781805783406	9649.128094402953
21.407904411802683	10136.823189584587
21.47926409317536	12142.733725056873
21.550861640152615	12030.776916646411
21.62269784561979	10220.535117938969
21.694773505105193	9528.425595293644
21.767089416788878	9123.602776405058
21.839646381511507	6687.773822594674
21.912445202783214	7757.303989041827
21.98548668679249	10041.036121552279
22.058771642415138	9285.736934679888
22.13230088122319	9347.213972951025
22.206075217493936	10989.97061200462
22.280095468218917	11304.41914326937
22.354362453112984	9358.716620561592
22.42887699462336	8736.396608015537
22.503639917938774	8753.03078244754
22.57865205099857	6995.825987562495
22.6539142245019	7388.3735221618845
22.72942727191691	9936.099986449182
22.80519202948997	10225.265497672379
22.881209336254933	8441.485496615678
22.957480034042455	7563.782273659929
23.034004967489263	9175.827701570097
23.110784984047562	9963.070547557738
23.18782093399439	8300.407504074225
23.26511367044104	9240.09922173063
23.342664049342513	9968.443512922431
23.42047292950699	8766.294221470145
23.498541172605346	6729.003264831621
23.5768696431807	6562.243699929743
23.65545920865797	6075.334973825309
23.734310739353496	6125.133188168634
23.81342510848468	4715.511693299586
23.89280319217963	4133.917185978686
23.972445869486897	5416.278035671423
24.052354022385188	7195.430965508991
24.132528535793142	8279.232337934787
24.21297029757912	9291.796837393022
24.293680198571053	9413.945981656154
24.37465913256629	9378.923312046498
24.455907996341512	9380.446328518243
24.537427689662653	9461.870771899967
24.619219115294865	8469.082843548353
24.701283179012517	7815.258971238356
24.783620789609227	7844.752170511732
24.866232858907924	6974.024774789783
24.949120301770954	5473.072434287161
25.03228403611019	4344.001279510453
25.115724982897227	3926.149549784248
25.199444066173555	3761.470925779811
25.283442213060802	4309.638711040136
25.367720353771006	4358.591862129265
25.45227942161691	5361.5540982022785
25.537120353022303	6604.0127258034245
25.62224408753238	6992.075015546518
25.707651567824154	7085.161211484914
25.793343739716907	7035.897533594721
25.87932155218263	5635.952477675784
25.965585957356573	3822.052763114358
26.052137910547767	4142.804870353805
26.138978370249593	5574.119015913913
26.22610829815043	6127.205242959434
26.313528659144264	6062.088680186137
26.401240421341413	5462.611163342089
26.48924455607922	4616.01579753102
26.57754203793282	3612.0723239432577
26.666133844725934	3116.047637614684
26.75502095754169	3574.1329687729267
26.844204360733492	4336.509605357877
26.93368504193594	4453.462010298596
27.023463992075726	3705.2639814539693
27.113542205382654	4315.078863656672
27.203920679400596	5476.3108713943975
27.2946004149986	6036.794238616981
27.38558241638193	6125.056908243232
27.476867691103205	5820.94682448283
27.568457250073553	5178.569442497651
27.660352107573797	5021.315808811097
27.752553281265712	4820.409096876927
27.845061792203264	3971.9150711617435
27.937878664843947	3010.1585852702715
28.031004927060096	2881.1682231297345
28.1244416101503	3049.1303894876637
28.218189748850804	2736.869269684983
28.31225038134697	2807.055579487456
28.406624549284796	2645.9790904398756
28.501313297782417	2572.0870071027543
28.596317675441693	2496.7880628434746
28.691638734359838	2705.3836831183717
28.787277530141036	3294.597483552677
28.883235121908175	3551.4104493333825
28.97951257231454	3680.352666232285
29.07611094755559	3503.4056600983467
29.17303131738078	3147.5060299450583
29.27027475510538	3174.305761120916
29.367842337622402	2789.1666515942666
29.46573514541448	3343.953228256867
29.56395426256586	3753.07065306646
29.662500776774415	3424.7090960016667
29.761375779363668	2652.5956589929674
29.860580365294883	2142.4000037028914
29.960115633179203	2673.395144611121
30.0599826852898	3173.512198000372
30.160182627574102	3140.044472305229
30.260716569666016	2869.481945877835
30.36158562489824	2542.952347722651
30.462790910314574	2041.7028579364992
30.564333546682285	1956.2351632619989
30.66621465850456	2272.1280877701765
30.76843537403291	2234.7774358403913
30.870996825279697	1854.095916994652
30.973900148030626	2061.1606865864055
31.0771464818574	2549.442879640904
31.18073697013026	2756.8324006741177
31.2846727600307	2955.1095644268844
31.38895500256413	3022.023703592481
31.49358485257268	3051.8083513741058
31.59856346874793	2694.0353276163473
31.703892013643756	2153.3547661382536
31.80957165368924	2042.387730800312
31.91560355920154	2504.217403279474
32.02198890439888	2582.440644735847
32.12872886741354	2583.8881471715144
32.23582463030493	2608.736997139069
32.34327737907261	2411.0109060141103
32.45108830366952	2432.216203492869
32.55925859801509	2299.11033029388
32.66778946000848	2158.7454232916343
32.77668209154184	1936.5209173540488
32.88593769851365	1677.7347133419507
32.99555749084203	1439.8956467942796
33.10554268247817	1601.7305425830868
33.215894491419775	2776.5901405612053
33.326614139724505	2643.3347155892984
33.43770285352359	4092.4504767222434
33.54916186303534	1755.9430004196663
33.66099240257879	2055.006810854215
33.77319571058739	2029.398374293745
33.88577302962268	1908.3508788637016
33.99872560638809	1904.634401902405
34.11205469174273	1926.5678933886154
34.225761540715204	1923.1040843046555
34.339847412517585	1722.9682869432406
34.45431357055932	1444.9365901203555
34.56916128246119	1361.187035215273
34.68439182006939	1546.5901693480766
34.80000645946962	1750.8024336879528
34.9160064810012	1780.6598656968204
35.0323931692712	1655.535102194663
35.14916781316877	1587.2301439684345
35.26633170587934	1482.8665503018306
35.38388614489894	1278.318767790408
35.5018324320486	1226.495737390052
35.62017187348877	1270.017018114606
35.738905779733734	1247.8795513435182
35.858035465666184	1177.7967978620838
35.97756225055174	1112.7424868760806
36.097487458053585	1219.8444843310522
36.2178124162471	1218.4475723459782
36.33853845763459	1300.1885473433772
36.45966691916004	1339.3292477161071
36.58119914222391	1302.8220691773965
36.70313647269799	1345.7130732558828
36.825480260940324	1359.289231366879
36.94823186181013	1393.8080360284355
37.07139263468283	1526.2646451357878
37.194963943465105	1644.4834064613392
37.318947156609994	1448.0223986332005
37.44334364713203	1222.5676123892017
37.56815479262247	1131.1190285020039
37.69338197526456	1274.8453035340092
37.819026581848775	1457.0777298901642
37.945090003788266	1441.169778683062
38.071573637134236	1369.7007460634418
38.19847888259135	1461.5523407936014
38.325807145533325	1507.6003039479538
38.453559836018435	1444.1327625963047
38.58173836880517	1349.0912206692105
38.71034416336786	1175.2980932050505
38.83937864391242	1058.442818172754
38.96884323939213	1018.7791311819876
39.09873938352344	938.9509658898627
39.22906851480185	884.1035561246279
39.35983207651786	798.3138277240502
39.49103151677293	814.0988090858366
39.62266828849551	821.5469936465576
39.75474384945716	826.6917354948648
39.887259662288685	947.5174887093812
40.020217194496325	986.2965130661457
40.15361791847798	927.3104035768389
40.287463311539575	824.2331581915032
40.42175485591138	811.4956714851835
40.55649403876442	847.621789776247
40.69168235222697	778.5836333981797
40.82732129340106	794.6262827348462
40.96341236437907	890.5668300717967
41.09995707226033	994.7699853466432
41.236956929167874	1070.773316716268
41.3744134522651	1123.1957325440037
41.51232816377266	1119.3334181448438
41.65070259098523	1137.7407021405227
41.789538266288524	1110.2513138271188
41.928836727176154	977.429957732399
42.068599516266744	885.8406517439714
42.20882818132097	785.3358196047818
42.34952427525871	723.1712863361927
42.49068935617624	710.3451435903643
42.632324987363496	668.2280129549022
42.774432737321376	581.8365419262983
42.917014179779116	613.7643368884964
43.06007089371172	736.142354590651
43.203604463357436	764.2529344162831
43.34761647823529	751.7453987989701
43.49210853316274	753.4720194825649
43.63708222827329	717.2061574710702
43.78253916903421	636.7006185430088
43.928480966264324	578.367955002188
44.074909236151875	590.5897069475067
44.22182560027238	585.064135024244
44.36923168560663	640.6464741758434
44.51712912455866	676.9123117338963
44.665519554973855	638.8361332872391
44.814404620157106	627.730260623162
44.96378596889096	604.4569673529668
45.11366525545394	560.5786698683197
45.264044139638784	610.8843214047955
45.414924286770926	679.0092517564486
45.56630736772683	694.780994791544
45.71819505895259	635.2036907943414
45.87058904248243	563.0182789966467
46.023491005957375	510.31920603064935
46.17690264264391	460.706860491643
46.33082565145272	468.8560899331276
46.48526173695757	340.79255005496367
46.64021260941409	217.2085421195583
46.795679984778815	335.54713663949593
46.951665584728076	545.5741271105393
47.10817113667718	538.1070674209243
47.26519837379944	577.6561803836499
47.42274903504544	561.1067369622241
47.58082486516226	547.9894116879161
47.7394276147128	520.9038707878257
47.898559040095186	457.88652670700446
48.05822090356217	448.37788855986906
48.21841497324072	491.9532386845081
48.37914302315152	509.81439863075985
48.5404068332287	505.274606665203
48.702208189339466	478.06475116081043
48.86454888330393	475.48618127699154
49.02743071291495	454.93657777407475
49.190855481958	408.60083392524984
49.3548250002312	370.6421831488362
49.51934108356531	388.75094362446407
49.68440555384387	258.6025980676473
