#wavelength (micron)	surface_flux (erg / (cm2 micron s))
0.40133895199999997	3037.1318984992668
0.40267674850666674	2847.443998452367
0.40401900433502225	379.8765453243146
0.4053657343494724	364.76029463161746
0.4067169534639707	3804.934575153471
0.40807267664218394	11321.536094854146
0.4094329188976579	21283.647061378317
0.41079769529398347	32665.180375145494
0.41216702094496344	34953.50522887417
0.41354091101477997	38253.01446042209
0.4149193807181627	46635.53572839184
0.41630244532055655	58942.433810800765
0.41769012013829176	53679.516384724084
0.41908242053875283	42233.27018219485
0.4204793619405487	31019.154865346973
0.42188095981368384	31831.922273313063
0.42328722967972954	44194.39851188637
0.4246981871119953	63194.816573596836
0.42611384773570193	65310.82060474138
0.4275342272281543	59356.819650101446
0.4289593413189149	68771.3665585365
0.43038920578997797	68920.9801751622
0.4318238364759446	73864.94475844491
0.43326324926419774	89666.12068725555
0.4347074600950785	83125.99531273941
0.4361564849620621	64669.61583844401
0.43761033991193565	71448.29420219136
0.4390690410449755	80057.17911559115
0.44053260451512544	75854.95078136618
0.4420010465301759	77494.01726018167
0.44347438335194317	96883.23539168012
0.4449526312964497	106393.39976428077
0.44643580673410455	91327.43150638748
0.44792392608988496	84804.66117120085
0.4494170058435179	94244.27954978372
0.450915062529663	93091.71062011625
0.4524181127380953	102034.25505960248
0.45392617311388894	117593.75944994327
0.45543926035760196	112599.32809452033
0.45695739122546064	116712.72080220171
0.4584805825295456	114517.33994528672
0.46000885113797746	104766.8943667773
0.46154221397510403	112174.05786056278
0.4630806880216877	104991.95231532867
0.4646242903150934	95658.95137310895
0.4661730379494771	109686.36843626351
0.4677269480759754	121224.2060231798
0.4692860379028953	112675.0000442901
0.47085032469590504	99186.3847792868
0.4724198257782247	101810.98086144982
0.47399455853081884	94694.86967815283
0.4755745403925883	87250.28206336002
0.4771597888605636	71619.80450355745
0.47875032149009894	52983.01388618972
0.4803461558950659	39762.76878873096
0.48194730974804956	25029.37137833364
0.48355380078054305	17961.582863324948
0.4851656467831449	13039.151272353949
0.48678286560575545	8904.229330161228
0.4884054751577746	6666.635828670604
0.4900334934083006	5103.027130740383
0.4916669383863283	3823.972348897304
0.4933058281809494	2857.076218329253
0.4949501809415526	2086.322507209836
0.4966000148780246	1489.278471776536
0.4982553482609513	1011.9249932167522
0.4999161994218212	661.8074889694783
0.5015825867532273	438.8844890318931
0.5032545287090715	303.98747264477885
0.5049320438047684	234.8737690078776
0.506615150617451	207.0615920052754
0.5083038677861758	195.0149156937584
0.5099982140121297	186.60014376399778
0.5116982080588369	176.26549007004326
0.5134038687523664	165.65476427964822
0.515115214981541	157.21150880709305
0.5168322656981462	150.0273488502467
0.5185550399171401	142.5021263681315
0.5202835567168639	134.34696104746314
0.5220178352392535	126.5624701322257
0.5237578946900511	119.59883882422389
0.525503754339018	112.6304739450893
0.527255433520148	106.12899154926912
0.5290129516318819	100.3956377112493
0.5307763281373216	95.26089277452253
0.532545582564446	90.76001257851814
0.5343207345063276	86.62048256775087
0.5361018036213486	82.98181841148137
0.5378888096334199	79.68311877248502
0.5396817723321979	76.53955244604853
0.5414807115733054	73.85458501414824
0.5432856472785497	71.17725891243775
0.545096599436145	68.66095046659493
0.5469135881009322	66.35148887168864
0.5487366333946019	64.36907441849841
0.5505657555059172	62.25977894364573
0.5524009746909371	60.15256816831239
0.5542423112732402	58.328233814401976
0.556089785644151	56.2313106027767
0.557943418262965	54.431999791533656
0.5598032296571749	52.78194994741686
0.5616692404226988	51.01398447410099
0.5635414712241079	49.204792987542056
0.5654199427948549	47.36313963903083
0.5673046759375044	45.625886554108334
0.569195691523963	43.588252339282285
0.5710930104957095	41.42497488911581
0.5729966538640286	38.95495741211483
0.5749066427102419	36.17624902592044
0.576822998185943	33.35876931584169
0.5787457415132294	30.22928599554321
0.5806748939849402	26.730168150424092
0.58261047696489	23.275608739820225
0.5845525118881064	18.900430021653502
0.5865010202610669	11.914045130683705
0.588456023661937	4.005790748614769
0.5904175437408102	3.734440389255739
0.5923856022199464	13.901847895414104
0.5943602208940129	27.80873095100833
0.5963414216303263	42.595108518398725
0.598329226369094	59.871469986638026
0.6003236571236578	81.10073359969927
0.6023247359807368	107.05290593025063
0.6043324851006725	138.35237730930825
0.6063469267176749	177.43305981308882
0.6083680831400672	225.044094709314
0.610395976750534	282.020123985044
0.6124306300063692	352.09305986084274
0.6144720654397238	439.0254391030608
0.6165203056578563	545.4859963340327
0.6185753733433824	675.0814505298255
0.6206372912545272	833.7870290422163
0.6227060822253756	1026.5969587414509
0.6247817691661269	1261.8666309865355
0.6268643750633474	1549.0681279616051
0.6289539229802253	1898.3740709411663
0.6310504360568261	2327.255134680409
0.6331539375103489	2839.5862383112767
0.6352644506353834	3461.6656145210454
0.6373819988041681	4210.045302619037
0.6395066054668487	5102.397999975302
0.6416382941517382	6195.724566973751
0.6437770884655775	7475.219755314127
0.6459230120937961	8880.07085740001
0.6480760888007754	10695.009511203885
0.6502363424301114	12949.664255818774
0.6524037969048785	15515.504367892649
0.6545784762278948	18529.42262976837
0.6567604044819878	22045.775956410398
0.6589496058302612	26076.28801927781
0.6611461045163621	30812.158198541172
0.66334992486475	36395.52853980313
0.6655610912809659	42671.75853621969
0.6677796282519025	48241.90664909286
0.6700055603460756	45733.12288587151
0.6722389122138959	53525.3528508175
0.6744797085879423	75188.02644273576
0.6767279742832354	87935.33367775448
0.6789837341975129	99251.55417727704
0.6812470133115047	108671.5173446845
0.6835178366892097	115212.34907085082
0.6857962294781739	117756.13088379556
0.6880822169097679	116368.22061337554
0.6903758242994671	111335.31686220596
0.6926770770471321	104664.82957830197
0.6949860006372892	100657.52947225633
0.6973026206394136	100640.77734486051
0.6996269627082117	100934.10967777985
0.7019590525839058	101301.46953316571
0.7042989160925188	106049.73050081082
0.7066465791461606	112521.82684974514
0.7090020677433145	116133.43157652605
0.7113654079691256	120091.72914782939
0.7137366259956894	123210.70567947233
0.7161157480823418	120461.98621935112
0.7185028005759496	118219.76397100919
0.7208978099112028	117319.11774428874
0.7233008026109069	113203.76644673497
0.7257118052862767	104789.97798985518
0.728130844637231	104941.62042240328
0.7305579474526884	98499.19547557212
0.7329931406108642	85232.17552249432
0.7354364510795671	79596.21805532806
0.7378879059164991	78654.61041678823
0.7403475322695541	73294.93260811838
0.7428153573771193	66585.9847487538
0.7452914085683765	61066.808852778995
0.7477757132636044	55040.79294458702
0.7502682989744831	47875.06664450289
0.7527691933043982	41411.28123616509
0.7552784239487462	34890.12630663566
0.7577960186952422	28974.786900949373
0.7603220054242263	23381.46976150143
0.7628564121089738	14279.771959833024
0.7653992668160038	4312.211130296401
0.7679505977053904	1153.9743653296873
0.7705104330310751	2765.771048775609
0.7730788011411788	10112.054864873135
0.7756557304783162	21252.3946763326
0.7782412495799106	30964.335238374944
0.7808353870785104	42110.3147494334
0.7834381717021055	66196.44760117595
0.7860496322744459	90502.67815543202
0.7886697977153608	116274.74233775877
0.7912986970410787	143741.3222683902
0.793936359364549	150206.71245642402
0.7965828138957642	192306.74955649575
0.7992380899420836	275150.9617690506
0.8019022169085571	337390.2024732044
0.8045752242982523	399016.21269684803
0.80725714171258	462315.681830172
0.809947998851622	528431.4653053689
0.8126478255144608	590855.6117132234
0.8153566515995091	646006.3003512601
0.8180745071048409	744623.996623781
0.8208014221285237	915900.522831542
0.8235374268689521	1031513.7329256126
0.8262825516251822	1146270.9070802932
0.8290368267972661	1246968.0055490113
0.8318002828865904	1412359.0102885
0.8345729504962124	1510612.3388037453
0.8373548603311998	1666301.2507405386
0.8401460431989706	2003803.5449079953
0.8429465300096338	2232652.46860886
0.8457563517763327	2446014.7851152606
0.8485755396155872	2596061.8841333305
0.8514041247476393	2537709.8010020363
0.8542421384967981	2958625.7443392947
0.8570896122917875	3618684.6816915544
0.8599465776660935	3985488.396989327
0.8628130662583139	4232491.097232979
0.8656891098125085	4569332.423134889
0.8685747401785502	4965637.801124961
0.8714699893124788	5047196.145489016
0.8743748892768537	5212739.844302055
0.8772894722411099	6065670.960171643
0.8802137704819137	6671105.634686932
0.8831478163835201	7246501.740130083
0.8860916424381319	7850733.849320656
0.8890452812462591	7369785.58556096
0.89200876551708	5609381.746773392
0.8949821280688037	5313604.412860414
0.8979654018290332	7050208.2744365875
0.90095861983513	7762366.296068459
0.9039618152345804	9203209.874822123
0.9069750212853626	10379778.284169616
0.9099982713563137	11751330.062053587
0.9130315989275016	12672494.169033978
0.9160750375905932	12339953.164966645
0.9191286210492287	12437743.454969205
0.9221923831193928	14514831.910705155
0.9252663577297908	13932575.331072954
0.9283505789222235	9482005.421491452
0.9314450808519644	8780511.022955218
0.9345498977881376	7815485.87159938
0.9376650641140981	5612570.427369047
0.940790614327812	11150744.851453654
0.9439265830422381	16406674.230424656
0.9470730049857122	15012518.615738938
0.9502299150023314	12183538.18815419
0.9533973480523392	8698400.657707214
0.9565753392125138	7870712.864032195
0.9597639236765556	12536253.647047693
0.9629631367554774	11426461.351461088
0.9661730138779958	11134941.052302731
0.9693935905909224	13629056.481339103
0.972624902559559	12798931.113304054
0.9758669855680909	14361972.508371715
0.9791198755199847	17629743.24473566
0.9823836084383848	17158527.28588206
0.9856582204665127	23762990.24629319
0.9889437478680678	24304454.20157142
0.9922402270276282	18698754.110957224
0.9955476944510537	13909039.602575421
0.9988661867658906	16840275.548548393
1.002195740721777	15833400.477043021
1.0055363931908496	19983576.586454593
1.0088881811681525	24219840.177394614
1.0122511417720463	30390210.99448226
1.01562531224462	34075530.508686565
1.019010729952102	34141541.638884135
1.0224074323852759	35881517.580695875
1.0258154571598936	36689092.82185825
1.0292348420170931	37680715.95253346
1.0326656248238169	40610904.298945144
1.0361078435732296	52532897.00723168
1.0395615363851405	53878869.46434031
1.0430267415064245	52353867.713447064
1.0465034973114462	51536464.00639216
1.0499918423024843	49810399.41342131
1.0534918151101593	51222004.02104163
1.05700345449386	54551412.07534998
1.0605267993421728	56147721.873210184
1.0640618886733135	55971807.457410835
1.067608761635558	60632749.49756288
1.0711674575076766	63344182.90511549
1.0747380156993689	62873151.13652515
1.0783204757517002	58450896.89461288
1.0819148773375393	64935624.74345079
1.085521260261998	66482054.99617577
1.0891396644628712	57650366.472078204
1.092770130011081	38479085.565902874
1.0964126971111179	23067651.854301453
1.1000674061014886	25111730.37395907
1.10373429745516	32447436.5330124
1.1074134117800107	22186070.964062925
1.1111047898192774	14396477.135387888
1.1148084724520084	8413461.17858951
1.1185245006935154	10299307.003799941
1.1222529156958272	17464719.87211628
1.1259937587481466	15879799.37830964
1.1297470712773072	12495762.705882883
1.1335128948482316	7929994.224427143
1.1372912711643925	8057105.369898956
1.1410822420682738	13181033.238947617
1.1448858495418348	16054505.776675586
1.1487021357069744	12847974.84404525
1.1525311428259977	7746533.157105555
1.1563729133020846	5025762.641375765
1.1602274896797582	3650569.535500997
1.1640949146453576	5522871.833871736
1.1679752310275089	9230278.26514056
1.1718684817976006	6470194.61132679
1.1757747100702594	2978767.318802803
1.1796939591038271	7379535.026008277
1.1836262723008397	12455952.432809113
1.1875716932085094	17543629.59345457
1.1915302655192046	18424755.965778884
1.1955020330709352	20312110.482321605
1.1994870398478386	27366779.887472533
1.2034853299806647	37908886.7672326
1.207496947747267	38227255.61027121
1.2115219375730912	31596028.533255775
1.2155603440316685	43153772.46061998
1.2196122118451074	41015839.25223814
1.2236775858845912	48491400.007049486
1.2277565111708733	68644522.09716037
1.2318490328747762	77061944.74022682
1.2359551963176922	68357226.45011446
1.2400750469720847	56433089.06790623
1.2442086304619917	69598595.947293
1.248355992563532	80627984.3218763
1.2525171792054102	69935150.72077036
1.2566922364694284	81210296.44883558
1.2608812105909932	91532673.71504475
1.2650841479596302	81605956.51814272
1.2693010951194956	77599225.96332291
1.273532098769894	96970883.45220828
1.2777772057657937	102170106.32853405
1.2820364631183463	102030517.53328824
1.2863099179954076	78447326.91174437
1.2905976177220593	91660119.50708413
1.2948996097811327	91804645.01471534
1.2992159418137368	67074705.73922431
1.3035466616197826	51005469.47382375
1.3078918171585154	37006797.31746723
1.3122514565490437	21485127.05258834
1.3166256280708741	26461860.91755382
1.3210143801644436	37840565.22380203
1.3254177614316587	35329065.39637635
1.329835820636431	21764699.081247296
1.3342686067052192	11895734.180902759
1.33871616872757	6084269.738563666
1.343178555956662	4451301.131341857
1.347655817809851	3726008.150556902
1.352148003869217	3034980.5677276757
1.3566551638821147	1792338.329847718
1.3611773477617217	1188733.554819985
1.3657146055875944	1302113.8935810674
1.3702669876062197	1689469.0840794938
1.3748345442315741	1795586.7373305918
1.3794173260456792	3094663.4689458706
1.384015383799165	2513981.203919199
1.388628768411829	1413238.2376111161
1.3932575309732018	1920352.6964324494
1.3979017227431125	1685311.9880185276
1.4025613951522564	2118464.9199069263
1.407236599802764	2341295.167939378
1.4119273884687735	2039234.4083049868
1.4166338130970026	1974587.4730641025
1.4213559258073263	1508493.9055219428
1.4260937788933508	2451473.899968559
1.4308474248229952	3733829.7404060187
1.4356169162390722	4069505.0807840326
1.4404023059598692	3881807.318905984
1.4452036469797356	3747594.169965842
1.450020992469668	3818553.518166909
1.4548543957779003	5073535.34598735
1.4597039104304934	4011052.9856990795
1.4645695901319284	6074993.152509667
1.469451488765702	6374126.105672161
1.4743496603949209	6751890.593150743
1.479264159262904	5073800.645158791
1.4841950397937806	4911291.56081796
1.4891423565930935	9109508.907999175
1.4941061644484037	7557341.618038526
1.4990865183298985	8132599.890107913
1.5040834733909982	9419057.964258231
1.5090970849689684	13190125.542218622
1.5141274085855316	14931523.515295258
1.5191744999474837	14928611.100251485
1.5242384149473087	17155870.956358604
1.5293192096638	14314656.162405808
1.5344169403626793	16287148.601002354
1.5395316634972218	14874008.448081657
1.544663435708879	17725540.07324181
1.5498123138279087	18976873.909125827
1.554978354874002	18631677.05390668
1.5601616160569156	17997789.936115954
1.5653621547771055	21264602.7574148
1.5705800286263625	27294293.386583056
1.5758152953884506	33810771.83401003
1.5810680130397454	40583781.61264544
1.5863382397498782	39226794.359228835
1.5916260338823778	34925649.95241743
1.5969314539953192	36782794.61966678
1.6022545588419705	31145019.000369247
1.6075954073714436	24075484.505388424
1.6129540587293487	17891063.194798473
1.6183305722584467	13323131.05367717
1.6237250074993084	8126539.892988196
1.6291374241909726	8995244.955293968
1.6345678822716092	8349665.073264223
1.6400164418791816	8312035.302824101
1.6454831633521123	10999191.114309566
1.6509681072299527	14027161.417252094
1.6564713342540527	14216116.249206139
1.6619929053682332	8910913.204406664
1.6675328817194608	4951840.3008521665
1.6730913246585257	2912484.716019545
1.6786682957407209	4742719.36786782
1.6842638567265233	6652643.015005339
1.6898780695822784	5882656.979374755
1.6955109964808863	4671225.695315157
1.7011626998024894	5486539.6892672265
1.7068332421351646	7345076.305164789
1.7125226862756153	6376717.758120873
1.7182310952298672	5096094.280815563
1.7239585322139668	4240655.186979519
1.7297050606546804	5013184.28777012
1.7354707441901962	5605563.654012356
1.7412556466708302	4736120.493073732
1.747059832159733	5442569.183481748
1.752883364933599	6261744.770783471
1.7587263094833776	5480919.271469059
1.7645887305149892	3981439.4943609745
1.7704706929500391	3474286.555033183
1.7763722619265396	4726736.702089435
1.7822935027996283	5842716.6265811585
1.7882344811422937	5296502.661175367
1.7941952627461015	3003828.546416856
1.8001759136219222	3312100.217525975
1.8061765000006618	3480180.206506411
1.8121970883339975	4677605.446250679
1.818237745295111	5370826.631431364
1.8242985377794283	4851579.653148446
1.8303795329053596	2273096.8330058963
1.8364807980150446	2875124.5596678606
1.8426024006750947	4041846.5859726
1.8487444086773455	4151061.9183181087
1.8549068900396033	5628686.315664978
1.861089913006402	4494078.146516422
1.8672935460497566	4158782.4394477704
1.873517857869923	6089178.007208903
1.879762917396156	7613111.444653402
1.8860287937874767	8977967.27767273
1.8923155564334353	10777346.030844668
1.8986232749548801	11111512.877224036
1.9049520192047298	9862211.816557074
1.9113018592687456	10129987.304434218
1.9176728654663082	7598969.702897358
1.9240651083511964	6127670.688926495
1.9304786587123668	6132566.063109366
1.9369135875747419	4543398.897366558
1.9433699661999908	6494321.694929403
1.9498478660873244	5963656.3317014845
1.9563473589742824	6754298.199438268
1.9628685168375302	7518277.401471517
1.9694114118936552	7492066.03793925
1.9759761165999676	9716711.297821412
1.9825627036553009	11459534.751038924
1.9891712460008188	13191430.590487836
1.9958018168208218	12908329.926336708
2.002454489543558	10014000.11509594
2.0091293378420367	10557744.09766447
2.0158264356348434	11175267.059078796
2.02254585708696	9301289.912382932
2.029287676610583	9120161.033143394
2.036051968865952	10579479.922136808
2.042838808762172	13191487.485909961
2.049648271458046	12349846.957986183
2.0564804323629065	14720493.89630802
2.0633353671374497	17293647.708663087
2.0702131516945745	21349746.675110746
2.0771138622002234	20279736.111918055
2.084037575074224	16939690.599147793
2.0909843669911385	17053250.774612386
2.097954314881109	17802969.397827324
2.1049474959307126	20126801.23492711
2.1119639875838154	20549866.01738843
2.1190038675424283	17905394.17965113
2.12606721376757	16990368.644821223
2.1331541044801288	16309970.336904366
2.140264618161729	15663925.7882839
2.147398833555602	11879921.506926904
2.154556829667454	9557340.413002312
2.1617386857663456	9353312.63317507
2.1689444813855667	7565656.967242525
2.176174296323519	6612805.649573809
2.1834282106445975	5878151.785033925
2.19070630468008	3043863.081804833
2.1980086590290138	1036098.3728580945
2.2053353545591103	792569.9603273708
2.2126864724076407	1110929.0056563825
2.220062093982333	1627407.1543374434
2.2274623009622747	1297127.1455911624
2.2348871752988155	837918.7945946596
2.2423367992164787	682305.9522148139
2.2498112552138667	444866.31141358445
2.25731062606458	328156.1123689279
2.2648349948181288	335145.3269650774
2.272384444800856	299726.6717192621
2.2799590596168593	384485.49335872324
2.2875589231489153	457632.62014896865
2.295184119559412	382020.607254561
2.302834733291277	449184.28642291337
2.3105108490689146	647805.8601233532
2.3182125518991445	417208.72724633245
2.325939927072142	271383.1648999545
2.3336930601623824	280630.7440452432
2.341472037029591	228627.29643554342
2.3492769438196897	250696.49171099512
2.3571078669657557	355925.48117000726
2.364964893188975	513751.2826231898
2.372848109499605	619170.8852283546
2.380757603197937	593152.661272174
2.3886934618752638	420659.28277872916
2.396655773414848	585544.6530982307
2.4046446259928977	742648.6476254154
2.412660108079541	881914.3812289978
2.420702308439806	918510.2471397268
2.428771316134606	695994.3574089829
2.4368672205217212	1041523.3091475313
2.4449901112567938	1369503.8996209279
2.4531400782943167	1590549.1659708952
2.4613172118886313	2076777.580264986
2.469521602594927	2137001.817893505
2.4777533412702435	1739290.6568818612
2.4860125190744777	1934447.78402976
2.494299227471393	2366803.770572272
2.502613558229631	2390373.799195757
2.51095560342373	1664991.1635969977
2.5193254554351427	2033135.8844708437
2.5277232069532602	2570923.8233822645
2.536148950976438	2572609.865617812
2.544602780813026	2745027.5671528303
2.5530847900824027	2745171.4527810486
2.561595072716011	2842493.731412357
2.5701337229583983	2276771.2794274935
2.5787008353682594	1361804.706909786
2.5872965048194874	1294914.3762260973
2.5959208265022196	1495322.7892961774
2.6045738959238935	1836852.643037128
2.613255808910307	1995986.1905760937
2.621966661606675	2978950.911506233
2.6307065504786973	3296989.908218943
2.6394755723136263	2854511.724418704
2.6482738242213384	3393223.9793434953
2.65710140363541	3577804.18253707
2.6659584083141947	3696570.272953536
2.674844936341909	2909391.721139939
2.6837610861297154	1717814.1366422484
2.692706956416815	1556006.3129663405
2.701682646271538	3366862.0006338097
2.710688255092443	4427031.66252909
2.719723882609418	4240159.174329948
2.728789628884783	3593668.9059742386
2.737885594314399	2624462.1897386373
2.7470118796287806	3724050.053466326
2.75616858589421	4715920.036152477
2.7653558145138577	3410375.595686672
2.774573667228904	2950734.333835069
2.783822246119667	3065091.4840635117
2.7931016536067332	2599867.232647932
2.802411992452089	3046983.206288734
2.811753365760263	3962430.0206307005
2.821125876979464	4325661.3846852705
2.830529629902729	5789819.935063906
2.839964728669072	4640683.021535033
2.8494312777646353	3719327.8083553556
2.8589293820238515	3541377.5377827855
2.8684591466305975	4440856.638601438
2.8780206771193666	4793513.267061989
2.8876140793764313	5478429.630419824
2.89723945964102	5044308.412636929
2.90689692450649	5775063.232759724
2.916586580921512	5427882.987541727
2.9263085361912506	5257580.021033014
2.936062897978555	5930449.917299806
2.94584977430515	4914888.074131194
2.955669273552834	4373549.743000062
2.965521504464677	4788095.031950451
2.9754065761462263	4963399.18586848
2.9853245980667142	4387004.95541344
2.99527568006027	6376752.661540138
3.005259932327138	5408986.920849655
3.0152774654348953	5071843.809961499
3.0253283903196784	4489631.919706224
3.0354128182874107	4335139.047049565
3.045530861015036	4500703.992134471
3.055682630551753	2968220.6473069396
3.0658682393202588	2854305.8567427457
3.076087800117993	2438585.893440682
3.086341426118387	2424990.9734291392
3.096629230872115	2127953.987623029
3.106951328308356	1578232.0801403082
3.1173078327360506	1512636.7547730764
3.127698858845171	1254582.2328510915
3.1381245217079883	739840.0900398025
3.1485849367803485	736604.1306155415
3.15908021990295	770080.9623689846
3.1696104873026267	557129.0640268713
3.1801758555936357	583875.981396972
3.190776441778948	500824.4635648537
3.2014123632515448	480929.7802468047
3.2120837377957168	559449.5094477946
3.2227906835883697	522282.0419415105
3.2335333192003306	429917.85593154794
3.2443117635976657	419783.75688720675
3.2551261361429913	566307.7990611462
3.2659765565968013	693598.9340886865
3.276863145118791	699987.4871198012
3.287786022269188	633840.9337345323
3.2987453090100853	546892.7695982129
3.3097411267067858	370007.2997263672
3.320773597129142	228448.37114863194
3.3318428424529056	195264.09353504013
3.3429489852610823	294501.0706109665
3.3540921485452864	407764.15578306076
3.365272455707104	632140.8174495707
3.3764900305594616	931211.4845889948
3.387744997327993	781597.0515785448
3.39903748065242	570397.332150505
3.4103676055879286	604105.7410866149
3.4217354976065555	666856.2721743021
3.433141282598577	683264.3510877313
3.4445850868739063	666961.173289358
3.4560670371634865	681279.5719632712
3.4675872606206983	581811.9720657137
3.4791458848227674	612574.0463642863
3.490743037772177	722103.0100367117
3.5023788478980844	885516.9311294073
3.514053444057745	1102224.141858357
3.525766955537937	994890.8531545014
3.5375195120563974	904429.520945511
3.5493112437632526	890962.1140894981
3.561142281242464	1002895.427111489
3.5730127555132727	1065417.9927941319
3.5849227980316503	1104113.1757536165
3.5968725406917557	1307152.6228101952
3.6088621158273955	1427217.660829805
3.620891656213487	1515146.6394327958
3.632961295067532	1823670.0883591243
3.645071166051091	2114605.6786457505
3.657221403271261	2218662.24716124
3.6694121412821654	2013561.3281102187
3.68164351508644	2051357.3046184897
3.6939156601367285	2286377.4684256576
3.706228712337184	2771330.0710259853
3.7185828080449754	2679616.808709619
3.730978084071792	2120808.6705204523
3.7434146776853656	2498801.718655536
3.7558927266109836	3252951.74632727
3.7684123690330207	3453473.2263403605
3.7809737435964643	3103996.254288709
3.7935769894084523	2840426.0820109257
3.806222246039814	3706741.033745745
3.8189096535266143	5062660.192985808
3.8316393523717034	5201001.565638227
3.8444114835462755	4228025.754062806
3.85722618849143	4868572.592511634
3.870083609119735	5308675.013294082
3.8829838878168013	4578613.31666851
3.895927167442858	4361052.466081503
3.9089135913343345	4289783.384093986
3.921943303305449	5693117.74390713
3.9350164476498004	6275474.459551257
3.9481331691419674	5838005.172190766
3.961293613039107	7078901.811400536
3.974497925082571	6802941.554591992
3.9877462514995137	6432429.914162114
4.001038739004512	7172897.1450027935
4.014375534801194	7239556.382557536
4.027756786583865	6004416.683939991
4.041182642539145	6540068.466480513
4.0546532513476095	7889314.7192262
4.068168762185435	7184400.7773214495
4.081729324726052	7515858.512997267
4.095335089141807	8634144.18924069
4.108986206105613	9259958.11693569
4.122682826792632	8411333.782688076
4.136425102881941	7899604.662295894
4.150213186558215	9245815.361838764
4.164047230513409	10332237.555816157
4.177927387948454	9244445.288473545
4.19185381257495	8018641.682757645
4.205826658616867	8226245.753242175
4.219846080812256	7347776.47258598
4.233912234414964	5613835.588006785
4.248025275196348	5608505.552281388
4.2621853594470025	5663559.978573701
4.276392643978492	4848641.972605991
4.290647286125088	4472909.31058124
4.304949443745505	5401617.868802812
4.319299275224657	6138806.984278859
4.333696939475407	7039453.891882369
4.348142595940325	6615089.447933577
4.362636404593459	6672642.473776862
4.377178525942105	6790251.917217191
4.391769121028579	6613845.247010266
4.406408351432008	6529074.699782292
4.421096379270114	6144705.241551106
4.435833367201015	5920698.504987952
4.450619478425019	5993689.392208426
4.465454876686436	4997471.653948284
4.480339726275391	4873990.253876738
4.495274192029643	5693289.365165103
4.5102584393364085	5043779.742199197
4.525292634134197	5119428.150313209
4.540376942914645	5663222.455381249
4.555511532724361	5921351.503577298
4.570696571166776	5653776.974703715
4.585932226403998	5519040.001993763
4.601218667158679	5956167.292313616
4.616556062715875	6020272.226467465
4.631944582924928	5821966.465377427
4.6473843982013445	5155743.906844851
4.662875679528684	5553119.087110255
4.678418598460445	6291935.702738957
4.694013327121981	6080408.291451594
4.709660038212388	4760444.006939843
4.72535890500643	4698510.569758497
4.741110101356451	4905970.335761968
4.756913801694306	5365244.738385107
4.772770181033287	5500820.560033073
4.7886794149700656	5720236.410543331
4.804641679686633	5497937.310024854
4.820657151952255	5300774.750586785
4.836726009125431	4931423.565013153
4.8528484291558485	4778805.341257306
4.869024590586369	4543399.815872728
4.88525467255499	3878036.245588649
4.901538854796841	3732740.9907909315
4.917877317646163	4914089.202307391
4.934270242038318	4383807.664550277
4.950717809511779	3547204.4626596333
4.967220202210152	3148521.6856009895
4.983777602884187	4270247.008839431
5.000390194893801	4791883.985098688
5.017058162210114	4512348.808906875
5.033781689417481	4416120.720906228
5.05056096171554	4481624.5605245605
5.067396164921259	5028759.290320699
5.0842874854709965	4283899.030723381
5.101235110422567	4143243.8560862383
5.118239227457309	3845538.9416819224
5.135300024882167	3691189.451066526
5.152417691631775	4436092.763486722
5.1695924172705485	4340769.895335657
5.186824391994784	3959957.9460958648
5.2041138066347665	3331600.1043393076
5.221460852656883	2915526.1424224176
5.238865722165739	3437550.6849065693
5.256328607906292	3699611.8293419224
5.273849703265981	3107896.228878495
5.291429202276868	2907528.6864302843
5.309067299617792	3209795.9087964077
5.326764190616517	3327319.3028307753
5.344520071251906	2905226.1547906157
5.362335138156079	3211939.1107570296
5.380209588616601	3465289.0726032695
5.398143620578656	3190696.66246366
5.416137432647252	2483507.37239244
5.4341912240894095	2463852.749478227
5.452305194836375	2288969.159010973
5.47047954548583	2459465.2051604236
5.488714477304117	2715607.473553106
5.507010192228464	2225837.0814046464
5.525366892869226	1928840.2590477488
5.543784782512124	1910867.8947659452
5.562264065120498	2242000.5941934492
5.580804945337567	2010066.2743800005
5.5994076284886924	2137128.3594035683
5.6180723205836545	2124160.434054632
5.636799228318934	2049009.0952416093
5.655588559079998	1853666.5613371334
5.674440520943598	1813874.2183092197
5.693355322680078	1791196.4578868237
5.712333173755678	1634922.7617357513
5.731374284334864	1825304.1657813627
5.7504788652826475	1875144.3755317128
5.769647128166923	1806361.6901609842
5.788879285260814	2118984.6056946986
5.808175549545017	1940629.4085531035
5.827536134710167	1486782.1839185108
5.846961255159202	1548623.066528009
5.866451126009732	1732763.879521951
5.886005963096433	1784514.4815007395
5.9056259829734215	1839565.140202933
5.925311402916666	1554969.005141016
5.945062440926389	1409664.620194615
5.964879315729477	1646583.0423861388
5.9847622467819095	2015232.2717164524
6.004711454271183	2268605.765168905
6.024727159118754	1947297.5692268638
6.0448095829824835	1604059.6733518122
6.0649589482590915	1829326.3172037918
6.085175478086623	1663546.228985106
6.105459396346912	1573217.2730437054
6.125810927668069	1878685.7288943566
6.146230297426963	1995929.5943097721
6.16671773175172	2082246.1096044695
6.187273457524226	2021480.5164422165
6.207897702382641	1761603.7560227027
6.228590694723916	1869264.1446497978
6.24935266370633	1812656.5340843853
6.270183839252018	1780989.1436858326
6.291084452049526	1797105.1768703556
6.312054733556359	1524320.1939913817
6.333094916001547	1495470.0289474975
6.354205232388219	1495979.4115035667
6.37538591649618	1398159.3912576959
6.3966372028845	1308660.851196153
6.417959326894116	1057874.4179741857
6.43935252465043	1033164.4105249573
6.460817033065933	890294.837908291
6.48235308984282	860038.874315906
6.5039609334756285	1109690.798601695
6.525640803253881	1298991.70443033
6.547392939264729	1216179.5556811464
6.569217582395612	1163643.840682691
6.591114974336931	1233736.8735637576
6.613085357584721	1059529.7035746907
6.635128975443338	1046578.6817750358
6.657246072028149	1486744.4374548255
6.679436892268243	1458429.9338728732
6.701701681909138	1351995.65740776
6.724040687515503	1321813.947909573
6.746454156473888	1359755.8007196325
6.768942336995468	1215320.4721912462
6.791505478118787	1143008.88724985
6.814143829712517	1224035.262014115
6.8368576424782255	1221608.736617914
6.859647167953153	1153998.413278538
6.882512658512998	1268537.2079347034
6.905454367374709	1355500.0267795322
6.928472548599291	1340887.0013885165
6.951567457094623	1325783.2243814864
6.974739348618272	1321339.0382975019
6.997988479780334	1255915.7311523033
7.021315108046268	1062534.6766573207
7.044719491739756	1020824.5916285069
7.068201890045556	1038005.7328087846
7.0917625630123755	850919.2184711465
7.11540177155575	761269.1615035624
7.1391197774609365	764610.8711905843
7.162916843385807	692806.9334368887
7.18679323286376	642092.4195159341
7.2107492103066395	727416.9105743443
7.234785041007663	676692.6146206151
7.258900991144356	650583.1797846251
7.283097327781505	658754.4747671651
7.30737431887411	642971.6261552125
7.331732233270357	586026.9582642021
7.356171340714592	587463.7179529337
7.380691911850308	579286.5399440402
7.405294218223143	606366.9572066611
7.429978532283888	575385.0391941832
7.454745127391502	507096.88691435027
7.47959427781614	546657.8155395733
7.504526258742194	644437.7011106003
7.529541346271335	711572.4650041519
7.554639817425574	734086.7719852633
7.579821950150326	762108.5230324189
7.605088023317496	795641.9052230323
7.630438316728554	705477.9123205392
7.65587311111765	591348.1943772506
7.681392688154709	626114.8438765436
7.706997330448558	529952.4020129301
7.7326873215500544	400618.0447114768
7.7584629459552215	413731.5422001827
7.784324489108407	467377.8296717963
7.810272237405435	455357.5399722422
7.836306478196787	449989.84713670315
7.862427499790777	497969.3211244235
7.888635591456747	561390.6404232325
7.914931043428269	528354.7180813376
7.9413141469063655	534297.9418221924
7.967785194062721	645584.7216804937
7.994344478042929	651927.6374501303
8.020992292969739	582986.709414553
8.047728933946306	549717.5106624961
8.074554697059462	557397.1886694559
8.101469879382993	583433.1372817007
8.128474778980937	599857.8544061272
8.155569694910874	587556.8745394935
8.182754927227245	571173.2156865688
8.21003077698467	626495.6818476667
8.237397546241287	615632.3583672859
8.264855538062092	586584.9536782753
8.292405056522298	606604.5255486915
8.320046406710707	556892.945471602
8.347779894733076	535940.4705580972
8.375605827715521	602297.7098131737
8.403524513807906	690719.6852971812
8.431536262187267	658165.8515059036
8.459641383061225	678999.8187035201
8.487840187671429	673018.497083938
8.516132988297002	659237.8001252675
8.544520098257992	732502.05787737
8.573001831918852	617681.2812592678
8.601578504691917	671497.4991699731
8.63025043304089	782473.1482535773
8.65901793448436	779601.485493683
8.687881327599309	778336.7894834027
8.71684093202464	798166.1269087273
8.745897068464723	771618.1963836392
8.775050058692939	865977.7826049838
8.80430022555525	917534.2235274028
8.833647892973769	942154.4821246886
8.863093385950348	900421.8004870267
8.892637030570183	934533.5482194058
8.922279154005418	992102.0223645238
8.95202008451877	934780.7438105433
8.981860151467167	871845.9786917837
9.011799685305393	868910.3305618821
9.041839017589743	940608.0174633123
9.07197848098171	918868.4032785285
9.10221840925165	979630.4209239815
9.132559137282488	1032487.5766242137
9.16300100107343	1113244.792132162
9.193544337743676	1134573.628281215
9.224189485536156	950641.220595279
9.254936783821277	1060962.291646349
9.285786573100683	1076753.697351671
9.316739195011019	1113262.879755935
9.347794992327723	1240805.6806410484
9.378954308968815	1179623.4868218577
9.410217489998713	1120989.6859727083
9.441584881632043	1002407.4424734534
9.473056831237484	1005992.2068099816
9.50463368734161	1174866.3320703357
9.53631579963275	1287700.303206213
9.56810351896486	1216921.1482390007
9.599997197361409	1049655.2289363295
9.631997188019282	1110587.2809419031
9.66410384531268	1250757.2940449198
9.696317524797056	1278979.648173642
9.728638583213046	1199228.4682407882
9.761067378490424	1209631.8220641788
9.793604269752059	1283167.0796784363
9.8262496173179	1164357.0301785825
9.859003782708962	1032763.5405337906
9.891867128651326	953247.4695067011
9.924840019080163	1136210.4643252464
9.957922819143764	1256415.5707515602
9.99111589520758	1282977.533627808
10.024419614858271	1186060.700717212
10.0578343469078	995468.0221720757
10.091360461397493	1095212.4777008728
10.124998329602152	1201098.7432178264
10.158748324034159	1214830.8550741726
10.192610818447609	1188464.4805139673
10.226586187842432	1174700.4885309457
10.260674808468575	1137180.377774437
10.294877057830139	1068295.902481562
10.329193314689574	993773.4424945982
10.363623959071873	820428.6637015579
10.39816937226878	794224.7036274589
10.43282993684301	717531.2980979179
10.467606036632487	767577.0951930422
10.502498056754597	809146.5444792478
10.537506383610445	882227.6404320814
10.57263140488915	836588.7095795973
10.607873509572112	821147.8113798879
10.643233087937354	810247.6390472197
10.678710531563812	841313.03462364
10.714306233335694	753842.1629101381
10.750020587446814	740900.61040113
10.78585398940497	860370.2720622035
10.82180683603632	876950.9897045783
10.857879525489777	818612.1491349089
10.894072457241409	800637.8671012925
10.93038603209888	789591.6567274957
10.966820652205879	735255.8449720715
11.003376721046566	646018.671396035
11.040054643450055	661681.2929264188
11.07685482559489	803553.2651612575
11.113777675013539	839330.4174061571
11.150823600596919	761286.5306763772
11.187993012598909	744710.2790200311
11.225286322640908	684455.7427845336
11.262703943716378	758048.10965831
11.300246290195433	774220.6392911853
11.337913777829419	760244.3354745454
11.375706823755518	815522.6832671461
11.41362584650137	796890.1809507845
11.45167126598971	727773.7800486919
11.489843503543009	732051.3257459725
11.528142981888152	676111.1870626146
11.566570125161114	704632.9111866774
11.605125358911653	749625.0041913319
11.643809110108025	707524.9499563043
11.68262180714172	672897.7829440758
11.721563879832193	518949.84426073416
11.760635759431635	529611.1356892025
11.79983787862974	572315.7912779149
11.839170671558508	558002.5830189387
11.878634573797038	622695.2845756324
11.918230022376362	693813.8449278644
11.957957455784284	674977.0304147344
11.99781731397023	634789.6862142181
12.037810038350134	565813.4084064957
12.077936071811303	566102.2448033452
12.11819585871734	598940.8368358002
12.158589844913067	622318.9975152231
12.199118477729444	658768.1845093815
12.239782205988542	603620.3235021785
12.280581480008506	541578.5269657995
12.321516751608534	585658.5685185855
12.362588474113897	551120.3168712121
12.403797102360945	467393.2798295316
12.44514309270215	474613.0909461435
12.486626903011157	488807.5588628379
12.528248992687862	450979.1350036076
12.570009822663488	452812.4037724247
12.611909855405703	452660.9156482847
12.653949554923722	448294.93369157484
12.696129386773467	476982.0119609317
12.738449818062714	465955.8182728149
12.780911317456257	469071.6942064972
12.823514355181112	483287.5046263608
12.866259403031716	475607.37390850607
12.909146934375158	477158.00419078587
12.95217742415641	468496.9442329872
12.995351348903599	435055.8361027026
13.038669186733278	422410.77385062433
13.082131417355722	444400.2134109478
13.125738522080242	429838.37327828555
13.169490983820511	430885.48129896505
13.213389287099913	448871.8086745889
13.257433918056915	402601.0248915781
13.30162536445044	348105.89047047787
13.345964115665275	388976.0553574704
13.390450662717493	586947.925351442
13.435085498259886	332632.7861463024
13.479869116587421	346428.1974670871
13.524802013642711	372600.21024391096
13.569884687021522	383460.4375156432
13.615117635978262	397286.87410874566
13.660501361431525	382188.0046949498
13.70603636596963	324238.1205691794
13.751723153856197	318108.0961223541
13.797562231035718	352168.8435290096
13.843554105139171	323868.77316150576
13.889699285489636	338790.4732123691
13.935998283107937	354840.87577187555
13.982451610718297	322257.3304901546
14.029059782754025	311924.03025019704
14.075823315363209	329727.1957036271
14.12274272641442	313757.03770198004
14.169818535502468	264139.3944364924
14.217051263954144	247616.2390954867
14.264441434833993	305717.120412236
14.311989572950106	294566.69334597385
14.359696204859942	253333.7741042792
14.407561858876143	231707.20196527953
14.455587065072399	222636.12911763327
14.503772355289305	238108.84658793084
14.552118263140272	281388.67895247764
14.600625324017408	298420.2360564053
14.649294075097467	272189.1192146094
14.698125055347793	266852.81693707034
14.747118805532287	268983.3265741354
14.796275868217396	274492.77385203185
14.84559678777812	248694.77506284043
14.895082110404049	190131.14654711614
14.944732384105398	188460.9935728638
14.994548158719082	204127.08574457013
15.044529985914814	232263.80490649608
15.0946784192012	230795.45190061955
15.144994013931871	223567.22279291993
15.195477327311643	219031.53408353846
15.246128918402684	235078.63539973146
15.296949348130694	229491.89473339953
15.347939179291131	214265.92453888268
15.399098976555436	210984.3327365361
15.45042930647729	214689.02470212072
15.501930737498881	194790.68120577297
15.553603839957212	180208.26826597593
15.605449186090402	187679.52795337664
15.657467350044039	177178.09368383
15.709658907877522	174679.94812724425
15.762024437570448	184508.32497219724
15.814564519029018	186702.35896937206
15.867279734092449	187684.82820089275
15.920170666539423	200057.7442166371
15.973237902094557	171961.4989963999
16.026482028434874	161523.7357035566
16.079903635196324	185478.64421590976
16.133503313980313	171076.1939804178
16.18728165836025	163063.16076942984
16.241239263888115	164200.32721218184
16.29537672810108	174292.38590358838
16.349694650528082	181835.77622490964
16.40419363269651	172977.37601100205
16.458874278138833	168959.03170020366
16.513737192399297	167507.08650930505
16.56878298304063	154411.5434243408
16.624012259650765	146507.8417350031
16.679425633849604	151541.76301346422
16.73502371929577	164749.4504115194
16.790807131693427	175509.2262118519
16.846776488799073	154439.04782586903
16.902932410428402	142547.71599886092
16.959275518463166	151379.0126294831
17.015806436858046	150003.96263128374
17.07252579164757	151814.03722350585
17.129434210953065	131309.48367587652
17.186532324989575	132814.33460841718
17.24382076607288	135500.06337552733
17.301300168626454	140407.76714482345
17.358971169188546	117419.41511047703
17.416834406419174	124005.56844433105
17.474890521107238	135124.77474759056
17.5331401561776	133775.4376620583
17.59158395669819	132399.0490256138
17.650222569887184	127797.2057207354
17.709056645120146	121813.50507432233
17.76808683393721	122984.60422112043
17.827313790050336	123461.91887311431
17.886738169350508	120871.68864723561
17.946360629915013	115073.39326621522
18.00618183201473	122441.05505755523
18.066202438121447	119845.11421198667
18.126423112915187	116162.16538860048
18.18684452329157	99847.66586013009
18.247467338369212	104750.55815993703
18.30829222949711	108215.6943246272
18.369319870262103	111863.71537320882
18.43055093649631	109309.56504634247
18.491986106284635	102170.11129596592
18.55362605997225	91009.29883116692
18.615471480172157	88527.66532654755
18.677523051772734	92082.95521049105
18.73978146194531	95144.25305077518
18.8022474001518	107186.08530905731
18.864921558152304	105357.10522187634
18.92780463001281	90430.88115837573
18.990897312112857	85826.42700181055
19.054200303153234	91304.89252816804
19.117714304163748	101437.34510170385
19.181440018510962	92560.80923079285
19.245378151906	82687.09470729156
19.309529412412356	81854.98056660546
19.37389451045373	79799.63473428092
19.43847415882191	74109.7470042164
19.503269072684652	77133.30574346338
19.5682799695936	76865.00069554459
19.63350756949225	77674.37622956773
19.69895259472389	79615.38797591437
19.76461577003964	80675.11625433234
19.83049782260644	74721.52769492497
19.89659948201513	65422.91850446101
19.962921480288514	66262.85624122972
20.02946455188948	78629.70729979707
20.09622943372911	81326.98687391568
20.163216865174878	76134.2870848057
20.230427588058795	69559.25763632837
20.29786234668566	66068.52460909281
20.36552188784128	64812.90746273423
20.433406960800752	65432.816762307266
20.501518317336757	63614.85899651019
20.56985671172788	60767.07521768539
20.638422900766972	64952.62198790247
20.707217643769532	70711.30729236087
20.776241702582098	64462.54681377365
20.845495841590708	66582.7965819255
20.914980827729345	66196.86959372566
20.984697430488445	57445.3614902704
21.054646421923408	59288.74126089571
21.124828576663155	59040.1514004312
21.1952446719187	53629.22603078831
21.26589548749176	53301.757461981244
21.336781805783406	49795.20201169965
21.407904411802683	53826.333922586906
21.47926409317536	61965.161197348854
21.550861640152615	56981.17317608673
21.62269784561979	48617.9393137041
21.694773505105193	48380.493509382206
21.767089416788878	51769.28758043487
21.839646381511507	47903.89396998709
21.912445202783214	49445.529247485196
21.98548668679249	50855.99650491638
22.058771642415138	47291.06212073695
22.13230088122319	47464.644582182
22.206075217493936	50493.17716435687
22.280095468218917	47239.73103365851
22.354362453112984	41572.487478939285
22.42887699462336	42038.81875426449
22.503639917938774	43534.002148893414
22.57865205099857	42290.581129402824
22.6539142245019	48489.87606160906
22.72942727191691	53923.56634292992
22.80519202948997	51633.41654764368
22.881209336254933	42655.76437461617
22.957480034042455	37450.08863644869
23.034004967489263	44112.88044481928
23.110784984047562	49311.67912762523
23.18782093399439	45693.08828110854
23.26511367044104	43509.27073203258
23.342664049342513	44311.06716792903
23.42047292950699	43369.84911549196
23.498541172605346	35648.45220523358
23.5768696431807	32146.197176229474
23.65545920865797	32212.02563183632
23.734310739353496	34955.81892930181
23.81342510848468	32315.461266025733
23.89280319217963	28674.36093436058
23.972445869486897	32909.54645428968
24.052354022385188	38400.562323727805
24.132528535793142	40668.07679299782
24.21297029757912	43383.65766224929
24.293680198571053	41180.56368952638
24.37465913256629	37272.67786790433
24.455907996341512	35525.81763166657
24.537427689662653	35545.5250026335
24.619219115294865	32098.77246545415
24.701283179012517	32557.23779466964
24.783620789609227	34795.169518721756
24.866232858907924	34023.46101389849
24.949120301770954	28681.508934345995
25.03228403611019	25676.58413276415
25.115724982897227	24688.630174026766
25.199444066173555	26060.913299525706
25.283442213060802	27620.587263953035
25.367720353771006	25015.67988359032
25.45227942161691	28401.423558634273
25.537120353022303	29789.165603152323
25.62224408753238	28732.326890759392
25.707651567824154	30850.35874347083
25.793343739716907	32854.171603830684
25.87932155218263	30413.171555070956
25.965585957356573	25969.066940638528
26.052137910547767	24308.909414668407
26.138978370249593	26389.534269367625
26.22610829815043	26529.44535202738
26.313528659144264	28603.31072244162
26.401240421341413	28051.84636300486
26.48924455607922	24070.89346265152
26.57754203793282	20089.26650521962
26.666133844725934	4994.993982915715
26.75502095754169	30750.03138272605
26.844204360733492	22103.637959467258
26.93368504193594	24382.829240716816
27.023463992075726	23677.198247744444
27.113542205382654	22995.64094941674
27.203920679400596	24307.85165199094
27.2946004149986	25216.992205859322
27.38558241638193	27781.571633300657
27.476867691103205	26323.809671848536
27.568457250073553	24511.273967858164
27.660352107573797	25212.78889404139
27.752553281265712	23412.843776519436
27.845061792203264	20448.168392848576
27.937878664843947	18260.70503959284
28.031004927060096	18074.363564328512
28.1244416101503	16345.590854969416
28.218189748850804	15954.245126346304
28.31225038134697	16766.15142880643
28.406624549284796	15571.680754579846
28.501313297782417	15623.551852056697
28.596317675441693	15281.572286063398
28.691638734359838	15498.477380777107
28.787277530141036	17644.759075510297
28.883235121908175	19545.91441232063
28.97951257231454	18675.666336065642
29.07611094755559	17260.691976161346
29.17303131738078	17494.023219090883
29.27027475510538	18480.710998679468
29.367842337622402	16384.07734025228
29.46573514541448	15718.682532979852
29.56395426256586	15996.51530818589
29.662500776774415	17233.084737214966
29.761375779363668	16848.431147172047
29.860580365294883	14983.209597462948
29.960115633179203	16654.784559215095
30.0599826852898	17211.992728051813
30.160182627574102	14812.910875044723
30.260716569666016	15062.059052699762
30.36158562489824	15016.207445975168
30.462790910314574	12570.31263268407
30.564333546682285	12189.57002976175
30.66621465850456	12743.681096773586
30.76843537403291	12245.11550460328
30.870996825279697	11482.139870303177
30.973900148030626	12963.233649434209
31.0771464818574	12991.406968530708
31.18073697013026	11977.681762772454
31.2846727600307	13410.035451801044
31.38895500256413	15145.58460872727
31.49358485257268	14980.669878658648
31.59856346874793	14329.337599065373
31.703892013643756	12740.409472502435
31.80957165368924	12274.058112215302
31.91560355920154	12810.672477097853
32.02198890439888	11776.45171632651
32.12872886741354	12037.903529443525
32.23582463030493	13390.634775130662
32.34327737907261	12664.434310144825
32.45108830366952	12161.682607390725
32.55925859801509	11647.329998805126
32.66778946000848	11604.000772994124
32.77668209154184	10660.825617739603
32.88593769851365	9207.7360673197
32.99555749084203	8126.786639732655
33.10554268247817	8003.249686968149
33.215894491419775	8591.981242190608
33.326614139724505	9888.523008254873
33.43770285352359	9450.462681382664
33.54916186303534	9401.178542698719
33.66099240257879	10694.57195617
33.77319571058739	10573.337509582705
33.88577302962268	10494.924547473902
33.99872560638809	10348.703623548216
34.11205469174273	10884.715485716144
34.225761540715204	10708.191510676857
34.339847412517585	9515.016030114257
34.45431357055932	8652.752070921732
34.56916128246119	9836.194119437017
34.68439182006939	9262.952132401932
34.80000645946962	8533.547366881437
34.9160064810012	8454.758795359627
35.0323931692712	7706.445937663302
35.14916781316877	7272.308621702623
35.26633170587934	7911.30206360142
35.38388614489894	7438.906481582936
35.5018324320486	7100.235852433582
35.62017187348877	7035.779389326147
35.738905779733734	6769.092569451533
35.858035465666184	6701.941637069246
35.97756225055174	6284.851861760739
36.097487458053585	6719.793770424428
36.2178124162471	6848.288385228263
36.33853845763459	7903.325700437111
36.45966691916004	8473.39284234161
36.58119914222391	7362.468243388564
36.70313647269799	6625.657821175862
36.825480260940324	6776.008287290366
36.94823186181013	7117.152135063163
37.07139263468283	7346.509924524931
37.194963943465105	7393.515197181625
37.318947156609994	6337.569213927768
37.44334364713203	5585.243447396844
37.56815479262247	5696.821632428166
37.69338197526456	6140.4617448111185
37.819026581848775	6257.755290930059
37.945090003788266	6355.88400239631
38.071573637134236	6177.554788335335
38.19847888259135	6816.94531790186
38.325807145533325	7373.89915283901
38.453559836018435	7270.110414144923
38.58173836880517	6841.557895112661
38.71034416336786	6262.101968973907
38.83937864391242	6045.904418716476
38.96884323939213	5641.2591802606885
39.09873938352344	5434.625595216787
39.22906851480185	5075.335708802411
39.35983207651786	4461.986525713248
39.49103151677293	4688.872731160875
39.62266828849551	5038.191935236731
39.75474384945716	4894.45816736047
39.887259662288685	4999.207187471889
40.020217194496325	4659.456819175447
40.15361791847798	4394.223537584222
40.287463311539575	4234.37900558615
40.42175485591138	4250.425284619937
40.55649403876442	4452.3810342728875
40.69168235222697	4466.875383443265
40.82732129340106	4096.642531817812
40.96341236437907	4155.3175542832905
41.09995707226033	4829.13006919422
41.236956929167874	5093.850331557169
41.3744134522651	4752.716933127732
41.51232816377266	4746.164487105867
41.65070259098523	5330.500179043384
41.789538266288524	5193.894002445895
41.928836727176154	4957.9418535862305
42.068599516266744	4577.209589672701
42.20882818132097	4225.243189972633
42.34952427525871	4230.348050967328
42.49068935617624	4167.198569218255
42.632324987363496	4686.232856200951
42.774432737321376	2696.6581223466014
42.917014179779116	3593.0036910392228
43.06007089371172	3409.028807042841
43.203604463357436	3158.699073793239
43.34761647823529	3240.2220518630393
43.49210853316274	3584.890298696979
43.63708222827329	3672.6571347970776
43.78253916903421	3279.239153351545
43.928480966264324	2994.608494643944
44.074909236151875	3083.3649109177272
44.22182560027238	3017.022636830587
44.36923168560663	3338.3124774229573
44.51712912455866	3598.1638393871913
44.665519554973855	3176.322023724835
44.814404620157106	3154.144770601941
44.96378596889096	3094.2323900341535
45.11366525545394	2773.9250059231967
45.264044139638784	3003.9126401356552
45.414924286770926	3032.8089597428275
45.56630736772683	3123.583092043395
45.71819505895259	3158.753529545586
45.87058904248243	3042.271135443735
46.023491005957375	2984.8804728829914
46.17690264264391	2926.612029808536
46.33082565145272	2914.6583105057016
46.48526173695757	2683.7647457293187
46.64021260941409	2436.5419562942993
46.795679984778815	2796.659675050842
46.951665584728076	2661.09904979862
47.10817113667718	2466.885480489171
47.26519837379944	2685.2758790232556
47.42274903504544	2629.0289043626813
47.58082486516226	2627.7770039712614
47.7394276147128	2698.4410796799734
47.898559040095186	2397.5185266456465
48.05822090356217	2299.5843539799757
48.21841497324072	2592.2119284487667
48.37914302315152	2705.2676652613704
48.5404068332287	2558.8505272588736
48.702208189339466	2378.574537226499
48.86454888330393	2301.5759163693942
49.02743071291495	2279.034838555223
49.190855481958	2051.143055258212
49.3548250002312	1803.7083405825813
49.51934108356531	1884.8285336152671
49.68440555384387	1191.5157074732679
