#wavelength (micron)	surface_flux (erg / (cm2 micron s))
0.40133895199999997	0.03169426411652637
0.40267674850666674	0.02644628531340414
0.40401900433502225	0.003615230129262889
0.4053657343494724	0.0040149640741630865
0.4067169534639707	0.04433529493200205
0.40807267664218394	0.26656684290323734
0.4094329188976579	1.0329870153187533
0.41079769529398347	2.941897466203466
0.41216702094496344	6.733010028197369
0.41354091101477997	13.120392101669214
0.4149193807181627	22.516206103386466
0.41630244532055655	34.52186723893333
0.41769012013829176	44.38179682695262
0.41908242053875283	34.04403392664137
0.4204793619405487	11.68330494987658
0.42188095981368384	33.28339299621428
0.42328722967972954	118.27565413326498
0.4246981871119953	204.84965293469352
0.42611384773570193	275.72427131339487
0.4275342272281543	349.06296441700056
0.4289593413189149	430.2605414878404
0.43038920578997797	520.1343755375057
0.4318238364759446	616.6243886080418
0.43326324926419774	729.5194209185472
0.4347074600950785	852.1869285426515
0.4361564849620621	979.5024076103687
0.43761033991193565	1118.0050752868422
0.4390690410449755	1267.29832183817
0.44053260451512544	1434.7432930300495
0.4420010465301759	1640.8777191913955
0.44347438335194317	1871.8845497302545
0.4449526312964497	2127.346625854934
0.44643580673410455	2353.7524136427155
0.44792392608988496	2585.5141301797216
0.4494170058435179	2834.5097049292262
0.450915062529663	3141.826304889635
0.4524181127380953	3471.587710811192
0.45392617311388894	3485.04071951321
0.45543926035760196	2546.4921290152693
0.45695739122546064	1995.1328329322412
0.4584805825295456	907.3875427697562
0.46000885113797746	502.2412362820428
0.46154221397510403	444.5305969366599
0.4630806880216877	361.017841864025
0.4646242903150934	282.68507011678133
0.4661730379494771	220.5658374377099
0.4677269480759754	170.32940014421212
0.4692860379028953	125.7719159977565
0.47085032469590504	87.97422402551678
0.4724198257782247	59.11190576184902
0.47399455853081884	39.18560881949872
0.4755745403925883	26.51932694827967
0.4771597888605636	18.56640689287869
0.47875032149009894	13.656255976668445
0.4803461558950659	10.004984260066808
0.48194730974804956	7.097996758082085
0.48355380078054305	4.977318851788296
0.4851656467831449	3.5371665681369344
0.48678286560575545	2.674950497105383
0.4884054751577746	2.1468893508513123
0.4900334934083006	1.7744412673127685
0.4916669383863283	1.503267220548865
0.4933058281809494	1.2875496954780437
0.4949501809415526	1.1127124818100758
0.4966000148780246	0.9671171335611861
0.4982553482609513	0.8230730466743871
0.4999161994218212	0.6990770695346106
0.5015825867532273	0.6018055081754677
0.5032545287090715	0.5322432069433004
0.5049320438047684	0.5054973772610678
0.506615150617451	0.5321065878303841
0.5083038677861758	0.5544651802033621
0.5099982140121297	0.5736156568128956
0.5116982080588369	0.5920927931295549
0.5134038687523664	0.6170630395831711
0.515115214981541	0.6425344762789853
0.5168322656981462	0.6654439253754215
0.5185550399171401	0.7016491852221511
0.5202835567168639	0.732961481092817
0.5220178352392535	0.7606099499542499
0.5237578946900511	0.7880049668005814
0.525503754339018	0.817753986635799
0.527255433520148	0.8477975598827929
0.5290129516318819	0.8793094119893776
0.5307763281373216	0.9144658064059711
0.532545582564446	0.9522200778547932
0.5343207345063276	0.9907243242142904
0.5361018036213486	1.0282708402052065
0.5378888096334199	1.0702177968476991
0.5396817723321979	1.1148995289219865
0.5414807115733054	1.1572028734405466
0.5432856472785497	1.2073368147881482
0.545096599436145	1.240059169758266
0.5469135881009322	1.2685268781301555
0.5487366333946019	1.3437751429972968
0.5505657555059172	1.412076661221592
0.5524009746909371	1.4742761149180748
0.5542423112732402	1.5279614702914
0.556089785644151	1.5843976953543026
0.557943418262965	1.6391119707576571
0.5598032296571749	1.6873850549536178
0.5616692404226988	1.7294537840087671
0.5635414712241079	1.7683777027707608
0.5654199427948549	1.7953405695727085
0.5673046759375044	1.771680026480711
0.569195691523963	1.7337607662793204
0.5710930104957095	1.750476425101602
0.5729966538640286	1.7801236041804296
0.5749066427102419	1.7483030402978152
0.576822998185943	1.6806151157133191
0.5787457415132294	1.6270410111678473
0.5806748939849402	1.5347546732995887
0.58261047696489	1.403986961905854
0.5845525118881064	1.2138252970111403
0.5865010202610669	0.8046075932512261
0.588456023661937	0.2858246486668968
0.5904175437408102	0.2621978432268641
0.5923856022199464	0.9043542086885072
0.5943602208940129	1.7661125690185862
0.5963414216303263	2.5916280882215417
0.598329226369094	3.430518634790537
0.6003236571236578	4.451691135044078
0.6023247359807368	5.668015527240651
0.6043324851006725	7.0952018426063255
0.6063469267176749	8.767238578471174
0.6083680831400672	10.677338976450281
0.610395976750534	12.787652846422244
0.6124306300063692	15.088765418175491
0.6144720654397238	17.71938209011867
0.6165203056578563	20.582534212854434
0.6185753733433824	23.81587804018815
0.6206372912545272	27.394357936623432
0.6227060822253756	31.371142593247775
0.6247817691661269	35.761482378523766
0.6268643750633474	40.03694991741879
0.6289539229802253	45.28475422956695
0.6310504360568261	52.03149523889481
0.6331539375103489	58.67536404867846
0.6352644506353834	67.31958692507523
0.6373819988041681	74.79299739584975
0.6395066054668487	81.27076120002431
0.6416382941517382	93.30967616373776
0.6437770884655775	101.85599176266085
0.6459230120937961	98.54769674802185
0.6480760888007754	110.41356275962923
0.6502363424301114	140.66463082381097
0.6524037969048785	163.894861480818
0.6545784762278948	181.2542602442301
0.6567604044819878	202.43547053194825
0.6589496058302612	232.97043375483824
0.6611461045163621	260.48740775355026
0.66334992486475	295.59951652914634
0.6655610912809659	331.81842922854264
0.6677796282519025	379.75231775194277
0.6700055603460756	416.76312362453456
0.6722389122138959	470.68879359163446
0.6744797085879423	542.2508849065272
0.6767279742832354	596.9033666395967
0.6789837341975129	646.8397422813151
0.6812470133115047	693.5468101847762
0.6835178366892097	726.8707849855493
0.6857962294781739	734.3814792502774
0.6880822169097679	718.6165461764426
0.6903758242994671	656.4595795202299
0.6926770770471321	538.7768634798746
0.6949860006372892	547.1865751757306
0.6973026206394136	625.2759900158089
0.6996269627082117	610.1477840519519
0.7019590525839058	544.4246606998103
0.7042989160925188	606.5624120751454
0.7066465791461606	676.5290324212668
0.7090020677433145	689.5252287525689
0.7113654079691256	723.7120958447358
0.7137366259956894	735.3742716861823
0.7161157480823418	601.7977247517995
0.7185028005759496	491.1375166335136
0.7208978099112028	531.5133937725411
0.7233008026109069	622.5521758469954
0.7257118052862767	639.6254011352556
0.728130844637231	669.5103382762231
0.7305579474526884	600.1358998202769
0.7329931406108642	575.2945718471473
0.7354364510795671	573.392472217553
0.7378879059164991	678.1717101529493
0.7403475322695541	841.9340809067162
0.7428153573771193	929.3539282360321
0.7452914085683765	1004.3139815322994
0.7477757132636044	1067.381734235367
0.7502682989744831	1064.9173731503
0.7527691933043982	1081.5729840931147
0.7552784239487462	1090.7949394353443
0.7577960186952422	1101.3361774734615
0.7603220054242263	1062.5712417801478
0.7628564121089738	843.4844077905728
0.7653992668160038	390.03134034011447
0.7679505977053904	191.57396035283304
0.7705104330310751	329.41324200844826
0.7730788011411788	767.5521804549608
0.7756557304783162	1215.46796670091
0.7782412495799106	1470.170531788371
0.7808353870785104	1621.8490908291756
0.7834381717021055	1933.5197183881548
0.7860496322744459	2109.5395877676838
0.7886697977153608	2417.5363731682473
0.7912986970410787	2866.469281595063
0.793936359364549	2942.615235033415
0.7965828138957642	3105.271559276494
0.7992380899420836	3591.5571998128476
0.8019022169085571	4177.114783864021
0.8045752242982523	4640.669297170951
0.80725714171258	4794.302838352072
0.809947998851622	4220.340681610675
0.8126478255144608	3428.641927549227
0.8153566515995091	2963.254264759433
0.8180745071048409	3837.168015461937
0.8208014221285237	5675.928569463622
0.8235374268689521	6124.049948218447
0.8262825516251822	7239.1252730524975
0.8290368267972661	7188.298619350886
0.8318002828865904	7061.022170534155
0.8345729504962124	6438.009783078149
0.8373548603311998	6749.469706086767
0.8401460431989706	9190.22405102674
0.8429465300096338	9753.946894340601
0.8457563517763327	10883.272097231033
0.8485755396155872	12333.847247178051
0.8514041247476393	13283.407449054586
0.8542421384967981	15239.51695168324
0.8570896122917875	17641.293840273393
0.8599465776660935	19627.395687308945
0.8628130662583139	21207.148250899496
0.8656891098125085	22533.643485964298
0.8685747401785502	23434.82099264413
0.8714699893124788	24240.45558632679
0.8743748892768537	25861.435840461538
0.8772894722411099	27411.397839619232
0.8802137704819137	27319.893803017563
0.8831478163835201	25663.124504496922
0.8860916424381319	19593.948764517503
0.8890452812462591	9428.678177448553
0.89200876551708	3631.2756603424796
0.8949821280688037	6264.893969725521
0.8979654018290332	7562.382147472351
0.90095861983513	6742.043658620875
0.9039618152345804	12516.581579524072
0.9069750212853626	14189.58106107275
0.9099982713563137	18187.219648416012
0.9130315989275016	22676.035827755164
0.9160750375905932	22083.592280898676
0.9191286210492287	35778.89163578981
0.9221923831193928	60704.075965672506
0.9252663577297908	52972.748828430595
0.9283505789222235	20522.2425456777
0.9314450808519644	6015.86324613185
0.9345498977881376	5004.261329328057
0.9376650641140981	8989.173920840622
0.940790614327812	20843.63688772263
0.9439265830422381	28991.043779302145
0.9470730049857122	28817.25624852345
0.9502299150023314	15860.174382411064
0.9533973480523392	15169.030362104162
0.9565753392125138	17926.839788978854
0.9597639236765556	16383.05128568941
0.9629631367554774	10162.173734964437
0.9661730138779958	24389.805122530983
0.9693935905909224	47176.6994130139
0.972624902559559	54451.096216395024
0.9758669855680909	51560.36791140489
0.9791198755199847	51921.04998615551
0.9823836084383848	42381.07853010867
0.9856582204665127	62189.842667079036
0.9889437478680678	83204.55644333067
0.9922402270276282	74915.06234234378
0.9955476944510537	65155.61337096021
0.9988661867658906	71719.05816916685
1.002195740721777	69005.05050034357
1.0055363931908496	84762.75908261366
1.0088881811681525	107968.39518671615
1.0122511417720463	140452.00242295448
1.01562531224462	117983.53212445043
1.019010729952102	97685.16141595982
1.0224074323852759	110139.25010605196
1.0258154571598936	160692.93260505877
1.0292348420170931	197058.4977473077
1.0326656248238169	189431.55742421554
1.0361078435732296	156228.25134686023
1.0395615363851405	243219.13711551664
1.0430267415064245	398430.3103452153
1.0465034973114462	439931.90632352146
1.0499918423024843	389568.8542190324
1.0534918151101593	531293.5767448801
1.05700345449386	760531.014312952
1.0605267993421728	889312.468889205
1.0640618886733135	949064.9753193008
1.067608761635558	935380.8359153675
1.0711674575076766	924181.0659425207
1.0747380156993689	827058.9644638188
1.0783204757517002	665313.9588409408
1.0819148773375393	647853.858276913
1.085521260261998	586858.8931672408
1.0891396644628712	494953.13548849087
1.092770130011081	324740.55048973707
1.0964126971111179	160024.63352356688
1.1000674061014886	123269.44122451176
1.10373429745516	110441.2938222584
1.1074134117800107	37104.40277660395
1.1111047898192774	12845.978918888546
1.1148084724520084	8388.480727451604
1.1185245006935154	5022.457391790963
1.1222529156958272	6319.509802122856
1.1259937587481466	7617.669147060244
1.1297470712773072	7294.809272359676
1.1335128948482316	2850.973410738113
1.1372912711643925	4786.6379168964495
1.1410822420682738	11022.331034802057
1.1448858495418348	9769.061505720974
1.1487021357069744	3742.6801621999966
1.1525311428259977	908.8880658629614
1.1563729133020846	221.60908920577634
1.1602274896797582	161.8835614637687
1.1640949146453576	1578.9864375015188
1.1679752310275089	4871.85724085654
1.1718684817976006	2502.719572312082
1.1757747100702594	674.2845473155545
1.1796939591038271	2507.723792019342
1.1836262723008397	2929.016946559988
1.1875716932085094	3126.134216979218
1.1915302655192046	3760.6372362863613
1.1955020330709352	7940.983790432958
1.1994870398478386	21582.860297057
1.2034853299806647	32666.402413509568
1.207496947747267	35279.57402312649
1.2115219375730912	48326.97471412605
1.2155603440316685	52685.06263825528
1.2196122118451074	74035.77821962353
1.2236775858845912	106277.77775370353
1.2277565111708733	208838.7589660884
1.2318490328747762	323078.9856252461
1.2359551963176922	388017.33800278645
1.2400750469720847	589959.0130333003
1.2442086304619917	872897.8953425612
1.248355992563532	1018309.719475931
1.2525171792054102	1081131.3548716838
1.2566922364694284	1293028.7272903817
1.2608812105909932	1466248.8939847294
1.2650841479596302	1508417.5107675642
1.2693010951194956	1571327.9502327368
1.273532098769894	1504149.5533634135
1.2777772057657937	1098831.4678706648
1.2820364631183463	706254.043911076
1.2863099179954076	394531.6496071818
1.2905976177220593	320703.6375490145
1.2948996097811327	270035.54857472295
1.2992159418137368	250811.78019709655
1.3035466616197826	187598.64288819776
1.3078918171585154	119609.44488388562
1.3122514565490437	48436.420876994154
1.3166256280708741	54013.29415725107
1.3210143801644436	57690.35001753362
1.3254177614316587	40892.302766822104
1.329835820636431	17338.032453994256
1.3342686067052192	5718.7005411564705
1.33871616872757	2622.300134968596
1.343178555956662	1080.973188149887
1.347655817809851	267.0683824531321
1.352148003869217	152.2696047617946
1.3566551638821147	98.36699302646585
1.3611773477617217	29.175216867780428
1.3657146055875944	20.358314499847637
1.3702669876062197	31.58334471630156
1.3748345442315741	77.89270662570814
1.3794173260456792	111.41248326703366
1.384015383799165	45.04860362614188
1.388628768411829	41.55643303969776
1.3932575309732018	63.74413498664515
1.3979017227431125	94.75844265471993
1.4025613951522564	266.1332897283168
1.407236599802764	274.78962274996695
1.4119273884687735	321.4332007040854
1.4166338130970026	231.12834139531185
1.4213559258073263	257.89066896107147
1.4260937788933508	533.1110375363535
1.4308474248229952	614.0117529754343
1.4356169162390722	688.206205752009
1.4404023059598692	2505.2044958704914
1.4452036469797356	4028.540248497557
1.450020992469668	3336.7686263654987
1.4548543957779003	2600.9404658353983
1.4597039104304934	2776.3773589323196
1.4645695901319284	3628.433134622346
1.469451488765702	1885.7072098722758
1.4743496603949209	359.370132974845
1.479264159262904	375.27286396637805
1.4841950397937806	515.4198107432588
1.4891423565930935	616.2810234937488
1.4941061644484037	1276.9108988288829
1.4990865183298985	2626.8558313745625
1.5040834733909982	2352.0085314411253
1.5090970849689684	3127.7333893010145
1.5141274085855316	1139.129428957871
1.5191744999474837	1560.9838613033653
1.5242384149473087	3542.0621723019544
1.5293192096638	8117.296165743253
1.5344169403626793	7397.383235929524
1.5395316634972218	12827.301467441426
1.544663435708879	15227.737872003358
1.5498123138279087	25118.758308164397
1.554978354874002	49330.454888369364
1.5601616160569156	47754.09021452459
1.5653621547771055	77291.3195121216
1.5705800286263625	170398.46923635612
1.5758152953884506	240679.33870053542
1.5810680130397454	278616.6164007551
1.5863382397498782	301564.02640460315
1.5916260338823778	390495.5552010945
1.5969314539953192	323955.4893601083
1.6022545588419705	180367.48119729233
1.6075954073714436	93515.62280551088
1.6129540587293487	44859.79552906447
1.6183305722584467	21730.274880355886
1.6237250074993084	13280.81850159302
1.6291374241909726	10658.096300550513
1.6345678822716092	8583.789376062039
1.6400164418791816	3409.967261152991
1.6454831633521123	4987.269509789985
1.6509681072299527	7260.829334239398
1.6564713342540527	9756.48753096287
1.6619929053682332	12696.791065932039
1.6675328817194608	5923.359469299284
1.6730913246585257	1147.813504654441
1.6786682957407209	4564.192620449364
1.6842638567265233	7346.785464186356
1.6898780695822784	4513.958532407449
1.6955109964808863	946.0734267292485
1.7011626998024894	1293.9157157629618
1.7068332421351646	3636.734969923607
1.7125226862756153	4312.706760509144
1.7182310952298672	5675.366225975353
1.7239585322139668	5132.81301083063
1.7297050606546804	1902.2592070903306
1.7354707441901962	3119.0082371114227
1.7412556466708302	4316.901374939726
1.747059832159733	7143.994979164681
1.752883364933599	10490.028860733266
1.7587263094833776	6508.111624813167
1.7645887305149892	4058.529131392344
1.7704706929500391	3912.1452511938533
1.7763722619265396	9085.30556969638
1.7822935027996283	8713.803784572125
1.7882344811422937	5714.827982133313
1.7941952627461015	2849.590191463637
1.8001759136219222	1959.8832952334517
1.8061765000006618	2452.1263992686363
1.8121970883339975	3092.5537696773413
1.818237745295111	4934.4444432628425
1.8242985377794283	7622.793009589071
1.8303795329053596	2930.65811674643
1.8364807980150446	756.1558648263359
1.8426024006750947	2390.7982508139075
1.8487444086773455	4211.682482193588
1.8549068900396033	3655.7275352205047
1.861089913006402	1458.3294279630438
1.8672935460497566	775.834439281684
1.873517857869923	759.6602308890243
1.879762917396156	3776.4913414590337
1.8860287937874767	6912.562079390228
1.8923155564334353	8841.466930105096
1.8986232749548801	7661.205832340309
1.9049520192047298	3082.970884123755
1.9113018592687456	2810.674861904955
1.9176728654663082	1117.0112936250741
1.9240651083511964	1011.0916210580381
1.9304786587123668	493.90046265603564
1.9369135875747419	172.89508613252937
1.9433699661999908	276.95485920690766
1.9498478660873244	172.4396074991392
1.9563473589742824	427.62344749650396
1.9628685168375302	2047.4009331679833
1.9694114118936552	3537.6515252536183
1.9759761165999676	5018.787269972548
1.9825627036553009	6060.670073914298
1.9891712460008188	7254.757730089613
1.9958018168208218	8711.126732508288
2.002454489543558	9073.135010844975
2.0091293378420367	7857.279086457568
2.0158264356348434	6052.8885858324975
2.02254585708696	4396.53811478194
2.029287676610583	8150.325538642608
2.036051968865952	11475.203952552069
2.042838808762172	14853.170451042579
2.049648271458046	16884.67164148125
2.0564804323629065	21733.256514946996
2.0633353671374497	33205.33435794561
2.0702131516945745	48712.78743828196
2.0771138622002234	44367.47225675276
2.084037575074224	39335.41905563817
2.0909843669911385	38270.44316537387
2.097954314881109	39825.53975176422
2.1049474959307126	48484.612030118675
2.1119639875838154	53462.77073309208
2.1190038675424283	45351.20646677108
2.12606721376757	43283.6757389318
2.1331541044801288	41556.98715754464
2.140264618161729	32518.75114410526
2.147398833555602	25329.003262396487
2.154556829667454	21953.486378670863
2.1617386857663456	15404.308310323146
2.1689444813855667	14411.889549996316
2.176174296323519	13580.094343556275
2.1834282106445975	11291.480463456237
2.19070630468008	4879.694895408879
2.1980086590290138	798.5305982219018
2.2053353545591103	759.7295714500123
2.2126864724076407	1955.7230209372728
2.220062093982333	1357.814970272435
2.2274623009622747	562.4154366363254
2.2348871752988155	324.8386629411434
2.2423367992164787	238.88267489871828
2.2498112552138667	166.33424752163722
2.25731062606458	128.63242160086034
2.2648349948181288	81.78392334499277
2.272384444800856	132.1741600046616
2.2799590596168593	279.73722488107865
2.2875589231489153	191.06799701506316
2.295184119559412	148.34212029195172
2.302834733291277	573.6830023665451
2.3105108490689146	1063.550149938163
2.3182125518991445	513.6765640944686
2.325939927072142	131.60119987465922
2.3336930601623824	130.98297628130445
2.341472037029591	47.69982151529051
2.3492769438196897	79.37925607814486
2.3571078669657557	586.4469805161373
2.364964893188975	903.2462806123218
2.372848109499605	424.099627986413
2.380757603197937	488.9947156600681
2.3886934618752638	606.9948640468727
2.396655773414848	543.2084178676358
2.4046446259928977	881.2192164463743
2.412660108079541	2081.195083452963
2.420702308439806	2322.6976610843694
2.428771316134606	1583.8203221713536
2.4368672205217212	2825.228557651161
2.4449901112567938	4761.393226407435
2.4531400782943167	9750.180815588545
2.4613172118886313	14975.960278852066
2.469521602594927	11986.949743973864
2.4777533412702435	9436.897407994893
2.4860125190744777	7265.026346423873
2.494299227471393	5187.332729976103
2.502613558229631	7049.159573620868
2.51095560342373	6077.458818586502
2.5193254554351427	5816.4117649289565
2.5277232069532602	5146.608538627462
2.536148950976438	3826.281804999102
2.544602780813026	2892.549151944574
2.5530847900824027	1910.4305728970667
2.561595072716011	1771.5199366648887
2.5701337229583983	677.9183831813892
2.5787008353682594	323.49707461542795
2.5872965048194874	152.01967822067846
2.5959208265022196	313.4608650197089
2.6045738959238935	385.66994185896084
2.613255808910307	386.4058664713702
2.621966661606675	1363.7748376154118
2.6307065504786973	1403.6304488055582
2.6394755723136263	3415.5542283406985
2.6482738242213384	7149.1031883632
2.65710140363541	3178.433342102648
2.6659584083141947	393.21279222314547
2.674844936341909	160.67288064139572
2.6837610861297154	105.49869370393704
2.692706956416815	523.3278885871374
2.701682646271538	2738.5182468757457
2.710688255092443	3515.6802545088685
2.719723882609418	2463.7225924811605
2.728789628884783	5539.310406143916
2.737885594314399	4619.330482603651
2.7470118796287806	5678.158665088586
2.75616858589421	4168.7969114479665
2.7653558145138577	1053.9462698286902
2.774573667228904	747.8150987466056
2.783822246119667	1063.6397974889185
2.7931016536067332	2374.9369779837593
2.802411992452089	2826.8988382382568
2.811753365760263	2925.9087222000126
2.821125876979464	7153.485085663765
2.830529629902729	7557.679029719003
2.839964728669072	3859.5117820664886
2.8494312777646353	5549.475683938213
2.8589293820238515	5295.302917890548
2.8684591466305975	5576.663587134543
2.8780206771193666	8274.118562416965
2.8876140793764313	7168.610410728357
2.89723945964102	7808.881187500556
2.90689692450649	7055.135237143061
2.916586580921512	11282.478267426608
2.9263085361912506	12304.985532428984
2.936062897978555	20109.895452163913
2.94584977430515	12105.168785884447
2.955669273552834	8813.6535842315
2.965521504464677	7286.937228711947
2.9754065761462263	9577.45690785421
2.9853245980667142	11752.957568350908
2.99527568006027	6716.149892834055
3.005259932327138	4153.098464614096
3.0152774654348953	10980.86603008857
3.0253283903196784	16047.375773860986
3.0354128182874107	13657.07194472381
3.045530861015036	14173.46241034378
3.055682630551753	21904.053523093527
3.0658682393202588	26952.85236559332
3.076087800117993	20192.48516910254
3.086341426118387	17618.69288814102
3.096629230872115	16927.47210042725
3.106951328308356	15049.004579405375
3.1173078327360506	18406.66469492217
3.127698858845171	18893.25071608365
3.1381245217079883	11794.06376748633
3.1485849367803485	9761.911770722356
3.15908021990295	7475.324869393215
3.1696104873026267	4199.487214340881
3.1801758555936357	3555.059267229934
3.190776441778948	2056.182856823704
3.2014123632515448	1237.6716253726515
3.2120837377957168	1729.3827108293774
3.2227906835883697	2669.136038582717
3.2335333192003306	1365.0976897197138
3.2443117635976657	434.27964808786055
3.2551261361429913	619.5758003750722
3.2659765565968013	1766.6342622902998
3.276863145118791	5940.91463759273
3.287786022269188	7544.0804654210715
3.2987453090100853	4276.066792876546
3.3097411267067858	1781.0211148844523
3.320773597129142	222.81425310011517
3.3318428424529056	1048.890478689921
3.3429489852610823	4418.152177858243
3.3540921485452864	4697.422716797153
3.365272455707104	2411.547797035345
3.3764900305594616	3503.633365092078
3.387744997327993	2812.4254685819824
3.39903748065242	2748.6370231555425
3.4103676055879286	3412.8263734632746
3.4217354976065555	3595.3980373001036
3.433141282598577	6268.745585807325
3.4445850868739063	7445.184890050689
3.4560670371634865	6726.015386698452
3.4675872606206983	7272.461615728981
3.4791458848227674	11401.459308098112
3.490743037772177	13090.138708056456
3.5023788478980844	20100.696581376254
3.514053444057745	19947.726796018815
3.525766955537937	17238.38720094312
3.5375195120563974	19863.014765347325
3.5493112437632526	27494.672943901693
3.561142281242464	26467.705620915724
3.5730127555132727	16196.791789014085
3.5849227980316503	19887.79194699218
3.5968725406917557	30221.83214091048
3.6088621158273955	35494.236518653546
3.620891656213487	41623.30655067409
3.632961295067532	72582.77152413821
3.645071166051091	84409.3824532638
3.657221403271261	97283.34536224733
3.6694121412821654	77030.97917028485
3.68164351508644	83726.95103640924
3.6939156601367285	92865.31255679778
3.706228712337184	113976.42265732402
3.7185828080449754	96444.6257797092
3.730978084071792	91263.58667551828
3.7434146776853656	142473.95127887084
3.7558927266109836	177343.39854403588
3.7684123690330207	158016.80349257417
3.7809737435964643	104367.66641118415
3.7935769894084523	112234.50651070714
3.806222246039814	174296.93796051355
3.8189096535266143	250488.1872632724
3.8316393523717034	304345.0663348083
3.8444114835462755	159912.75733871956
3.85722618849143	158084.69324577617
3.870083609119735	206781.0003180014
3.8829838878168013	144231.45308354215
3.895927167442858	156617.38550766514
3.9089135913343345	193938.1762199281
3.921943303305449	244816.83710105324
3.9350164476498004	290923.87200400163
3.9481331691419674	299386.0688039069
3.961293613039107	349276.3955188708
3.974497925082571	344164.8546168638
3.9877462514995137	321193.31653036515
4.001038739004512	331292.04067999095
4.014375534801194	373035.0349637563
4.027756786583865	303492.2068325248
4.041182642539145	283459.86115554837
4.0546532513476095	370092.4956616699
4.068168762185435	462592.10397621046
4.081729324726052	487879.3169969061
4.095335089141807	545441.9544413277
4.108986206105613	590913.0165148117
4.122682826792632	669981.1096893157
4.136425102881941	749279.1588624167
4.150213186558215	834992.3764614186
4.164047230513409	973962.8392297279
4.177927387948454	992427.8363678589
4.19185381257495	612334.6159148009
4.205826658616867	368633.9605040414
4.219846080812256	472547.2654359977
4.233912234414964	663254.2095999764
4.248025275196348	658092.2337815126
4.2621853594470025	843782.7365070676
4.276392643978492	959995.8431896433
4.290647286125088	884851.321997194
4.304949443745505	824096.2092860714
4.319299275224657	1020197.6485366118
4.333696939475407	1096286.5015942645
4.348142595940325	947291.3687786786
4.362636404593459	1059144.8168308698
4.377178525942105	1124370.1518925484
4.391769121028579	1006055.173527418
4.406408351432008	1211181.2606824127
4.421096379270114	1061095.2967386
4.435833367201015	906675.6299834909
4.450619478425019	1153641.8619620795
4.465454876686436	909418.8193662686
4.480339726275391	885501.9631728155
4.495274192029643	1177223.3494325634
4.5102584393364085	1065457.5211147354
4.525292634134197	844210.8926875211
4.540376942914645	1206077.5514120809
4.555511532724361	1622637.1420634757
4.570696571166776	1271832.9794176903
4.585932226403998	1346584.6738121267
4.601218667158679	1466202.4965822506
4.616556062715875	1120335.8068554264
4.631944582924928	919632.243748563
4.6473843982013445	874574.1389780374
4.662875679528684	796005.5235335191
4.678418598460445	829634.1899157793
4.694013327121981	1002378.0907618956
4.709660038212388	802917.5731727887
4.72535890500643	672289.8132447167
4.741110101356451	865250.8448719223
4.756913801694306	1059081.1275701001
4.772770181033287	842508.7575909459
4.7886794149700656	666844.4490958059
4.804641679686633	824272.64989799
4.820657151952255	643554.2699290027
4.836726009125431	520214.1881804218
4.8528484291558485	665355.4930691534
4.869024590586369	938273.0149025223
4.88525467255499	644672.1839831885
4.901538854796841	530298.3712858518
4.917877317646163	821583.3196261361
4.934270242038318	695951.0662779679
4.950717809511779	367560.16016230313
4.967220202210152	339127.53788814705
4.983777602884187	566500.8381279104
5.000390194893801	618247.2207290715
5.017058162210114	367387.2683358435
5.033781689417481	350717.8231476203
5.05056096171554	535517.1607810555
5.067396164921259	577510.3547229733
5.0842874854709965	358718.0878666973
5.101235110422567	333069.7574588386
5.118239227457309	356655.6293788261
5.135300024882167	266992.70994324
5.152417691631775	231000.5796493863
5.1695924172705485	303201.7838887769
5.186824391994784	255138.82772416485
5.2041138066347665	141134.41351305158
5.221460852656883	106057.45209110952
5.238865722165739	170035.59818877018
5.256328607906292	209184.05044020148
5.273849703265981	129849.18401404578
5.291429202276868	96076.45135221416
5.309067299617792	157875.25864510876
5.326764190616517	201386.76668731845
5.344520071251906	99460.48766156551
5.362335138156079	82912.43254613619
5.380209588616601	125955.18338637479
5.398143620578656	150049.6989534635
5.416137432647252	72851.79691441158
5.4341912240894095	45661.63439655912
5.452305194836375	51169.00869258925
5.47047954548583	38479.6754444761
5.488714477304117	53880.20238432431
5.507010192228464	54821.9071383495
5.525366892869226	34811.86808162862
5.543784782512124	29632.72162546334
5.562264065120498	34787.89165677259
5.580804945337567	29187.99872151272
5.5994076284886924	40278.139650751065
5.6180723205836545	40785.16667172642
5.636799228318934	23226.52486252168
5.655588559079998	20006.15954362657
5.674440520943598	20916.726580332364
5.693355322680078	21678.741190282046
5.712333173755678	16591.901350817825
5.731374284334864	11181.740897362835
5.7504788652826475	9837.845864177536
5.769647128166923	11088.722738355465
5.788879285260814	26970.38982103077
5.808175549545017	20561.923642709957
5.827536134710167	10011.167873976527
5.846961255159202	15294.743692136464
5.866451126009732	10050.197029620986
5.886005963096433	5184.363166486978
5.9056259829734215	6604.4358676442325
5.925311402916666	7762.674214905267
5.945062440926389	9519.171765942856
5.964879315729477	16197.431104052741
5.9847622467819095	14652.869948517886
6.004711454271183	10964.806264402843
6.024727159118754	17909.803780994273
6.0448095829824835	13595.955613480424
6.0649589482590915	8224.83504892008
6.085175478086623	12223.397442510673
6.105459396346912	11290.313907259246
6.125810927668069	11486.737004396828
6.146230297426963	9180.978325283257
6.16671773175172	5793.956635412947
6.187273457524226	7698.73223009818
6.207897702382641	13250.752889723502
6.228590694723916	19019.991801854336
6.24935266370633	31876.95394645944
6.270183839252018	27225.988290646514
6.291084452049526	22513.85424500901
6.312054733556359	47624.96582650915
6.333094916001547	31481.627491254836
6.354205232388219	17275.369656919014
6.37538591649618	19975.098971568394
6.3966372028845	15126.26815189496
6.417959326894116	6154.391169449278
6.43935252465043	8716.414737213254
6.460817033065933	11857.629883537493
6.48235308984282	6057.481609563063
6.5039609334756285	5812.081645303404
6.525640803253881	6999.457728426423
6.547392939264729	8193.341829795625
6.569217582395612	9239.207201817195
6.591114974336931	9500.220914024523
6.613085357584721	9768.208311322896
6.635128975443338	10945.950798320837
6.657246072028149	19757.142258387066
6.679436892268243	16823.763033442727
6.701701681909138	17584.15884804509
6.724040687515503	25368.15891405927
6.746454156473888	37227.59776419773
6.768942336995468	33859.058727391115
6.791505478118787	16756.863350607706
6.814143829712517	21732.777607225722
6.8368576424782255	32270.738492159453
6.859647167953153	22552.04574983384
6.882512658512998	24992.884763390648
6.905454367374709	46817.8436987739
6.928472548599291	70703.72481744095
6.951567457094623	59313.09037949972
6.974739348618272	36948.4863036222
6.997988479780334	37741.33072239635
7.021315108046268	42279.154337943255
7.044719491739756	33551.33160381997
7.068201890045556	43370.145094549465
7.0917625630123755	52044.37786958044
7.11540177155575	40344.87524725377
7.1391197774609365	37930.97530271177
7.162916843385807	28302.578551019247
7.18679323286376	36251.99374255648
7.2107492103066395	41427.72215108325
7.234785041007663	45795.05368710311
7.258900991144356	31805.296174681946
7.283097327781505	28452.354883496846
7.30737431887411	28056.41231403653
7.331732233270357	17448.193837364593
7.356171340714592	14273.499616961823
7.380691911850308	12638.98480278663
7.405294218223143	16120.790385231512
7.429978532283888	16467.473256522306
7.454745127391502	11188.942581851155
7.47959427781614	11506.65770776098
7.504526258742194	14065.944265000559
7.529541346271335	14936.70139846605
7.554639817425574	25344.010701937852
7.579821950150326	37311.223955864916
7.605088023317496	41261.17078918835
7.630438316728554	33347.5284245976
7.65587311111765	15073.844359638886
7.681392688154709	6298.025807400081
7.706997330448558	9521.740136871329
7.7326873215500544	9921.368352851465
7.7584629459552215	14710.695907475168
7.784324489108407	23548.20211087021
7.810272237405435	24635.3516639255
7.836306478196787	22395.45799563127
7.862427499790777	17787.834567908725
7.888635591456747	16278.581488839109
7.914931043428269	15872.575104320838
7.9413141469063655	21940.97735027169
7.967785194062721	32914.78242287543
7.994344478042929	32663.184494814235
8.020992292969739	27612.920898465807
8.047728933946306	28031.51145346877
8.074554697059462	25403.22316503066
8.101469879382993	35227.35162267566
8.128474778980937	46274.79049686024
8.155569694910874	55699.29473695024
8.182754927227245	39990.83957823948
8.21003077698467	42327.32585409986
8.237397546241287	54191.4777724618
8.264855538062092	63938.75666373093
8.292405056522298	91124.81611178326
8.320046406710707	77305.56545376203
8.347779894733076	65008.42289057895
8.375605827715521	50778.88861743742
8.403524513807906	66209.08242765215
8.431536262187267	77203.87500668349
8.459641383061225	91111.84166525594
8.487840187671429	77634.325389954
8.516132988297002	67981.96911696957
8.544520098257992	85971.93536026994
8.573001831918852	80541.32930145097
8.601578504691917	107050.69279066302
8.63025043304089	71665.53862300461
8.65901793448436	64892.24119819345
8.687881327599309	84533.02930016561
8.71684093202464	86223.99962814199
8.745897068464723	81389.31546008609
8.775050058692939	54662.881434227325
8.80430022555525	66462.12342084672
8.833647892973769	88375.46266810097
8.863093385950348	93493.37731087576
8.892637030570183	74376.57296154358
8.922279154005418	59003.33504712544
8.95202008451877	49483.668970899045
8.981860151467167	51950.4318725219
9.011799685305393	66741.75717065386
9.041839017589743	55495.17216541318
9.07197848098171	50053.507988755424
9.10221840925165	70063.70046417089
9.132559137282488	51631.79068096327
9.16300100107343	50361.6684582074
9.193544337743676	49875.55304165681
9.224189485536156	45596.863067979466
9.254936783821277	70790.56289562322
9.285786573100683	51899.11292505522
9.316739195011019	29257.050976973595
9.347794992327723	38542.053338948914
9.378954308968815	39502.52822107526
9.410217489998713	67881.99652235971
9.441584881632043	67469.74419935657
9.473056831237484	41543.79078083751
9.50463368734161	28163.620933921546
9.53631579963275	31560.9380874966
9.56810351896486	43689.64907213417
9.599997197361409	76360.92211140771
9.631997188019282	83541.3710690717
9.66410384531268	48320.54435301298
9.696317524797056	24221.947755963876
9.728638583213046	41870.61207371354
9.761067378490424	73131.84937762917
9.793604269752059	109290.24375644895
9.8262496173179	115425.6425043241
9.859003782708962	66471.41078512602
9.891867128651326	30083.222706650296
9.924840019080163	42098.45739868269
9.957922819143764	97889.53227461799
9.99111589520758	140829.6435315611
10.024419614858271	123080.31367116877
10.0578343469078	65872.13813067836
10.091360461397493	47581.0700509302
10.124998329602152	94744.32911501791
10.158748324034159	137611.36004653442
10.192610818447609	142422.19570436064
10.226586187842432	131007.90464562071
10.260674808468575	93342.96389450823
10.294877057830139	47396.53771257738
10.329193314689574	19309.731457216334
10.363623959071873	4934.674872960233
10.39816937226878	8471.788505750244
10.43282993684301	18939.584962508492
10.467606036632487	35768.80757468637
10.502498056754597	29687.31494079127
10.537506383610445	25814.538745123253
10.57263140488915	37627.64809777084
10.607873509572112	48227.47307651376
10.643233087937354	39401.338500518104
10.678710531563812	22194.73116933719
10.714306233335694	7688.865448944875
10.750020587446814	3745.4960946966617
10.78585398940497	7818.2098658066325
10.82180683603632	19357.22774567466
10.857879525489777	28495.04047450646
10.894072457241409	33204.306482065695
10.93038603209888	38590.29435650217
10.966820652205879	39703.37088669476
11.003376721046566	34524.21684742423
11.040054643450055	42134.93166434014
11.07685482559489	72101.45781731319
11.113777675013539	83160.96954212875
11.150823600596919	85037.99457627266
11.187993012598909	69625.7530645233
11.225286322640908	37903.880112469924
11.262703943716378	39150.781986852
11.300246290195433	71714.23862887526
11.337913777829419	90158.97674021
11.375706823755518	92488.92174150827
11.41362584650137	94831.49593292156
11.45167126598971	66525.24616731667
11.489843503543009	40872.74027836326
11.528142981888152	38216.437683569944
11.566570125161114	63900.35520323708
11.605125358911653	84333.8014505832
11.643809110108025	90185.13063085818
11.68262180714172	66913.45119152823
11.721563879832193	29562.19492404645
11.760635759431635	25789.121202010054
11.79983787862974	33285.87851829202
11.839170671558508	51008.85030051941
11.878634573797038	68740.85833157225
11.918230022376362	86481.5529225458
11.957957455784284	60874.27955337058
11.99781731397023	30207.40976203843
12.037810038350134	31048.791798545204
12.077936071811303	28501.759757931097
12.11819585871734	38294.46760252983
12.158589844913067	52921.66777409242
12.199118477729444	57727.336980714026
12.239782205988542	42974.581220783984
12.280581480008506	30611.827169056676
12.321516751608534	42617.93974780763
12.362588474113897	36470.27188361427
12.403797102360945	29154.661779005415
12.44514309270215	54223.132676268266
12.486626903011157	61559.21848462699
12.528248992687862	43194.06265636546
12.570009822663488	37808.147977031746
12.611909855405703	48533.02173829999
12.653949554923722	47088.22195690377
12.696129386773467	32334.855386842348
12.738449818062714	31157.56294640246
12.780911317456257	48335.56999880312
12.823514355181112	41139.73572049917
12.866259403031716	38231.797044980456
12.909146934375158	42775.5638177455
12.95217742415641	46757.512212628164
12.995351348903599	39433.33337185728
13.038669186733278	35350.18126172677
13.082131417355722	35223.801100380675
13.125738522080242	39210.45652763365
13.169490983820511	44256.99585317372
13.213389287099913	52938.85598425882
13.257433918056915	52810.89148657602
13.30162536445044	49701.984482567095
13.345964115665275	42367.643592211134
13.390450662717493	36744.70864155792
13.435085498259886	30245.61948578694
13.479869116587421	42483.381275948566
13.524802013642711	53823.50878882865
13.569884687021522	46231.15298259603
13.615117635978262	49390.962062492756
13.660501361431525	50015.800247935695
13.70603636596963	42493.749349725964
13.751723153856197	32854.02624679934
13.797562231035718	39006.091510289
13.843554105139171	42693.25943506197
13.889699285489636	56694.872148361144
13.935998283107937	63135.31341067008
13.982451610718297	57709.53400955245
14.029059782754025	46316.43938478534
14.075823315363209	42596.86086829421
14.12274272641442	46270.76905606222
14.169818535502468	43857.166531455565
14.217051263954144	45616.87472320867
14.264441434833993	49230.90041504906
14.311989572950106	51017.49474901456
14.359696204859942	50506.399316835064
14.407561858876143	42357.30260144224
14.455587065072399	31657.559112503244
14.503772355289305	34060.4639217222
14.552118263140272	46594.56329696689
14.600625324017408	54089.08593616144
14.649294075097467	55508.709788159795
14.698125055347793	54295.112234864915
14.747118805532287	48801.20103616149
14.796275868217396	54554.89205400795
14.84559678777812	53292.53108804632
14.895082110404049	42688.47738463841
14.944732384105398	39317.239709304944
14.994548158719082	44265.650725919906
15.044529985914814	44496.416336537506
15.0946784192012	43921.021961876744
15.144994013931871	48258.26136870871
15.195477327311643	46948.26542418087
15.246128918402684	51003.821681090354
15.296949348130694	49790.10545543155
15.347939179291131	42168.28054589556
15.399098976555436	40279.27604935351
15.45042930647729	39248.51503145575
15.501930737498881	38030.892571767676
15.553603839957212	37749.46699410824
15.605449186090402	34545.874698744265
15.657467350044039	34743.83508741054
15.709658907877522	32316.890980323198
15.762024437570448	31282.466926220564
15.814564519029018	29200.53656013351
15.867279734092449	24833.62552680321
15.920170666539423	22405.95255982979
15.973237902094557	24816.98990818724
16.026482028434874	27293.55231509938
16.079903635196324	33638.33597723871
16.133503313980313	35905.01925394257
16.18728165836025	33508.468321136046
16.241239263888115	29532.515986155482
16.29537672810108	32567.640603751555
16.349694650528082	36670.08215121716
16.40419363269651	39244.0029999718
16.458874278138833	39184.80817772773
16.513737192399297	37212.84394799434
16.56878298304063	33679.876795909906
16.624012259650765	34455.72615238235
16.679425633849604	34780.17573652781
16.73502371929577	36821.67776893131
16.790807131693427	35158.75326912626
16.846776488799073	30062.368496461248
16.902932410428402	25076.433824406722
16.959275518463166	30476.80210634362
17.015806436858046	39376.302664896735
17.07252579164757	37758.85550987912
17.129434210953065	32882.933964277545
17.186532324989575	31111.168522154683
17.24382076607288	32192.20371887366
17.301300168626454	35099.87940880064
17.358971169188546	27609.333371165358
17.416834406419174	32987.90393012092
17.474890521107238	34053.02554210305
17.5331401561776	28631.063840875315
17.59158395669819	27984.652861741895
17.650222569887184	30753.128598755782
17.709056645120146	31957.259667419014
17.76808683393721	32743.305697912467
17.827313790050336	35179.560459031374
17.886738169350508	31984.03064793501
17.946360629915013	29912.50754079456
18.00618183201473	29653.577005911204
18.066202438121447	25084.683220943873
18.126423112915187	26573.80350853709
18.18684452329157	23596.77597814343
18.247467338369212	23329.678767056517
18.30829222949711	23864.8504974233
18.369319870262103	28370.79995395372
18.43055093649631	32814.6196103948
18.491986106284635	30675.310642616743
18.55362605997225	28169.20393639348
18.615471480172157	25131.938812524757
18.677523051772734	24262.283089600285
18.73978146194531	27073.452661732346
18.8022474001518	27893.961072997427
18.864921558152304	28156.45365208988
18.92780463001281	23135.44591853169
18.990897312112857	20609.643637525503
19.054200303153234	22507.02622741517
19.117714304163748	27709.04266512065
19.181440018510962	23634.177754373988
19.245378151906	16553.1854658099
19.309529412412356	14264.152428955565
19.37389451045373	165445.48643291084
19.43847415882191	12700.408451830408
19.503269072684652	22019.04544876006
19.5682799695936	18899.59077670895
19.63350756949225	20257.12483155227
19.69895259472389	19579.9391796598
19.76461577003964	18987.533990986904
19.83049782260644	19007.179762064792
19.89659948201513	15181.463890057044
19.962921480288514	14937.770419401386
20.02946455188948	18933.594804988035
20.09622943372911	21677.45432984194
20.163216865174878	21262.007417200886
20.230427588058795	19260.436094762645
20.29786234668566	17138.592173828125
20.36552188784128	16134.158994532743
20.433406960800752	17750.179439212345
20.501518317336757	17790.71837371186
20.56985671172788	16553.212726699432
20.638422900766972	14870.585761683256
20.707217643769532	18009.608386661712
20.776241702582098	18879.78903657574
20.845495841590708	20082.719102033923
20.914980827729345	21043.754461906985
20.984697430488445	17581.917062795408
21.054646421923408	16665.98550620894
21.124828576663155	13459.556872982681
21.1952446719187	11449.757658481414
21.26589548749176	14168.481611185152
21.336781805783406	13192.228657297925
21.407904411802683	13691.967435642964
21.47926409317536	16542.773975437343
21.550861640152615	16333.417459552975
21.62269784561979	13620.37245255111
21.694773505105193	12885.947471518097
21.767089416788878	12966.417151712669
21.839646381511507	9683.962032851068
21.912445202783214	11272.145424407128
21.98548668679249	14408.373004332094
22.058771642415138	12964.074063022857
22.13230088122319	13235.354559257408
22.206075217493936	17904.124239143315
22.280095468218917	16854.217436017596
22.354362453112984	12628.076179890244
22.42887699462336	11713.40395135503
22.503639917938774	11944.360307689034
22.57865205099857	9812.53944489197
22.6539142245019	10891.27844157283
22.72942727191691	14260.734125571227
22.80519202948997	14225.31594396912
22.881209336254933	11447.521962555998
22.957480034042455	10116.5960092967
23.034004967489263	12416.90998879578
23.110784984047562	13667.626041654421
23.18782093399439	11819.375205022277
23.26511367044104	13184.701987179074
23.342664049342513	13813.558501053107
23.42047292950699	12007.701436440319
23.498541172605346	9141.406996524527
23.5768696431807	8758.179099390722
23.65545920865797	8168.009225288461
23.734310739353496	8604.655342370708
23.81342510848468	6537.02573580974
23.89280319217963	5455.880888336038
23.972445869486897	7389.906813742564
24.052354022385188	10134.318998940724
24.132528535793142	11605.138446219948
24.21297029757912	12976.246869583903
24.293680198571053	12825.037402003538
24.37465913256629	12475.992693754839
24.455907996341512	12396.467698925388
24.537427689662653	12810.681627093827
24.619219115294865	11495.305715776065
24.701283179012517	10560.033468027243
24.783620789609227	10554.755806709145
24.866232858907924	9310.344456444129
24.949120301770954	7279.136927986362
25.03228403611019	5756.31921374097
25.115724982897227	5163.016235545635
25.199444066173555	5028.294708017958
25.283442213060802	5902.221071918432
25.367720353771006	5804.982246686961
25.45227942161691	7220.678175200701
25.537120353022303	8995.830365032723
25.62224408753238	9568.582766386493
25.707651567824154	9807.03279737264
25.793343739716907	10016.622714734318
25.87932155218263	8260.091571082614
25.965585957356573	5381.136188149771
26.052137910547767	5627.026560556789
26.138978370249593	7603.103144206667
26.22610829815043	8172.784133821489
26.313528659144264	8205.765205419504
26.401240421341413	7556.656428146697
26.48924455607922	6257.38727150189
26.57754203793282	4709.474944481079
26.666133844725934	3971.8302985410733
26.75502095754169	4659.120068291561
26.844204360733492	5710.762127363805
26.93368504193594	6063.599574682328
27.023463992075726	5077.047368913784
27.113542205382654	5987.308175036964
27.203920679400596	7672.867915891837
27.2946004149986	8390.253675431826
27.38558241638193	8492.874034751898
27.476867691103205	8032.131582684133
27.568457250073553	7162.5458645946555
27.660352107573797	6926.014334475895
27.752553281265712	6599.270044386815
27.845061792203264	5376.005798545003
27.937878664843947	4001.253450180132
28.031004927060096	3803.373611866736
28.1244416101503	3940.516252018106
28.218189748850804	3473.5954832143548
28.31225038134697	3636.072779177041
28.406624549284796	3362.6858828153604
28.501313297782417	3256.1706144262434
28.596317675441693	3122.0710077406507
28.691638734359838	3373.731074707938
28.787277530141036	4291.88129437016
28.883235121908175	4859.382333043503
28.97951257231454	4983.781995073905
29.07611094755559	4663.657309696615
29.17303131738078	4199.8952440021685
29.27027475510538	4330.142207773689
29.367842337622402	3748.254342243676
29.46573514541448	4590.749673721855
29.56395426256586	5240.959082521494
29.662500776774415	4840.97141650369
29.761375779363668	3605.6354939624603
29.860580365294883	2709.5927360063515
29.960115633179203	3617.7821054172687
30.0599826852898	4395.503957698296
30.160182627574102	4250.062560909011
30.260716569666016	3829.2334430023857
30.36158562489824	3289.6033321192986
30.462790910314574	2465.744585443147
30.564333546682285	2365.939338143451
30.66621465850456	2897.9589097760286
30.76843537403291	2844.2401936675333
30.870996825279697	2241.467136274328
30.973900148030626	2671.4965722531283
31.0771464818574	3454.973174355438
31.18073697013026	3683.157804143064
31.2846727600307	4037.225889449594
31.38895500256413	4218.009971203726
31.49358485257268	4209.809640564865
31.59856346874793	3677.909835158454
31.703892013643756	2826.2998371661993
31.80957165368924	2638.7475820714667
31.91560355920154	3317.0526374767924
32.02198890439888	3352.1161358710992
32.12872886741354	3378.288892156645
32.23582463030493	3515.8994875463904
32.34327737907261	3241.6467289687544
32.45108830366952	3248.6272066065253
32.55925859801509	3061.3800544382943
32.66778946000848	2832.6116261999714
32.77668209154184	2470.65742898073
32.88593769851365	2042.6082136015564
32.99555749084203	1652.5017365911094
33.10554268247817	1680.8188537206015
33.215894491419775	2020.8642452381707
33.326614139724505	2372.425719510675
33.43770285352359	2284.5376047216546
33.54916186303534	1251.0218181741775
33.66099240257879	3209.314868199397
33.77319571058739	2620.5792324295253
33.88577302962268	2492.696828595664
33.99872560638809	2472.152861542631
34.11205469174273	2506.4004468495386
34.225761540715204	2537.108978545593
34.339847412517585	2247.4648836034225
34.45431357055932	1780.1105075012047
34.56916128246119	1627.2814894455078
34.68439182006939	1953.7704044118152
34.80000645946962	2266.2573426092513
34.9160064810012	2332.095588912625
35.0323931692712	2339.6425363336716
35.14916781316877	2165.167895481877
35.26633170587934	1876.070134962333
35.38388614489894	1521.5737292090907
35.5018324320486	1431.2694222392995
35.62017187348877	1512.760488661601
35.738905779733734	1482.7602992290522
35.858035465666184	1368.72728705729
35.97756225055174	1261.9920491179016
36.097487458053585	1455.179160843545
36.2178124162471	1489.8099196642845
36.33853845763459	1675.2540530609156
36.45966691916004	1764.6900035168255
36.58119914222391	1662.080248304631
36.70313647269799	1694.8785623141025
36.825480260940324	1732.7104159387127
36.94823186181013	1755.079573414712
37.07139263468283	1949.606210652012
37.194963943465105	2161.5416653559487
37.318947156609994	1840.7316399411081
37.44334364713203	1477.6460913434005
37.56815479262247	1351.2438105139101
37.69338197526456	1605.0656995655024
37.819026581848775	1909.9780829713698
37.945090003788266	1914.0268399726597
38.071573637134236	1845.7256328096723
38.19847888259135	2014.0527706455134
38.325807145533325	2077.382704378079
38.453559836018435	1980.9445106524722
38.58173836880517	1828.1880776262092
38.71034416336786	1557.879492318991
38.83937864391242	1372.9820243580511
38.96884323939213	1305.7664946922223
39.09873938352344	1187.184817051606
39.22906851480185	1063.314682994121
39.35983207651786	890.9482584336965
39.49103151677293	930.8970131365592
39.62266828849551	994.5439141629755
39.75474384945716	1017.2282185403784
39.887259662288685	1182.1783645855774
40.020217194496325	1210.1574439412736
40.15361791847798	1100.872592367144
40.287463311539575	932.0706218599553
40.42175485591138	918.7845799985408
40.55649403876442	993.4537001864426
40.69168235222697	889.2336289811482
40.82732129340106	909.2955666074612
40.96341236437907	1067.043589998138
41.09995707226033	1274.9573715911367
41.236956929167874	1418.4920361929267
41.3744134522651	1492.1088634707294
41.51232816377266	1491.3193645570925
41.65070259098523	1554.1510483607278
41.789538266288524	1500.2790882256304
41.928836727176154	1317.263239358819
42.068599516266744	1196.4140142580532
42.20882818132097	1038.2714596834976
42.34952427525871	946.5429118855268
42.49068935617624	938.5895910534222
42.632324987363496	885.0660473688841
42.774432737321376	731.3420607165447
42.917014179779116	750.8481660620461
43.06007089371172	894.3698150591227
43.203604463357436	905.4655434968856
43.34761647823529	887.0800575084342
43.49210853316274	911.0545396210613
43.63708222827329	855.7451196798452
43.78253916903421	719.9738462687274
43.928480966264324	625.9445959823396
44.074909236151875	644.2937160196956
44.22182560027238	642.0832492368595
44.36923168560663	743.6896123384951
44.51712912455866	813.636479498628
44.665519554973855	748.4457384821405
44.814404620157106	747.8964583680324
44.96378596889096	717.7788792049403
45.11366525545394	629.3541990881129
45.264044139638784	727.9906952285448
45.414924286770926	863.8538052758595
45.56630736772683	907.4582859840328
45.71819505895259	852.3304072962745
45.87058904248243	760.2432554718863
46.023491005957375	682.8204802851006
46.17690264264391	607.9304929889918
46.33082565145272	494.5002066815646
46.48526173695757	540.0917961050351
46.64021260941409	462.71511499083823
46.795679984778815	576.2507545787547
46.951665584728076	656.7066020692806
47.10817113667718	699.658728625042
47.26519837379944	769.5446953114147
47.42274903504544	685.004462766468
47.58082486516226	668.0955313171761
47.7394276147128	614.7745518028972
47.898559040095186	507.7407739386101
48.05822090356217	491.9056828358349
48.21841497324072	565.848499340826
48.37914302315152	607.2581888075533
48.5404068332287	615.9943710256579
48.702208189339466	583.7016855759373
48.86454888330393	563.064667296284
49.02743071291495	519.5529354441558
49.190855481958	443.0924529344919
49.3548250002312	387.86920115055887
49.51934108356531	418.0547073488284
49.68440555384387	283.7844298242419
