#wavelength (micron)	surface_flux (erg / (cm2 micron s))
0.40133895199999997	0.04363196089025012
0.40267674850666674	0.041515744444077275
0.40401900433502225	0.008182588703362468
0.4053657343494724	0.008918687714055556
0.4067169534639707	0.06371928558869235
0.40807267664218394	0.2586488250702401
0.4094329188976579	0.7210101302930279
0.41079769529398347	1.6003223673940505
0.41216702094496344	3.074740960188623
0.41354091101477997	5.338106043946682
0.4149193807181627	8.534007067513503
0.41630244532055655	12.568532163856286
0.41769012013829176	16.06394326337609
0.41908242053875283	13.579528597795548
0.4204793619405487	7.658295369738233
0.42188095981368384	16.529144932861552
0.42328722967972954	42.96133410688604
0.4246981871119953	70.05453649843025
0.42611384773570193	94.17779843595996
0.4275342272281543	119.76497949139096
0.4289593413189149	148.27227973236117
0.43038920578997797	180.43070555286567
0.4318238364759446	216.7965289812042
0.43326324926419774	257.8582386695597
0.4347074600950785	304.0892432797498
0.4361564849620621	355.9749551846739
0.43761033991193565	414.0091990925457
0.4390690410449755	478.63062504873017
0.44053260451512544	550.7223664272865
0.4420010465301759	630.3242703126537
0.44347438335194317	719.1213424241572
0.4449526312964497	818.4664408953167
0.44643580673410455	927.4361754197029
0.44792392608988496	1046.8239624568096
0.4494170058435179	1177.811373493116
0.450915062529663	1319.8729515651105
0.4524181127380953	1464.1062284439392
0.45392617311388894	1546.0096780823085
0.45543926035760196	1497.441078195183
0.45695739122546064	1302.828522544702
0.4584805825295456	869.7714995806422
0.46000885113797746	726.8116420095799
0.46154221397510403	669.9994085924952
0.4630806880216877	595.4643697295893
0.4646242903150934	515.0768272142137
0.4661730379494771	442.5071928410782
0.4677269480759754	375.5877880815637
0.4692860379028953	306.14613978421335
0.47085032469590504	238.8386080953302
0.4724198257782247	180.43107637191235
0.47399455853081884	134.8075087230255
0.4755745403925883	102.03923245671697
0.4771597888605636	79.75018016331191
0.47875032149009894	64.89951936359701
0.4803461558950659	53.262246015357874
0.48194730974804956	43.42512973218363
0.48355380078054305	35.4994200193932
0.4851656467831449	29.49673695422235
0.48678286560575545	25.20961396022041
0.4884054751577746	22.065868119063445
0.4900334934083006	19.648094242523232
0.4916669383863283	17.575796663209285
0.4933058281809494	15.643519844162915
0.4949501809415526	13.83359756274935
0.4966000148780246	12.08170227524129
0.4982553482609513	10.292026220326226
0.4999161994218212	8.581782199480593
0.5015825867532273	7.107847844108084
0.5032545287090715	6.016493254429854
0.5049320438047684	5.504861019302287
0.506615150617451	5.409607967735067
0.5083038677861758	5.3867374371202015
0.5099982140121297	5.406244276205052
0.5116982080588369	5.424322993835996
0.5134038687523664	5.443056787623986
0.515115214981541	5.502270069657822
0.5168322656981462	5.580325291561276
0.5185550399171401	5.680654382198399
0.5202835567168639	5.768670234188232
0.5220178352392535	5.842299275287245
0.5237578946900511	5.899680946212939
0.525503754339018	5.964915314863806
0.527255433520148	6.030628304548937
0.5290129516318819	6.096737386050607
0.5307763281373216	6.170852523098079
0.532545582564446	6.260129240402091
0.5343207345063276	6.356128537576856
0.5361018036213486	6.448850753443872
0.5378888096334199	6.541185186612513
0.5396817723321979	6.611643443939053
0.5414807115733054	6.693484679547768
0.5432856472785497	6.8479019077445535
0.545096599436145	6.976630267501948
0.5469135881009322	7.085752939207694
0.5487366333946019	7.2640798167002645
0.5505657555059172	7.434040229507505
0.5524009746909371	7.605436104047841
0.5542423112732402	7.773491354566981
0.556089785644151	7.932539861676838
0.557943418262965	8.085894948412541
0.5598032296571749	8.22420701822534
0.5616692404226988	8.340791840782163
0.5635414712241079	8.441495814792804
0.5654199427948549	8.500747981474438
0.5673046759375044	8.413445561873232
0.569195691523963	8.315764625898744
0.5710930104957095	8.349119228080168
0.5729966538640286	8.250805035624847
0.5749066427102419	8.03941392615708
0.576822998185943	7.745557195673004
0.5787457415132294	7.405476711526893
0.5806748939849402	6.933130418024703
0.58261047696489	6.329469715097434
0.5845525118881064	5.466047370255167
0.5865010202610669	3.7444749948766685
0.588456023661937	1.435579348144812
0.5904175437408102	1.3696549852360937
0.5923856022199464	4.386437160695639
0.5943602208940129	7.894637627332751
0.5963414216303263	11.147902587032508
0.598329226369094	14.63317937292346
0.6003236571236578	18.77308716710544
0.6023247359807368	23.74637061124865
0.6043324851006725	29.740108057843013
0.6063469267176749	36.72285178755945
0.6083680831400672	44.339950766736145
0.610395976750534	52.994827869500796
0.6124306300063692	62.811743385883204
0.6144720654397238	74.07704573475804
0.6165203056578563	86.8339965818307
0.6185753733433824	101.51714229580527
0.6206372912545272	118.2723642696221
0.6227060822253756	137.15188070834145
0.6247817691661269	157.5532674889274
0.6268643750633474	179.28200492622642
0.6289539229802253	207.7630503597102
0.6310504360568261	241.21075679897777
0.6331539375103489	275.958532215384
0.6352644506353834	320.3434170947796
0.6373819988041681	365.9647608812305
0.6395066054668487	416.0206429545333
0.6416382941517382	476.01656910140804
0.6437770884655775	534.2453236968614
0.6459230120937961	577.8902526827804
0.6480760888007754	653.1618765998153
0.6502363424301114	769.2725045652197
0.6524037969048785	879.8851516486523
0.6545784762278948	1007.4718588533577
0.6567604044819878	1134.0466807290534
0.6589496058302612	1297.1859008422134
0.6611461045163621	1488.8416097375828
0.66334992486475	1713.1240075366275
0.6655610912809659	1950.7634643449935
0.6677796282519025	2201.8249996155205
0.6700055603460756	2353.2102381809264
0.6722389122138959	2631.9273442203007
0.6744797085879423	3077.43902531671
0.6767279742832354	3381.406711271969
0.6789837341975129	3603.082593145755
0.6812470133115047	3722.6196302779135
0.6835178366892097	3706.6882088559305
0.6857962294781739	3533.1375277208704
0.6880822169097679	3220.5418177933298
0.6903758242994671	2759.885079720989
0.6926770770471321	2223.960951279896
0.6949860006372892	2047.0593461625595
0.6973026206394136	2082.2869719826735
0.6996269627082117	2002.2952841935673
0.7019590525839058	1895.2646301443663
0.7042989160925188	1926.5503042180076
0.7066465791461606	2012.4516886830056
0.7090020677433145	2084.145031071678
0.7113654079691256	2111.76056873063
0.7137366259956894	2083.3252050238543
0.7161157480823418	1705.7387595887578
0.7185028005759496	1424.034068504427
0.7208978099112028	1591.5728974702326
0.7233008026109069	1666.0673896720782
0.7257118052862767	1533.8536288663051
0.728130844637231	1589.3233308615152
0.7305579474526884	1572.9327461004095
0.7329931406108642	1605.760518610803
0.7354364510795671	1635.7900713599236
0.7378879059164991	1774.841152506845
0.7403475322695541	1937.324467052685
0.7428153573771193	2088.86097996573
0.7452914085683765	2171.3857153026615
0.7477757132636044	2301.605403569911
0.7502682989744831	2379.32547673079
0.7527691933043982	2421.561368464595
0.7552784239487462	2473.9113902332515
0.7577960186952422	2490.811490716721
0.7603220054242263	2452.6367974252785
0.7628564121089738	2109.0225114269188
0.7653992668160038	1264.6036768395
0.7679505977053904	903.7643595681044
0.7705104330310751	1237.7979567401394
0.7730788011411788	2007.2726412914622
0.7756557304783162	2764.341646385645
0.7782412495799106	3253.0905163666066
0.7808353870785104	3562.4757726827415
0.7834381717021055	4185.183848863493
0.7860496322744459	4505.043367168293
0.7886697977153608	4997.739534831316
0.7912986970410787	5868.637937930368
0.793936359364549	6154.318146192135
0.7965828138957642	6687.322077376043
0.7992380899420836	7970.5973861855055
0.8019022169085571	9060.524488805222
0.8045752242982523	10112.33267042908
0.80725714171258	10695.194474430138
0.809947998851622	9892.5798178134
0.8126478255144608	8761.905994111587
0.8153566515995091	8193.496478337354
0.8180745071048409	10669.861775185987
0.8208014221285237	14411.124583646815
0.8235374268689521	15196.294244605157
0.8262825516251822	18537.089073221978
0.8290368267972661	20015.84376900363
0.8318002828865904	20939.816583536467
0.8345729504962124	22226.440391725682
0.8373548603311998	24704.091199190032
0.8401460431989706	31023.32683330366
0.8429465300096338	35146.54062456531
0.8457563517763327	40493.97609290718
0.8485755396155872	46296.47160888407
0.8514041247476393	50146.339180298266
0.8542421384967981	56736.126945143376
0.8570896122917875	65671.14037793505
0.8599465776660935	73373.63425225005
0.8628130662583139	80572.17936088877
0.8656891098125085	87583.17313049687
0.8685747401785502	93848.59384785917
0.8714699893124788	100273.42611672649
0.8743748892768537	107866.94884011007
0.8772894722411099	115435.81158211658
0.8802137704819137	120818.86222698024
0.8831478163835201	122951.2219714506
0.8860916424381319	110690.02619428441
0.8890452812462591	77523.85893359478
0.89200876551708	50447.51426445149
0.8949821280688037	52334.78512350349
0.8979654018290332	51084.03844730143
0.90095861983513	60333.96381500909
0.9039618152345804	105153.36595350388
0.9069750212853626	109774.57378761523
0.9099982713563137	107841.09455798825
0.9130315989275016	132408.56507463322
0.9160750375905932	151583.50420744205
0.9191286210492287	180101.04632059144
0.9221923831193928	219349.17106773803
0.9252663577297908	172682.89230038587
0.9283505789222235	59956.410232058646
0.9314450808519644	7641.3747986633425
0.9345498977881376	10462.40102494743
0.9376650641140981	37770.25374230389
0.940790614327812	78144.01517056552
0.9439265830422381	63236.22598619043
0.9470730049857122	44722.31299057895
0.9502299150023314	36541.01987193947
0.9533973480523392	44656.41022272831
0.9565753392125138	42130.72525642038
0.9597639236765556	44169.64608457873
0.9629631367554774	44593.291532000505
0.9661730138779958	98098.37886094052
0.9693935905909224	171084.86003486783
0.972624902559559	213418.75082055872
0.9758669855680909	205056.1162780577
0.9791198755199847	244715.75350704772
0.9823836084383848	282311.15073358174
0.9856582204665127	333702.70145489153
0.9889437478680678	423398.6008013608
0.9922402270276282	473936.5491081556
0.9955476944510537	516238.7566985187
0.9988661867658906	475685.4513779583
1.002195740721777	406203.17515967705
1.0055363931908496	482565.5077664282
1.0088881811681525	499109.0758923907
1.0122511417720463	489561.6620046137
1.01562531224462	403610.84930793557
1.019010729952102	329122.90592847817
1.0224074323852759	333924.8848565863
1.0258154571598936	411481.4676178862
1.0292348420170931	462870.92831386864
1.0326656248238169	406639.3391873794
1.0361078435732296	362364.39665897976
1.0395615363851405	433397.42149492656
1.0430267415064245	531388.7904696476
1.0465034973114462	586270.8390514568
1.0499918423024843	600252.5362607994
1.0534918151101593	654277.4700928639
1.05700345449386	709672.8658624752
1.0605267993421728	721656.05974508
1.0640618886733135	711695.5083791905
1.067608761635558	683097.6002519791
1.0711674575076766	655450.8683064413
1.0747380156993689	621684.0444957237
1.0783204757517002	581323.2255863794
1.0819148773375393	545975.4785660541
1.085521260261998	503076.5670955378
1.0891396644628712	448557.24826795206
1.092770130011081	360622.3151075876
1.0964126971111179	254588.7350375683
1.1000674061014886	180229.6679188882
1.10373429745516	109306.98505292085
1.1074134117800107	47244.834860505965
1.1111047898192774	17341.558426460328
1.1148084724520084	10440.129190615671
1.1185245006935154	9176.931379196869
1.1222529156958272	10503.137444932128
1.1259937587481466	12106.685296232712
1.1297470712773072	15381.051713664598
1.1335128948482316	9806.986441508947
1.1372912711643925	18912.291984468233
1.1410822420682738	34075.76877686372
1.1448858495418348	19617.17612447843
1.1487021357069744	8590.768372709239
1.1525311428259977	6459.932868722821
1.1563729133020846	2463.442221650231
1.1602274896797582	2579.988539410638
1.1640949146453576	7427.398771016379
1.1679752310275089	15478.225577610789
1.1718684817976006	10340.893656721164
1.1757747100702594	9987.541085469382
1.1796939591038271	24845.658142059245
1.1836262723008397	31431.609088188317
1.1875716932085094	39258.053729097075
1.1915302655192046	48210.0008806901
1.1955020330709352	61240.73345391716
1.1994870398478386	86224.5038993913
1.2034853299806647	108134.96473244499
1.207496947747267	112828.62247031333
1.2115219375730912	121244.53600855681
1.2155603440316685	148819.64289789854
1.2196122118451074	176781.59608782022
1.2236775858845912	210749.70723362555
1.2277565111708733	283345.70026357914
1.2318490328747762	337865.62190919276
1.2359551963176922	406627.2316068225
1.2400750469720847	511993.6213433125
1.2442086304619917	624787.9727804703
1.248355992563532	719681.8865133158
1.2525171792054102	769786.4733692659
1.2566922364694284	866386.6715203491
1.2608812105909932	1037766.8478747171
1.2650841479596302	1190316.9442155752
1.2693010951194956	1271079.688012881
1.273532098769894	1157816.3548319922
1.2777772057657937	951411.2557984208
1.2820364631183463	769652.8158429214
1.2863099179954076	582586.6397575279
1.2905976177220593	465452.26601800905
1.2948996097811327	429374.84459055227
1.2992159418137368	395382.52369853423
1.3035466616197826	332989.6992513835
1.3078918171585154	281094.2846133538
1.3122514565490437	201819.45664201514
1.3166256280708741	176239.40305760156
1.3210143801644436	184925.2221227406
1.3254177614316587	161186.23143843998
1.329835820636431	85010.75243833591
1.3342686067052192	28044.340300053693
1.33871616872757	9077.360077740705
1.343178555956662	1289.2261238151766
1.347655817809851	280.55302344867243
1.352148003869217	191.2071696738393
1.3566551638821147	42.022428502312444
1.3611773477617217	11.147260366427325
1.3657146055875944	14.982415750747615
1.3702669876062197	21.626145976048395
1.3748345442315741	112.77394993276667
1.3794173260456792	159.36156753702417
1.384015383799165	38.78968409172231
1.388628768411829	96.85342068615333
1.3932575309732018	175.02749867417853
1.3979017227431125	195.95077184048426
1.4025613951522564	314.3931547352763
1.407236599802764	299.72218260384824
1.4119273884687735	427.3844723443858
1.4166338130970026	332.97247991462706
1.4213559258073263	358.70289662902655
1.4260937788933508	571.4479090903008
1.4308474248229952	1032.47355582556
1.4356169162390722	1383.0158208515963
1.4404023059598692	2865.353069140626
1.4452036469797356	4537.793688480157
1.450020992469668	7592.554756229071
1.4548543957779003	11774.717557259706
1.4597039104304934	15860.233202477613
1.4645695901319284	11209.737637914664
1.469451488765702	4963.533698393196
1.4743496603949209	2068.4029739575712
1.479264159262904	2203.7443478646915
1.4841950397937806	1974.8863143067886
1.4891423565930935	1854.0986199541662
1.4941061644484037	2646.379074095046
1.4990865183298985	4186.113212966989
1.5040834733909982	5251.4075730640625
1.5090970849689684	5036.532562781621
1.5141274085855316	1862.6177244658825
1.5191744999474837	4058.6039122452657
1.5242384149473087	9207.663003830452
1.5293192096638	16682.198562613477
1.5344169403626793	20586.488539246093
1.5395316634972218	23781.97489726735
1.544663435708879	34359.600113321656
1.5498123138279087	53609.69698016069
1.554978354874002	83974.03033377597
1.5601616160569156	120193.12710607905
1.5653621547771055	201189.432124047
1.5705800286263625	314906.8056165992
1.5758152953884506	392934.10967456526
1.5810680130397454	476358.58005882177
1.5863382397498782	536115.7910387368
1.5916260338823778	588336.0055284695
1.5969314539953192	567825.6290300137
1.6022545588419705	466980.8381180573
1.6075954073714436	334051.3060219954
1.6129540587293487	206571.43266736614
1.6183305722584467	106876.38506914691
1.6237250074993084	51172.91755148674
1.6291374241909726	30574.26452702773
1.6345678822716092	22180.094349655672
1.6400164418791816	18400.48532003435
1.6454831633521123	21841.853984265777
1.6509681072299527	24333.351892940205
1.6564713342540527	35569.08883968195
1.6619929053682332	49263.38683822081
1.6675328817194608	22135.952094767224
1.6730913246585257	12342.977478264993
1.6786682957407209	26550.929183195247
1.6842638567265233	30612.432744137746
1.6898780695822784	18271.759949850715
1.6955109964808863	9190.332510234866
1.7011626998024894	7212.684725875067
1.7068332421351646	14065.880898584714
1.7125226862756153	19960.905805147624
1.7182310952298672	27360.392543110367
1.7239585322139668	25280.73854679811
1.7297050606546804	14996.57896559492
1.7354707441901962	13815.206269785851
1.7412556466708302	17628.256011802096
1.747059832159733	26344.46376573972
1.752883364933599	31959.968897574818
1.7587263094833776	24910.801712294888
1.7645887305149892	18865.640095784427
1.7704706929500391	13355.54309329524
1.7763722619265396	11359.123197069046
1.7822935027996283	10027.276133783922
1.7882344811422937	6364.767646499111
1.7941952627461015	3421.204577121066
1.8001759136219222	3168.3008180680445
1.8061765000006618	1615.0017122450029
1.8121970883339975	1491.8810475294597
1.818237745295111	1939.9402795783328
1.8242985377794283	2807.148978356959
1.8303795329053596	1222.1615366435944
1.8364807980150446	480.4076110813081
1.8426024006750947	1093.5038738527962
1.8487444086773455	1749.230478125599
1.8549068900396033	1411.4537787694674
1.861089913006402	563.5231672088829
1.8672935460497566	186.12000590373526
1.873517857869923	201.0613854465572
1.879762917396156	1505.3403046612618
1.8860287937874767	3056.5363276827584
1.8923155564334353	3826.234588779031
1.8986232749548801	3333.052123277394
1.9049520192047298	1242.619604578897
1.9113018592687456	946.2957409029746
1.9176728654663082	849.4910079572936
1.9240651083511964	954.032760452633
1.9304786587123668	390.7770245397247
1.9369135875747419	106.21775516671771
1.9433699661999908	123.29298619832454
1.9498478660873244	290.25697630064434
1.9563473589742824	630.3679139717699
1.9628685168375302	1436.7260604077574
1.9694114118936552	2318.5364072461116
1.9759761165999676	2728.6243525859386
1.9825627036553009	3269.426958863211
1.9891712460008188	4251.74451271656
1.9958018168208218	5272.850853774253
2.002454489543558	5374.564143837626
2.0091293378420367	4813.609998167165
2.0158264356348434	4470.242939647487
2.02254585708696	4173.5825607375955
2.029287676610583	6892.658777700272
2.036051968865952	7920.7211582468035
2.042838808762172	9224.771432003186
2.049648271458046	11254.664659984535
2.0564804323629065	12725.560007832224
2.0633353671374497	13805.235187015449
2.0702131516945745	14865.671054795623
2.0771138622002234	14462.099159063233
2.084037575074224	14295.010257928863
2.0909843669911385	14089.597060494865
2.097954314881109	13536.030676165627
2.1049474959307126	13450.07560071808
2.1119639875838154	13594.390239713795
2.1190038675424283	13277.61913522497
2.12606721376757	12947.889607337662
2.1331541044801288	12193.090170741227
2.140264618161729	11708.084440299199
2.147398833555602	11445.355182728188
2.154556829667454	9904.257829183385
2.1617386857663456	8384.893914197091
2.1689444813855667	7212.743004352538
2.176174296323519	6228.17991358669
2.1834282106445975	5471.495316339954
2.19070630468008	3281.1866318657067
2.1980086590290138	990.0330950520315
2.2053353545591103	652.89634885719
2.2126864724076407	1343.0370265700444
2.220062093982333	867.2684448524021
2.2274623009622747	697.0616562433289
2.2348871752988155	603.9596266183037
2.2423367992164787	368.4649421019142
2.2498112552138667	226.50044437830823
2.25731062606458	223.6772972940041
2.2648349948181288	84.10403946767403
2.272384444800856	100.5953255654311
2.2799590596168593	197.96457802512015
2.2875589231489153	172.80237181313586
2.295184119559412	141.10073597417272
2.302834733291277	344.5286732064287
2.3105108490689146	752.5651106773726
2.3182125518991445	406.1706963116301
2.325939927072142	172.7179275233216
2.3336930601623824	150.29864015045308
2.341472037029591	132.8825683017867
2.3492769438196897	119.725392303233
2.3571078669657557	383.9975524682965
2.364964893188975	642.6129340398751
2.372848109499605	305.7934684867937
2.380757603197937	373.8623114450021
2.3886934618752638	618.7980942646127
2.396655773414848	570.5173078452859
2.4046446259928977	812.2350149886078
2.412660108079541	1986.748847897759
2.420702308439806	1866.9393429327188
2.428771316134606	1746.152511136179
2.4368672205217212	3172.3317948588283
2.4449901112567938	4078.09661088454
2.4531400782943167	6503.050645804077
2.4613172118886313	9776.276646791219
2.469521602594927	9343.899240384362
2.4777533412702435	7862.101142343733
2.4860125190744777	6287.855386991103
2.494299227471393	4553.444328404823
2.502613558229631	5437.271758875042
2.51095560342373	5338.560519955043
2.5193254554351427	3998.998371548914
2.5277232069532602	2482.2230968104686
2.536148950976438	1197.2967884904808
2.544602780813026	911.0924852483945
2.5530847900824027	609.7827640612951
2.561595072716011	547.7133044169796
2.5701337229583983	146.78159504483352
2.5787008353682594	81.38361821130773
2.5872965048194874	54.48312679658052
2.5959208265022196	117.33285030188568
2.6045738959238935	127.08054474957964
2.613255808910307	77.56857619172551
2.621966661606675	261.1768011174077
2.6307065504786973	483.07650539647057
2.6394755723136263	1380.9456225901756
2.6482738242213384	2326.7702127555212
2.65710140363541	987.9227546803498
2.6659584083141947	52.24625721388736
2.674844936341909	25.102483861693013
2.6837610861297154	58.83056338307662
2.692706956416815	197.2142055191437
2.701682646271538	618.9712282368824
2.710688255092443	814.3415769588695
2.719723882609418	667.6533608185686
2.728789628884783	1738.034643422587
2.737885594314399	1502.157313194479
2.7470118796287806	1365.1702172636644
2.75616858589421	989.6721440587781
2.7653558145138577	306.831842335045
2.774573667228904	266.39736686909646
2.783822246119667	575.4753849383394
2.7931016536067332	1177.7248747059596
2.802411992452089	1363.6467123871898
2.811753365760263	1933.2068563255382
2.821125876979464	3108.497488522781
2.830529629902729	3421.4861844193897
2.839964728669072	2842.2641706243635
2.8494312777646353	3030.854189561075
2.8589293820238515	2300.922897685141
2.8684591466305975	3272.7481927385275
2.8780206771193666	5372.451292523188
2.8876140793764313	4901.426844416686
2.89723945964102	4237.866015190003
2.90689692450649	3337.7273820945543
2.916586580921512	7167.512537401613
2.9263085361912506	9627.999770368013
2.936062897978555	12544.997740987803
2.94584977430515	9533.857568660653
2.955669273552834	8321.913661443596
2.965521504464677	5507.823639355531
2.9754065761462263	6456.676178909729
2.9853245980667142	11852.192879016959
2.99527568006027	6891.400814153891
3.005259932327138	3862.9941854413487
3.0152774654348953	11877.568927189217
3.0253283903196784	15946.931456489041
3.0354128182874107	16964.373102354137
3.045530861015036	21813.9045354995
3.055682630551753	31914.060615450377
3.0658682393202588	35743.76468011863
3.076087800117993	27943.582696284928
3.086341426118387	30602.227585180943
3.096629230872115	21065.683692053895
3.106951328308356	15999.195655240588
3.1173078327360506	19071.752440441378
3.127698858845171	23167.205555755518
3.1381245217079883	17517.008619061886
3.1485849367803485	11965.933282660386
3.15908021990295	9030.438649362326
3.1696104873026267	5138.959589740655
3.1801758555936357	3192.6943292896135
3.190776441778948	1742.9093939971744
3.2014123632515448	1058.0383222855762
3.2120837377957168	834.6895319892235
3.2227906835883697	1020.0051389867291
3.2335333192003306	517.5809634227335
3.2443117635976657	195.551917140446
3.2551261361429913	402.7648978016915
3.2659765565968013	881.0680915748358
3.276863145118791	3028.035012638981
3.287786022269188	6275.021286679809
3.2987453090100853	4357.51826337047
3.3097411267067858	1154.665509999619
3.320773597129142	146.57730762415676
3.3318428424529056	1069.3118487825084
3.3429489852610823	3035.221054311318
3.3540921485452864	2966.5153332519953
3.365272455707104	1451.0158457073953
3.3764900305594616	1600.5841456973753
3.387744997327993	1298.051425930043
3.39903748065242	1265.2411757758484
3.4103676055879286	1842.524710502767
3.4217354976065555	2745.963457094288
3.433141282598577	4353.9834869923625
3.4445850868739063	5453.800794005686
3.4560670371634865	7885.034813078961
3.4675872606206983	9563.594480332838
3.4791458848227674	11450.319667781474
3.490743037772177	15096.323003970778
3.5023788478980844	23098.42480929643
3.514053444057745	23693.02415316061
3.525766955537937	21226.544117020687
3.5375195120563974	14282.064682933924
3.5493112437632526	19309.360788856728
3.561142281242464	24704.26379864107
3.5730127555132727	24390.379912695727
3.5849227980316503	29735.981012830165
3.5968725406917557	42069.13473044402
3.6088621158273955	53319.688255268695
3.620891656213487	68268.98724615063
3.632961295067532	99586.91958067093
3.645071166051091	116874.9706091643
3.657221403271261	146699.8949010348
3.6694121412821654	147438.11183618958
3.68164351508644	166740.00706510697
3.6939156601367285	177209.30252923528
3.706228712337184	172140.69305406473
3.7185828080449754	160471.69315807626
3.730978084071792	160620.52662278715
3.7434146776853656	213231.98227926993
3.7558927266109836	325527.9373160561
3.7684123690330207	311410.9448649892
3.7809737435964643	182077.64781946095
3.7935769894084523	180278.12058687772
3.806222246039814	318138.57640352903
3.8189096535266143	434999.34893377096
3.8316393523717034	498614.36693046754
3.8444114835462755	287958.88153157785
3.85722618849143	284671.1603413837
3.870083609119735	380514.9837525119
3.8829838878168013	329238.671465086
3.895927167442858	298785.48728684377
3.9089135913343345	369219.33137120405
3.921943303305449	446215.61333810026
3.9350164476498004	493356.6660244119
3.9481331691419674	543783.8078298554
3.961293613039107	596028.2538605229
3.974497925082571	572547.9102078764
3.9877462514995137	585009.8716771101
4.001038739004512	611047.739725933
4.014375534801194	646683.7026647124
4.027756786583865	679607.395901879
4.041182642539145	558396.0807702821
4.0546532513476095	695349.1484629882
4.068168762185435	793220.5387441432
4.081729324726052	844248.282071508
4.095335089141807	903299.355060706
4.108986206105613	934344.3817666665
4.122682826792632	1020003.145439315
4.136425102881941	1171449.168985716
4.150213186558215	1092589.438713184
4.164047230513409	1167337.483326216
4.177927387948454	1269427.4700995544
4.19185381257495	953859.3881927383
4.205826658616867	761763.0051851164
4.219846080812256	801436.4570397901
4.233912234414964	942488.254011584
4.248025275196348	1107198.175738145
4.2621853594470025	1115070.5944210533
4.276392643978492	1192323.3094914893
4.290647286125088	1274209.9302539227
4.304949443745505	1165784.140751625
4.319299275224657	1258997.8385371673
4.333696939475407	1257808.3144503946
4.348142595940325	1066081.777513818
4.362636404593459	1137490.1387384085
4.377178525942105	1265634.4743151388
4.391769121028579	1133052.443654143
4.406408351432008	1346054.889927978
4.421096379270114	1314675.9830997302
4.435833367201015	919355.4105805836
4.450619478425019	1081079.4784349997
4.465454876686436	1060108.7615035048
4.480339726275391	1016886.8276588301
4.495274192029643	1219176.9614843193
4.5102584393364085	1125878.1520074315
4.525292634134197	851250.4870491994
4.540376942914645	1141128.617355866
4.555511532724361	1453901.9251028474
4.570696571166776	1146591.4620682753
4.585932226403998	1281785.4395544827
4.601218667158679	1378534.5329985204
4.616556062715875	999633.8577313669
4.631944582924928	850300.2421419916
4.6473843982013445	883807.3536286514
4.662875679528684	690962.2160349833
4.678418598460445	659639.6254148439
4.694013327121981	939819.0722606212
4.709660038212388	880245.1926170831
4.72535890500643	692614.5506307187
4.741110101356451	787151.201858692
4.756913801694306	909172.9132934023
4.772770181033287	701495.6290702707
4.7886794149700656	514253.9274269197
4.804641679686633	664261.8428146817
4.820657151952255	581766.3577269654
4.836726009125431	463509.30676526413
4.8528484291558485	515916.61216701247
4.869024590586369	771112.5205455507
4.88525467255499	521407.32713840826
4.901538854796841	380268.9613020076
4.917877317646163	609305.1407310094
4.934270242038318	524762.2940956847
4.950717809511779	264171.9773904683
4.967220202210152	297043.60864238587
4.983777602884187	457694.6288419249
5.000390194893801	460848.8105244403
5.017058162210114	236034.89763243622
5.033781689417481	275583.7649798923
5.05056096171554	474967.8998641534
5.067396164921259	455717.81508361007
5.0842874854709965	271904.95746945933
5.101235110422567	257915.34489400504
5.118239227457309	270340.58818060235
5.135300024882167	210730.2978418789
5.152417691631775	155286.6784087569
5.1695924172705485	242635.52374861468
5.186824391994784	215339.88690267084
5.2041138066347665	95228.02037887144
5.221460852656883	81654.9552207033
5.238865722165739	132213.2692136907
5.256328607906292	166406.07284790985
5.273849703265981	103600.53210369725
5.291429202276868	73591.86618147261
5.309067299617792	136656.17256589135
5.326764190616517	164911.0211223003
5.344520071251906	85426.39894146349
5.362335138156079	55696.53773034459
5.380209588616601	89685.31835046982
5.398143620578656	100988.51687184091
5.416137432647252	43561.54210351552
5.4341912240894095	30096.033264920592
5.452305194836375	37386.286173603185
5.47047954548583	26403.803336586436
5.488714477304117	41945.86093264099
5.507010192228464	46622.68268785491
5.525366892869226	22846.394903149634
5.543784782512124	15963.914239559854
5.562264065120498	16367.740634906462
5.580804945337567	13629.84843668207
5.5994076284886924	19451.34155906563
5.6180723205836545	21231.112206798716
5.636799228318934	13014.195412738214
5.655588559079998	9159.881784313928
5.674440520943598	10171.924729133227
5.693355322680078	12010.404499638298
5.712333173755678	9536.780486250867
5.731374284334864	5749.382242468607
5.7504788652826475	4742.565534327016
5.769647128166923	5365.775127207007
5.788879285260814	13488.18445036704
5.808175549545017	10299.760056574414
5.827536134710167	5506.913552236164
5.846961255159202	8611.565558624266
5.866451126009732	5624.7155350694575
5.886005963096433	2963.047631079255
5.9056259829734215	3902.7476383164544
5.925311402916666	4998.940550936854
5.945062440926389	5556.515881478373
5.964879315729477	7800.865113743049
5.9847622467819095	7793.391720465068
6.004711454271183	8612.748337418023
6.024727159118754	10694.896650414723
6.0448095829824835	7199.977394259166
6.0649589482590915	4332.4598256873505
6.085175478086623	6470.534165171826
6.105459396346912	6344.219276150049
6.125810927668069	6426.2399644166035
6.146230297426963	4648.035325342012
6.16671773175172	2931.7360619708666
6.187273457524226	4167.99811616306
6.207897702382641	8219.200156261164
6.228590694723916	12145.055173245239
6.24935266370633	22491.52145587521
6.270183839252018	21051.193473556432
6.291084452049526	20319.080450278147
6.312054733556359	38229.959267117294
6.333094916001547	22726.575607099963
6.354205232388219	10206.94022260468
6.37538591649618	10270.842139804494
6.3966372028845	7991.897781914675
6.417959326894116	4347.28032892827
6.43935252465043	6232.0181888228735
6.460817033065933	7549.105463670228
6.48235308984282	4160.878334014916
6.5039609334756285	4034.3156852201632
6.525640803253881	5030.05241653102
6.547392939264729	5907.4830191550855
6.569217582395612	5629.912156891705
6.591114974336931	5584.933514805064
6.613085357584721	6061.633870474302
6.635128975443338	6628.867713431056
6.657246072028149	10817.435621727629
6.679436892268243	9562.638266105963
6.701701681909138	10762.818376059528
6.724040687515503	14742.922387971086
6.746454156473888	23628.11024558669
6.768942336995468	21840.455429535323
6.791505478118787	10619.239400765637
6.814143829712517	14413.546473150984
6.8368576424782255	21557.659040431357
6.859647167953153	15332.173713125923
6.882512658512998	17249.405735725006
6.905454367374709	32346.463226696244
6.928472548599291	51316.43704096747
6.951567457094623	37380.39414688132
6.974739348618272	23867.52016282372
6.997988479780334	28764.65593070384
7.021315108046268	29994.864890343568
7.044719491739756	21804.324425905077
7.068201890045556	34226.10209266868
7.0917625630123755	49223.41474798065
7.11540177155575	44251.646104648964
7.1391197774609365	34551.54683925181
7.162916843385807	23916.36268584049
7.18679323286376	30366.697862359157
7.2107492103066395	32142.57486952703
7.234785041007663	36565.657813174905
7.258900991144356	24521.88562049622
7.283097327781505	18818.205661480504
7.30737431887411	16476.95345002747
7.331732233270357	10221.446274774975
7.356171340714592	8892.60695703036
7.380691911850308	8173.505861399541
7.405294218223143	9487.803448816063
7.429978532283888	9517.978387604691
7.454745127391502	7738.025307822143
7.47959427781614	8473.734071195655
7.504526258742194	10453.56317402966
7.529541346271335	11419.576508181844
7.554639817425574	16230.539873788426
7.579821950150326	21820.168932828823
7.605088023317496	24724.096772497203
7.630438316728554	19803.520290491466
7.65587311111765	9052.53314766881
7.681392688154709	3616.7742196949675
7.706997330448558	6129.944377673364
7.7326873215500544	8511.22183879598
7.7584629459552215	11364.639514229453
7.784324489108407	14630.267975170982
7.810272237405435	15665.942433460048
7.836306478196787	15164.041198247824
7.862427499790777	12780.854272661016
7.888635591456747	10583.437822211841
7.914931043428269	10731.639862445794
7.9413141469063655	14148.076731196308
7.967785194062721	21452.385718608806
7.994344478042929	25856.440109224055
8.020992292969739	20366.377926469733
8.047728933946306	19978.832531311884
8.074554697059462	19568.627783418546
8.101469879382993	31542.804529010988
8.128474778980937	40952.88567814977
8.155569694910874	47117.2959075288
8.182754927227245	34116.52536181663
8.21003077698467	32356.587482556286
8.237397546241287	44622.42900143339
8.264855538062092	54106.55983279085
8.292405056522298	82703.8533202982
8.320046406710707	68134.72819939564
8.347779894733076	56103.103751254544
8.375605827715521	43693.76918168898
8.403524513807906	57235.9356775675
8.431536262187267	74931.48245359828
8.459641383061225	84050.13483182754
8.487840187671429	59870.607754959834
8.516132988297002	51055.2680386095
8.544520098257992	76536.10338572893
8.573001831918852	84273.56669769448
8.601578504691917	86011.56101495444
8.63025043304089	49501.040126533946
8.65901793448436	48654.26028965475
8.687881327599309	72672.26313564417
8.71684093202464	79748.46910540854
8.745897068464723	62418.42488313413
8.775050058692939	35083.174626350665
8.80430022555525	41395.013865432025
8.833647892973769	57155.16349026817
8.863093385950348	66337.65715112831
8.892637030570183	50056.134921828845
8.922279154005418	35464.38835122959
8.95202008451877	31465.404849146427
8.981860151467167	33131.74186980224
9.011799685305393	43930.7431330533
9.041839017589743	37541.99134564501
9.07197848098171	32867.75349936037
9.10221840925165	46458.28639553353
9.132559137282488	32045.707499145432
9.16300100107343	29606.497302500717
9.193544337743676	28821.773156376912
9.224189485536156	26025.790032968125
9.254936783821277	46492.40730580256
9.285786573100683	37148.73084637906
9.316739195011019	18067.640311282743
9.347794992327723	21815.411264436898
9.378954308968815	21437.015933062277
9.410217489998713	40385.45789331447
9.441584881632043	49452.055406437816
9.473056831237484	29972.468733753667
9.50463368734161	15685.53024079116
9.53631579963275	17089.912241612612
9.56810351896486	24595.129728783784
9.599997197361409	49436.870586653444
9.631997188019282	55516.894204899465
9.66410384531268	28848.923707285703
9.696317524797056	13089.36466205753
9.728638583213046	22274.50713366575
9.761067378490424	43056.91214535229
9.793604269752059	72307.697811668
9.8262496173179	79170.08837753093
9.859003782708962	43172.131026730734
9.891867128651326	16604.129873172835
9.924840019080163	23304.004312771354
9.957922819143764	59090.03269918087
9.99111589520758	90075.49771008064
10.024419614858271	81392.40671124119
10.0578343469078	41620.78292762215
10.091360461397493	27247.861189989722
10.124998329602152	59226.875220927344
10.158748324034159	93021.51671852019
10.192610818447609	99699.39723795945
10.226586187842432	87831.50757158831
10.260674808468575	59489.819067214565
10.294877057830139	27124.365639448864
10.329193314689574	10681.939436775845
10.363623959071873	3682.058130509535
10.39816937226878	7357.562920333051
10.43282993684301	16323.727157670106
10.467606036632487	27356.86388291151
10.502498056754597	21977.340036359634
10.537506383610445	18562.051935341886
10.57263140488915	30898.67437723814
10.607873509572112	42476.879064445486
10.643233087937354	31496.510735372936
10.678710531563812	16180.103265175598
10.714306233335694	5721.341157199456
10.750020587446814	2983.685279259642
10.78585398940497	5863.762324148861
10.82180683603632	12836.220164441755
10.857879525489777	19507.512173400453
10.894072457241409	26610.120415619196
10.93038603209888	34657.45887014471
10.966820652205879	34687.51121058275
11.003376721046566	26497.30465534117
11.040054643450055	33603.49504508323
11.07685482559489	57420.97130394155
11.113777675013539	68958.1804919422
11.150823600596919	69820.21149013496
11.187993012598909	46285.23872963146
11.225286322640908	23858.908577592134
11.262703943716378	26699.290185499307
11.300246290195433	51613.954604250895
11.337913777829419	71227.1416922527
11.375706823755518	74733.30739595668
11.41362584650137	69240.6648574668
11.45167126598971	42131.9105406727
11.489843503543009	24802.3732790815
11.528142981888152	25073.352372818747
11.566570125161114	45567.25595652519
11.605125358911653	64469.90418641689
11.643809110108025	67136.94303730474
11.68262180714172	46609.336390110235
11.721563879832193	19793.78127762549
11.760635759431635	18714.44215504365
11.79983787862974	24404.775205235226
11.839170671558508	38531.84635922093
11.878634573797038	52750.38058720375
11.918230022376362	64619.00045841276
11.957957455784284	45583.42026558351
11.99781731397023	20793.562757194934
12.037810038350134	20724.132698974532
12.077936071811303	20369.33068477325
12.11819585871734	30713.632639061387
12.158589844913067	47216.04989256272
12.199118477729444	46143.321830325076
12.239782205988542	29996.84016243228
12.280581480008506	20626.56962860526
12.321516751608534	29387.933496609687
12.362588474113897	26929.38211020134
12.403797102360945	22616.007052890178
12.44514309270215	41768.19432040293
12.486626903011157	47750.29119509398
12.528248992687862	31506.742847229478
12.570009822663488	26052.976448329915
12.611909855405703	35040.03642140997
12.653949554923722	35342.352144179495
12.696129386773467	23719.74553374944
12.738449818062714	24609.21947562818
12.780911317456257	38365.80412806591
12.823514355181112	30788.006215818947
12.866259403031716	28849.382446968637
12.909146934375158	32854.264414556936
12.95217742415641	36410.96257774189
12.995351348903599	34932.01655560531
13.038669186733278	29242.743171043105
13.082131417355722	29740.573607816903
13.125738522080242	32644.34655403211
13.169490983820511	33661.697086893255
13.213389287099913	39223.99973326151
13.257433918056915	39370.34246742341
13.30162536445044	39932.26844521467
13.345964115665275	34687.34517405141
13.390450662717493	29312.057726445855
13.435085498259886	25075.439841736366
13.479869116587421	35256.274963562384
13.524802013642711	42273.70160566502
13.569884687021522	35332.75773495613
13.615117635978262	38202.40365991497
13.660501361431525	41026.80999067766
13.70603636596963	38479.83664227148
13.751723153856197	32033.161716372222
13.797562231035718	33790.914885168655
13.843554105139171	36519.20117326516
13.889699285489636	45918.06183594533
13.935998283107937	50729.89338321695
13.982451610718297	46199.21764095982
14.029059782754025	36852.790878262174
14.075823315363209	34419.74727468381
14.12274272641442	37517.649029197746
14.169818535502468	38310.33312968255
14.217051263954144	40114.103092025485
14.264441434833993	43212.670086362006
14.311989572950106	43375.39092146979
14.359696204859942	41324.76809587345
14.407561858876143	35022.7190543198
14.455587065072399	26960.02422751271
14.503772355289305	30022.97655209495
14.552118263140272	38983.6488838986
14.600625324017408	44206.54434370307
14.649294075097467	45689.51704841686
14.698125055347793	44873.60244093582
14.747118805532287	42749.098187678836
14.796275868217396	44862.63723465192
14.84559678777812	44071.27631344905
14.895082110404049	37870.71664061714
14.944732384105398	36132.19093974714
14.994548158719082	42152.4285684037
15.044529985914814	41681.31001346644
15.0946784192012	38686.2770855997
15.144994013931871	38596.75411205019
15.195477327311643	38583.77758930334
15.246128918402684	41793.5024437748
15.296949348130694	40072.53474914853
15.347939179291131	34711.27598147918
15.399098976555436	32928.23410754043
15.45042930647729	34428.22424973824
15.501930737498881	33047.86765303295
15.553603839957212	31725.880327461437
15.605449186090402	29563.77749389546
15.657467350044039	28952.59242141177
15.709658907877522	26645.196768088954
15.762024437570448	25260.763406989332
15.814564519029018	23847.996222603433
15.867279734092449	20503.91615505749
15.920170666539423	18462.022817173078
15.973237902094557	20229.782203308052
16.026482028434874	22451.247425567257
16.079903635196324	26646.6705315562
16.133503313980313	28791.26548319204
16.18728165836025	27536.467043847595
16.241239263888115	25034.204837026813
16.29537672810108	27980.69152033403
16.349694650528082	30387.190546443613
16.40419363269651	32908.013525712195
16.458874278138833	33229.7418247696
16.513737192399297	31518.202841425846
16.56878298304063	29068.19361236791
16.624012259650765	28722.012388318588
16.679425633849604	28182.898814662025
16.73502371929577	30952.245646355466
16.790807131693427	29467.066947399388
16.846776488799073	25182.123368900815
16.902932410428402	20412.08511548892
16.959275518463166	23738.987157154577
17.015806436858046	30443.97039926659
17.07252579164757	29101.576118874844
17.129434210953065	26830.357785548524
17.186532324989575	25583.443916437707
17.24382076607288	24658.458201580226
17.301300168626454	26854.33579450975
17.358971169188546	22190.698129175646
17.416834406419174	25951.014327064593
17.474890521107238	26708.992194430994
17.5331401561776	22411.921470359448
17.59158395669819	21704.247843546098
17.650222569887184	24767.521951746
17.709056645120146	26616.7464382581
17.76808683393721	26472.019977989643
17.827313790050336	28739.505044740734
17.886738169350508	27379.762313593314
17.946360629915013	25404.9552674165
18.00618183201473	23815.684279883244
18.066202438121447	20630.61179472642
18.126423112915187	21692.53094814668
18.18684452329157	19548.995990460415
18.247467338369212	19557.49231236264
18.30829222949711	19008.084367095427
18.369319870262103	22880.719605231214
18.43055093649631	27127.29657659923
18.491986106284635	25403.367632484005
18.55362605997225	24177.84767537613
18.615471480172157	9460.418747246667
18.677523051772734	20258.22787320022
18.73978146194531	22016.765339966947
18.8022474001518	22493.107577780796
18.864921558152304	23778.893201468745
18.92780463001281	20913.38960381841
18.990897312112857	16894.918584618146
19.054200303153234	18235.33545587756
19.117714304163748	22762.46416887349
19.181440018510962	19632.192591372044
19.245378151906	14120.478135989475
19.309529412412356	13052.224798631023
19.37389451045373	14326.525844590387
19.43847415882191	17497.318893343905
19.503269072684652	19644.048482225142
19.5682799695936	17398.923845357047
19.63350756949225	18021.352105930335
19.69895259472389	16652.700365498888
19.76461577003964	15746.92663676588
19.83049782260644	16164.387831361095
19.89659948201513	13311.219658820386
19.962921480288514	13754.765169506767
20.02946455188948	17144.298085526694
20.09622943372911	19604.268777393252
20.163216865174878	19352.061114211705
20.230427588058795	17282.291696416967
20.29786234668566	14940.625116195302
20.36552188784128	14283.923819973319
20.433406960800752	16898.907242896763
20.501518317336757	17201.707054171125
20.56985671172788	14617.492251422442
20.638422900766972	12430.863896223302
20.707217643769532	14752.013236347962
20.776241702582098	16459.385962451022
20.845495841590708	17445.40217641584
20.914980827729345	17846.23331641213
20.984697430488445	14832.3800096598
21.054646421923408	14290.82045482512
21.124828576663155	11546.765630298643
21.1952446719187	9923.766686167108
21.26589548749176	12412.447031325226
21.336781805783406	11595.915698891336
21.407904411802683	12293.022826623843
21.47926409317536	15182.682960536373
21.550861640152615	15244.143317679709
21.62269784561979	12823.440356680867
21.694773505105193	11437.680650003911
21.767089416788878	11088.753369953056
21.839646381511507	8233.988245693201
21.912445202783214	9506.205473009055
21.98548668679249	12147.470662703168
22.058771642415138	11099.545761122576
22.13230088122319	11109.643963728216
22.206075217493936	13236.390806193116
22.280095468218917	13445.362549670384
22.354362453112984	10947.977122512184
22.42887699462336	10236.264727848504
22.503639917938774	10185.445629872942
22.57865205099857	8393.716006927629
22.6539142245019	9209.31619087274
22.72942727191691	12095.399522469166
22.80519202948997	12126.95811715986
22.881209336254933	9810.692367864567
22.957480034042455	8750.051255113058
23.034004967489263	10683.389784475094
23.110784984047562	11958.738807538308
23.18782093399439	10329.443376970376
23.26511367044104	11247.784018881692
23.342664049342513	12527.17066349232
23.42047292950699	11804.362819032745
23.498541172605346	8328.939767170923
23.5768696431807	7734.548496103309
23.65545920865797	7236.112827293326
23.734310739353496	7389.49220072283
23.81342510848468	5752.491413790959
23.89280319217963	5055.801036534948
23.972445869486897	6658.962626828324
24.052354022385188	8738.351621238304
24.132528535793142	9961.71181715986
24.21297029757912	11070.048873403011
24.293680198571053	11221.9461819742
24.37465913256629	11200.505937971688
24.455907996341512	11278.622910058173
24.537427689662653	11257.476896608052
24.619219115294865	10080.752456644701
24.701283179012517	9357.185590142224
24.783620789609227	9445.824324021944
24.866232858907924	8395.263707051965
24.949120301770954	6507.7327642695145
25.03228403611019	5156.519921823652
25.115724982897227	4682.1517148034245
25.199444066173555	4538.166705385917
25.283442213060802	5162.351000372117
25.367720353771006	5157.740727151969
25.45227942161691	6252.9417842777675
25.537120353022303	7681.013318151306
25.62224408753238	8177.762374005112
25.707651567824154	8337.918537705053
25.793343739716907	8330.421824101873
25.87932155218263	6814.411660963676
25.965585957356573	4709.381168627422
26.052137910547767	5043.498157597653
26.138978370249593	6702.685954505148
26.22610829815043	7308.399356047058
26.313528659144264	7144.087144118759
26.401240421341413	6425.541086651541
26.48924455607922	5439.481323342577
26.57754203793282	4250.937168317981
26.666133844725934	3687.7663956963743
26.75502095754169	4248.100507597352
26.844204360733492	5260.020497238041
26.93368504193594	5390.714043691921
27.023463992075726	4487.269794920061
27.113542205382654	5164.618135876728
27.203920679400596	6497.194393618697
27.2946004149986	7075.954037510905
27.38558241638193	7147.238606093921
27.476867691103205	6809.464411287532
27.568457250073553	6121.799372404892
27.660352107573797	5952.88060024633
27.752553281265712	5680.146292292739
27.845061792203264	4670.331668261647
27.937878664843947	3605.514916901651
28.031004927060096	3561.2934822513485
28.1244416101503	3747.6322064691262
28.218189748850804	3232.5669399025987
28.31225038134697	3329.4508733898297
28.406624549284796	3130.4815387971926
28.501313297782417	3041.961521371766
28.596317675441693	2958.1801469881098
28.691638734359838	3301.5489487152736
28.787277530141036	3991.4213789029177
28.883235121908175	4235.005664944727
28.97951257231454	4374.375584817344
29.07611094755559	4115.830037848676
29.17303131738078	3703.2507589965494
29.27027475510538	3765.2038089048096
29.367842337622402	3346.058915936794
29.46573514541448	3985.4448107422822
29.56395426256586	4433.539433366065
29.662500776774415	4120.167783748192
29.761375779363668	3222.8652064988933
29.860580365294883	2589.677122080869
29.960115633179203	3275.1105536702485
30.0599826852898	3845.9490788190114
30.160182627574102	3763.781423750109
30.260716569666016	3481.1307244782142
30.36158562489824	3098.771261937161
30.462790910314574	2428.709560398121
30.564333546682285	2290.821745683243
30.66621465850456	2728.981896698647
30.76843537403291	2693.221017547747
30.870996825279697	2213.685253769763
30.973900148030626	2471.5006789189947
31.0771464818574	3049.670845025326
31.18073697013026	3251.8711208786985
31.2846727600307	3521.5625683421777
31.38895500256413	3666.624100804487
31.49358485257268	3641.1487797076247
31.59856346874793	3229.195759867348
31.703892013643756	2555.7939630831206
31.80957165368924	2455.0359775827683
31.91560355920154	3019.137003018505
32.02198890439888	3107.817464189851
32.12872886741354	3073.8792863641884
32.23582463030493	3082.3683277966293
32.34327737907261	2867.1018592385426
32.45108830366952	2898.9593892491553
32.55925859801509	2778.6149143903626
32.66778946000848	2580.2463965842876
32.77668209154184	2296.629915747184
32.88593769851365	1962.6519891907158
32.99555749084203	1651.0681879192427
33.10554268247817	1687.0038680938776
33.215894491419775	1973.470305123001
33.326614139724505	2298.27841861367
33.43770285352359	-652.7410560093488
33.54916186303534	2232.7473973193996
33.66099240257879	2489.139820249006
33.77319571058739	2549.6566494292265
33.88577302962268	2406.6951565087693
33.99872560638809	2372.4037586741506
34.11205469174273	2368.291314456797
34.225761540715204	2318.441725576386
34.339847412517585	2057.2139522675798
34.45431357055932	1715.9629798069336
34.56916128246119	1601.353918108479
34.68439182006939	1859.6772527681053
34.80000645946962	2101.836772245719
34.9160064810012	2138.3233037643554
35.0323931692712	2014.866098864013
35.14916781316877	1927.686176481823
35.26633170587934	1765.7090546539741
35.38388614489894	1485.8088987176775
35.5018324320486	1415.0095828495446
35.62017187348877	1466.4710427846899
35.738905779733734	1437.562812516131
35.858035465666184	1350.7656651540397
35.97756225055174	1272.3823598427296
36.097487458053585	1422.0606535864254
36.2178124162471	1431.0685145723724
36.33853845763459	1549.9597491954248
36.45966691916004	1633.086892236202
36.58119914222391	1620.6804642744605
36.70313647269799	1642.6674099057263
36.825480260940324	1649.7507510213397
36.94823186181013	1697.4560609835353
37.07139263468283	1815.4368981872597
37.194963943465105	1919.4508095356155
37.318947156609994	1693.1204479032128
37.44334364713203	1429.8294764337054
37.56815479262247	1308.6366026602486
37.69338197526456	1485.4775462379937
37.819026581848775	1712.9377334694386
37.945090003788266	1705.6331970900226
38.071573637134236	1657.8540008837756
38.19847888259135	1761.9137584212708
38.325807145533325	1776.5608072748428
38.453559836018435	1702.289296401846
38.58173836880517	1600.5687996360855
38.71034416336786	1410.2524410754525
38.83937864391242	1269.523075713329
38.96884323939213	1214.6005982836905
39.09873938352344	1117.8481056117598
39.22906851480185	1027.6958206466477
39.35983207651786	910.0051980457374
39.49103151677293	937.1851070600987
39.62266828849551	992.6957805911534
39.75474384945716	1023.5125150078666
39.887259662288685	1127.9025199894443
40.020217194496325	1145.2107130969173
40.15361791847798	1062.0445930041246
40.287463311539575	931.8028932901063
40.42175485591138	928.2496939157448
40.55649403876442	990.6036566354715
40.69168235222697	897.2658808247195
40.82732129340106	908.7132238064055
40.96341236437907	1026.8890668828512
41.09995707226033	1168.0406475707066
41.236956929167874	1262.9640251151338
41.3744134522651	1318.386911547739
41.51232816377266	1323.6260965157603
41.65070259098523	1343.7291148742818
41.789538266288524	1319.9639703959822
41.928836727176154	1181.4573724875293
42.068599516266744	1072.7310776291188
42.20882818132097	961.8721607038725
42.34952427525871	892.6280100276757
42.49068935617624	869.7466473250383
42.632324987363496	817.7260687393529
42.774432737321376	721.336068460867
42.917014179779116	757.9734922980242
43.06007089371172	876.4010962625316
43.203604463357436	874.1261051460517
43.34761647823529	854.0352748924704
43.49210853316274	872.1685237054587
43.63708222827329	826.0070783160642
43.78253916903421	720.3147169671666
43.928480966264324	650.3018731257081
44.074909236151875	665.7430324629787
44.22182560027238	661.839102310827
44.36923168560663	732.9998895650682
44.51712912455866	783.1914315585636
44.665519554973855	730.7167855255517
44.814404620157106	724.1200751884685
44.96378596889096	704.6411220226821
45.11366525545394	638.9171763876475
45.264044139638784	706.3271285155434
45.414924286770926	801.2513913425272
45.56630736772683	829.3414289224072
45.71819505895259	770.240049208102
45.87058904248243	690.9868080497213
46.023491005957375	633.5037171635133
46.17690264264391	569.2724683000811
46.33082565145272	649.7893193940092
46.48526173695757	499.1861938830086
46.64021260941409	470.390929900432
46.795679984778815	568.1084696000303
46.951665584728076	629.7850069503241
47.10817113667718	622.7912219157886
47.26519837379944	673.054597639675
47.42274903504544	649.8218254874955
47.58082486516226	637.1657184509664
47.7394276147128	610.0389523145504
47.898559040095186	621.5226941325768
48.05822090356217	580.4667171043819
48.21841497324072	557.5050334393461
48.37914302315152	588.669636276881
48.5404068332287	594.0640438177456
48.702208189339466	567.6170275058478
48.86454888330393	549.3489238787766
49.02743071291495	514.2715675422022
49.190855481958	457.4982237116246
49.3548250002312	413.0413107738332
49.51934108356531	436.65391465192414
49.68440555384387	293.40696042404096
