#wavelength	surface flux
0.001	1.761020662655229e-94
0.00101	1.8218954509939286e-94
0.0010201000000000001	1.8833789872160153e-94
0.0010303010000000002	1.9454773588003228e-94
0.00104060401	2.0081967141004722e-94
0.0010510100501000001	2.0715432629536243e-94
0.0010615201506010002	2.1355232772953084e-94
0.00107213535210701	2.2001430917804078e-94
0.0010828567056280802	2.2654091044103586e-94
0.0010936852726843608	2.3313277771666085e-94
0.0011046221254112046	2.3979056366504225e-94
0.0011156683466653167	2.465149274729074e-94
0.0011268250301319698	2.533065349188511e-94
0.0011380932804332896	2.6016605843925443e-94
0.0011494742132376226	2.6709417719486176e-94
0.0011609689553699987	2.7409157713802497e-94
0.0011725786449236987	2.8115895108061995e-94
0.0011843044313729356	2.882969987626408e-94
0.001196147475686665	2.9550642692148196e-94
0.0012081089504435317	2.978516429429215e-94
0.0012201900399479671	2.978516429429215e-94
0.0012323919403474468	2.978516429429215e-94
0.0012447158597509213	2.978516429429215e-94
0.0012571630183484304	2.978516429429215e-94
0.0012697346485319148	2.978516429429215e-94
0.0012824319950172339	2.978516429429215e-94
0.0012952563149674064	2.978516429429215e-94
0.0013082088781170805	2.978516429429215e-94
0.001321290966898251	2.978516429429215e-94
0.0013345038765672336	2.978516429429215e-94
0.001347848915332906	2.978516429429215e-94
0.0013613274044862352	2.978516429429215e-94
0.0013749406785310975	2.978516429429215e-94
0.0013886900853164084	2.978516429429215e-94
0.0014025769861695724	2.978516429429215e-94
0.0014166027560312683	2.978516429429215e-94
0.001430768783591581	2.978516429429215e-94
0.0014450764714274969	2.978516429429215e-94
0.0014595272361417717	2.978516429429215e-94
0.0014741225085031894	2.978516429429215e-94
0.0014888637335882214	2.978516429429215e-94
0.0015037523709241036	2.978516429429215e-94
0.0015187898946333446	2.978516429429215e-94
0.001533977793579678	2.978516429429215e-94
0.001549317571515475	2.978516429429215e-94
0.0015648107472306296	2.978516429429215e-94
0.001580458854702936	2.978516429429215e-94
0.0015962634432499655	2.978516429429215e-94
0.001612226077682465	2.978516429429215e-94
0.0016283483384592896	2.978516429429215e-94
0.0016446318218438828	2.978516429429215e-94
0.0016610781400623216	2.978516429429215e-94
0.0016776889214629447	2.978516429429215e-94
0.0016944658106775741	2.978516429429215e-94
0.00171141046878435	2.978516429429215e-94
0.0017285245734721935	2.978516429429215e-94
0.0017458098192069155	2.978516429429215e-94
0.0017632679173989845	2.978516429429215e-94
0.0017809005965729746	2.978516429429215e-94
0.0017987096025387042	2.978516429429215e-94
0.0018166966985640914	2.978516429429215e-94
0.0018348636655497322	2.978516429429215e-94
0.0018532123022052297	2.978516429429215e-94
0.001871744425227282	2.978516429429215e-94
0.0018904618694795547	2.978516429429215e-94
0.0019093664881743501	2.978516429429215e-94
0.0019284601530560937	2.978516429429215e-94
0.0019477447545866546	2.978516429429215e-94
0.001967222202132521	2.978516429429215e-94
0.0019868944241538465	2.978516429429215e-94
0.0020067633683953853	2.978516429429215e-94
0.002026831002079339	2.978516429429215e-94
0.0020470993121001323	2.978516429429215e-94
0.0020675703052211334	2.978516429429215e-94
0.002088246008273345	2.978516429429215e-94
0.0021091284683560784	2.978516429429215e-94
0.0021302197530396394	2.978516429429215e-94
0.002151521950570036	2.978516429429215e-94
0.002173037170075736	2.978516429429215e-94
0.0021947675417764933	2.978516429429215e-94
0.0022167152171942584	2.978516429429215e-94
0.002238882369366201	2.978516429429215e-94
0.0022612711930598633	2.978516429429215e-94
0.0022838839049904615	2.978516429429215e-94
0.0023067227440403664	2.978516429429215e-94
0.00232978997148077	2.978516429429215e-94
0.0023530878711955777	2.978516429429215e-94
0.0023766187499075337	2.978516429429215e-94
0.0024003849374066087	2.978516429429215e-94
0.002424388786780675	2.978516429429215e-94
0.0024486326746484817	2.978516429429215e-94
0.0024731190013949664	2.978516429429215e-94
0.0024978501914089163	2.978516429429215e-94
0.0025228286933230053	2.978516429429215e-94
0.0025480569802562355	2.978516429429215e-94
0.0025735375500587983	2.978516429429215e-94
0.0025992729255593858	2.978516429429215e-94
0.00262526565481498	2.978516429429215e-94
0.0026515183113631296	2.978516429429215e-94
0.002678033494476761	2.978516429429215e-94
0.0027048138294215283	2.978516429429215e-94
0.002731861967715744	2.978516429429215e-94
0.002759180587392901	2.978516429429215e-94
0.0027867723932668304	2.978516429429215e-94
0.002814640117199499	2.978516429429215e-94
0.0028427865183714937	2.978516429429215e-94
0.002871214383555209	2.978516429429215e-94
0.0028999265273907606	2.978516429429215e-94
0.002928925792664668	2.978516429429215e-94
0.002958215050591315	2.978516429429215e-94
0.002987797201097228	2.978516429429215e-94
0.0030176751731082006	2.978516429429215e-94
0.0030478519248392827	2.978516429429215e-94
0.0030783304440876753	2.978516429429215e-94
0.0031091137485285522	2.978516429429215e-94
0.0031402048860138376	2.978516429429215e-94
0.0031716069348739764	2.978516429429215e-94
0.003203323004222716	2.978516429429215e-94
0.003235356234264943	2.978516429429215e-94
0.003267709796607593	2.978516429429215e-94
0.0033003868945736684	2.978516429429215e-94
0.003333390763519405	2.978516429429215e-94
0.0033667246711545995	2.978516429429215e-94
0.0034003919178661455	2.978516429429215e-94
0.0034343958370448065	2.978516429429215e-94
0.0034687397954152547	2.978516429429215e-94
0.0035034271933694077	2.978516429429215e-94
0.0035384614653031017	2.978516429429215e-94
0.0035738460799561327	2.978516429429215e-94
0.003609584540755694	2.978516429429215e-94
0.003645680386163251	2.978516429429215e-94
0.0036821371900248832	2.978516429429215e-94
0.0037189585619251324	2.978516429429215e-94
0.0037561481475443838	2.978516429429215e-94
0.0037937096290198277	2.978516429429215e-94
0.003831646725310026	2.978516429429215e-94
0.003869963192563126	2.978516429429215e-94
0.003908662824488757	2.978516429429215e-94
0.003947749452733645	2.978516429429215e-94
0.003987226947260982	2.978516429429215e-94
0.004027099216733592	2.978516429429215e-94
0.004067370208900928	2.978516429429215e-94
0.004108043910989938	2.978516429429215e-94
0.004149124350099836	2.978516429429215e-94
0.004190615593600834	2.978516429429215e-94
0.004232521749536843	2.978516429429215e-94
0.004274846967032212	2.978516429429215e-94
0.004317595436702534	2.978516429429215e-94
0.004360771391069559	2.978516429429215e-94
0.0044043791049802545	2.978516429429215e-94
0.004448422896030057	2.978516429429215e-94
0.0044929071249903575	2.978516429429215e-94
0.004537836196240262	2.978516429429215e-94
0.004583214558202664	2.978516429429215e-94
0.004629046703784691	2.978516429429215e-94
0.0046753371708225374	2.978516429429215e-94
0.004722090542530763	2.978516429429215e-94
0.004769311447956071	2.978516429429215e-94
0.004817004562435632	2.978516429429215e-94
0.004865174608059988	2.978516429429215e-94
0.004913826354140587	2.978516429429215e-94
0.004962964617681994	2.978516429429215e-94
0.005012594263858814	2.978516429429215e-94
0.005062720206497402	2.978516429429215e-94
0.0051133474085623765	2.978516429429215e-94
0.005164480882648	2.978516429429215e-94
0.0052161256914744795	2.978516429429215e-94
0.005268286948389224	2.978516429429215e-94
0.0053209698178731165	2.978516429429215e-94
0.005374179516051849	2.978516429429215e-94
0.005427921311212366	2.978516429429215e-94
0.0054822005243244905	2.978516429429215e-94
0.005537022529567735	2.978516429429215e-94
0.005592392754863413	2.978516429429215e-94
0.0056483166824120475	2.978516429429215e-94
0.0057047998492361675	2.978516429429215e-94
0.005761847847728529	2.978516429429215e-94
0.005819466326205815	2.978516429429215e-94
0.005877660989467873	2.978516429429215e-94
0.005936437599362551	2.978516429429215e-94
0.005995801975356177	2.978516429429215e-94
0.0060557599951097385	2.978516429429215e-94
0.006116317595060837	2.978516429429215e-94
0.006177480771011445	2.978516429429215e-94
0.006239255578721559	2.978516429429215e-94
0.006301648134508775	2.978516429429215e-94
0.006364664615853863	2.978516429429215e-94
0.006428311262012401	2.978516429429215e-94
0.0064925943746325255	2.978516429429215e-94
0.006557520318378851	2.978516429429215e-94
0.006623095521562639	2.978516429429215e-94
0.006689326476778266	2.978516429429215e-94
0.0067562197415460485	2.978516429429215e-94
0.006823781938961509	2.978516429429215e-94
0.006892019758351124	2.978516429429215e-94
0.0069609399559346355	2.978516429429215e-94
0.007030549355493982	2.978516429429215e-94
0.007100854849048922	2.978516429429215e-94
0.007171863397539412	2.978516429429215e-94
0.007243582031514805	2.978516429429215e-94
0.007316017851829954	2.978516429429215e-94
0.007389178030348253	2.978516429429215e-94
0.007463069810651736	2.978516429429215e-94
0.007537700508758254	2.978516429429215e-94
0.007613077513845836	2.978516429429215e-94
0.007689208288984294	2.978516429429215e-94
0.007766100371874137	2.978516429429215e-94
0.00784376137559288	2.978516429429215e-94
0.007922198989348808	2.978516429429215e-94
0.008001420979242295	2.978516429429215e-94
0.008081435189034718	2.978516429429215e-94
0.008162249540925065	2.978516429429215e-94
0.008243872036334317	2.978516429429215e-94
0.008326310756697661	2.978516429429215e-94
0.008409573864264637	2.978516429429215e-94
0.008493669602907282	2.978516429429215e-94
0.008578606298936356	2.978516429429215e-94
0.008664392361925718	2.978516429429215e-94
0.008751036285544977	2.978516429429215e-94
0.008838546648400426	2.978516429429215e-94
0.008926932114884432	2.978516429429215e-94
0.009016201436033275	2.978516429429215e-94
0.009106363450393609	2.978516429429215e-94
0.009197427084897545	2.978516429429215e-94
0.00928940135574652	2.978516429429215e-94
0.009382295369303986	2.978516429429215e-94
0.009476118322997024	2.978516429429215e-94
0.009570879506226997	2.978516429429215e-94
0.009666588301289265	2.978516429429215e-94
0.009763254184302158	2.978516429429215e-94
0.00986088672614518	2.978516429429215e-94
0.009959495593406632	2.978516429429215e-94
0.0100590905493407	2.978516429429215e-94
0.010159681454834106	2.978516429429215e-94
0.010261278269382446	2.978516429429215e-94
0.01036389105207627	2.978516429429215e-94
0.010467529962597035	2.978516429429215e-94
0.010572205262223005	2.978516429429215e-94
0.010677927314845235	2.978516429429215e-94
0.010784706587993687	2.978516429429215e-94
0.010892553653873623	2.978516429429215e-94
0.01100147919041236	2.978516429429215e-94
0.011111493982316483	2.978516429429215e-94
0.01122260892213965	2.978516429429215e-94
0.011334835011361045	2.978516429429215e-94
0.011448183361474655	2.978516429429215e-94
0.011562665195089401	2.978516429429215e-94
0.011678291847040296	2.978516429429215e-94
0.0117950747655107	2.978516429429215e-94
0.011913025513165806	2.978516429429215e-94
0.012032155768297465	2.978516429429215e-94
0.01215247732598044	2.978516429429215e-94
0.012274002099240244	2.978516429429215e-94
0.012396742120232647	2.978516429429215e-94
0.012520709541434973	2.978516429429215e-94
0.012645916636849323	2.978516429429215e-94
0.012772375803217816	2.978516429429215e-94
0.012900099561249994	2.978516429429215e-94
0.013029100556862495	2.978516429429215e-94
0.01315939156243112	2.978516429429215e-94
0.01329098547805543	2.978516429429215e-94
0.013423895332835984	2.978516429429215e-94
0.013558134286164345	2.978516429429215e-94
0.01369371562902599	2.978516429429215e-94
0.013830652785316248	2.978516429429215e-94
0.013968959313169412	2.978516429429215e-94
0.014108648906301107	2.978516429429215e-94
0.014249735395364118	2.978516429429215e-94
0.014392232749317758	2.978516429429215e-94
0.014536155076810936	2.978516429429215e-94
0.014681516627579045	2.978516429429215e-94
0.014828331793854836	2.978516429429215e-94
0.014976615111793384	2.978516429429215e-94
0.015126381262911319	2.978516429429215e-94
0.015277645075540433	2.978516429429215e-94
0.015430421526295836	2.978516429429215e-94
0.015584725741558796	2.978516429429215e-94
0.015740572998974384	2.978516429429215e-94
0.015897978728964125	2.978516429429215e-94
0.01605695851625377	2.978516429429215e-94
0.016217528101416308	2.978516429429215e-94
0.01637970338243047	2.978516429429215e-94
0.016543500416254773	2.978516429429215e-94
0.016708935420417324	2.978516429429215e-94
0.016876024774621495	2.978516429429215e-94
0.01704478502236771	2.978516429429215e-94
0.017215232872591385	2.978516429429215e-94
0.0173873852013173	2.978516429429215e-94
0.017561259053330475	2.978516429429215e-94
0.01773687164386378	2.978516429429215e-94
0.017914240360302418	2.978516429429215e-94
0.018093382763905444	2.978516429429215e-94
0.0182743165915445	2.978516429429215e-94
0.01845705975745994	2.978516429429215e-94
0.01864163035503454	2.978516429429215e-94
0.01882804665858489	2.978516429429215e-94
0.019016327125170738	2.978516429429215e-94
0.019206490396422443	2.978516429429215e-94
0.01939855530038667	2.978516429429215e-94
0.019592540853390534	2.978516429429215e-94
0.01978846626192444	2.978516429429215e-94
0.019986350924543685	2.978516429429215e-94
0.020186214433789124	2.978516429429215e-94
0.020388076578127013	2.978516429429215e-94
0.020591957343908285	2.978516429429215e-94
0.020797876917347368	2.978516429429215e-94
0.021005855686520844	2.978516429429215e-94
0.02121591424338605	2.978516429429215e-94
0.02142807338581991	2.978516429429215e-94
0.02164235411967811	2.978516429429215e-94
0.02185877766087489	2.978516429429215e-94
0.02207736543748364	2.978516429429215e-94
0.022298139091858477	2.978516429429215e-94
0.02252112048277706	2.978516429429215e-94
0.022746331687604832	2.978516429429215e-94
0.022973795004480883	2.978516429429215e-94
0.02320353295452569	2.978516429429215e-94
0.023435568284070948	2.978516429429215e-94
0.023669923966911657	2.978516429429215e-94
0.02390662320658077	2.978516429429215e-94
0.024145689438646582	2.978516429429215e-94
0.024387146333033047	2.978516429429215e-94
0.024631017796363376	2.978516429429215e-94
0.024877327974327013	2.978516429429215e-94
0.025126101254070284	2.978516429429215e-94
0.025377362266610984	2.978516429429215e-94
0.025631135889277096	2.978516429429215e-94
0.025887447248169868	2.978516429429215e-94
0.026146321720651563	2.978516429429215e-94
0.026407784937858083	2.978516429429215e-94
0.026671862787236662	2.978516429429215e-94
0.02693858141510903	2.978516429429215e-94
0.02720796722926012	2.978516429429215e-94
0.027480046901552722	2.978516429429215e-94
0.02775484737056825	2.978516429429215e-94
0.028032395844273934	2.978516429429215e-94
0.02831271980271667	2.978516429429215e-94
0.02859584700074384	2.978516429429215e-94
0.028881805470751278	2.978516429429215e-94
0.02917062352545879	2.978516429429215e-94
0.029462329760713377	2.978516429429215e-94
0.029756953058320514	2.978516429429215e-94
0.030054522588903718	2.978516429429215e-94
0.030355067814792754	2.978516429429215e-94
0.030658618492940683	2.978516429429215e-94
0.030965204677870093	2.978516429429215e-94
0.03127485672464879	2.978516429429215e-94
0.031587605291895283	2.978516429429215e-94
0.03190348134481423	2.978516429429215e-94
0.032222516158262375	2.982076312463307e-94
0.03254474131984499	3.04665505511866e-94
0.03287018873304345	3.917305320353745e-94
0.03319889062037388	1.1757290910809874e-93
0.03353087952657762	1.3039830608570635e-92
0.0338661883218434	1.5681755517580036e-91
0.03420485020506183	1.4430620337272237e-90
0.03454689870711246	1.7771733351228364e-89
0.03489236769418358	2.0994699505756443e-88
0.035241291371125416	2.124556062274745e-87
0.03559370428483667	1.8858969041371485e-86
0.035949641327685036	2.1208517013955314e-85
0.03630913774096189	2.211648827110161e-84
0.03667222911837151	2.151639392780593e-83
0.03703895140955522	1.9509069532629695e-82
0.03740934092365077	1.6453733988016835e-81
0.037783434332887285	1.4788312246098819e-80
0.03816126867621615	1.3558074807278273e-79
0.038542881362978315	1.2132690724025294e-78
0.038928310176608104	1.0412829585160269e-77
0.03931759327837418	8.65615341620437e-77
0.039710769211157924	7.053127794960633e-76
0.0401078769032695	5.603402612065685e-75
0.0405089556723022	4.3313909646684054e-74
0.04091404522902522	3.296176645838298e-73
0.041323185681315475	2.4481974753735086e-72
0.04173641753812863	1.7614375162881984e-71
0.04215378171350991	1.2465078276187666e-70
0.042575319530645014	8.506042614450055e-70
0.04300107272595147	5.705480929843482e-69
0.043431083453210985	4.111001890888891e-68
0.04386539428774309	2.8066783899492516e-67
0.04430404823062052	1.8290027394985935e-66
0.04474708871292673	1.1390087427443551e-65
0.045194559600056	6.792632280988542e-65
0.04564650519605655	4.452805970246446e-64
0.04610297024801712	2.7228980141656435e-63
0.046563999950497294	1.564746973872522e-62
0.04702963995000226	9.186893488495553e-62
0.04749993634950229	5.408180548392536e-61
0.04797493571299731	2.9359352180741595e-60
0.04845468507012728	1.6783755311030596e-59
0.04893923192082856	9.069648684759999e-59
0.04942862424003685	4.8076796811150366e-58
0.04992291048243721	2.57889112512603e-57
0.050422139587261584	1.5643856724503254e-56
0.0509263609831342	6.276057063414108e-55
0.051435624592965544	4.212106702242726e-55
0.0519499808388952	1.9441350557351186e-54
0.05246948064728415	9.165391610618399e-54
0.052994175453756995	4.0665724526751504e-53
0.053524117208294565	1.9001970948641352e-52
0.05405935838037751	8.519415607489293e-52
0.05459995196418129	3.652929944304601e-51
0.0551459514838231	1.6450605005808138e-50
0.05569741099866134	7.191384971446694e-50
0.05625438510864795	3.070504197115744e-49
0.056816928959734427	1.2794228140101505e-48
0.05738509824933177	5.2920698606665124e-48
0.05795894923182509	2.22659322203771e-47
0.05853853872414334	9.069818403010554e-47
0.05912392411138478	3.672204120018228e-46
0.05971516335249862	1.4603992476171943e-45
0.06031231498602361	5.717348464610058e-45
0.06091543813588385	2.2074284804001817e-44
0.06152459251724268	8.43047797081889e-44
0.062139838442415114	3.167949185894171e-43
0.06276123682683926	1.1723041472154242e-42
0.06338884919510765	4.281919698215937e-42
0.06402273768705874	1.5614998557722101e-41
0.06466296506392932	5.650014208810581e-41
0.06530959471456863	2.002070504597991e-40
0.06596269066171431	6.9451108453673874e-40
0.06662231756833144	2.392604035988145e-39
0.06728854074401477	8.235999199353657e-39
0.06796142615145492	2.7590853382771e-38
0.06864104041296946	9.202685661204535e-38
0.06932745081709915	3.028865278787064e-37
0.07002072532527015	9.79948668775612e-37
0.07072093257852285	3.181589654401458e-36
0.07142814190430807	1.0012779072238266e-35
0.07214242332335115	3.1546164896395155e-35
0.07286384755658468	9.79539242185921e-35
0.07359248603215052	2.9802214605569313e-34
0.07432841089247202	9.121639033257257e-34
0.07507169500139675	2.7347634016135497e-33
0.07582241195141072	8.056250284346343e-33
0.07658063607092483	2.366105203265389e-32
0.07734644243163408	6.892527868248183e-32
0.07811990685595041	1.9843101884197825e-31
0.07890110592450993	5.6406502380582925e-31
0.07969011698375501	1.5831868911714723e-30
0.08048701815359258	4.425138160560051e-30
0.08129188833512849	1.2119890492613782e-29
0.08210480721847978	3.3041185765167976e-29
0.08292585529066457	8.896523643810912e-29
0.08375511384357122	2.371624168197076e-28
0.08459266498200693	6.240004681838465e-28
0.08543859163182702	1.644664811117788e-27
0.08629297754814527	4.287002883875779e-27
0.08715590732362674	1.1293647102054987e-26
0.08802746639686301	2.861509588465391e-26
0.08890774106083163	7.017704048424182e-26
0.08979681847143996	1.7405118207200637e-25
0.09069478665615435	4.334012672561416e-25
0.09160173452271589	2.320296047260022e-22
0.09251775186794305	1.250846272503984e-21
0.09344292938662248	1.3234134443530137e-22
0.09437735868048872	4.2437662266052593e-20
0.09532113226729359	4.540483076656912e-22
0.09627434358996653	6.223936574853024e-23
0.0972370870258662	4.7814689574410484e-21
0.09820945789612487	9.583278876088512e-21
0.09919155247508611	3.189816320562012e-21
0.10018346799983698	1.5499910116151048e-18
0.10118530267983535	2.9045106146990125e-20
0.1021971557066337	2.34816736415063e-19
0.10321912726370003	1.7298138097039223e-18
0.10425131853633704	2.0508245271395242e-17
0.10529383172170041	3.648843666970696e-18
0.10634677003891742	6.4300088204684135e-18
0.1074102377393066	4.544961778519207e-16
0.10848434011669966	1.0724469376981513e-15
0.10956918351786665	1.1180579197152297e-15
0.11066487535304532	5.202304230199834e-16
0.11177152410657577	1.871941114776244e-14
0.11288923934764154	2.0294844192226872e-13
0.11401813174111795	1.0846683967763415e-13
0.11515831305852914	1.287813616546543e-13
0.11630989618911443	1.9514284490702648e-14
0.11747299515100557	1.1094367425813046e-13
0.11864772510251563	1.1237449260814466e-13
0.1198342023535408	5.317589920435174e-12
0.1210325443770762	4.988810216104312e-12
0.12224286982084695	8.646920902469372e-11
0.12346529851905542	5.92289081912911e-10
0.12469995150424598	4.741558874403303e-10
0.12594695101928843	5.471399207333902e-10
0.12720642052948133	5.709893807297394e-10
0.12847848473477616	7.775846623448445e-10
0.12976326958212392	1.1208733631991394e-09
0.13106090227794515	2.765884950028305e-09
0.13237151130072458	1.8946504490799187e-09
0.13369522641373183	4.0172138786345435e-09
0.13503217867786915	7.629482339189677e-09
0.13638250046464784	8.951524590675622e-09
0.13774632546929433	1.4353874241177175e-08
0.13912378872398729	6.213485939016929e-08
0.14051502661122714	1.722735236980551e-07
0.14192017687733943	1.0244103365649033e-06
0.14333937864611285	1.1618471633438987e-06
0.14477277243257397	1.7335565279298607e-06
0.14622050015689972	3.505705659911043e-06
0.14768270515846868	3.6988899846285395e-06
0.14915953221005337	5.066855438164107e-06
0.1506511275321539	9.340388953806136e-06
0.15215763880747546	5.386475593662957e-06
0.1536792151955502	3.3043424752260764e-06
0.15521600734750574	2.1373416746198113e-06
0.15676816742098076	4.700237552227444e-06
0.15833584909519058	1.747879144088786e-05
0.15991920758614248	2.2213745764868024e-05
0.1615183996620039	6.659334349504575e-06
0.16313358365862396	2.1705797467431964e-05
0.1647649194952102	5.171600898524088e-06
0.1664125686901623	1.5122933367749497e-05
0.1680766943770639	6.613895520923633e-05
0.16975746132083458	4.543155416164135e-05
0.1714550359340429	0.0004603662081824755
0.17316958629338333	0.00012818312538449128
0.17490128215631717	0.0003432193419145855
0.17665029497788035	0.0013021317201550061
0.17841679792765916	0.0025699188257485355
0.18020096590693577	0.003768184424701372
0.18200297556600512	0.0028464583738887633
0.18382300532166518	0.0011290414279013414
0.18566123537488183	0.004721735508684702
0.18751784772863064	0.0034142186149503074
0.18939302620591697	0.011267481437222705
0.19128695646797614	0.014013465123389633
0.19319982603265587	0.048068887451099
0.19513182429298243	0.03722313464018677
0.19708314253591228	0.05805497920818581
0.1990539739612714	0.09874413258505173
0.2010445137008841	0.14310133111941647
0.20305495883789296	0.16635704483862104
0.20508550842627188	0.13805385227268238
0.2071363635105346	0.2941356319874245
0.20920772714563995	2.013701949984146
0.21129980441709634	1.2371699567835728
0.21341280246126731	1.8491821843919825
0.21554693048588	1.2280536721970892
0.2177023997907388	13.715748590229724
0.2198794237886462	4.3928895855374925
0.22207821802653266	10.17904372701643
0.224299000206798	5.141854293954363
0.22654199020886595	12.63991620854555
0.22880741011095462	93.23707206738855
0.23109548421206416	78.63243588106069
0.23340643905418482	184.36447873722435
0.23574050344472666	36.462969576937695
0.23809790847917392	10.092597450995815
0.24047888756396565	927.0922914105021
0.24288367643960532	4300.402333679691
0.2453125132040014	2947.147432447143
0.2477656383360414	1873.5165488321325
0.2502432947194018	1384.3262135509337
0.2527457276665958	3767.225182759973
0.2552731849432618	13819.26326249285
0.2578259167926944	5078.665826561438
0.2604041759606214	82212.41367684961
0.26300821772022753	22523.29641848228
0.2656382998974299	10185.095237335789
0.2682946828964041	96691.19881346736
0.2709776297253682	150624.34725467447
0.27368740602262187	136474.83974078507
0.2764242800828481	207639.27615988196
0.27918852288367657	58817.98785323034
0.2819804081125134	72758.37500590975
0.28480021219363855	43670.98684550137
0.28764821431557486	428420.68352366576
0.2905246964587307	987566.4004899807
0.2934299434233179	1613217.0854764325
0.29636424285755114	1562044.2222737393
0.29932788528612664	825264.3062335314
0.3023211641389879	789782.6905654079
0.3053443757803778	1575335.737330629
0.3083978195381816	1597397.5707773448
0.3114817977335634	2707429.895516507
0.31459661571089903	8181029.044571658
0.317742581868008	14294718.638458157
0.3209200076866881	11334790.879300008
0.32412920776355497	11102922.518542683
0.3273704998411905	44887892.48150782
0.33064420483960244	58307961.5491024
0.33395064688799847	60456798.25755249
0.3372901533568785	32905910.85525867
0.34066305489044724	66526286.76066732
0.34406968543935174	20411346.3542868
0.34751038229374526	48205034.42410765
0.3509854861166827	67280063.46865308
0.35449534097784957	127091660.81937747
0.358040294387628	18793940.236980103
0.3616206973315043	51853635.260013305
0.36523690430481937	111840340.44733565
0.3688892733478676	141029499.48320106
0.37257816608134625	23331593.92585057
0.37630394774215975	102172849.88519621
0.38006698721958126	170469504.66040805
0.3838676570917771	80130771.5234556
0.38770633366269486	94484282.9349787
0.3915833969993219	152922779.96663612
0.3954992309693151	72954577.14052099
0.3994542232790082	365056130.2020018
0.4034487655117983	265110189.94337526
0.4074832531669163	386703192.2619245
0.41155808569858543	386859107.521467
0.4156736665555713	302337069.0216016
0.419830403221127	166247052.67384502
0.42402870725333835	69889871.24180964
0.4282689943258717	170994447.683274
0.43255168426913043	257371236.57424718
0.4368772011118217	298446312.0031418
0.44124597312293995	226317257.42892012
0.44565843285416934	187530487.24515802
0.450115017182711	246940861.112096
0.4546161673545382	227033539.8589581
0.45916232902808357	112532248.31432962
0.4637539523183644	135266558.76475784
0.46839149184154805	92259263.10778308
0.4730754067599635	108572890.45824394
0.47780616082756316	97447362.37679206
0.4825842224358388	82765003.22882901
0.4874100646601972	228970995.68192017
0.49228416530679914	389004844.7354178
0.4972070069598672	142138187.12906656
0.5021790770294658	97118350.80464916
0.5072008677997605	137402604.63001835
0.5122728764777581	377880542.56177884
0.5173956052425357	221097774.64471698
0.5225695612949611	392749416.7720774
0.5277952569079107	310593759.2098913
0.5330732094769898	379394514.154399
0.5384039415717596	517430177.2840737
0.5437879809874773	444367459.11363757
0.5492258607973521	339040238.0144068
0.5547181194053257	423505559.0861661
0.5602653005993788	184024357.74385163
0.5658679536053727	234830435.1609073
0.5715266331414264	437059977.75139564
0.5772418994728407	405249103.76105046
0.5830143184675691	419777764.2750393
0.5888444616522447	142575922.37756267
0.5947329062687673	198667852.5279305
0.600680235331455	309729475.1954454
0.6066870376847694	618029105.6784487
0.6127539080616171	702191490.3386979
0.6188814471422334	209098981.85677427
0.6250702616136556	175794671.60449344
0.6313209642297922	375202337.9995714
0.6376341738720902	368453159.2935781
0.644010515610811	611942493.9470714
0.6504506207669192	647164178.1835934
0.6569551269745884	624116896.4613919
0.6635246782443343	661767351.1020478
0.6701599250267777	346806518.1745611
0.6768615242770454	319402633.2215282
0.6836301395198159	467750025.8001406
0.690466440915014	420289516.8664248
0.6973711053241641	826187259.2552847
0.7043448163774058	1138913887.9628913
0.7113882645411799	404600496.14539015
0.7185021471865917	488320227.74444515
0.7256871686584576	872909813.7234977
0.7329440403450421	1776117890.3042028
0.7402734807484926	2310470095.740571
0.7476762155559775	2587491388.6634984
0.7551529777115373	3054385074.21215
0.7627045074886527	1745108590.356263
0.7703315525635391	950244896.5366461
0.7780348680891747	1270860247.8159642
0.7858152167700664	1659512890.897611
0.7936733689377671	1974834254.206922
0.8016101026271447	2447852772.8567924
0.8096262036534162	3203499853.5971746
0.8177224656899503	3684702511.6319246
0.8258996903468498	3537442792.427282
0.8341586872503184	2883163597.9806333
0.8425002741228216	2526296522.453403
0.8509252768640498	1835471656.840859
0.8594345296326903	2426646712.2272134
0.8680288749290173	2773048804.08847
0.8767091636783074	3294143597.8517904
0.8854762553150906	3369340907.2502494
0.8943310178682414	3131747724.4632754
0.9032743280469238	3127351683.195014
0.9123070713273931	3865259811.345462
0.921430142040667	3828102574.104589
0.9306444434610737	3267087608.958077
0.9399508878956845	3460140141.2996936
0.9493503967746413	3810916898.517234
0.9588439007423877	4154948764.2262273
0.9684323397498116	4086279773.362957
0.9781166631473096	3819089774.1936193
0.9878978297787828	3662500963.8536844
0.9977768080765707	3468041224.269366
1.0077545761573363	3180244693.7703094
1.0178321219189097	3820282386.240823
1.0280104431380988	3031485188.8355646
1.0382905475694797	3943806076.2635865
1.0486734530451747	3573404737.7210016
1.0591601875756265	4003302067.633306
1.0697517894513826	3799336806.180698
1.0804493073458965	4380026991.760892
1.0912538004193555	3808115265.9286094
1.102166338423549	3963321232.2097683
1.1131880018077847	3871570338.33476
1.1243198818258624	3712529377.3126316
1.135563080644121	4065117813.496649
1.1469187114505621	4132546985.8124967
1.158387898565068	4126614205.47371
1.1699717775507186	3978744761.410382
1.1816714953262257	3931519507.087672
1.193488210279488	3892696865.7783756
1.2054230923822828	3882545679.428027
1.2174773233061058	3974435097.870168
1.2296520965391669	3990127737.1241503
1.2419486175045586	3675498368.2532716
1.254368103679604	3796787800.6499705
1.2669117847164002	3773918586.8031735
1.2795809025635643	3804750263.356647
1.2923767115892	3640999026.5263147
1.305300478705092	3602018653.650398
1.3183534834921427	3510921558.333039
1.3315370183270643	3405916543.489032
1.3448523885103347	2804585686.151404
1.3583009123954382	2887397780.189838
1.3718839215193925	2960657980.864387
1.3856027607345867	2946081362.6587105
1.3994587883419325	2408331306.2047315
1.4134533762253518	2451535488.8906584
1.4275879099876054	2446964730.805488
1.4418637890874815	2496045206.4770947
1.4562824269783563	2440257630.507184
1.4708452512481398	2335396964.8068604
1.4855537037606212	2280887082.4352636
1.5004092407982272	2422089146.548676
1.5154133332062096	2267352653.5437846
1.5305674665382718	2407612078.1066585
1.5458731412036546	2285629230.0783644
1.561331872615691	2440249177.552707
1.576945191341848	2449533719.2855372
1.5927146432552666	2536095873.5349545
1.6086417896878193	2524601082.2457447
1.6247282075846974	2378689339.8248153
1.6409754896605444	2535203658.5740933
1.65738524455715	2528342937.1113625
1.6739590970027214	2435497077.4680414
1.6906986879727486	2477197461.8636174
1.7076056748524762	2385480313.5780263
1.7246817316010008	2122629908.1927965
1.7419285489170109	1963605536.2828813
1.759347834406181	1783700469.1918623
1.776941312750243	1880555470.9466984
1.7947107258777453	1542902420.8095088
1.8126578331365226	1449313272.1184502
1.8307844114678882	1532816230.9222069
1.8490922555825668	1232344958.3347676
1.8675831781383925	1389144205.3039892
1.8862590099197765	1287380284.5951378
1.9051216000189743	1292687431.0476437
1.924172816019164	1400338814.945897
1.9434145441793558	1148208801.677379
1.9628486896211494	1164659865.3658621
1.9824771765173608	1174245379.2495852
2.0023019482825344	1074809834.9400694
2.0223249677653596	1112377224.741245
2.0425482174430134	1094128095.521776
2.0629736996174435	1060943305.8008951
2.083603436613618	1080915125.191025
2.1044394709797545	1119381162.0752568
2.1254838656895516	1099342316.407466
2.1467387043464474	1096890603.960584
2.1682060913899117	1113244154.5247715
2.1898881523038107	1105574689.1392372
2.211787033826849	1073396825.6755826
2.2339049041651173	1091631165.879997
2.2562439532067686	1093903827.712622
2.2788063927388365	1085676185.3826122
2.3015944566662245	943525095.3657416
2.324610401232887	930952406.7961034
2.347856505245216	939227316.0676336
2.3713350702976683	879866491.2496902
2.3950484210006446	703357774.0871449
2.418998905210651	769576948.861065
2.4431888942627578	656191747.6170856
2.4676207832053856	507521914.0272336
2.4922969910374397	547923406.5554868
2.517219960947814	448447284.07031995
2.542392160557292	531246792.2094078
2.567816082162865	494572236.67334
2.5934942429844936	506955765.6339871
2.6194291854143383	457920861.612063
2.645623477268482	381374005.9952372
2.6720797120411666	428832077.5042579
2.698800509161578	416782932.1846754
2.7257885142531944	406113219.821445
2.753046399395726	406361907.4367698
2.7805768633896837	377738040.63869303
2.8083826320235805	373843065.2411614
2.8364664583438164	324945026.9222442
2.8648311229272547	339868388.28039265
2.8934794341565273	336755052.64824265
2.9224142284980923	302050451.6151168
2.951638370783073	300835157.3541762
2.981154754490904	292152775.48027277
3.010966302035813	294643538.1167316
3.041075965056171	264429062.47300243
3.071486724706733	257647365.52807686
3.1022015919538	252082163.88520074
3.133223607873338	265135814.48089218
3.164555843952072	261448767.96357945
3.196201402391593	266703562.15483356
3.2281634164155086	265449746.69057944
3.2604450505796634	249422446.45463473
3.29304950108546	247077728.93105274
3.3259799960963146	232640040.54164687
3.359239796057278	245797236.35160398
3.392832194017851	238469528.90906036
3.4267605159580294	232433124.11758846
3.46102812111761	237111446.62665677
3.4956384023287854	220107638.5434836
3.530594786352074	231871320.91100726
3.5659007342155946	219073215.05263716
3.6015597415577503	213168453.09983823
3.637575338973328	210593608.47328833
3.6739510923630614	208407974.52864814
3.7106906032866918	216590214.35798717
3.747797509319559	208310375.76556733
3.7852754844127543	201436676.89573637
3.823128239256882	197974316.6400539
3.861359521649451	194782569.2934652
3.8999731168659455	183753582.67448515
3.938972848034605	183104877.84727213
3.978362576514951	176911063.33321103
4.018146202280101	155332533.22310507
4.058327664302902	152317692.7398875
4.098910940945931	141446900.31087652
4.13990005035539	140840021.29754028
4.181299050858944	135246837.31482452
4.223112041367534	119831253.76329596
4.2653431617812085	128501955.31172645
4.307996593399021	112003801.9067675
4.351076559333012	109301647.28189221
4.394587324926341	106056344.49591997
4.438533198175604	96962209.28337207
4.48291853015736	90144196.8107785
4.5277477154589345	76928050.25325125
4.573025192613525	89106743.10601944
4.6187554445396595	92399393.48193747
4.664942998985056	79322130.04066725
4.711592428974907	75855325.57188064
4.758708353264656	73457768.16653991
4.806295436797303	71106498.16468273
4.854358391165275	72708053.20742847
4.902901975076928	69046816.12368304
4.951930994827697	71193161.68751656
5.001450304775974	57732665.552001275
5.051464807823734	57019852.74022133
5.101979455901971	57178944.02607275
5.152999250460991	52595680.26229881
5.204529242965601	55364947.78914888
5.2565745353952575	51206027.10183929
5.30914028074921	52439213.60790329
5.362231683556701	46220836.549604066
5.415854000392269	45625262.0989751
5.470012540396192	42005192.2517164
5.524712665800154	43835065.57247245
5.579959792458156	40544317.3563878
5.635759390382738	39431586.47500888
5.692116984286565	40704015.265939444
5.74903815412943	39540060.473233104
5.806528535670725	38150029.888989575
5.864593821027432	35975637.71056922
5.923239759237706	35077052.31950767
5.982472156830083	33620628.76422425
6.042296878398385	32309858.68944354
6.102719847182367	30735667.524626095
6.163747045654191	30059040.00192761
6.225384516110734	29559524.444978308
6.287638361271841	30669275.42386561
6.350514744884559	27326539.880027838
6.414019892333406	28188446.13959485
6.478160091256739	23702711.46418523
6.542941692169307	21608943.763165936
6.608371109091	21295487.14853525
6.67445482018191	20799690.649036422
6.741199368383729	19632341.501449477
6.808611362067567	19307774.23290992
6.876697475688242	18031749.254028514
6.945464450445124	18104862.40450127
7.014919094949576	15651845.347749202
7.085068285899072	15518776.091483898
7.155918968758063	16759475.945348121
7.227478158445644	17062194.99587422
7.2997529400301	15091842.004358217
7.372750469430401	14052633.54750344
7.446477974124705	14412157.740015265
7.520942753865953	13166291.303197084
7.596152181404612	13451474.938587477
7.672113703218658	13686505.150036698
7.7488348402508445	11805302.214395436
7.826323188653353	11740195.892460847
7.904586420539887	11302007.136272768
7.983632284745286	10519616.14200319
8.063468607592739	10466545.41510619
8.144103293668666	9356775.875767699
8.225544326605354	9463102.870250689
8.307799769871407	9408061.818403814
8.390877767570121	9016927.603166472
8.474786545245822	8284548.116417542
8.55953441069828	8267553.812496748
8.645129754805263	7997242.288547292
8.731581052353315	7806625.103838751
8.81889686287685	7418844.207763476
8.907085831505619	7575157.689498259
8.996156689820673	6926959.8189173
9.086118256718882	6929704.920637017
9.17697943928607	6536653.350814803
9.26874923367893	6464286.678117944
9.36143672601572	6260317.631097528
9.455051093275877	6103326.007401489
9.549601604208636	5978601.795758475
9.645097620250723	5764174.230639979
9.74154859645323	5387693.612294024
9.838964082417762	5596002.2517381245
9.937353723241939	5249493.395873364
10.03672726047436	4888211.696716602
10.137094533079102	4645554.226097807
10.238465478409893	4433516.071140749
10.340850133193994	4205780.440052486
10.444258634525934	4452348.994169173
10.548701220871191	3857250.2099371734
10.654188233079903	3978386.94138668
10.760730115410702	3846311.4217971205
10.868337416564811	3562335.3862884697
10.97702079073046	3395830.342157882
11.086790998637763	3421029.659626376
11.19765890862414	3318557.289500958
11.309635497710381	3168542.2780437726
11.422731852687486	3006970.695845098
11.536959171214361	2860926.514590012
11.652328762926505	2777238.9294437338
11.76885205055577	2601270.406277375
11.886540571061328	2473079.499048473
12.005405976771941	2504756.0239889254
12.125460036539662	2395169.6215477875
12.246714636905057	2433284.638763986
12.36918178327411	2145862.7592426026
12.49287360110685	2080313.7529251692
12.617802337117919	2174406.384412634
12.743980360489097	1934675.220171746
12.871420164093989	1893279.1879381784
13.000134365734928	1645218.034346935
13.130135709392277	1766982.5420158058
13.261437066486202	1687230.1785825572
13.394051437151063	1627766.49406067
13.527991951522575	1610974.6778287177
13.6632718710378	1435092.4948339988
13.799904589748177	1480957.8813060152
13.937903635645661	1434642.2219556365
14.077282672002116	1345793.053898865
14.218055498722139	1291429.335641413
14.36023605370936	1216420.6591109792
14.503838414246454	1190884.4122834457
14.648876798388917	1147406.7592605248
14.795365566372807	1145365.5468257251
14.943319222036536	1094789.5712437592
15.0927524142569	1087056.25354835
15.24367993839947	1002975.587068191
15.396116737783466	936496.5378011931
15.550077905161299	933705.6759368905
15.705578684212913	868934.1504733933
15.862634471055042	870215.9308156101
16.021260815765594	781171.3688704419
16.181473423923247	746712.3207273453
16.34328815816248	763506.876579767
16.506721039744104	725414.8818800325
16.67178825014155	695969.0408456147
16.838506132642966	680651.4695746028
17.006891193969395	644368.5675398858
17.176960105909085	631297.93293861
17.34872970696818	567023.9768978851
17.52221700403786	564284.8672968817
17.697439174078237	584348.97986065
17.874413565819022	541186.1895558896
18.05315770147721	544486.613212694
18.233689278491983	522337.1806778244
18.416026171276904	497512.0927698796
18.600186432989673	474766.4057875741
18.78618829731957	470742.0889707402
18.974050180292764	438272.7670011541
19.163790682095694	407945.01473216846
19.35542858891665	377771.11923011544
19.548982874805816	365623.0970388496
19.744472703553875	373145.12750346167
19.941917430589417	361113.41581359814
20.14133660489531	344341.7363818324
20.34274997094426	329476.93104787346
20.546177470653703	292731.39271034364
20.75163924536024	309784.6691129505
20.959155637813843	282835.65195368323
21.168747194191983	272622.5720796246
21.380434666133905	258097.4548641066
21.594239012795242	267322.8446025587
21.810181402923195	239863.70471874878
22.028283216952428	251459.242535819
22.248566049121955	247308.17912965448
22.47105170961317	231561.6637123443
22.695762226709302	224884.6390939028
22.9227198489764	210439.54486554308
23.151947047466162	208296.23653236986
23.38346651794082	193153.5800255526
23.617301183120233	179488.8634054228
23.85347419495143	164148.3277691582
24.09200893690095	180112.3940381207
24.33292902626996	163787.01295529495
24.57625831653266	170532.12897976526
24.822020899697986	148986.59165144883
25.070241108694965	158418.90153098677
25.320943519781917	143454.2674840092
25.574152954979734	130964.21312724533
25.82989448452953	131642.71931561758
26.08819342937483	126978.06346975676
26.34907536366858	123130.32406155586
26.612566117305263	116673.36808574935
26.878691778478316	119264.3274293975
27.147478696263097	108785.2687055974
27.418953483225728	111087.53041083916
27.693143018057985	101142.85428826636
27.970074448238567	97957.47797376984
28.24977519272095	96610.51598361797
28.532272944648163	91873.30513772153
28.817595674094644	88998.62360858478
29.10577163083559	85065.51871457322
29.396829347143946	76146.66484308438
29.690797640615386	77794.84144153472
29.98770561702154	71071.71296821609
30.287582673191757	69055.69998613109
30.590458499923674	68341.62673352074
30.896363084922914	66150.61440871343
31.205326715772138	62741.76749182455
31.517379982929864	62096.898343086636
31.832553782759163	55652.81789993018
32.15087932058675	57375.11126393369
32.472388113792626	53538.844498117534
32.79711199493055	51268.28977758905
33.12508311487986	51264.80479355344
33.45633394602865	48957.18068375642
33.79089728548894	49429.44540289369
34.12880625834383	44232.4473710051
34.47009432092727	40615.60246002559
34.81479526413654	41712.12265008604
35.16294321677791	39790.2347940942
35.51457264894569	37554.220096290985
35.86971837543514	37269.58589348679
36.2284155591895	36289.30181453558
36.59069971478139	33276.999225627434
36.956606711929204	33356.057633953096
37.3261727790485	31649.618957629915
37.69943450683898	30555.718889425938
38.07642885190737	27918.81817566495
38.45719314042645	28805.921971977004
38.841765071830714	27776.111701904723
39.23018272254902	25590.30562312137
39.622484549774505	26752.425949842513
40.01870939527225	25501.308927826765
40.41889648922498	24000.438921722372
40.823085454117226	23050.06645511187
41.2313163086584	21261.13115965838
41.64362947174499	20457.687187140386
42.06006576646243	21711.976348140623
42.48066642412706	18035.64346168616
42.90547308836833	18744.10754679258
43.33452781925202	18179.46890535144
43.767873097444536	18327.58020013778
44.20555182841898	16850.34119715532
44.64760734670317	15274.29978801798
45.0940834201702	15246.755454894912
45.54502425437191	14568.480367949667
46.00047449691562	13608.995639860663
46.460479241884784	13633.949215439236
46.92508403430362	13462.953273120664
47.39433487464667	13098.32214765736
47.868278223393126	12497.004055420346
48.346961005627065	11263.354430591278
48.83043061568333	11926.221898659402
49.31873492184017	11393.57185559586
49.81192227105857	10658.700937610303
50.310041493769155	9877.291107745108
50.813141908706854	10343.996109176898
51.32127332779392	9810.124406550129
51.83448606107186	8122.1741093562605
52.352830921682575	8662.34899457872
52.8763592308994	8923.183121214757
53.405122823208394	8401.933554350628
53.93917405144048	8041.681531884419
54.478565791954885	6925.312972441113
55.02335144987443	7144.619399937611
55.57358496437318	6590.245487855661
56.129320814016914	6631.193763199951
56.690614022157085	5878.650440302256
57.257520162378654	5379.264355313265
57.83009536400244	5489.930459337849
58.40839631764247	5994.957340655784
58.99248028081889	5446.055162505213
59.58240508362709	5053.06291826198
60.17822913446335	4892.3481699706435
60.780011425807984	4818.062865250261
61.38781154006607	4941.541827218814
62.00168965546673	4452.137343773029
62.621706552021394	4549.749617172206
63.24792361754161	4244.502001777999
63.88040285371702	4184.9816596122755
64.5192068822542	3967.4103086175614
65.16439895107675	3811.5164652410463
65.81604294058751	3599.7202256250653
66.47420336999339	3485.6908617617614
67.13894540369331	3413.6219843205427
67.81033485773025	3308.646802769481
68.48843820630756	3137.433756886402
69.17332258837064	3044.0261775874246
69.86505581425433	2927.653240426581
70.56370637239688	2787.798244998637
71.26934343612085	2641.464963468963
71.98203687048206	2554.8290555727767
72.70185723918688	2418.85833332768
73.42887581157875	2363.3991932786275
74.16316456969453	2255.726341424419
74.90479621539149	2210.071955006894
75.6538441775454	2089.7264887373744
76.41038261932086	2037.617750415056
77.17448644551406	1718.7931799718644
77.9462313099692	1736.821098238893
78.7256936230689	1817.7089690042087
79.51295055929958	1725.0420261911406
80.30808006489258	1652.7983209322335
81.11116086554152	1542.7969813822933
81.92227247419693	1471.3482941472325
82.74149519893889	1483.2304280853357
83.56891015092829	1383.5786732828387
84.40459925243758	1355.4683617175883
85.24864524496195	1315.1448286625537
86.10113169741156	1265.3045832817224
86.96214301438569	1163.0078589006378
87.83176444452954	1125.7698931048542
88.71008208897484	1099.0185663036589
89.59718290986459	1077.3682118934744
90.49315473896324	1029.678227401307
91.39808628635286	987.1379957238962
92.3120671492164	935.326516273748
93.23518782070856	915.9155511125552
94.16753969891565	878.6298438829623
95.1092150959048	784.6945147387912
96.06030724686386	806.3370143544024
97.0209103193325	767.7369796631049
97.99111942252583	733.6201810090494
98.97103061675108	684.745023249879
99.96074092291859	690.5704168703195
100.96034833214779	680.0244730769404
101.96995181546924	668.8029907581912
102.98965133362394	657.4692936162543
104.0195478469602	646.0222595028979
105.05974332542979	634.4607550484081
106.11034075868409	622.7836355493733
107.17144416627093	610.9897448553484
108.24315860793364	599.077915254383
109.32559019401299	587.0469673574079
110.41884609595311	574.8957099814631
111.52303455691263	562.6229400317591
112.63826490248177	550.2274423825579
113.76464755150658	537.7079897568647
114.90229402702165	525.0633426049144
116.05131696729188	512.2922489814446
117.21183013696479	499.39344442174036
118.38394843833444	486.3656518164389
119.5677879227178	473.2075812850844
120.76346580194497	459.91793004841645
121.97110045996442	446.49538229938184
123.19081146456406	432.9386090728569
124.42271957920971	419.24626811406654
125.6669467750018	405.4170037456885
126.92361624275183	391.4494467336264
128.19285240517934	377.34221415144407
129.47478092923114	363.09390924343955
130.76952873852346	348.70312128635504
132.0772240259087	334.16842544969984
133.39799626616778	319.48838265467805
134.73197622882944	304.6615394317062
136.07929599111776	289.68642777650416
137.4400889510289	274.5615650047507
138.8144898405392	259.2854536052793
140.20263473894462	243.85658109181304
141.60466108633406	228.2734198532125
143.0207076971974	212.53442700222587
144.45091477416938	196.6380442227292
145.8954239219111	180.5826976154375
147.35437816113017	164.3667975420734
148.82792194274148	147.98873846797517
150.3162011621689	134.37291261811896
151.8193631737906	131.57538462211747
153.3375568055285	128.74988134615603
154.8709323735838	125.89612303743488
156.41964169731963	123.01382714562658
157.98383811429284	120.10270829490017
159.56367649543577	117.1624782556665
161.1593132603901	114.19284591604058
162.77090639299402	111.19351725301827
164.39861545692395	108.16419530336583
166.04260161149318	105.10458013421683
167.70302762760812	102.01436881337634
169.38005790388422	98.8932553793274
171.07385848292307	95.74093081093801
172.7845970677523	92.55708299686475
174.5124430384298	89.34139670465075
176.25756746881413	86.09355354951455
178.02014314350225	82.81323196282707
179.80034457493727	79.5001071602727
181.59834802068664	76.15385110969277
183.41433150089352	72.774132498607
185.24847481590245	69.36061670141042
187.1009595640615	65.91296574624184
188.9719691597021	62.43083828152163
190.8616888512991	58.91388954215421
192.77030573981213	55.36177131539303
194.69800879721024	51.77413190636433
196.64498888518233	48.15061610324534
198.61143877403418	44.490865142095075
200.5975531617745	41.60819982690853
202.60352869339226	40.606408018912134
204.62956398032617	39.59459829283579
206.67585962012947	38.572670469498654
208.74261821633075	37.540523367928174
210.83004439849404	36.498054795342
212.93834484247898	35.44516153702994
215.0677282909038	34.38173934613475
217.21840557381284	33.307682933330625
219.39058962955096	32.222885956398464
221.58449552584648	31.127241009696974
223.80034048110494	30.020639613528473
226.038343885916	28.902972203398285
228.29872732477517	27.774128119166782
230.5817145980229	26.63399559409299
232.88753174400313	25.482461743768447
235.21640706144316	24.31941255494066
237.56857113205763	23.144732874224573
239.94425684337818	21.958306396701357
242.34369941181194	20.76001565440291
244.76713640593007	19.54974200468146
247.2148077699894	18.327365618462792
249.68695584768926	17.09276546838196
252.18382540616616	16.54946663495332
254.70566366022786	16.102608985178282
257.2527202968301	15.651282758905504
259.8252474997984	15.195443270369989
262.4234999747964	14.735045386949121
265.04773497454437	14.270043524694048
267.69821232428984	13.800391643816416
270.3751944475327	13.326043244130023
273.07894639200805	12.846951360446752
275.8097358559282	12.363068557926644
278.5678332144874	11.874346927381357
281.35351154663226	11.380738080530605
284.16704666209864	10.882193145211334
287.00871712871964	10.37866276053888
289.87880430000683	9.870097072019702
292.77759234300686	9.356445726615341
295.70536826643695	8.837657867756924
298.6624219491013	8.313682130309928
301.64904616859235	7.9528023749436105
304.66553663027827	7.726220095669028
307.71219199658105	7.497371993601697
310.78931391654686	7.266235410513695
313.8972070557124	7.032787461594808
317.0361791262695	6.797005033186738
320.20654091753215	6.558864780494587
323.40860632670746	6.318343125275515
326.64269238997457	6.075416253504247
329.90911931387427	5.830060113015272
333.20821050701306	5.582250411121402
336.5402926120832	5.331962612208596
339.90569553820404	5.07917193530666
343.304752493586	4.823853351635711
346.73780001852197	4.5659815821280425
350.20517801870716	4.313524828012843
353.7072297988942	4.186909730259836
357.2443020968832	4.059028481529296
360.816745117852	3.9298684203114522
364.42491256903054	3.7994167584814296
368.06916169472083	3.6676605800331075
371.74985331166806	3.5345868398003013
375.46735184478473	3.400182362165168
379.2220253632326	3.264433839753682
383.01424561686497	3.1273278321180804
386.8443880730336	2.9888507644061253
390.7128319537639	2.848988926017051
394.6199602733015	2.707728469244086
398.5661598760346	2.5650554079033876
402.55182147479496	2.4644895031101877
406.5773396895429	2.3876237586721114
410.64311308643835	2.3099893567896537
414.7495442173027	2.2315786108883726
418.89703965947575	2.1523837575280775
423.08601005607045	2.072396955634181
427.3168701566312	1.991610285721344
431.59003885819754	1.910015749109378
435.9059392467795	1.8276052671312937
440.26499863924727	1.744370680333429
444.66764862563974	1.6603037476675846
449.11432511189616	1.5753961456750818
453.6054683630151	1.5193863219804151
458.14152304664526	1.4701967178352449
462.7229382771117	1.4205152176486224
467.35016765988286	1.3703369024601337
472.0236693364817	1.3196568041197603
476.7439060298465	1.268469904795983
481.51134509014497	1.2167711364789684
486.3264585410464	1.1645553804787836
491.1897231264569	1.1118174669185965
496.10162035772146	1.058552174222808
501.0626365612987	1.0093528041162942
506.0732629269117	0.976700439122755
511.1339955561808	0.9437215504792805
516.2453355117426	0.9104128729493715
521.4077888668601	0.876771108644163
526.6218667555286	0.8427929266959032
531.888085423084	0.8084749629281591
537.2069662773148	0.7738138195227393
542.579035940088	0.738806064683264
548.0048262994887	0.7034482322953959
553.4848745624838	0.6761387844295974
559.0197233081085	0.6534146691970427
564.6099205411896	0.6304633128121617
570.2560197466016	0.6072824428634315
575.9585799440677	0.5838697642152144
581.7181657435083	0.5602229587805153
587.5353474009435	0.5363396852914688
593.4107008749528	0.5122175790675325
599.3448078837024	0.48785425178135616
605.3382559625394	0.47080798079663516
611.3916385221648	0.45452848976708765
617.5055549073865	0.43808620382724495
623.6806104564603	0.42147949502800375
629.9174165610249	0.4047067191407701
636.2165907266352	0.38776621549466384
642.5787566339015	0.3706563068120968
649.0045442002405	0.35337529904270426
655.4945896422429	0.34069426235111183
662.0495355386654	0.3287597477744596
668.670030894052	0.31670588805204103
675.3567312029925	0.30453148973239835
682.1102985150225	0.29223534742955903
688.9314015001727	0.2798162437036914
695.8207155151745	0.267272948940565
702.7789226703262	0.2561434352400812
709.8067118970295	0.247240633657584
716.9047790159998	0.23824880405926174
724.0738268061598	0.22916705616495633
731.3145650742214	0.21999449079170785
738.6277107249635	0.21073019976472696
746.0139878322132	0.20137326582747622
753.4741277105354	0.19318343449749728
761.0088689876408	0.18637259077407436
768.6189576775171	0.17949363861341733
776.3051472542923	0.1725458969311536
784.0681987268352	0.16552867783206718
791.9088807141036	0.15844128654198997
799.8279695212447	0.15128302133901195
807.8262492164572	0.14597298290490238
815.9045117086216	0.14065246583052213
824.0635568257079	0.13527874358539793
832.304192393965	0.12985128411782254
840.6272343179047	0.12436955005557132
849.0335066610837	0.1188329986526977
857.5238417276945	0.11451794194639983
866.0990801449715	0.11032539707029157
874.7600709464213	0.10609092674542223
883.5076716558855	0.1018141117173042
892.3427483724444	0.097494528538905
901.2661758561687	0.09137669929644845
910.2788376147305	0.07447781442867961
919.3816259908778	0.05740994071223329
928.5754422507866	0.04017138825862223
937.8611966732944	0.022760450280475367
