#wavelength	surface flux
0.001	1.7650802345427116e-94
0.00101	1.826095353761472e-94
0.0010201000000000001	1.8877206241724207e-94
0.0010303010000000002	1.9499621472874787e-94
0.00104060401	2.012826085633686e-94
0.0010510100501000001	2.0763186633633566e-94
0.0010615201506010002	2.1404461668703242e-94
0.00107213535210701	2.2052149454123598e-94
0.0010828567056280802	2.2706314117398165e-94
0.0010936852726843608	2.3367020427305474e-94
0.0011046221254112046	2.4034333800311874e-94
0.0011156683466653167	2.4708320307048325e-94
0.0011268250301319698	2.538904667885214e-94
0.0011380932804332896	2.6076580314374e-94
0.0011494742132376226	2.677098928625108e-94
0.0011609689553699987	2.7472342347846916e-94
0.0011725786449236987	2.818070894005872e-94
0.0011843044313729356	2.889615919819264e-94
0.001196147475686665	2.96187639589079e-94
0.0012081089504435317	2.98538261891792e-94
0.0012201900399479671	2.98538261891792e-94
0.0012323919403474468	2.98538261891792e-94
0.0012447158597509213	2.98538261891792e-94
0.0012571630183484304	2.98538261891792e-94
0.0012697346485319148	2.98538261891792e-94
0.0012824319950172339	2.98538261891792e-94
0.0012952563149674064	2.98538261891792e-94
0.0013082088781170805	2.98538261891792e-94
0.001321290966898251	2.98538261891792e-94
0.0013345038765672336	2.98538261891792e-94
0.001347848915332906	2.98538261891792e-94
0.0013613274044862352	2.98538261891792e-94
0.0013749406785310975	2.98538261891792e-94
0.0013886900853164084	2.98538261891792e-94
0.0014025769861695724	2.98538261891792e-94
0.0014166027560312683	2.98538261891792e-94
0.001430768783591581	2.98538261891792e-94
0.0014450764714274969	2.98538261891792e-94
0.0014595272361417717	2.98538261891792e-94
0.0014741225085031894	2.98538261891792e-94
0.0014888637335882214	2.98538261891792e-94
0.0015037523709241036	2.98538261891792e-94
0.0015187898946333446	2.98538261891792e-94
0.001533977793579678	2.98538261891792e-94
0.001549317571515475	2.98538261891792e-94
0.0015648107472306296	2.98538261891792e-94
0.001580458854702936	2.98538261891792e-94
0.0015962634432499655	2.98538261891792e-94
0.001612226077682465	2.98538261891792e-94
0.0016283483384592896	2.98538261891792e-94
0.0016446318218438828	2.98538261891792e-94
0.0016610781400623216	2.98538261891792e-94
0.0016776889214629447	2.98538261891792e-94
0.0016944658106775741	2.98538261891792e-94
0.00171141046878435	2.98538261891792e-94
0.0017285245734721935	2.98538261891792e-94
0.0017458098192069155	2.98538261891792e-94
0.0017632679173989845	2.98538261891792e-94
0.0017809005965729746	2.98538261891792e-94
0.0017987096025387042	2.98538261891792e-94
0.0018166966985640914	2.98538261891792e-94
0.0018348636655497322	2.98538261891792e-94
0.0018532123022052297	2.98538261891792e-94
0.001871744425227282	2.98538261891792e-94
0.0018904618694795547	2.98538261891792e-94
0.0019093664881743501	2.98538261891792e-94
0.0019284601530560937	2.98538261891792e-94
0.0019477447545866546	2.98538261891792e-94
0.001967222202132521	2.98538261891792e-94
0.0019868944241538465	2.98538261891792e-94
0.0020067633683953853	2.98538261891792e-94
0.002026831002079339	2.98538261891792e-94
0.0020470993121001323	2.98538261891792e-94
0.0020675703052211334	2.98538261891792e-94
0.002088246008273345	2.98538261891792e-94
0.0021091284683560784	2.98538261891792e-94
0.0021302197530396394	2.98538261891792e-94
0.002151521950570036	2.98538261891792e-94
0.002173037170075736	2.98538261891792e-94
0.0021947675417764933	2.98538261891792e-94
0.0022167152171942584	2.98538261891792e-94
0.002238882369366201	2.98538261891792e-94
0.0022612711930598633	2.98538261891792e-94
0.0022838839049904615	2.98538261891792e-94
0.0023067227440403664	2.98538261891792e-94
0.00232978997148077	2.98538261891792e-94
0.0023530878711955777	2.98538261891792e-94
0.0023766187499075337	2.98538261891792e-94
0.0024003849374066087	2.98538261891792e-94
0.002424388786780675	2.98538261891792e-94
0.0024486326746484817	2.98538261891792e-94
0.0024731190013949664	2.98538261891792e-94
0.0024978501914089163	2.98538261891792e-94
0.0025228286933230053	2.98538261891792e-94
0.0025480569802562355	2.98538261891792e-94
0.0025735375500587983	2.98538261891792e-94
0.0025992729255593858	2.98538261891792e-94
0.00262526565481498	2.98538261891792e-94
0.0026515183113631296	2.98538261891792e-94
0.002678033494476761	2.98538261891792e-94
0.0027048138294215283	2.98538261891792e-94
0.002731861967715744	2.98538261891792e-94
0.002759180587392901	2.98538261891792e-94
0.0027867723932668304	2.98538261891792e-94
0.002814640117199499	2.98538261891792e-94
0.0028427865183714937	2.98538261891792e-94
0.002871214383555209	2.98538261891792e-94
0.0028999265273907606	2.98538261891792e-94
0.002928925792664668	2.98538261891792e-94
0.002958215050591315	2.98538261891792e-94
0.002987797201097228	2.98538261891792e-94
0.0030176751731082006	2.98538261891792e-94
0.0030478519248392827	2.98538261891792e-94
0.0030783304440876753	2.98538261891792e-94
0.0031091137485285522	2.98538261891792e-94
0.0031402048860138376	2.98538261891792e-94
0.0031716069348739764	2.98538261891792e-94
0.003203323004222716	2.98538261891792e-94
0.003235356234264943	2.98538261891792e-94
0.003267709796607593	2.98538261891792e-94
0.0033003868945736684	2.98538261891792e-94
0.003333390763519405	2.98538261891792e-94
0.0033667246711545995	2.98538261891792e-94
0.0034003919178661455	2.98538261891792e-94
0.0034343958370448065	2.98538261891792e-94
0.0034687397954152547	2.98538261891792e-94
0.0035034271933694077	2.98538261891792e-94
0.0035384614653031017	2.98538261891792e-94
0.0035738460799561327	2.98538261891792e-94
0.003609584540755694	2.98538261891792e-94
0.003645680386163251	2.98538261891792e-94
0.0036821371900248832	2.98538261891792e-94
0.0037189585619251324	2.98538261891792e-94
0.0037561481475443838	2.98538261891792e-94
0.0037937096290198277	2.98538261891792e-94
0.003831646725310026	2.98538261891792e-94
0.003869963192563126	2.98538261891792e-94
0.003908662824488757	2.98538261891792e-94
0.003947749452733645	2.98538261891792e-94
0.003987226947260982	2.98538261891792e-94
0.004027099216733592	2.98538261891792e-94
0.004067370208900928	2.98538261891792e-94
0.004108043910989938	2.98538261891792e-94
0.004149124350099836	2.98538261891792e-94
0.004190615593600834	2.98538261891792e-94
0.004232521749536843	2.98538261891792e-94
0.004274846967032212	2.98538261891792e-94
0.004317595436702534	2.98538261891792e-94
0.004360771391069559	2.98538261891792e-94
0.0044043791049802545	2.98538261891792e-94
0.004448422896030057	2.98538261891792e-94
0.0044929071249903575	2.98538261891792e-94
0.004537836196240262	2.98538261891792e-94
0.004583214558202664	2.98538261891792e-94
0.004629046703784691	2.98538261891792e-94
0.0046753371708225374	2.98538261891792e-94
0.004722090542530763	2.98538261891792e-94
0.004769311447956071	2.98538261891792e-94
0.004817004562435632	2.98538261891792e-94
0.004865174608059988	2.98538261891792e-94
0.004913826354140587	2.98538261891792e-94
0.004962964617681994	2.98538261891792e-94
0.005012594263858814	2.98538261891792e-94
0.005062720206497402	2.98538261891792e-94
0.0051133474085623765	2.98538261891792e-94
0.005164480882648	2.98538261891792e-94
0.0052161256914744795	2.98538261891792e-94
0.005268286948389224	2.98538261891792e-94
0.0053209698178731165	2.98538261891792e-94
0.005374179516051849	2.98538261891792e-94
0.005427921311212366	2.98538261891792e-94
0.0054822005243244905	2.98538261891792e-94
0.005537022529567735	2.98538261891792e-94
0.005592392754863413	2.98538261891792e-94
0.0056483166824120475	2.98538261891792e-94
0.0057047998492361675	2.98538261891792e-94
0.005761847847728529	2.98538261891792e-94
0.005819466326205815	2.98538261891792e-94
0.005877660989467873	2.98538261891792e-94
0.005936437599362551	2.98538261891792e-94
0.005995801975356177	2.98538261891792e-94
0.0060557599951097385	2.98538261891792e-94
0.006116317595060837	2.98538261891792e-94
0.006177480771011445	2.98538261891792e-94
0.006239255578721559	2.98538261891792e-94
0.006301648134508775	2.98538261891792e-94
0.006364664615853863	2.98538261891792e-94
0.006428311262012401	2.98538261891792e-94
0.0064925943746325255	2.98538261891792e-94
0.006557520318378851	2.98538261891792e-94
0.006623095521562639	2.98538261891792e-94
0.006689326476778266	2.98538261891792e-94
0.0067562197415460485	2.98538261891792e-94
0.006823781938961509	2.98538261891792e-94
0.006892019758351124	2.98538261891792e-94
0.0069609399559346355	2.98538261891792e-94
0.007030549355493982	2.98538261891792e-94
0.007100854849048922	2.98538261891792e-94
0.007171863397539412	2.98538261891792e-94
0.007243582031514805	2.98538261891792e-94
0.007316017851829954	2.98538261891792e-94
0.007389178030348253	2.98538261891792e-94
0.007463069810651736	2.98538261891792e-94
0.007537700508758254	2.98538261891792e-94
0.007613077513845836	2.98538261891792e-94
0.007689208288984294	2.98538261891792e-94
0.007766100371874137	2.98538261891792e-94
0.00784376137559288	2.98538261891792e-94
0.007922198989348808	2.98538261891792e-94
0.008001420979242295	2.98538261891792e-94
0.008081435189034718	2.98538261891792e-94
0.008162249540925065	2.98538261891792e-94
0.008243872036334317	2.98538261891792e-94
0.008326310756697661	2.98538261891792e-94
0.008409573864264637	2.98538261891792e-94
0.008493669602907282	2.98538261891792e-94
0.008578606298936356	2.98538261891792e-94
0.008664392361925718	2.98538261891792e-94
0.008751036285544977	2.98538261891792e-94
0.008838546648400426	2.98538261891792e-94
0.008926932114884432	2.98538261891792e-94
0.009016201436033275	2.98538261891792e-94
0.009106363450393609	2.98538261891792e-94
0.009197427084897545	2.98538261891792e-94
0.00928940135574652	2.98538261891792e-94
0.009382295369303986	2.98538261891792e-94
0.009476118322997024	2.98538261891792e-94
0.009570879506226997	2.98538261891792e-94
0.009666588301289265	2.98538261891792e-94
0.009763254184302158	2.98538261891792e-94
0.00986088672614518	2.98538261891792e-94
0.009959495593406632	2.98538261891792e-94
0.0100590905493407	2.98538261891792e-94
0.010159681454834106	2.98538261891792e-94
0.010261278269382446	2.98538261891792e-94
0.01036389105207627	2.98538261891792e-94
0.010467529962597035	2.98538261891792e-94
0.010572205262223005	2.98538261891792e-94
0.010677927314845235	2.98538261891792e-94
0.010784706587993687	2.98538261891792e-94
0.010892553653873623	2.98538261891792e-94
0.01100147919041236	2.98538261891792e-94
0.011111493982316483	2.98538261891792e-94
0.01122260892213965	2.98538261891792e-94
0.011334835011361045	2.98538261891792e-94
0.011448183361474655	2.98538261891792e-94
0.011562665195089401	2.98538261891792e-94
0.011678291847040296	2.98538261891792e-94
0.0117950747655107	2.98538261891792e-94
0.011913025513165806	2.98538261891792e-94
0.012032155768297465	2.98538261891792e-94
0.01215247732598044	2.98538261891792e-94
0.012274002099240244	2.98538261891792e-94
0.012396742120232647	2.98538261891792e-94
0.012520709541434973	2.98538261891792e-94
0.012645916636849323	2.98538261891792e-94
0.012772375803217816	2.98538261891792e-94
0.012900099561249994	2.98538261891792e-94
0.013029100556862495	2.98538261891792e-94
0.01315939156243112	2.98538261891792e-94
0.01329098547805543	2.98538261891792e-94
0.013423895332835984	2.98538261891792e-94
0.013558134286164345	2.98538261891792e-94
0.01369371562902599	2.98538261891792e-94
0.013830652785316248	2.98538261891792e-94
0.013968959313169412	2.98538261891792e-94
0.014108648906301107	2.98538261891792e-94
0.014249735395364118	2.98538261891792e-94
0.014392232749317758	2.98538261891792e-94
0.014536155076810936	2.98538261891792e-94
0.014681516627579045	2.98538261891792e-94
0.014828331793854836	2.98538261891792e-94
0.014976615111793384	2.98538261891792e-94
0.015126381262911319	2.98538261891792e-94
0.015277645075540433	2.98538261891792e-94
0.015430421526295836	2.98538261891792e-94
0.015584725741558796	2.98538261891792e-94
0.015740572998974384	2.98538261891792e-94
0.015897978728964125	2.98538261891792e-94
0.01605695851625377	2.98538261891792e-94
0.016217528101416308	2.98538261891792e-94
0.01637970338243047	2.98538261891792e-94
0.016543500416254773	2.98538261891792e-94
0.016708935420417324	2.98538261891792e-94
0.016876024774621495	2.98538261891792e-94
0.01704478502236771	2.98538261891792e-94
0.017215232872591385	2.98538261891792e-94
0.0173873852013173	2.98538261891792e-94
0.017561259053330475	2.98538261891792e-94
0.01773687164386378	2.98538261891792e-94
0.017914240360302418	2.98538261891792e-94
0.018093382763905444	2.98538261891792e-94
0.0182743165915445	2.98538261891792e-94
0.01845705975745994	2.98538261891792e-94
0.01864163035503454	2.98538261891792e-94
0.01882804665858489	2.98538261891792e-94
0.019016327125170738	2.98538261891792e-94
0.019206490396422443	2.98538261891792e-94
0.01939855530038667	2.98538261891792e-94
0.019592540853390534	2.98538261891792e-94
0.01978846626192444	2.98538261891792e-94
0.019986350924543685	2.98538261891792e-94
0.020186214433789124	2.98538261891792e-94
0.020388076578127013	2.98538261891792e-94
0.020591957343908285	2.98538261891792e-94
0.020797876917347368	2.98538261891792e-94
0.021005855686520844	2.98538261891792e-94
0.02121591424338605	2.98538261891792e-94
0.02142807338581991	2.98538261891792e-94
0.02164235411967811	2.98538261891792e-94
0.02185877766087489	2.98538261891792e-94
0.02207736543748364	2.98538261891792e-94
0.022298139091858477	2.98538261891792e-94
0.02252112048277706	2.98538261891792e-94
0.022746331687604832	2.98538261891792e-94
0.022973795004480883	2.98538261891792e-94
0.02320353295452569	2.98538261891792e-94
0.023435568284070948	2.98538261891792e-94
0.023669923966911657	2.98538261891792e-94
0.02390662320658077	2.98538261891792e-94
0.024145689438646582	2.98538261891792e-94
0.024387146333033047	2.98538261891792e-94
0.024631017796363376	2.98538261891792e-94
0.024877327974327013	2.98538261891792e-94
0.025126101254070284	2.98538261891792e-94
0.025377362266610984	2.98538261891792e-94
0.025631135889277096	2.98538261891792e-94
0.025887447248169868	2.98538261891792e-94
0.026146321720651563	2.98538261891792e-94
0.026407784937858083	2.98538261891792e-94
0.026671862787236662	2.98538261891792e-94
0.02693858141510903	2.98538261891792e-94
0.02720796722926012	2.98538261891792e-94
0.027480046901552722	2.98538261891792e-94
0.02775484737056825	2.98538261891792e-94
0.028032395844273934	2.98538261891792e-94
0.02831271980271667	2.98538261891792e-94
0.02859584700074384	2.98538261891792e-94
0.028881805470751278	2.98538261891792e-94
0.02917062352545879	2.98538261891792e-94
0.029462329760713377	2.98538261891792e-94
0.029756953058320514	2.98538261891792e-94
0.030054522588903718	2.98538261891792e-94
0.030355067814792754	2.98538261891792e-94
0.030658618492940683	2.98538261891792e-94
0.030965204677870093	2.98538261891792e-94
0.03127485672464879	2.98538261891792e-94
0.031587605291895283	2.98538261891792e-94
0.03190348134481423	2.98538261891792e-94
0.032222516158262375	2.98538261891792e-94
0.03254474131984499	2.98538261891792e-94
0.03287018873304345	2.98538261891792e-94
0.03319889062037388	2.98538261891792e-94
0.03353087952657762	2.98538261891792e-94
0.0338661883218434	2.98538261891792e-94
0.03420485020506183	2.98538261891792e-94
0.03454689870711246	2.98538261891792e-94
0.03489236769418358	2.98538261891792e-94
0.035241291371125416	2.98538261891792e-94
0.03559370428483667	2.98538261891792e-94
0.035949641327685036	2.98538261891792e-94
0.03630913774096189	2.98538261891792e-94
0.03667222911837151	2.98538261891792e-94
0.03703895140955522	2.98538261891792e-94
0.03740934092365077	2.98538261891792e-94
0.037783434332887285	2.98538261891792e-94
0.03816126867621615	2.98538261891792e-94
0.038542881362978315	2.98538261891792e-94
0.038928310176608104	2.98538261891792e-94
0.03931759327837418	2.98538261891792e-94
0.039710769211157924	2.98538261891792e-94
0.0401078769032695	2.98538261891792e-94
0.0405089556723022	2.98538261891792e-94
0.04091404522902522	2.98538261891792e-94
0.041323185681315475	2.98538261891792e-94
0.04173641753812863	2.98538261891792e-94
0.04215378171350991	2.98538261891792e-94
0.042575319530645014	2.98538261891792e-94
0.04300107272595147	2.98538261891792e-94
0.043431083453210985	2.98538261891792e-94
0.04386539428774309	2.98538261891792e-94
0.04430404823062052	2.98538261891792e-94
0.04474708871292673	2.98538261891792e-94
0.045194559600056	2.98538261891792e-94
0.04564650519605655	2.98538261891792e-94
0.04610297024801712	2.98538261891792e-94
0.046563999950497294	2.98538261891792e-94
0.04702963995000226	2.98538261891792e-94
0.04749993634950229	2.98538261891792e-94
0.04797493571299731	2.98538261891792e-94
0.04845468507012728	2.98538261891792e-94
0.04893923192082856	2.98538261891792e-94
0.04942862424003685	2.98538261891792e-94
0.04992291048243721	2.98538261891792e-94
0.050422139587261584	2.98538261891792e-94
0.0509263609831342	2.98538261891792e-94
0.051435624592965544	2.98538261891792e-94
0.0519499808388952	2.98538261891792e-94
0.05246948064728415	2.98538261891792e-94
0.052994175453756995	2.98538261891792e-94
0.053524117208294565	2.98538261891792e-94
0.05405935838037751	2.98538261891792e-94
0.05459995196418129	2.98538261891792e-94
0.0551459514838231	2.98538261891792e-94
0.05569741099866134	2.98538261891792e-94
0.05625438510864795	2.98538261891792e-94
0.056816928959734427	2.98538261891792e-94
0.05738509824933177	2.98538261891792e-94
0.05795894923182509	2.98538261891792e-94
0.05853853872414334	2.98538261891792e-94
0.05912392411138478	2.7137120279463983e-93
0.05971516335249862	9.081469515504448e-90
0.06031231498602361	3.485024808299154e-87
0.06091543813588385	8.071712645977735e-86
0.06152459251724268	6.707898724555326e-85
0.062139838442415114	4.191460113862273e-84
0.06276123682683926	1.6733917867594998e-83
0.06338884919510765	7.048886634864128e-83
0.06402273768705874	2.48800043286842e-82
0.06466296506392932	5.788017274507634e-82
0.06530959471456863	2.7302742258800147e-81
0.06596269066171431	8.674871602645472e-81
0.06662231756833144	2.7356760061918033e-80
0.06728854074401477	8.662823481875246e-80
0.06796142615145492	2.6453961093310006e-79
0.06864104041296946	8.505782652016527e-79
0.06932745081709915	2.6348884398154706e-78
0.07002072532527015	8.181917129926224e-78
0.07072093257852285	1.9305544728799135e-77
0.07142814190430807	8.199900896763743e-77
0.07214242332335115	2.6038836631000226e-76
0.07286384755658468	7.811402918684353e-76
0.07359248603215052	1.3423208040158214e-75
0.07432841089247202	7.425375273408579e-75
0.07507169500139675	2.352127485269693e-74
0.07582241195141072	8.338787516408615e-74
0.07658063607092483	1.219015027980568e-73
0.07734644243163408	6.257205819830498e-73
0.07811990685595041	1.3810918517345162e-52
0.07890110592450993	5.728662159807502e-48
0.07969011698375501	1.8047383209089247e-47
0.08048701815359258	1.1040454095774127e-46
0.08129188833512849	3.2176837994508467e-46
0.08210480721847978	1.0947059630481076e-45
0.08292585529066457	4.521086960197842e-45
0.08375511384357122	1.3195902506068485e-44
0.08459266498200693	3.3776720985190583e-47
0.08543859163182702	3.2630841667477444e-80
0.08629297754814527	6.46918273006845e-82
0.08715590732362674	1.0602432159223317e-78
0.08802746639686301	5.366305623000937e-81
0.08890774106083163	8.734284038821388e-77
0.08979681847143996	1.2233537226612093e-77
0.09069478665615435	3.8331716040869065e-78
0.09160173452271589	5.859899853752981e-78
0.09251775186794305	1.8458276558636637e-75
0.09344292938662248	8.599879856779753e-74
0.09437735868048872	9.731323044885922e-72
0.09532113226729359	1.9831835650374155e-75
0.09627434358996653	2.1099495035501253e-73
0.0972370870258662	4.9054948427581e-73
0.09820945789612487	9.42576876743407e-73
0.09919155247508611	1.5991633004715038e-74
0.10018346799983698	5.680847806165343e-65
0.10118530267983535	2.4366211329204964e-71
0.1021971557066337	7.131078092172907e-64
0.10321912726370003	5.661303978578254e-67
0.10425131853633704	4.823511219220436e-64
0.10529383172170041	1.8332909747957832e-65
0.10634677003891742	3.340060574696014e-64
0.1074102377393066	1.6959681070762952e-56
0.10848434011669966	2.855878038632909e-54
0.10956918351786665	7.421366183458772e-54
0.11066487535304532	1.9703146773963495e-48
0.11177152410657577	6.286118814660973e-45
0.11288923934764154	5.135054456565368e-38
0.11401813174111795	1.2215200244056708e-37
0.11515831305852914	7.31331182252193e-31
0.11630989618911443	3.7380957603726345e-34
0.11747299515100557	5.23886356037546e-25
0.11864772510251563	4.355578426519587e-25
0.1198342023535408	2.904334003578831e-26
0.1210325443770762	4.221762975661323e-25
0.12224286982084695	1.2613039753331286e-24
0.12346529851905542	2.5954012021504193e-20
0.12469995150424598	4.579482963337169e-20
0.12594695101928843	1.0454148024668921e-19
0.12720642052948133	4.813594473907706e-19
0.12847848473477616	3.975868780422991e-19
0.12976326958212392	8.670783049496879e-19
0.13106090227794515	2.5602494983388805e-17
0.13237151130072458	5.3391454395817423e-17
0.13369522641373183	5.0772235897552886e-17
0.13503217867786915	3.8419324890360605e-18
0.13638250046464784	3.105900370557397e-18
0.13774632546929433	4.194897229476968e-18
0.13912378872398729	8.044498767769174e-18
0.14051502661122714	4.113304249148977e-18
0.14192017687733943	1.6278656206002702e-17
0.14333937864611285	2.9961783610076084e-17
0.14477277243257397	3.1092913134375097e-17
0.14622050015689972	6.060901304251344e-17
0.14768270515846868	5.016147253110444e-17
0.14915953221005337	4.401244054943361e-17
0.1506511275321539	8.169218290438921e-17
0.15215763880747546	4.4429943796500595e-17
0.1536792151955502	7.293965803037773e-17
0.15521600734750574	5.438135194083112e-17
0.15676816742098076	5.925193470038482e-17
0.15833584909519058	9.466851624272474e-17
0.15991920758614248	3.3622757484832885e-16
0.1615183996620039	2.1475143677018965e-16
0.16313358365862396	1.430374107136642e-15
0.1647649194952102	6.021609411117137e-16
0.1664125686901623	2.3049648824289538e-15
0.1680766943770639	1.2071817503847e-14
0.16975746132083458	8.288708307414e-15
0.1714550359340429	5.395515775830712e-14
0.17316958629338333	2.866014824368809e-14
0.17490128215631717	1.0721459628572877e-17
0.17665029497788035	3.647884684589255e-12
0.17841679792765916	3.960119596598042e-12
0.18020096590693577	4.780423557166592e-12
0.18200297556600512	2.3951734589214743e-13
0.18382300532166518	2.419690143151418e-15
0.18566123537488183	5.796479346663097e-18
0.18751784772863064	5.627743982151527e-18
0.18939302620591697	4.8799967529243756e-14
0.19128695646797614	4.3489228985591134e-10
0.19319982603265587	1.8822054302978668e-08
0.19513182429298243	7.435139019095535e-09
0.19708314253591228	4.121606870259314e-09
0.1990539739612714	1.3475961254735274e-09
0.2010445137008841	2.2094738921393763e-10
0.20305495883789296	3.2025920895190674e-08
0.20508550842627188	2.3268568445635153e-09
0.2071363635105346	3.671190607239148e-08
0.20920772714563995	2.4117482589691806e-08
0.21129980441709634	1.6647365229403838e-07
0.21341280246126731	1.4857801546981069e-07
0.21554693048588	4.309626818550173e-08
0.2177023997907388	4.6825577075667284e-07
0.2198794237886462	9.370650593187484e-07
0.22207821802653266	2.536357153015696e-07
0.224299000206798	1.2471193050268945e-06
0.22654199020886595	3.5425369872995627e-07
0.22880741011095462	1.5431665157758225e-06
0.23109548421206416	9.632872060767256e-08
0.23340643905418482	1.725911187575075e-05
0.23574050344472666	2.2945146638150055e-06
0.23809790847917392	7.222632450019249e-06
0.24047888756396565	2.78720664999677e-05
0.24288367643960532	0.00013764717037402543
0.2453125132040014	0.0011189011797404459
0.2477656383360414	0.0010156322653260264
0.2502432947194018	0.0005269619781843615
0.2527457276665958	0.0018171168108731801
0.2552731849432618	0.009646466533080099
0.2578259167926944	0.009121757117896603
0.2604041759606214	0.06450087640726562
0.26300821772022753	0.11107338509401689
0.2656382998974299	0.031509466666637446
0.2682946828964041	0.07886852032204997
0.2709776297253682	0.05038070949475165
0.27368740602262187	0.050033069687718826
0.2764242800828481	0.1769884611466233
0.27918852288367657	0.02782863574780771
0.2819804081125134	0.09453500763807691
0.28480021219363855	0.027057068582129903
0.28764821431557486	0.17502530921573062
0.2905246964587307	0.43322679008092757
0.2934299434233179	0.8565770833497182
0.29636424285755114	1.2785980788137572
0.29932788528612664	0.4327400333682983
0.3023211641389879	1.1638227028964594
0.3053443757803778	0.4381666010102084
0.3083978195381816	10.280972438818187
0.3114817977335634	22.116612750603785
0.31459661571089903	27.242857319357412
0.317742581868008	52.501991014875124
0.3209200076866881	60.28319730490531
0.32412920776355497	20.640905341144723
0.3273704998411905	64.29499490247743
0.33064420483960244	45.13359202439318
0.33395064688799847	189.13107737022432
0.3372901533568785	28.16264204974618
0.34066305489044724	54.99694716775954
0.34406968543935174	8.259911915648097
0.34751038229374526	55.14454865079641
0.3509854861166827	31.19852210869451
0.35449534097784957	271.1453027993923
0.358040294387628	4.331072825030594
0.3616206973315043	72.12907288412731
0.36523690430481937	586.6843335165275
0.3688892733478676	519.1390425647543
0.37257816608134625	189.06212589528565
0.37630394774215975	827.2541516195504
0.38006698721958126	1026.3590765517297
0.3838676570917771	910.0665417916691
0.38770633366269486	683.4503055765515
0.3915833969993219	1243.9381684708217
0.3954992309693151	2633.563082216255
0.3994542232790082	3899.358632687775
0.4034487655117983	818.6921788741784
0.4074832531669163	4212.706882908754
0.41155808569858543	3266.692467689955
0.4156736665555713	1962.1934938306208
0.419830403221127	128.29352307611046
0.42402870725333835	9.38992982336221
0.4282689943258717	390.7817730739442
0.43255168426913043	5332.299267310805
0.4368772011118217	9581.425871937223
0.44124597312293995	11315.32362881945
0.44565843285416934	16657.05513052447
0.450115017182711	20364.76233447948
0.4546161673545382	25443.339408164968
0.45916232902808357	20615.42252192917
0.4637539523183644	29446.801418591505
0.46839149184154805	34824.02240151859
0.4730754067599635	34569.20977609111
0.47780616082756316	39663.11908484271
0.4825842224358388	43252.778961869975
0.4874100646601972	53391.944376411455
0.49228416530679914	66766.56491736732
0.4972070069598672	63734.746983043085
0.5021790770294658	68622.6551049756
0.5072008677997605	77131.51825108977
0.5122728764777581	90283.75442492554
0.5173956052425357	79441.90486900893
0.5225695612949611	106415.46238433819
0.5277952569079107	126575.79879541356
0.5330732094769898	151083.01942486202
0.5384039415717596	165423.01353503283
0.5437879809874773	166166.66271483534
0.5492258607973521	168618.15976251356
0.5547181194053257	210489.72659741234
0.5602653005993788	229974.29669391058
0.5658679536053727	258347.5205754896
0.5715266331414264	264686.3898692475
0.5772418994728407	211519.30239857826
0.5830143184675691	113478.60886695622
0.5888444616522447	2408.841344646491
0.5947329062687673	105802.21009698109
0.600680235331455	326701.03532834316
0.6066870376847694	461980.61197481223
0.6127539080616171	522495.4833267574
0.6188814471422334	571614.4056507623
0.6250702616136556	547596.0669106023
0.6313209642297922	682438.5575676167
0.6376341738720902	494007.04334321525
0.644010515610811	868159.5407503624
0.6504506207669192	919238.3668419084
0.6569551269745884	1016662.1289491112
0.6635246782443343	1158697.401045502
0.6701599250267777	1089840.4449252286
0.6768615242770454	1288978.9131005548
0.6836301395198159	1120491.0833145853
0.690466440915014	854338.1831783418
0.6973711053241641	1238916.7131003223
0.7043448163774058	1711315.3615036397
0.7113882645411799	1868053.2211865159
0.7185021471865917	2028899.8802201548
0.7256871686584576	2264517.1321386695
0.7329440403450421	2340762.599093057
0.7402734807484926	1752571.9628666246
0.7476762155559775	1805134.1508309285
0.7551529777115373	2400366.466203819
0.7627045074886527	1780148.756058396
0.7703315525635391	578279.504074736
0.7780348680891747	3011798.0383666153
0.7858152167700664	3788164.150441851
0.7936733689377671	3701449.069569616
0.8016101026271447	4018284.7383211995
0.8096262036534162	4741338.155396047
0.8177224656899503	5496733.488297815
0.8258996903468498	5830383.210301206
0.8341586872503184	5923703.986397895
0.8425002741228216	6191084.003004704
0.8509252768640498	6208749.541143817
0.8594345296326903	5985201.110081843
0.8680288749290173	6064185.041370507
0.8767091636783074	7042164.323886186
0.8854762553150906	7952830.229700277
0.8943310178682414	8486382.369116746
0.9032743280469238	9101457.35797593
0.9123070713273931	10208345.375947911
0.921430142040667	10451515.205578366
0.9306444434610737	10273444.158338977
0.9399508878956845	11075110.032558426
0.9493503967746413	11855048.598540293
0.9588439007423877	12922439.716408163
0.9684323397498116	13579009.471826788
0.9781166631473096	13682551.407277388
0.9878978297787828	14014610.112286143
0.9977768080765707	13288043.831822759
1.0077545761573363	14007685.310850723
1.0178321219189097	14854844.921554374
1.0280104431380988	15098496.700917616
1.0382905475694797	16657155.052732749
1.0486734530451747	17852396.54408507
1.0591601875756265	19547620.55419852
1.0697517894513826	19531078.529027786
1.0804493073458965	22842018.32608153
1.0912538004193555	21168421.875437576
1.102166338423549	22100013.326244034
1.1131880018077847	21959286.07942754
1.1243198818258624	21781611.252008628
1.135563080644121	24066186.609683402
1.1469187114505621	26114221.14898227
1.158387898565068	27157364.83115609
1.1699717775507186	26379448.575608466
1.1816714953262257	27819179.470225904
1.193488210279488	29132019.12723028
1.2054230923822828	30361331.698397208
1.2174773233061058	31705789.312779978
1.2296520965391669	33347001.043507885
1.2419486175045586	32318094.842770264
1.254368103679604	33827840.38329049
1.2669117847164002	35642828.72835635
1.2795809025635643	36730203.1331441
1.2923767115892	36736718.789010316
1.305300478705092	37661534.206352636
1.3183534834921427	38455709.13578065
1.3315370183270643	38018546.42165211
1.3448523885103347	30947658.549587086
1.3583009123954382	30333189.3202527
1.3718839215193925	36580584.844720125
1.3856027607345867	38296282.01181765
1.3994587883419325	37587356.72729811
1.4134533762253518	36337279.301231466
1.4275879099876054	39478640.355898336
1.4418637890874815	40624312.145224094
1.4562824269783563	43167320.947746
1.4708452512481398	43278508.871962704
1.4855537037606212	44739920.5894354
1.5004092407982272	46916105.75717701
1.5154133332062096	47932984.907695524
1.5305674665382718	49402372.339724936
1.5458731412036546	50494890.171715975
1.561331872615691	51855794.811047584
1.576945191341848	52736198.54998694
1.5927146432552666	53859928.46394692
1.6086417896878193	54736135.07184786
1.6247282075846974	55314262.73690087
1.6409754896605444	56257152.21332384
1.65738524455715	56878012.93440086
1.6739590970027214	57455111.33124619
1.6906986879727486	57963007.49100687
1.7076056748524762	58648473.25441682
1.7246817316010008	57985185.44140388
1.7419285489170109	57472766.998743325
1.759347834406181	56454404.649212584
1.776941312750243	55078410.1365206
1.7947107258777453	49008150.551799886
1.8126578331365226	53683852.85969016
1.8307844114678882	56683995.94067036
1.8490922555825668	54323865.44713255
1.8675831781383925	58004952.94586697
1.8862590099197765	56317060.83881772
1.9051216000189743	57445716.23128354
1.924172816019164	61002507.52598717
1.9434145441793558	50403116.335484274
1.9628486896211494	51994368.23624484
1.9824771765173608	58906255.861690536
2.0023019482825344	57774121.7658737
2.0223249677653596	62980292.74040534
2.0425482174430134	64154221.8329647
2.0629736996174435	64575101.86236478
2.083603436613618	64870925.9469117
2.1044394709797545	65223591.3034474
2.1254838656895516	65420403.56278312
2.1467387043464474	65455251.9951789
2.1682060913899117	65436483.04127072
2.1898881523038107	65325116.68188267
2.211787033826849	65225240.768816955
2.2339049041651173	64704425.452853695
2.2562439532067686	64880354.40733503
2.2788063927388365	64781228.287882224
2.3015944566662245	59966853.9071343
2.324610401232887	60656608.91672352
2.347856505245216	60834552.74857839
2.3713350702976683	62601186.14686156
2.3950484210006446	58436839.97571391
2.418998905210651	61661290.802145936
2.4431888942627578	60117831.79267944
2.4676207832053856	48737088.18947269
2.4922969910374397	55540755.59583526
2.517219960947814	38616056.83348804
2.542392160557292	51494440.88048265
2.567816082162865	50442928.44449105
2.5934942429844936	50884260.69736155
2.6194291854143383	52413657.423058145
2.645623477268482	41936368.071533926
2.6720797120411666	44987037.863081366
2.698800509161578	45298584.37999037
2.7257885142531944	48431429.25744843
2.753046399395726	48595509.867512755
2.7805768633896837	45946077.846836455
2.8083826320235805	46286188.021834195
2.8364664583438164	41078185.757498264
2.8648311229272547	45104215.44364771
2.8934794341565273	43519868.37402936
2.9224142284980923	43860400.460099526
2.951638370783073	42492820.04524769
2.981154754490904	44027390.64352094
3.010966302035813	46808775.17319239
3.041075965056171	46349553.163600884
3.071486724706733	48202222.08484256
3.1022015919538	46168202.337604195
3.133223607873338	44774448.39391478
3.164555843952072	45846273.71723957
3.196201402391593	44829891.45357574
3.2281634164155086	44350426.28278753
3.2604450505796634	47242733.82343419
3.29304950108546	46801178.139465295
3.3259799960963146	33653748.11842748
3.359239796057278	44309919.19164429
3.392832194017851	43240250.44941609
3.4267605159580294	38765086.625062354
3.46102812111761	43345307.187216595
3.4956384023287854	42070717.14624579
3.530594786352074	40628948.23860071
3.5659007342155946	42876757.65126878
3.6015597415577503	43523789.619223975
3.637575338973328	43687240.72092413
3.6739510923630614	42883925.024850026
3.7106906032866918	41290701.94188108
3.747797509319559	41363134.06884272
3.7852754844127543	40860309.2137595
3.823128239256882	39419110.78136305
3.861359521649451	37925854.91609928
3.8999731168659455	37210090.307822436
3.938972848034605	36669857.99601246
3.978362576514951	35918884.09374106
4.018146202280101	34934349.63739677
4.058327664302902	34333954.16368353
4.098910940945931	33385303.487218395
4.13990005035539	32739807.71821692
4.181299050858944	31990691.727197096
4.223112041367534	29015843.899767127
4.2653431617812085	30148415.2361124
4.307996593399021	28252502.724107884
4.351076559333012	28369944.818802025
4.394587324926341	23171554.35412265
4.438533198175604	23833867.816132944
4.48291853015736	21923432.045268144
4.5277477154589345	19417240.662908357
4.573025192613525	20251186.947601058
4.6187554445396595	23723976.17901284
4.664942998985056	19430624.090328626
4.711592428974907	20117958.57994189
4.758708353264656	18954078.50942392
4.806295436797303	18917514.96978742
4.854358391165275	19720880.576339882
4.902901975076928	18386002.517870348
4.951930994827697	19090658.064137872
5.001450304775974	16575220.775564242
5.051464807823734	16320517.199896377
5.101979455901971	16225481.028023543
5.152999250460991	15365101.618904294
5.204529242965601	16061493.118704693
5.2565745353952575	15579493.943392262
5.30914028074921	16058652.031314412
5.362231683556701	14873168.070248796
5.415854000392269	14625390.138503557
5.470012540396192	13881931.014361253
5.524712665800154	13750605.619684141
5.579959792458156	12738781.74677544
5.635759390382738	12485636.156138066
5.692116984286565	13085214.893131804
5.74903815412943	13395601.863098526
5.806528535670725	12451206.834919102
5.864593821027432	10843130.97277129
5.923239759237706	12125183.716297258
5.982472156830083	10353754.213684022
6.042296878398385	9705406.9324125
6.102719847182367	11069453.286619995
6.163747045654191	10541119.01452962
6.225384516110734	10398802.862595756
6.287638361271841	11439703.75872033
6.350514744884559	9803050.648137227
6.414019892333406	9567665.292432912
6.478160091256739	7766759.399681517
6.542941692169307	6753410.198403703
6.608371109091	6848215.779927017
6.67445482018191	6701610.354239506
6.741199368383729	6429202.743697667
6.808611362067567	7434822.986271525
6.876697475688242	6119623.386185601
6.945464450445124	6431380.525256532
7.014919094949576	5260406.616820873
7.085068285899072	5303200.64954219
7.155918968758063	5875265.43065881
7.227478158445644	6538671.851422497
7.2997529400301	5411007.217841749
7.372750469430401	4682330.21203634
7.446477974124705	5151177.558828708
7.520942753865953	4524173.025232455
7.596152181404612	5003511.34960392
7.672113703218658	4775751.445416838
7.7488348402508445	3860165.714790835
7.826323188653353	4659363.788684566
7.904586420539887	3814731.8347614137
7.983632284745286	3823290.891549438
8.063468607592739	4584027.172677867
8.144103293668666	3609318.156034409
8.225544326605354	3611067.113725344
8.307799769871407	3810778.742322448
8.390877767570121	3675265.7185532567
8.474786545245822	3679861.0405672374
8.55953441069828	3347438.0889792377
8.645129754805263	3517782.5595923685
8.731581052353315	3169442.853672687
8.81889686287685	3252732.362311921
8.907085831505619	3240687.1552209305
8.996156689820673	3019595.4773897855
9.086118256718882	2978456.2961029843
9.17697943928607	2948734.3865678734
9.26874923367893	2953828.2768339464
9.36143672601572	2946445.079318861
9.455051093275877	2838590.9867538046
9.549601604208636	2816144.2529838174
9.645097620250723	2683779.862749544
9.74154859645323	2627425.18255129
9.838964082417762	2643360.40244478
9.937353723241939	2571308.25614357
10.03672726047436	2435907.9438065053
10.137094533079102	2303106.3563029645
10.238465478409893	2212338.768684729
10.340850133193994	2123526.818869055
10.444258634525934	2153725.3039387646
10.548701220871191	1999203.7139875304
10.654188233079903	2044300.254805105
10.760730115410702	1929005.1950983333
10.868337416564811	1678647.163789409
10.97702079073046	1647871.1255605095
11.086790998637763	1715466.662352419
11.19765890862414	1717126.817039872
11.309635497710381	1620444.8379533621
11.422731852687486	1562574.022331611
11.536959171214361	1406151.100773051
11.652328762926505	1391880.337943405
11.76885205055577	1315502.286566664
11.886540571061328	1311493.357836947
12.005405976771941	1190036.2038928044
12.125460036539662	1209213.7236889957
12.246714636905057	1212750.7708845465
12.36918178327411	1163889.7564765438
12.49287360110685	1099401.2919919528
12.617802337117919	1101049.7470016212
12.743980360489097	952133.6372309285
12.871420164093989	958155.9956959636
13.000134365734928	909609.9597116574
13.130135709392277	947358.1587350613
13.261437066486202	913201.106366172
13.394051437151063	838509.3124258607
13.527991951522575	782419.5152451049
13.6632718710378	750273.8475818003
13.799904589748177	731828.0267174796
13.937903635645661	759833.6469320311
14.077282672002116	702582.7617593067
14.218055498722139	673590.2013889453
14.36023605370936	569856.1668683282
14.503838414246454	615139.7201167649
14.648876798388917	549966.0403395646
14.795365566372807	584801.930473485
14.943319222036536	568292.6432585875
15.0927524142569	574170.1513858688
15.24367993839947	522852.12063055666
15.396116737783466	478710.94399131456
15.550077905161299	458348.57705858536
15.705578684212913	427711.66698047746
15.862634471055042	422497.1571713691
16.021260815765594	374242.3751465223
16.181473423923247	396338.31479357375
16.34328815816248	404431.3434068897
16.506721039744104	386978.6616914646
16.67178825014155	374420.27281269355
16.838506132642966	367123.4617829916
17.006891193969395	337742.52552808815
17.176960105909085	320296.3520011777
17.34872970696818	331084.7135896777
17.52221700403786	283095.12306061905
17.697439174078237	285234.04457183747
17.874413565819022	275695.71300280857
18.05315770147721	286155.3261913296
18.233689278491983	274226.0987614256
18.416026171276904	254440.52892169874
18.600186432989673	233866.13086266277
18.78618829731957	253942.00255080182
18.974050180292764	200874.27639250748
19.163790682095694	213525.29751449122
19.35542858891665	180664.59730532634
19.548982874805816	179212.3877447775
19.744472703553875	196806.22341371124
19.941917430589417	195741.74954764766
20.14133660489531	175906.44056740924
20.34274997094426	180518.17587529324
20.546177470653703	139735.9206056957
20.75163924536024	158808.29481976066
20.959155637813843	144886.39912031012
21.168747194191983	133549.77511580844
21.380434666133905	145115.91920252854
21.594239012795242	133028.30660779713
21.810181402923195	123395.99605242668
22.028283216952428	135644.89549880655
22.248566049121955	133820.06321452445
22.47105170961317	122377.725096378
22.695762226709302	118085.1077481908
22.9227198489764	106315.96650072173
23.151947047466162	113331.43137682114
23.38346651794082	106117.9352151102
23.617301183120233	93116.13591837678
23.85347419495143	83677.44357505643
24.09200893690095	85864.03571513592
24.33292902626996	85205.06003798709
24.57625831653266	88795.74065520852
24.822020899697986	79136.66942075969
25.070241108694965	84445.39243634115
25.320943519781917	81251.1460172834
25.574152954979734	63197.93831795477
25.82989448452953	71967.36783544709
26.08819342937483	65021.73960348225
26.34907536366858	67980.60970178162
26.612566117305263	63803.2451941956
26.878691778478316	63474.93665377051
27.147478696263097	58923.94374759769
27.418953483225728	61041.18285757701
27.693143018057985	54315.69488075727
27.970074448238567	49309.47956320117
28.24977519272095	50655.358110783985
28.532272944648163	48033.17721215611
28.817595674094644	49659.15316630088
29.10577163083559	45275.830994378055
29.396829347143946	40527.59173551321
29.690797640615386	43115.55295666369
29.98770561702154	41398.26506798723
30.287582673191757	40665.47489376419
30.590458499923674	36230.96601703334
30.896363084922914	35757.07692465196
31.205326715772138	34551.57944015918
31.517379982929864	34277.499840865275
31.832553782759163	31523.03371572341
32.15087932058675	32610.696544202365
32.472388113792626	29311.911111894842
32.79711199493055	30091.326073707605
33.12508311487986	28001.547228120813
33.45633394602865	28404.787770144387
33.79089728548894	27738.81470505559
34.12880625834383	26033.20834610562
34.47009432092727	22633.84795698995
34.81479526413654	24334.635070693632
35.16294321677791	23538.240375432666
35.51457264894569	22586.43999113188
35.86971837543514	22205.989623026417
36.2284155591895	20382.67914801345
36.59069971478139	18293.03785747415
36.956606711929204	19539.01207027595
37.3261727790485	17655.80670950445
37.69943450683898	16937.225888706074
38.07642885190737	15590.856790322481
38.45719314042645	17247.136485482777
38.841765071830714	15704.215641526558
39.23018272254902	15136.28118303718
39.622484549774505	16438.03524183477
40.01870939527225	15577.232396329977
40.41889648922498	14020.253556588259
40.823085454117226	12911.635175322866
41.2313163086584	13360.03568473235
41.64362947174499	12118.629853466204
42.06006576646243	13875.998572963686
42.48066642412706	10205.694889639453
42.90547308836833	11550.328585734182
43.33452781925202	11370.93487298955
43.767873097444536	10388.806743555135
44.20555182841898	10000.636153866271
44.64760734670317	9685.87317126411
45.0940834201702	9257.838236236177
45.54502425437191	9155.857277858193
46.00047449691562	8761.580029198862
46.460479241884784	8678.875074377864
46.92508403430362	8540.818314022885
47.39433487464667	8658.418956135436
47.868278223393126	7972.794030499702
48.346961005627065	6877.821113539934
48.83043061568333	7497.992202811669
49.31873492184017	7304.714458407673
49.81192227105857	5833.494613043043
50.310041493769155	6221.751449570424
50.813141908706854	6527.526107606605
51.32127332779392	6349.597205498652
51.83448606107186	5847.6603717329435
52.352830921682575	5414.70233702695
52.8763592308994	6211.745440790132
53.405122823208394	5535.91316544747
53.93917405144048	4643.8783822793075
54.478565791954885	3482.8841853363892
55.02335144987443	4993.408559393457
55.57358496437318	4198.024004226293
56.129320814016914	3716.6704194460326
56.690614022157085	3698.646313466629
57.257520162378654	3171.0627469901433
57.83009536400244	3875.646981413179
58.40839631764247	3736.508012776522
58.99248028081889	3874.1608540534166
59.58240508362709	3242.9081335315773
60.17822913446335	3437.9468301929605
60.780011425807984	2987.1946210687206
61.38781154006607	3256.565609382564
62.00168965546673	3087.3426584356553
62.621706552021394	3104.208979104465
63.24792361754161	2825.0071420862837
63.88040285371702	2626.2483137843983
64.5192068822542	2756.1515121487614
65.16439895107675	2546.6782672368345
65.81604294058751	2566.250612842523
66.47420336999339	2449.6229532685534
67.13894540369331	2118.0538965773944
67.81033485773025	2380.3075616219553
68.48843820630756	2194.254356938882
69.17332258837064	2229.5686584832165
69.86505581425433	2054.03871513728
70.56370637239688	1832.9798990552842
71.26934343612085	1866.3550461529335
71.98203687048206	1812.7390775616109
72.70185723918688	1768.8287210935052
73.42887581157875	1686.0581895450173
74.16316456969453	1642.4709881701363
74.90479621539149	1619.5232696187015
75.6538441775454	1499.9941002788828
76.41038261932086	1518.9073478794296
77.17448644551406	1137.5897252277425
77.9462313099692	1273.8826210581271
78.7256936230689	1038.7937690392248
79.51295055929958	1315.0520267650443
80.30808006489258	1180.628422597538
81.11116086554152	1095.1985859131858
81.92227247419693	998.2274757014658
82.74149519893889	1040.4064792657207
83.56891015092829	945.8942339563407
84.40459925243758	955.5633385075979
85.24864524496195	968.8329134697439
86.10113169741156	930.209474119599
86.96214301438569	863.9740278426544
87.83176444452954	824.1887321481286
88.71008208897484	807.8421098420666
89.59718290986459	810.9250879874548
90.49315473896324	754.1134988354443
91.39808628635286	755.5489990333612
92.3120671492164	668.26042782351
93.23518782070856	689.2366816512226
94.16753969891565	646.2971988006257
95.1092150959048	564.5797742395795
96.06030724686386	572.6061935658438
97.0209103193325	606.334654857766
97.99111942252583	511.01770484100706
98.97103061675108	475.4186142283692
99.96074092291859	538.774509029913
100.96034833214779	531.4332612201251
101.96995181546924	522.6687739089473
102.98965133362394	513.8166417246575
104.0195478469602	504.87598821852475
105.05974332542979	495.8459281773308
106.11034075868409	486.72556753572485
107.17144416627093	477.51400328770285
108.24315860793364	468.2103233972007
109.32559019401299	458.81360670779327
110.41884609595311	449.322922851492
111.52303455691263	439.7373321566278
112.63826490248177	430.0558855548148
113.76464755150658	420.2776244869837
114.90229402702165	410.40158080847425
116.05131696729188	400.42677669317965
117.21183013696479	390.35222453673225
118.38394843833444	380.1769268587203
119.5677879227178	369.8998762039282
120.76346580194497	359.5200550425883
121.97110045996442	349.03643566963495
123.19081146456406	338.44798010295204
124.42271957920971	327.75363998060226
125.6669467750018	316.95235645702905
126.92361624275183	306.04306009822005
128.19285240517934	295.0246707758231
129.47478092923114	283.89609756020195
130.76952873852346	272.6562386124247
132.0772240259087	261.30398107516976
133.39799626616778	249.8382009625422
134.73197622882944	238.25776304878855
136.07929599111776	226.56152075589694
137.4400889510289	214.74831604007693
138.8144898405392	202.81697927709837
140.20263473894462	190.7663291464899
141.60466108633406	178.5951725145756
143.0207076971974	166.3023043163422
144.45091477416938	153.8865074361263
145.8954239219111	141.3465525871082
147.35437816113017	128.68119818960025
148.82792194274148	115.88919024811696
150.3162011621689	105.2571991816965
151.8193631737906	103.08450222438202
153.3375568055285	100.89007829749443
154.8709323735838	98.67371013133791
156.41964169731963	96.43517828351986
157.98383811429284	94.17426111722361
159.56367649543577	91.89073477926439
161.1593132603901	89.58437317792564
162.77090639299402	87.25494796057342
164.39861545692395	84.90222849104774
166.04260161149318	82.52598182682678
167.70302762760812	80.1259726959636
169.38005790388422	77.70196347379178
171.07385848292307	75.25371415939824
172.7845970677523	72.78098235186081
174.5124430384298	70.28352322624798
176.25756746881413	67.76108950937899
178.02014314350225	65.21343145534135
179.80034457493727	62.64029682076334
181.59834802068664	60.041430839839535
183.41433150089352	57.41657619910647
185.24847481590245	54.7654730119661
187.1009595640615	52.0878587929543
188.9719691597021	49.383468431752426
190.8616888512991	46.65203416693853
192.77030573981213	43.893285559476425
194.69800879721024	41.10694946593978
196.64498888518233	38.292750011467746
198.61143877403418	35.45040856245093
200.5975531617745	33.207631807497734
202.60352869339226	32.4163044119588
204.62956398032617	31.61706374246449
206.67585962012947	30.809830666275214
208.74261821633075	29.994525259324067
210.83004439849404	29.17106679830341
212.93834484247898	28.33937375267254
215.0677282909038	27.499363776585348
217.21840557381284	26.650953700737293
219.39058962955096	25.794059524130766
221.58449552584648	24.928596405758164
223.80034048110494	24.054478656201844
226.038343885916	23.171619729149956
228.29872732477517	22.279932212827543
230.5817145980229	21.379327821341924
232.88753174400313	20.469717385941436
235.21640706144316	19.551010846186944
237.56857113205763	18.623117241034898
239.94425684337818	17.685944699831346
242.34369941181194	16.739400433215767
244.76713640593007	15.783390723934012
247.2148077699894	14.817820917559441
249.68695584768926	13.842595413121142
252.18382540616616	13.39418672658155
254.70566366022786	13.018978509928472
257.2527202968301	12.640018211108874
259.8252474997984	12.257268309301068
262.4234999747964	11.87069090847519
265.04773497454437	11.480247733641054
267.69821232428984	11.08590012705857
270.3751944475327	10.687609044410275
273.07894639200805	10.285335050935483
275.8097358559282	9.879038317525941
278.5678332144874	9.468678616782324
281.35351154663226	9.054215319031258
284.16704666209864	8.635607388302672
287.00871712871964	8.212813378266809
289.87880430000683	7.7857914281305876
292.77759234300686	7.354499258493011
295.70536826643695	6.918894167159048
298.6624219491013	6.4789330249117505
301.64904616859235	6.188536349263495
304.66553663027827	6.021368234294221
307.71219199658105	5.852528438175256
310.78931391654686	5.6820002440951
313.8972070557124	5.509766768074139
317.0361791262695	5.335810957292974
320.20654091753215	5.160115588403997
323.40860632670746	4.98266326582613
326.64269238997457	4.80343642002248
329.90911931387427	4.6224173057607985
333.20821050701306	4.439588000356496
336.5402926120832	4.254930401898153
339.90569553820404	4.068426227455225
343.304752493586	3.8800570112678723
346.73780001852197	3.6898041029186377
350.20517801870716	3.5030105357832095
353.7072297988942	3.400451863229277
357.2443020968832	3.2968676039498037
360.816745117852	3.192247502077537
364.42491256903054	3.086581199186547
368.06916169472083	2.979858233266648
371.74985331166806	2.8720680376875487
375.46735184478473	2.7631999401526595
379.2220253632326	2.65324316164242
383.01424561686497	2.5421868153470784
386.8443880730336	2.4300199055887846
390.7128319537639	2.3167313267329086
394.6199602733015	2.2023098620884736
398.5661598760346	2.0867441827975908
402.55182147479496	2.0058366106208596
406.5773396895429	1.9444445521614149
410.64311308643835	1.8824385731173747
414.7495442173027	1.8198125342828955
418.89703965947575	1.75656023506007
423.08601005607045	1.6926754128450179
427.3168701566312	1.6281517424078138
431.59003885819754	1.5629828352662376
435.9059392467795	1.4971622390532464
440.26499863924727	1.4306834368781256
444.66764862563974	1.363539846681253
449.11432511189616	1.2957248205824115
453.6054683630151	1.2622081125529896
458.14152304664526	1.2370340441306094
462.7229382771117	1.211608235024005
467.35016765988286	1.1859281678263347
472.0236693364817	1.1599912999566875
476.7439060298465	1.133795063408344
481.51134509014497	1.1073368644945174
486.3264585410464	1.0806140835915523
491.1897231264569	1.0536240748795573
496.10162035772146	1.0263641660804426
501.0626365612987	0.9955260774826021
506.0732629269117	0.9521315138637425
511.1339955561808	0.9083030046086945
516.2453355117426	0.8640362102610961
521.4077888668601	0.8193267479700214
526.6218667555286	0.774170191056037
531.888085423084	0.7285620685729106
537.2069662773148	0.6824978648649549
542.579035940088	0.6359730191199182
548.0048262994887	0.5889829249174334
553.4848745624838	0.5595073541481624
559.0197233081085	0.5401365041481405
564.6099205411896	0.5205719456481178
570.2560197466016	0.5008117415630944
575.9585799440677	0.48085393543722116
581.7181657435083	0.46069655125008946
587.5353474009435	0.4403375932210859
593.4107008749528	0.419775045611793
599.3448078837024	0.39900687252640654
605.3382559625394	0.3852602295760655
611.3916385221648	0.3722722720258386
617.5055549073865	0.3591544349001097
623.6806104564603	0.3459054194031235
629.9174165610249	0.33252391375116735
636.2165907266352	0.31900859304269147
642.5787566339015	0.305358119127131
649.0045442002405	0.29157114047241506
655.4945896422429	0.2810080873567927
662.0495355386654	0.27095455134816937
668.670030894052	0.2608004799794599
675.3567312029925	0.25054486789706343
682.1102985150225	0.24018669969384282
688.9314015001727	0.2297249498085901
695.8207155151745	0.21915858242448472
702.7789226703262	0.20987744940647884
709.8067118970295	0.2026162260227777
716.9047790159998	0.1952823904052395
724.0738268061598	0.18787521643152597
731.3145650742214	0.18039397071807528
738.6277107249635	0.17283791254749015
746.0139878322132	0.16520629379519913
753.4741277105354	0.15851334670785194
761.0088689876408	0.1529296535861234
768.6189576775171	0.14729012353317766
776.3051472542923	0.14159419817970237
784.0681987268352	0.1358413135726923
791.9088807141036	0.13003090011961219
799.8279695212447	0.12416238253200122
807.8262492164572	0.11981285068447733
815.9045117086216	0.11545484943577793
824.0635568257079	0.1110532681745914
832.304192393965	0.10660767110079304
840.6272343179047	0.10211761805625665
849.0335066610837	0.09758266448127496
857.5238417276945	0.0941622733939578
866.0990801449715	0.09085816770133519
874.7600709464213	0.08752102095178635
883.5076716558855	0.08415050273474203
892.3427483724444	0.08074627933552726
901.2661758561687	0.07582581572772484
910.2788376147305	0.06180285648479582
919.3816259908778	0.04763966764943768
928.5754422507866	0.03333484692572573
937.8611966732944	0.018886977994776913
